5
Grid:
20,20
.@....@.............
...@...@............
....................
....................
........@........@..
....................
.....@@.....@.....@.
.....@.....@.@..@...
@..................@
..............@....@
........@......@@...
..................@.
.@.@.....@.......@..
......@.........@.@.
.....@@.............
.....@..............
...................@
...@@.............@.
............@.......
@..@........@.......
Agents:
25
0,5,14,15,9
1,2,5,0,7
2,11,2,14,18
3,3,17,13,4
4,13,3,4,10
5,6,2,9,17
6,15,3,16,4
7,0,16,19,11
8,12,6,0,15
9,9,1,6,11
10,17,15,0,17
11,15,18,2,17
12,10,11,4,0
13,7,15,16,6
14,10,10,3,16
15,3,11,1,2
16,17,0,9,1
17,18,3,16,15
18,15,8,17,8
19,15,17,10,14
20,9,2,6,19
21,12,4,8,18
22,5,7,1,15
23,19,16,13,14
24,7,6,4,3
