6
Grid:
20,20
....................
....................
....................
....................
....................
....................
....................
....................
....................
....................
....................
....................
....................
....................
....................
....................
....................
....................
....................
....................
Agents:
15
0,7,4,9,13
1,7,2,17,5
2,3,2,13,8
3,11,15,4,3
4,5,5,10,17
5,13,9,11,4
6,15,0,3,11
7,6,14,9,10
8,17,19,16,7
9,4,14,8,17
10,7,3,12,16
11,8,16,7,9
12,17,0,10,4
13,3,7,18,16
14,16,8,14,0
