6
Grid:
20,20
..............@@.@.@
.@...............@@.
.............@..@...
..........@......@..
.....@.......@......
@..@.......@........
....@...@.......@...
.....@..............
................@...
.......@.@@@........
....@@.@.@....@.....
..@.@.@..........@.@
....................
......@.....@@.....@
....@........@.@...@
.......@......@@....
...@@.@...@...@.....
...@.....@.....@....
@......@.......@....
.@......@@..........
Agents:
20
0,11,5,0,9
1,1,8,18,10
2,12,0,12,14
3,18,12,1,6
4,4,3,18,13
5,18,19,14,5
6,5,12,11,0
7,12,4,17,17
8,8,1,7,7
9,5,14,5,17
10,2,6,6,19
11,18,17,7,17
12,14,14,4,8
13,19,15,18,16
14,15,2,11,18
15,18,16,6,10
16,0,10,16,13
17,1,10,2,2
18,18,13,16,2
19,2,18,10,8
