6
Grid:
20,20
.............@.....@
@.....@.........@...
.....@@........@....
@..........@........
@...@..@........@..@
........@......@..@.
..@.......@..@.@...@
.....@....@.@@.....@
....@.............@.
............@@@...@@
..@...@@..@....@@...
.@.....@@.@.........
..@.......@.........
..@...@..@.......@@.
.@..@@....@.@.....@.
...@.......@@.@....@
..@@.....@@.......@@
.@...@@...@...@.@..@
...@............@...
...........@.....@..
Agents:
15
0,5,17,5,1
1,19,13,19,1
2,1,15,8,13
3,3,10,10,3
4,4,12,17,13
5,15,5,12,4
6,2,13,15,17
7,12,14,8,16
8,16,1,4,9
9,18,8,0,5
10,6,4,19,12
11,15,16,8,8
12,0,16,5,3
13,7,14,12,15
14,12,11,11,12
