2
Grid:
20,20
....................
....................
....................
....................
....................
....................
....................
....................
....................
....................
....................
....................
....................
....................
....................
....................
....................
....................
....................
....................
Agents:
20
0,3,8,2,18
1,16,18,0,9
2,3,15,14,8
3,0,8,16,11
4,0,14,10,16
5,0,3,9,11
6,13,11,11,17
7,4,7,19,13
8,19,5,10,15
9,17,8,7,2
10,3,10,3,12
11,14,6,6,17
12,4,5,3,10
13,11,4,2,4
14,4,14,13,8
15,15,11,18,19
16,1,3,8,12
17,1,14,6,4
18,0,7,19,7
19,5,0,17,17
