9
Grid:
20,20
.................@..
.....@...@..........
..............@....@
..@.@...............
.....@..@.......@...
@.............@....@
...@.........@......
....@@.@@...@.......
....................
.........@...@@...@.
.......@.....@.@....
@.@.................
....................
.@..................
.@..................
................@..@
.@........@.@.......
....................
...@@............@..
@...................
Agents:
30
0,6,0,6,16
1,1,19,10,1
2,12,5,9,11
3,15,15,5,18
4,8,19,6,18
5,19,13,18,18
6,13,3,3,16
7,18,12,6,4
8,6,4,1,6
9,9,2,0,2
10,15,0,8,5
11,15,18,0,15
12,7,3,13,0
13,3,8,2,12
14,6,10,18,7
15,9,8,7,0
16,12,15,12,6
17,4,12,6,7
18,8,0,16,19
19,11,14,11,18
20,3,14,12,11
21,18,9,6,11
22,9,11,11,13
23,7,9,9,12
24,14,0,15,13
25,4,18,15,11
26,10,17,6,10
27,1,8,13,18
28,5,18,5,7
29,9,10,1,1
