4
Grid:
20,20
...............@..@.
.....@...@@...@.....
.........@..@@......
.........@.........@
...................@
@....@.@.......@....
...............@....
...@...@............
.@..............@...
@@....@......@.@....
.......@..........@.
....@..@@....@...@..
........@..@........
....@.@..@....@@....
..........@.@......@
.....@.@...@....@..@
....................
..............@@....
......@@....@.@..@@.
...@.@.@@...........
Agents:
20
0,10,12,14,6
1,11,5,15,9
2,4,0,6,19
3,7,0,16,4
4,17,4,0,14
5,0,4,5,12
6,13,10,11,1
7,16,5,16,9
8,19,16,18,1
9,10,0,10,16
10,9,16,7,2
11,5,8,2,6
12,15,3,11,11
13,8,7,13,10
14,0,14,9,12
15,2,8,8,6
16,18,4,19,10
17,19,9,2,1
18,13,5,19,15
19,17,17,9,11
