1
Grid:
20,20
@...................
....................
.......@.........@..
....................
.....@......@@......
.@..................
....................
....................
......@....@........
..........@.....@..@
............@.......
.......@............
...@.....@....@.....
....................
....................
...................@
....................
.....@..............
....................
.................@..
Agents:
20
0,12,11,16,11
1,11,6,11,0
2,1,8,15,18
3,0,5,1,9
4,8,15,7,0
5,15,18,1,18
6,17,19,13,17
7,16,5,15,8
8,17,15,5,4
9,12,19,15,6
10,4,17,18,12
11,14,16,6,19
12,4,9,9,2
13,10,13,3,15
14,17,12,13,13
15,15,10,4,3
16,6,2,18,19
17,18,4,4,10
18,14,3,15,13
19,7,14,15,15
