4
Grid:
20,20
.......@@........@..
..@......@..........
...................@
@......@@.@.........
.....@@.....@..@.@@.
.@....@@.........@@.
....@.@............@
..@........@....@...
@...@....@.@.@...@..
........@@..........
..@@..@...@.....@...
.....@..@.......@@..
@...@......@...@.@@.
.....@.@..........@.
...@......@@..@@@.@.
.....@@..@@...@@....
...........@...@....
..@...........@@....
...@.............@..
.@...@@..@@.....@..@
Agents:
20
0,7,13,17,11
1,14,13,13,15
2,11,15,19,2
3,11,3,17,6
4,0,13,8,6
5,12,14,0,18
6,16,17,8,7
7,17,8,2,4
8,18,1,6,3
9,18,13,11,3
10,0,14,6,8
11,5,10,6,10
12,2,1,7,13
13,9,16,19,15
14,16,13,14,4
15,4,16,14,8
16,6,11,18,7
17,4,14,9,5
18,17,13,1,17
19,16,12,3,11
