7
Grid:
20,20
.................@..
...........@....@...
......@.@...........
....@@..............
...@......@........@
..................@.
@........@..........
@......@@.....@.....
....................
@................@..
........@...........
.@...............@..
..................@.
..........@.@.......
.......@............
............@...@...
.@.@....@..........@
.........@.@@@.....@
....................
.@....@......@......
Agents:
10
0,16,10,12,10
1,14,18,9,11
2,13,2,8,6
3,16,0,18,14
4,7,5,17,1
5,11,12,11,4
6,13,6,5,1
7,8,6,6,11
8,4,6,2,18
9,19,7,12,4
