4
Grid:
20,20
..........@@.......@
...@@....@.@....@...
...............@.@..
@...@..@@@.....@@...
.....@...@..@@...@..
........@.....@.@...
..............@.....
.............@@.....
@..@.............@..
......@.........@@.@
@@@..@....@.........
.........@.@.@@.....
...@....@...@@..@@.@
@.......@@...@@..@..
...@@.@@.@@....@..@.
............@.......
.....@@.......@.....
.....@...@@......@..
.@.........@.....@..
...@..@........@@...
Agents:
25
0,17,16,17,19
1,9,1,1,10
2,0,8,1,0
3,12,4,10,4
4,14,19,11,10
5,6,9,7,11
6,6,2,7,1
7,12,15,4,1
8,18,15,15,10
9,13,19,19,18
10,4,6,7,9
11,15,19,14,11
12,9,4,7,2
13,1,1,3,12
14,7,2,18,8
15,13,1,16,17
16,16,12,18,6
17,10,12,16,12
18,6,5,2,12
19,6,6,2,13
20,16,18,0,8
21,12,2,12,2
22,18,9,16,1
23,9,14,12,15
24,7,4,7,4
