3
Grid:
20,20
....@........@..@@..
..................@.
...@..@.....@.......
@...@...@...........
....@@......@.@.....
..........@...@...@.
...........@........
....@...............
.@.....@.....@......
..@....@.@....@.....
....@@...@..........
.@....@...@.........
.........@.@......@.
....@..@....@...@...
...@.......@@.......
@......@............
.@.@......@.@@......
......@.........@...
..@.....@...........
@.........@.@@...@@.
Agents:
20
0,4,11,11,3
1,2,19,8,11
2,19,15,1,8
3,5,1,0,18
4,2,13,2,19
5,2,0,6,7
6,6,14,3,2
7,6,6,2,8
8,9,8,18,19
9,13,6,3,16
10,0,18,17,19
11,11,7,17,18
12,15,5,12,1
13,5,9,17,1
14,10,8,5,5
15,19,5,14,16
16,10,10,13,0
17,15,16,15,1
18,15,1,18,15
19,18,19,8,8
