7
Grid:
20,20
.........@....@.....
.......@....@..@....
...@............@...
..@...........@.....
......@........@....
...................@
@.@.........@.......
...@....@.....@@....
..@.................
........@....@@.....
....................
......@@............
.@..........@.@.....
@...................
@...................
...@................
..@...@@............
...@.@@........@....
....................
......@...@.........
Agents:
30
0,11,10,13,19
1,16,18,14,3
2,3,13,6,11
3,15,13,0,6
4,10,2,15,14
5,8,4,13,18
6,6,5,19,2
7,14,10,8,7
8,9,4,18,17
9,0,11,7,16
10,4,11,10,14
11,1,10,9,0
12,3,16,10,8
13,16,10,3,16
14,0,1,9,4
15,4,18,8,14
16,18,13,9,16
17,7,13,10,4
18,17,4,2,13
19,6,16,14,7
20,6,4,11,8
21,14,2,13,17
22,4,17,10,15
23,10,1,7,19
24,10,3,6,17
25,10,4,13,12
26,18,12,15,2
27,9,3,4,3
28,12,0,18,14
29,18,11,18,12
