9
Grid:
20,20
....................
....................
....................
....................
....................
....................
....................
....................
....................
....................
....................
....................
....................
....................
....................
....................
....................
....................
....................
....................
Agents:
25
0,1,9,15,17
1,2,12,18,6
2,14,19,11,19
3,5,16,3,7
4,10,16,8,13
5,12,14,5,12
6,16,13,14,9
7,10,18,2,10
8,14,15,18,0
9,5,11,19,4
10,2,8,12,10
11,14,3,13,14
12,10,7,14,15
13,2,9,18,2
14,19,3,6,2
15,6,12,5,9
16,18,4,11,4
17,11,7,1,17
18,10,6,17,16
19,13,17,3,1
20,4,0,0,15
21,19,1,6,9
22,12,2,0,4
23,13,5,11,5
24,0,7,2,3
