7
Grid:
20,20
...@...@............
....@............@@.
.......@..@@........
.@.....@..@..@..@..@
....................
...................@
..........@.....@@.@
.........@......@...
.@....@.@...@.......
......@..@...@.@.@..
................@...
@.....@.@...........
@...@...@@.......@..
.....@........@.....
..@....@.@.........@
@............@......
...@@@..............
.......@.@.....@....
.....@.@@....@......
.......@....@.@.....
Agents:
20
0,3,14,10,3
1,11,1,10,14
2,1,7,15,6
3,12,18,10,6
4,13,16,15,9
5,5,16,10,10
6,13,8,18,17
7,10,15,8,7
8,19,19,17,4
9,7,5,0,1
10,1,3,6,7
11,13,15,8,18
12,5,13,0,16
13,8,13,6,4
14,16,12,11,2
15,15,1,18,16
16,19,0,4,19
17,13,9,15,17
18,12,1,9,2
19,12,11,14,10
