0
Grid:
20,20
....................
..........@.........
................@...
@...................
........@...........
....................
....................
......@.............
..............@.....
...................@
@...................
....................
....................
........@...........
.@@.................
.@......@........@..
.........@.@.....@@.
...........@@.......
....................
....................
Agents:
15
0,18,16,1,3
1,4,15,10,11
2,19,0,17,1
3,2,3,2,6
4,9,9,6,16
5,12,10,10,3
6,11,14,18,11
7,17,3,2,8
8,15,6,11,0
9,14,15,14,4
10,7,8,8,1
11,5,14,14,11
12,8,17,12,4
13,13,12,0,2
14,12,6,12,2
