5
Grid:
20,20
........@...@@......
.....@......@.@.....
..........@.........
.....@.@............
............@.......
...@...@...@@@@...@@
..............@.....
..@......@..........
......@.@..@@......@
..@@@..............@
@.....@.......@...@.
................@...
@.@.............@...
...@............@@..
....@.....@.@......@
.....@.......@...@@.
...................@
.@...@.....@...@@...
................@@..
@.@............@....
Agents:
10
0,0,9,3,9
1,3,17,17,10
2,10,16,14,16
3,9,12,3,0
4,5,15,10,10
5,12,17,4,16
6,19,14,9,5
7,6,16,16,14
8,2,16,10,5
9,6,4,15,11
