1
Grid:
20,20
.....@.....@.....@@.
.....@.........@....
.....@..........@.@.
.....@.@.....@.@....
..@.................
@@..................
....................
............@.......
....................
................@.@.
...........@........
.....@.@............
...@................
...@.....@..........
..@@..@....@@...@...
...............@....
@....@..............
@........@..........
.....@..............
..@@.......@........
Agents:
15
0,18,12,6,19
1,0,19,5,9
2,19,18,19,12
3,8,4,2,0
4,14,17,8,5
5,18,9,2,10
6,15,17,11,14
7,7,0,16,17
8,13,6,17,17
9,12,7,9,4
10,16,3,8,13
11,12,9,14,18
12,1,7,5,17
13,17,16,1,13
14,1,12,17,10
