3
Grid:
20,20
..@@.@...@..........
......@.............
...............@....
......@.............
....................
...@................
..................@.
.................@..
....................
....................
......@.............
...............@....
....................
....................
....................
..................@.
..........@.........
.....@@............@
.@............@....@
....................
Agents:
20
0,15,17,14,3
1,2,16,12,4
2,16,11,0,15
3,19,9,16,17
4,19,10,17,2
5,1,5,3,15
6,14,12,5,2
7,13,12,3,10
8,19,5,10,5
9,7,1,16,0
10,2,0,4,9
11,3,13,2,0
12,19,12,8,3
13,5,8,12,11
14,17,16,4,4
15,15,0,11,13
16,16,19,18,12
17,18,6,17,8
18,5,15,11,3
19,7,13,8,6
