3
Grid:
20,20
..........@....@...@
.....@..@.@.......@.
.@................@@
..............@...@@
@..@@..........@....
...@....@.........@.
.........@.@..@...@.
.@...@.........@..@.
.@@.@......@@.....@@
.......@.@.........@
@@@...@..........@..
..@.@...........@@@.
..........@.........
...@@@.@..@@...@..@@
.@.....@@.....@.@..@
........@.....@@@...
.@...@........@.@...
......@....@.......@
..@........@........
.....@......@..@....
Agents:
20
0,18,7,14,12
1,1,15,9,5
2,0,7,12,14
3,8,17,5,2
4,7,13,0,0
5,1,1,3,9
6,7,10,16,8
7,3,16,15,10
8,6,3,14,10
9,4,5,2,14
10,7,6,10,3
11,10,7,7,14
12,4,16,17,7
13,17,9,2,15
14,4,6,13,12
15,11,3,17,4
16,14,0,0,17
17,1,16,3,17
18,0,8,16,3
19,11,0,2,8
