1
Grid:
20,20
@....@.@...@........
....@....@..........
.....@...@....@.....
@.@...@@@..........@
............@@..@@..
...............@@.@.
..@...........@...@@
...@@.@....@......@@
....................
@..@.....@..........
...............@....
........@...........
....@@...........@..
....@............@.@
......@.........@..@
......@.............
.......@@........@..
.@..................
@.......@@@..@....@.
............@@..@...
Agents:
30
0,0,17,17,7
1,11,12,19,1
2,19,15,6,12
3,3,17,16,10
4,7,1,17,2
5,9,19,5,4
6,6,4,17,5
7,19,19,2,8
8,12,8,12,15
9,9,1,6,16
10,4,14,2,0
11,5,13,12,3
12,1,1,7,16
13,0,3,15,12
14,11,10,13,10
15,12,3,11,3
16,18,14,5,2
17,19,14,17,6
18,5,3,11,13
19,0,19,4,10
20,4,18,9,11
21,9,2,1,11
22,17,6,13,7
23,12,18,15,11
24,11,18,10,5
25,9,10,12,8
26,17,4,17,15
27,16,12,16,12
28,12,9,7,13
29,6,8,4,19
