4
Grid:
20,20
.@...@@@........@...
.@............@.....
......@@@.....@.....
........@...........
...............@@...
......@.@......@....
..@..@@..@@......@..
@.....@..@...@....@.
@@@...........@..@..
@.@....@...@.@......
@............@.@..@.
......@@............
.@......@.@...@..@@@
..@.@....@..@.@.....
....@.@@@....@@@....
.@..........@.......
..@.........@.@.....
....@.....@.....@...
.....@.......@....@.
.@........@.@....@@@
Agents:
10
0,17,18,4,13
1,1,12,14,10
2,5,13,4,11
3,1,7,6,15
4,4,3,17,7
5,7,3,2,13
6,6,14,19,11
7,2,2,9,12
8,8,11,16,19
9,13,6,12,6
