0
Grid:
20,20
............@@.....@
.........@@@...@.@..
@..@................
..@..@.@....@.....@.
@............@......
....................
...@.@..............
.@...@@@........@.@.
..@...........@.@...
........@.@.@.@.....
...@........@.......
..@.@.@.@@@.@.......
........@..@@..@....
.....@..............
....................
..@...@..@..@.....@.
....................
.....@....@@..@@....
..@..........@..@...
.....@..............
Agents:
20
0,19,18,8,18
1,10,7,16,11
2,14,5,13,19
3,18,0,9,7
4,2,7,13,18
5,10,15,2,10
6,13,2,18,0
7,2,8,10,17
8,5,5,2,11
9,15,17,5,7
10,5,2,10,6
11,14,7,14,0
12,10,4,3,11
13,5,1,12,9
14,2,1,15,4
15,2,17,18,8
16,6,11,16,14
17,5,7,4,14
18,18,5,7,17
19,5,14,16,8
