8
Grid:
20,20
....................
....................
........@...@.....@.
....................
....................
.......@............
.................@..
....................
...................@
..............@.....
........@...........
.....@..............
............@@..@...
.@..@...............
...........@........
...........@......@.
.@.......@..........
....................
@...................
....................
Agents:
25
0,2,7,6,3
1,8,0,11,2
2,4,1,15,6
3,13,5,4,3
4,8,13,18,8
5,2,11,8,17
6,12,7,6,18
7,12,6,18,17
8,12,4,19,16
9,18,18,14,0
10,8,3,10,13
11,18,7,9,2
12,19,2,16,17
13,19,4,1,7
14,4,4,18,4
15,15,16,8,0
16,2,4,8,16
17,7,6,9,5
18,12,8,8,3
19,1,7,19,18
20,4,17,2,13
21,5,0,17,8
22,0,10,18,11
23,8,16,6,1
24,19,1,7,3
