1
Grid:
20,20
...@.@....@.........
...@...........@....
..................@.
@.....@....@.....@..
........@......@....
.........@..@@......
............@....@..
........@.......@...
.@@...@.@....@.@..@.
...@...........@....
......@....@.......@
@.@........@........
.........@..........
.............@.@.@..
@.@.@.......@..@....
....@@@..........@..
..@..@.....@...@....
.@......@.....@.....
..@@..@@............
.............@..@...
Agents:
20
0,4,6,6,11
1,16,12,5,19
2,6,10,18,8
3,7,2,1,2
4,0,9,0,14
5,18,12,3,15
6,8,16,14,9
7,2,3,13,10
8,13,10,19,14
9,19,7,18,15
10,15,12,10,17
11,7,10,5,5
12,7,5,9,19
13,7,17,9,17
14,18,19,14,13
15,3,7,1,11
16,1,1,7,17
17,12,17,3,18
18,16,13,7,12
19,17,5,0,6
