2
Grid:
20,20
..@.@@.........@....
......@..@....@..@@.
....................
.....@.@.@.........@
.......@....@@....@@
.........@@.@..@....
.@@@@.....@...@@....
..@@....@...........
...@@.@.....@......@
@......@@@.@.@.@@..@
.@...@.@@@@.....@...
....................
..@.....@...@......@
...@.@..............
......@.@...........
@.........@.......@.
.........@@@..@.@...
@@.@...........@....
.......@...@@....@..
........@.@.......@.
Agents:
10
0,3,15,2,0
1,4,14,4,3
2,18,9,6,18
3,11,8,7,14
4,12,16,19,13
5,18,16,15,16
6,10,6,8,10
7,11,4,9,1
8,9,1,16,18
9,15,1,13,16
