7
Grid:
20,20
.@..................
..@.................
...@................
......@.............
....................
..@.................
................@...
....................
....@...............
...........@.....@..
.............@......
..................@.
...........@........
....................
....@...@..........@
....................
....................
..........@.........
..@....@.....@......
............@.......
Agents:
10
0,4,2,16,11
1,19,6,18,18
2,4,10,18,17
3,0,3,6,5
4,15,11,7,16
5,17,17,13,11
6,4,19,0,17
7,4,4,10,7
8,12,16,4,18
9,6,15,0,13
