4
Grid:
20,20
.@..@@..@.@..@......
.@...........@......
.....@..@.@......@.@
.@.@.....@.@...@@...
....................
.@@...@@.@....@.@.@@
.......@....@.......
@....@..............
..@.................
@....@...........@@.
.@.....@....@...@@@.
....@........@.@....
....................
...@@..@............
@.@@@@..@@@@.@...@..
........@........@@.
..@..........@.@..@.
@...@.@............@
@......@.@...@...@.@
.@.@.....@..........
Agents:
30
0,3,19,5,11
1,16,17,12,17
2,6,9,18,4
3,8,1,11,1
4,19,11,12,3
5,18,18,7,17
6,0,6,4,5
7,3,4,17,14
8,2,7,6,10
9,4,9,15,11
10,2,0,18,8
11,2,12,14,19
12,11,11,11,14
13,12,11,4,13
14,19,10,15,14
15,8,16,16,11
16,2,1,0,2
17,4,11,3,7
18,2,3,6,19
19,0,11,11,6
20,1,7,17,1
21,14,1,3,2
22,9,3,7,4
23,8,14,15,5
24,17,16,0,16
25,9,8,19,13
26,12,8,16,14
27,10,3,10,15
28,4,1,4,15
29,6,3,19,8
