9
Grid:
20,20
@.....@.@.@.......@.
@...@..@.....@@.....
....@..@@@..@@....@.
@@......@.@...@@...@
.@..@........@......
.@@@................
...............@.@@.
..@.........@.@.....
@...................
.........@..........
@......@......@@@...
..@.@.......@@@@.@..
.....@........@..@..
.@........@@........
..@.....@..@.@@.@...
..@...@...@....@...@
.......@..........@.
............@@......
..@..@..@.........@.
.......@@..@@..@....
Agents:
25
0,9,4,6,7
1,4,2,15,13
2,4,11,6,16
3,5,12,7,19
4,1,2,8,6
5,0,2,2,5
6,17,7,4,6
7,16,0,9,1
8,9,0,11,10
9,0,1,9,2
10,8,9,12,0
11,2,14,8,16
12,7,5,6,9
13,8,16,14,18
14,11,16,16,5
15,10,2,16,19
16,9,11,15,8
17,14,15,9,16
18,12,4,7,13
19,11,7,11,8
20,2,11,13,12
21,12,1,3,3
22,12,10,4,3
23,17,9,19,13
24,15,7,7,9
