9
Grid:
20,20
....................
....................
....................
....................
....................
....................
....................
....................
....................
....................
....................
....................
....................
....................
....................
....................
....................
....................
....................
....................
Agents:
10
0,14,0,19,2
1,17,7,11,8
2,19,8,18,6
3,1,7,1,1
4,2,10,3,6
5,19,6,2,16
6,2,6,0,19
7,14,14,11,18
8,19,16,12,0
9,6,1,19,0
