9
Grid:
20,20
....................
..................@.
@...........@...@...
............@.......
........@...........
........@...........
............@.......
............@.......
....................
......@.............
....................
............@.......
..........@.........
....@...............
..@.................
........@.....@.....
.............@......
....................
.....@..............
.......@........@...
Agents:
20
0,10,18,12,0
1,18,3,7,7
2,7,11,10,3
3,5,2,19,15
4,12,18,5,5
5,11,5,3,5
6,1,0,7,19
7,14,19,9,13
8,15,12,3,11
9,2,1,2,13
10,0,14,12,16
11,10,17,17,9
12,0,16,5,17
13,17,4,8,15
14,2,7,16,5
15,6,10,6,4
16,1,2,13,1
17,0,5,17,10
18,18,2,14,7
19,19,9,5,14
