4
Grid:
20,20
....................
....................
....................
....................
....................
....................
....................
....................
....................
....................
....................
....................
....................
....................
....................
....................
....................
....................
....................
....................
Agents:
15
0,7,2,19,16
1,11,7,11,17
2,2,6,14,18
3,18,19,11,16
4,1,9,3,1
5,17,10,16,13
6,5,4,18,13
7,0,9,7,6
8,5,5,15,10
9,15,14,1,7
10,7,16,19,4
11,16,1,2,14
12,18,15,7,0
13,5,0,6,0
14,4,2,8,4
