8
Grid:
20,20
.......@............
.@...@........@@@...
...........@.@@.....
....@..@....@@......
.......@.......@@..@
..@.....@...........
.@...@.@.@...@....@@
.@@................@
@..@..@@@...........
.....@...@....@..@.@
.@..@.@...@.........
@..@.@......@.@..@..
..@.....@..@@..@....
.....@...@@..@......
@.@........@.@......
..........@....@....
...@.@.@.........@..
....@......@@..@.@..
.@.@........@......@
......@........@..@.
Agents:
30
0,10,14,4,18
1,14,3,17,19
2,16,19,4,3
3,16,1,0,11
4,10,8,6,10
5,4,11,19,14
6,12,17,7,7
7,6,14,7,14
8,5,13,19,12
9,4,1,4,2
10,7,13,16,8
11,4,6,2,17
12,13,14,14,12
13,15,17,15,11
14,14,5,0,14
15,13,3,2,7
16,18,2,11,9
17,3,15,10,8
18,11,15,5,11
19,14,8,14,9
20,17,13,13,15
21,14,18,11,11
22,18,9,12,4
23,6,0,10,2
24,14,10,19,13
25,7,16,7,10
26,13,6,2,16
27,0,6,5,6
28,2,7,1,7
29,16,14,10,15
