8
Grid:
20,20
....@...............
..@@..........@.....
.@....@.@@..........
.........@.........@
...@...@...@.@......
.@.......@.......@..
.....@@...........@.
...............@...@
.....@..............
.....@......@.....@.
....................
......@..........@..
......@.....@......@
...................@
.........@....@.....
.@.......@......@...
....................
........@...........
.....@@.............
....................
Agents:
30
0,13,7,19,7
1,19,12,8,16
2,8,14,8,2
3,8,9,15,5
4,10,18,15,10
5,6,1,10,17
6,12,2,17,18
7,11,5,13,3
8,13,9,7,14
9,16,4,8,3
10,6,7,14,4
11,13,16,6,14
12,17,9,1,11
13,18,18,14,5
14,2,13,16,10
15,14,0,6,8
16,17,1,12,15
17,19,11,5,5
18,8,13,12,8
19,17,12,0,14
20,13,5,3,8
21,2,2,12,0
22,11,11,15,14
23,17,7,9,7
24,16,18,7,8
25,1,17,7,9
26,9,11,19,14
27,17,19,3,2
28,10,4,15,2
29,5,16,15,11
