5
Grid:
20,20
.......@........@...
.@.............@..@.
@.............@.....
..........@.........
....@..@......@.....
.@@@@...............
.@..@..........@....
....................
@.......@@...@......
.......@..........@.
....@....@....@...@@
..........@.........
.@........@..@.@@...
......@...@@........
.@..................
.......@.@@...@@...@
.....@.....@.......@
@@.........@.@@.@..@
...@............@...
@.@..............@..
Agents:
15
0,2,4,2,10
1,18,9,9,17
2,12,19,11,13
3,13,7,6,10
4,0,5,8,4
5,0,10,7,19
6,8,19,12,17
7,2,8,15,8
8,5,6,4,18
9,10,5,3,6
10,2,17,12,4
11,0,18,13,7
12,8,17,13,14
13,12,7,12,5
14,7,7,3,9
