8
Grid:
20,20
....@.....@.........
............@.......
@...................
....................
....................
.....@..........@@..
..........@.........
..........@...@.....
...................@
...@...@....@....@..
....................
....@@.............@
.....@...........@..
................@...
....@....@..@.......
...........@...@....
.....@.@............
@........@.@.....@..
.@@..@...@...@@.....
.....@.@............
Agents:
15
0,16,12,19,6
1,9,1,14,8
2,11,17,0,0
3,12,16,0,15
4,16,11,19,12
5,15,8,7,2
6,10,15,1,2
7,8,16,10,8
8,6,9,12,1
9,4,18,7,7
10,10,14,4,11
11,6,16,15,1
12,8,8,11,7
13,14,7,2,9
14,16,2,13,1
