8
Grid:
20,20
@...@..@.....@@.....
..@.@...............
....@........@@.....
....................
....@...@@......@@..
.....@..@.@.........
...@..@.@...........
..@.@.........@@.@..
@........@......@...
...@....@.......@...
.......@..@.........
......@.....@.......
......@..@.......@..
......@.......@.....
@.@.......@.....@...
.@......@....@......
..@......@@.........
@............@@.....
...@...@@.@.........
.......@.........@..
Agents:
25
0,10,17,12,11
1,2,9,10,17
2,17,11,4,13
3,19,18,13,5
4,12,0,10,12
5,16,12,10,9
6,7,19,1,5
7,3,2,4,5
8,19,15,11,13
9,3,9,14,13
10,8,4,12,0
11,9,0,1,1
12,15,0,7,7
13,6,7,18,9
14,12,13,17,9
15,17,7,0,16
16,3,10,6,13
17,9,15,3,2
18,17,15,7,12
19,11,15,14,7
20,16,19,17,11
21,13,15,19,2
22,13,4,13,10
23,16,0,4,3
24,8,18,9,10
