0
Grid:
20,20
...........@..@@....
....@......@......@.
....................
..@....@.....@..@..@
.......@............
@....@.....@.......@
..................@.
..................@.
.@........@...@...@.
...............@....
.................@..
...........@........
.......@.@..........
....@...............
.@...........@......
.......@....@.......
....@......@....@...
@.....@.............
....................
@.@...@.............
Agents:
30
0,3,17,18,11
1,18,9,13,14
2,11,8,4,3
3,7,2,9,14
4,11,19,13,18
5,15,17,9,2
6,4,11,7,17
7,6,6,15,2
8,14,19,4,18
9,9,9,2,12
10,14,0,15,14
11,13,8,0,16
12,3,14,14,17
13,4,9,9,9
14,19,18,3,14
15,10,7,0,8
16,1,1,17,10
17,14,10,14,6
18,18,3,5,9
19,3,15,14,10
20,2,5,11,7
21,17,19,0,0
22,13,10,6,13
23,13,0,13,1
24,1,0,2,2
25,15,11,8,5
26,18,6,3,10
27,9,2,10,6
28,16,0,13,7
29,12,14,17,11
