0
Grid:
20,20
....................
....................
....................
....................
....................
....................
....................
....................
....................
....................
....................
....................
....................
....................
....................
....................
....................
....................
....................
....................
Agents:
10
0,3,5,16,18
1,15,19,12,11
2,17,8,17,0
3,17,5,14,2
4,2,15,15,11
5,8,18,15,3
6,10,15,14,4
7,19,17,7,14
8,2,17,9,7
9,5,10,0,8
