3
Grid:
20,20
...@.........@@.....
.@.....@............
........@...........
..........@.....@..@
...........@.....@..
.@@@................
......@..........@..
@...................
................@@..
...................@
...@....@...........
.....@......@....@..
......@.....@.......
....................
.@@.................
....@.............@.
.......@......@.....
....@....@..........
..@.......@@@...@...
....................
Agents:
20
0,3,13,2,5
1,11,3,4,9
2,17,6,8,12
3,1,4,15,15
4,15,19,5,9
5,2,12,0,9
6,0,1,1,5
7,6,2,5,10
8,13,17,5,11
9,8,2,9,2
10,9,4,9,14
11,18,19,14,14
12,5,14,6,4
13,2,15,15,16
14,7,2,7,8
15,11,8,11,7
16,14,14,19,18
17,5,17,14,18
18,6,19,18,1
19,19,12,6,19
