5
Grid:
20,20
..........@.........
..........@@@.......
..@.@..@............
.....@@@............
....@@...........@..
......@.@.......@...
.@............@....@
...@.@..@...@.......
..@@...@..@.......@.
@..@......@.....@...
...........@......@.
.@@..@....@@.@@..@..
..@..@....@...@...@@
.............@..@.@@
........@.@..@..@...
.....@...........@..
@.@....@.@.......@..
@....@@......@@@.@..
.@.@.......@@...@@..
..@..@.......@....@.
Agents:
25
0,0,16,10,4
1,10,8,19,8
2,1,4,4,7
3,15,19,12,3
4,12,12,17,11
5,1,14,16,11
6,15,14,3,19
7,16,4,7,15
8,6,6,5,19
9,19,10,5,18
10,0,9,10,3
11,10,4,9,14
12,9,2,16,15
13,14,9,17,4
14,1,9,1,4
15,4,15,15,9
16,9,19,7,10
17,11,6,13,8
18,0,3,12,6
19,2,5,1,18
20,5,10,10,19
21,6,15,8,8
22,5,4,6,17
23,18,9,5,13
24,4,9,1,17
