8
Grid:
20,20
...@..@.@@..........
@.................@.
....................
............@.....@@
......@..@......@...
....@.........@..@..
@.........@@........
.@........@@.......@
....@..........@.@..
.........@..........
.....@..@.....@@...@
.....@..............
@@..@.@....@.@......
..@.....@.@.........
.....@..............
............@..@.@..
...@.....@..........
...............@.@.@
...@.........@....@.
.@.@.@..@...@..@@...
Agents:
10
0,1,5,8,9
1,8,10,13,16
2,14,18,9,12
3,1,2,10,16
4,15,11,12,8
5,6,15,5,12
6,15,16,8,11
7,8,5,8,2
8,4,14,17,10
9,15,0,16,11
