6
Grid:
20,20
................@...
.............@......
.....@.....@........
....................
...............@.@..
....................
....................
........@.....@.....
...................@
......@.......@.....
...........@........
....................
....................
...................@
.................@..
....................
....@.@...@.........
....@.....@.........
......@.............
....................
Agents:
10
0,7,13,15,18
1,8,7,19,14
2,3,1,13,3
3,9,4,17,8
4,0,0,9,13
5,4,19,9,8
6,18,2,12,17
7,4,7,18,5
8,1,6,6,16
9,16,14,2,10
