4
Grid:
20,20
.@....@...@....@....
...................@
..@.@...............
.@...............@..
.....@..@...@...@@..
.......@.@..@.@.....
...@.@.......@..@@..
..@......@@..@@.....
.......@...........@
.....@...@....@...@.
..........@.......@.
.@.............@....
@....@..@......@....
..............@.....
.@..................
.@...@........@.....
...............@...@
...@.....@....@.....
...........@@...@...
..@@......@..@..@...
Agents:
15
0,16,5,18,14
1,9,7,14,8
2,7,11,6,6
3,7,18,18,13
4,0,14,12,3
5,0,3,8,16
6,6,19,1,14
7,12,16,17,15
8,17,7,1,12
9,7,1,4,10
10,18,6,18,1
11,13,0,12,10
12,0,0,2,18
13,9,0,0,7
14,14,17,13,1
