2
Grid:
20,20
..............@.....
....................
....................
...........@........
....@...............
...................@
.............@......
....................
..@.........@.......
......@.............
..................@.
.................@.@
....@........@......
................@...
....................
....@..........@....
.@.....@............
@...................
................@...
....................
Agents:
25
0,10,1,13,15
1,9,13,12,5
2,1,9,7,7
3,13,8,11,3
4,5,15,17,5
5,7,9,10,3
6,4,12,5,7
7,3,15,14,5
8,12,14,13,12
9,13,5,19,6
10,10,12,8,9
11,4,17,9,13
12,8,10,7,4
13,6,1,3,9
14,13,7,10,13
15,6,5,1,3
16,2,13,3,4
17,5,11,16,16
18,2,14,18,7
19,17,8,1,11
20,15,17,18,12
21,6,0,4,1
22,10,16,9,16
23,12,12,8,6
24,19,3,15,2
