5
Grid:
20,20
..........@.....@...
........@......@....
..@..........@@.....
......@........@...@
......@.............
..........@........@
...........@........
........@.......@.@.
.....@@.......@.....
......@....@....@...
@..@........@@..@...
.........@....@.@...
.........@......@.@.
...........@........
....@..........@....
@@....@...@......@@.
...................@
........@@@@.......@
@@..@.....@@...@...@
..@........@.@....@.
Agents:
20
0,19,12,9,10
1,6,16,6,3
2,0,6,5,0
3,1,11,6,15
4,1,0,7,5
5,7,5,3,17
6,11,4,1,4
7,12,12,7,12
8,5,3,16,10
9,0,3,9,8
10,13,7,0,19
11,13,3,14,8
12,18,2,9,3
13,19,17,11,17
14,4,15,11,7
15,3,2,0,6
16,12,10,4,10
17,14,19,3,0
18,14,17,17,13
19,8,17,13,5
