6
Grid:
20,20
....................
....................
....................
....................
....................
....................
....................
....................
....................
....................
....................
....................
....................
....................
....................
....................
....................
....................
....................
....................
Agents:
25
0,3,12,19,8
1,11,19,13,12
2,7,7,3,13
3,4,19,9,12
4,13,7,17,4
5,11,18,19,9
6,8,16,0,4
7,9,5,16,15
8,16,2,14,2
9,13,15,8,19
10,13,6,5,2
11,19,2,8,10
12,9,7,15,16
13,13,0,15,4
14,1,16,9,1
15,0,18,2,4
16,13,11,4,13
17,14,15,2,2
18,19,8,0,8
19,7,18,18,17
20,10,13,16,1
21,13,12,4,14
22,17,3,13,16
23,1,7,5,7
24,19,17,17,17
