9
Grid:
20,20
..................@@
.......@.....@......
........@.......@...
....................
.@......@..........@
......@..@.......@..
.................@..
......@@...@..@@.@..
..............@.....
.........@....@...@.
.@...@....@.........
....................
....@.........@.....
.....@.@............
............@.......
..........@.........
..@.....@...........
......@@..@.........
......@...........@.
....@...............
Agents:
25
0,17,12,3,6
1,11,15,2,15
2,2,0,7,4
3,12,9,8,2
4,10,2,8,5
5,7,18,18,15
6,0,6,2,11
7,9,5,6,18
8,10,8,4,4
9,0,5,9,8
10,13,8,0,11
11,18,2,4,13
12,15,9,16,9
13,11,4,17,1
14,10,15,15,18
15,8,17,0,10
16,16,17,12,2
17,2,12,6,7
18,12,18,11,5
19,11,14,9,12
20,11,1,14,9
21,0,13,12,6
22,4,15,1,16
23,19,1,5,5
24,0,8,2,6
