2
Grid:
20,20
..@.@.............@.
.@@.....@@..@.@.....
..@.............@...
..@.@..............@
@..@.@...@..........
.@..........@.@@@..@
.....@..........@.@.
..@@..@.@.....@.....
...@@...............
....@.......@.......
..........@...@.@.@.
@.....@.....@@.@..@.
.....@...@.@.....@@@
....@...............
@@..@@.....@@@.@....
.@@........@...@....
.....@.@.....@......
.@...@.@...@.@.@.@..
@@...........@......
@.......@...........
Agents:
30
0,6,0,11,3
1,5,8,10,5
2,2,12,7,15
3,16,10,4,15
4,2,14,10,1
5,16,2,18,8
6,5,11,13,12
7,17,10,11,2
8,15,10,17,6
9,18,12,6,19
10,8,14,2,7
11,13,13,17,3
12,13,15,13,15
13,11,16,7,5
14,19,5,10,9
15,16,1,19,3
16,1,5,2,0
17,14,6,4,7
18,10,12,5,8
19,19,12,0,9
20,9,10,7,11
21,8,10,1,6
22,3,13,3,5
23,0,17,4,10
24,17,9,6,1
25,2,19,13,16
26,3,11,1,5
27,16,8,16,0
28,0,5,8,2
29,13,16,2,11
