2
Grid:
20,20
......@............@
......@.............
.......@............
.............@....@.
.........@.@........
.........@.......@..
.....@..........@...
....@...............
............@..@....
..........@.........
.......@.@..........
...................@
.......@.@....@.....
.@.@.....@....@.....
@...@...@@..........
....................
..@.@.....@.........
...........@@.......
...@.......@........
..@.........@...@...
Agents:
20
0,15,16,8,7
1,12,18,10,2
2,5,3,12,11
3,7,2,11,16
4,9,8,5,14
5,15,4,1,16
6,18,17,11,2
7,13,2,14,10
8,16,6,4,12
9,9,13,1,15
10,6,17,2,2
11,17,4,1,8
12,1,7,10,18
13,1,10,2,15
14,11,13,11,6
15,9,11,17,15
16,16,11,15,17
17,0,10,17,18
18,7,1,9,6
19,18,15,14,11
