0
Grid:
20,20
.@.........@....@...
..@...@.............
................@..@
....................
........@@........@.
@.........@........@
..............@..@..
...@........@.......
..@..........@......
...................@
......@.............
.....@.......@......
.@.@....@...........
......@..........@..
...........@....@..@
.......@..........@.
..@@.@..............
......@.......@.....
..@.................
.......@............
Agents:
20
0,7,1,17,3
1,12,9,3,14
2,10,3,12,18
3,15,2,3,6
4,18,15,9,12
5,1,13,11,17
6,3,13,11,1
7,11,3,16,6
8,11,15,4,13
9,6,9,1,18
10,9,17,13,1
11,17,0,13,7
12,5,14,6,10
13,17,10,4,19
14,15,11,10,12
15,9,18,14,4
16,11,10,10,0
17,7,10,1,5
18,19,9,3,13
19,8,6,2,17
