3
Grid:
20,20
@.@..@.@............
@..@...@.......@@@..
.........@..........
........@@....@.....
.....@@.......@....@
..@.....@...........
@@.@......@.........
....@..@.@@.........
.@.@.@.@...@.......@
..@...@.....@@.@@.@.
.....@..............
.@....@..@...@..@...
......@.......@.....
...@....@.@@@..@....
.........@@..@......
.....@..............
...@@@..@..@@..@.@.@
....@...@.@...@.....
..@.....@..@.....@.@
.@...........@.@....
Agents:
10
0,13,13,19,3
1,12,1,6,15
2,19,14,15,16
3,11,8,14,16
4,13,18,9,10
5,19,18,11,4
6,16,1,19,0
7,12,9,1,14
8,11,10,8,16
9,16,2,6,13
