3
Grid:
20,20
...........@........
..........@.@.......
....................
..........@....@....
.....@.....@..@..@..
....................
....@........@.@....
.....@......@.......
.........@...@....@.
..@.@........@..@...
......@....@@......@
...@..@........@....
....................
..........@...@.....
....@@@.@...........
........@..@.....@..
.......@............
@...................
.............@......
....................
Agents:
30
0,0,5,5,11
1,10,5,3,17
2,18,1,10,0
3,10,18,7,1
4,9,3,10,8
5,15,0,19,0
6,2,14,11,11
7,0,9,2,9
8,12,16,13,19
9,8,12,9,0
10,13,2,14,15
11,13,7,12,19
12,3,0,3,5
13,3,16,15,2
14,8,3,17,3
15,11,8,1,14
16,18,5,17,17
17,17,9,0,2
18,16,5,14,2
19,5,9,11,8
20,18,6,2,6
21,12,13,0,0
22,11,5,16,10
23,13,3,6,8
24,17,17,16,19
25,8,2,11,18
26,14,9,3,0
27,0,17,18,15
28,18,2,9,1
29,3,7,4,16
