3
Grid:
20,20
....@...............
......@..@...@.....@
..........@....@....
.......@..@.....@...
........@.@....@....
...............@@...
..........@........@
......@.............
@.......@...@.......
....................
.......@............
......@@.....@......
.@..@...............
...@...@@.....@.....
....................
.@....@.............
....@@.............@
...............@...@
..@.....@...........
....................
Agents:
25
0,19,16,8,5
1,15,16,2,12
2,4,3,19,15
3,11,11,10,14
4,0,17,14,13
5,10,8,4,16
6,16,3,11,10
7,3,9,12,19
8,13,12,14,11
9,17,5,18,19
10,6,18,0,0
11,6,2,18,3
12,8,16,6,16
13,10,16,12,16
14,6,12,8,3
15,4,5,10,11
16,19,2,8,19
17,10,14,3,14
18,7,4,3,0
19,6,4,19,5
20,2,7,7,9
21,5,19,0,17
22,9,12,9,17
23,1,14,13,17
24,18,9,11,2
