0
Grid:
20,20
..............@....@
..............@.....
..........@......@..
..............@.....
....................
@...................
....................
................@...
.@........@.........
.@..........@.......
............@.......
....................
....................
......@.....@.......
...........@........
....................
.@.............@....
....................
..................@.
........@...........
Agents:
20
0,5,12,0,10
1,15,2,10,14
2,12,6,9,17
3,10,18,11,13
4,15,0,14,4
5,18,12,8,4
6,10,14,16,0
7,14,6,16,4
8,7,13,19,12
9,19,16,10,1
10,14,0,16,8
11,6,0,2,3
12,7,10,6,5
13,17,17,14,6
14,13,1,6,3
15,3,11,11,4
16,13,16,1,5
17,6,6,4,0
18,8,7,17,13
19,3,0,17,14
