2
Grid:
20,20
....................
....................
....................
....................
....................
....................
....................
....................
....................
....................
....................
....................
....................
....................
....................
....................
....................
....................
....................
....................
Agents:
10
0,2,16,7,12
1,12,9,13,5
2,14,16,9,0
3,0,14,2,9
4,17,18,12,8
5,0,3,7,9
6,5,18,0,17
7,4,5,1,19
8,12,10,14,17
9,16,1,8,10
