7
Grid:
20,20
....................
....................
....................
....................
....................
....................
....................
....................
....................
....................
....................
....................
....................
....................
....................
....................
....................
....................
....................
....................
Agents:
20
0,7,9,19,13
1,18,18,1,16
2,18,1,15,9
3,8,4,13,2
4,11,6,15,14
5,9,9,11,4
6,19,12,17,12
7,5,4,5,18
8,13,3,14,8
9,12,13,7,7
10,13,19,15,1
11,12,9,4,4
12,16,15,11,6
13,12,16,19,11
14,18,12,12,13
15,16,0,4,2
16,13,0,3,16
17,14,11,7,11
18,8,8,15,7
19,17,1,9,5
