5
Grid:
20,20
....@.....@.....@...
..........@@.@..@...
.......@....@.....@.
.@..............@...
.@...........@...@..
.@............@..@..
....@@..@..@........
.@.@@@.....@.@@....@
.......@@.@...@@....
......@@............
...@...@.........@..
...@....@...@....@@.
...............@....
...@..@.@...@.@.@...
..@..@@...........@.
.@......@.@@.......@
@....@....@...@.....
.........@@@@@....@@
.........@....@.....
...@...@....@@..@@..
Agents:
30
0,14,9,6,10
1,6,1,16,16
2,4,18,1,7
3,4,12,16,7
4,15,4,8,0
5,0,1,2,4
6,10,9,18,7
7,11,19,16,15
8,11,9,18,8
9,3,18,2,19
10,16,19,2,1
11,12,19,4,14
12,10,0,14,14
13,13,0,12,7
14,8,11,17,16
15,5,9,12,13
16,15,5,14,10
17,8,9,0,7
18,17,1,11,6
19,16,8,11,5
20,9,16,13,17
21,1,12,6,3
22,18,11,18,6
23,5,12,13,0
24,18,2,12,3
25,0,2,2,0
26,9,2,14,16
27,19,8,14,7
28,2,4,4,11
29,9,14,9,4
