2
Grid:
20,20
.................@.@
..............@@....
....@.......@.....@.
.........@..........
..@..@...........@..
.@.....@..........@.
...@....@...........
...@.@.............@
...@..@.............
.@..@......@.@.@....
@................@..
...@.....@....@..@@.
...@.........@......
...@..@....@.@...@..
@...@.@.....@..@....
...@......@@@....@..
..@...@....@...@....
.....@..............
.................@..
@......@.@...@......
Agents:
25
0,14,13,10,2
1,12,16,3,6
2,5,12,14,16
3,6,5,19,2
4,12,7,8,9
5,9,10,9,16
6,13,15,10,6
7,18,0,12,7
8,11,1,7,7
9,9,3,4,10
10,8,1,2,8
11,2,5,9,6
12,0,1,8,13
13,6,16,2,3
14,9,5,2,9
15,7,14,4,11
16,4,9,18,6
17,5,3,17,3
18,18,11,11,16
19,5,16,12,18
20,16,10,4,0
21,6,11,15,1
22,5,13,15,13
23,15,14,0,10
24,16,0,10,13
