1
Grid:
20,20
....@....@.....@.@@.
@.@.....@.......@...
..@.@.@....@......@.
...........@.....@..
@...........@.......
@@..@@....@...@.....
.@.....@...@......@@
......@.............
.@.....@.@@.@.@....@
..@.....@.........@.
...@....@@..........
....@.@...@@..@@....
@...........@.@...@.
.....@@..@.....@....
....@..@...@.@@...@.
..@..@@....@........
.@@.@.....@.........
..........@....@..@.
..@............@...@
..............@@..@.
Agents:
20
0,2,13,1,1
1,15,4,15,9
2,15,13,3,3
3,14,8,16,7
4,0,0,15,16
5,11,2,6,16
6,11,9,17,14
7,14,10,3,9
8,4,16,8,11
9,9,13,19,7
10,1,5,1,19
11,18,0,12,5
12,7,4,1,14
13,10,19,8,8
14,6,8,13,10
15,19,12,13,3
16,5,16,17,13
17,18,9,16,8
18,5,7,17,6
19,1,10,14,1
