2
Grid:
20,20
....................
....................
....................
....................
....................
....................
....................
....................
....................
....................
....................
....................
....................
....................
....................
....................
....................
....................
....................
....................
Agents:
30
0,19,2,13,3
1,18,5,6,5
2,7,15,13,12
3,19,10,16,0
4,13,12,12,6
5,2,11,18,14
6,4,16,16,14
7,15,14,19,2
8,12,11,16,1
9,8,18,8,19
10,11,9,4,4
11,0,0,19,19
12,2,19,19,1
13,0,3,15,3
14,14,14,15,18
15,1,10,10,1
16,19,18,14,12
17,17,12,3,12
18,8,4,4,18
19,1,2,16,18
20,4,14,18,8
21,5,10,2,19
22,9,11,6,19
23,9,12,16,6
24,3,18,0,16
25,6,2,16,7
26,18,10,2,9
27,2,18,12,4
28,3,7,13,8
29,14,15,13,4
