6
Grid:
20,20
.........@...@......
......@.............
@.....@.@..@...@..@.
..............@.@...
....@.@.@..@...@....
..............@.....
....................
......@@.........@.@
.....@@.........@.@.
....@@.......@..@...
........@.......@...
.@..@.@...........@.
.@..@@@......@...@..
@.@.................
.........@@.........
..@@................
...........@..@@..@.
.@.....@...@........
@.......@..@.@....@.
...............@....
Agents:
10
0,16,2,11,12
1,19,11,18,4
2,19,19,16,4
3,9,18,19,3
4,3,9,2,2
5,15,19,15,11
6,6,13,6,12
7,11,5,2,12
8,2,16,1,10
9,9,14,5,1
