9
Grid:
20,20
...@..@......@..@..@
...............@....
......@..@..........
.........@...@......
.....@....@@........
......@.............
........@...@@@..@..
...@..........@....@
....@...............
..@@..............@.
...............@@...
....................
....................
...@@@......@...@...
@@...@.@............
@........@@...@....@
...@...@...@....@..@
@@@.....@..@@.......
.....@........@@@...
.....@..@.@.........
Agents:
25
0,11,13,0,11
1,6,5,19,13
2,13,2,5,12
3,9,10,15,1
4,19,1,18,2
5,12,11,14,15
6,1,5,1,0
7,19,11,12,1
8,5,17,0,12
9,17,19,13,11
10,0,15,10,14
11,8,5,18,18
12,9,8,5,9
13,8,11,0,4
14,4,9,8,11
15,3,14,9,8
16,9,11,15,5
17,2,17,12,4
18,18,7,19,9
19,2,13,3,6
20,8,0,16,2
21,13,14,12,10
22,12,2,0,18
23,1,12,19,6
24,16,15,2,19
