4
Grid:
20,20
.....@..............
...@....@..@........
..........@.........
...............@.@..
....................
........@...........
.........@..........
............@.......
....................
....................
.....@@.............
....................
....................
....................
..................@.
@...................
............@..@....
....................
.....@@@.@..........
....................
Agents:
25
0,9,11,13,12
1,18,18,11,2
2,4,12,5,1
3,15,16,16,18
4,14,4,6,8
5,15,8,17,15
6,9,4,9,8
7,7,7,7,5
8,8,15,4,11
9,9,9,12,4
10,2,6,9,12
11,8,14,19,2
12,14,11,0,13
13,19,12,17,12
14,16,3,11,18
15,3,8,18,11
16,16,7,17,8
17,7,19,9,9
18,2,17,3,6
19,9,5,5,13
20,14,17,1,16
21,15,18,7,2
22,14,1,12,19
23,2,14,13,3
24,1,0,3,12
