4
Grid:
20,20
....................
...........@........
...........@..@....@
@.......@.......@..@
...............@...@
.@...@..............
.@....@.............
@........@...@@.....
....@.....@@....@...
.......@..@.........
....@............@..
....................
.....@..............
....................
...@..........@...@.
......@.......@.....
.................@@.
...............@....
...@................
..............@.@@@.
Agents:
10
0,9,8,18,19
1,11,4,8,0
2,10,15,11,12
3,16,19,1,15
4,6,11,14,10
5,19,15,5,16
6,10,8,10,5
7,4,2,6,3
8,9,14,16,7
9,9,3,1,1
