9
Grid:
20,20
........@...........
......@....@........
.....@....@......@@.
..............@..@@.
..........@@........
.....@..@...........
@..@................
..........@.@.......
...@....@..@........
............@.......
..........@.........
..............@.....
....................
..........@@........
................@...
..@.@.....@.........
.@@.................
.@...@......@.......
..@.................
@..@.@..........@...
Agents:
20
0,3,8,5,0
1,12,10,0,6
2,15,6,0,19
3,18,3,9,14
4,16,17,14,9
5,1,2,1,13
6,12,0,13,16
7,12,8,8,0
8,12,14,5,10
9,8,5,15,15
10,6,2,9,2
11,5,13,11,7
12,7,11,11,8
13,10,15,14,2
14,10,0,17,19
15,18,18,6,12
16,1,16,11,19
17,4,4,10,2
18,16,12,17,3
19,9,1,9,7
