4
Grid:
20,20
......@.............
.......@............
................@...
....................
..............@.....
....@............@..
.......@........@@..
....................
....................
....@..............@
.............@......
....................
....................
..@......@..........
....................
....@......@......@.
..................@.
....................
....................
...@.............@..
Agents:
20
0,7,10,10,0
1,10,4,9,7
2,12,5,16,11
3,17,8,1,17
4,18,14,12,1
5,12,10,0,9
6,1,11,9,17
7,12,6,14,0
8,19,9,19,5
9,18,6,8,4
10,13,15,8,19
11,9,8,15,9
12,8,1,3,5
13,12,7,9,11
14,11,11,16,8
15,17,4,18,6
16,17,9,14,18
17,13,0,9,5
18,4,13,2,3
19,19,12,16,2
