1
Grid:
20,20
..@...........@@..@.
......@.@..@.@...@..
....@@@@.@..........
.@.........@.......@
.......@..@.........
...@...@..@@.@.....@
....@.@.@......@....
...@..@.@@..........
@........@@......@.@
...@...@@@..........
.....@....@.......@.
..@....@........@.@.
...@.@.......@...@..
...@.@...@...@..@...
.....@..............
..@.@..@...@...@....
....@.@..@.....@..@.
@...........@.....@@
...@...@.....@....@.
.@@@................
Agents:
15
0,5,15,10,7
1,5,9,0,17
2,16,8,19,4
3,14,1,5,8
4,8,7,17,8
5,4,6,7,13
6,15,16,8,11
7,3,9,18,2
8,6,9,19,8
9,7,5,19,16
10,17,16,14,7
11,17,13,12,9
12,7,10,19,11
13,3,5,19,18
14,19,4,11,13
