7
Grid:
20,20
@@..@..@........@..@
....................
.@..........@@......
.@..@.......@.@...@@
.......@...@@@......
..................@@
@@..@@@.....@..@@...
...@@.......@...@...
..............@..@@.
@....@....@...@...@.
@.@....@............
.@..@..@..........@.
.@..@...@..@......@.
.@................@@
.............@.@..@@
@.....@........@.@@.
...@....@....@.@..@.
.....@......@.@.@.@.
...........@.@..@.@.
.................@..
Agents:
10
0,11,2,6,10
1,7,14,10,11
2,9,4,4,17
3,8,2,8,11
4,7,6,17,11
5,19,6,4,6
6,1,13,5,1
7,12,10,2,6
8,15,7,1,5
9,6,11,13,16
