9
Grid:
20,20
.....@.........@@...
.@@.@..@............
............@.......
@..@@.......@.....@.
...............@....
...@@...@...........
.........@..........
...........@........
........@@.@..@..@..
....@..@..........@.
....@..@............
@@.....@.@@@.@......
@........@......@@..
@.@..@...@..........
...@......@..@......
....................
.............@......
.@...@..............
@......@..@......@@@
....@......@...@.@..
Agents:
15
0,6,10,12,3
1,18,8,9,2
2,9,9,17,12
3,2,3,1,10
4,12,5,2,2
5,14,18,1,5
6,14,7,12,2
7,11,3,9,12
8,19,6,18,12
9,14,9,4,9
10,12,11,14,8
11,16,18,16,4
12,8,5,14,1
13,6,2,3,13
14,6,17,19,6
