8
Grid:
20,20
..@........@@..@.@..
...........@....@@@.
....@.@.@...........
...@.@...@....@..@..
.@..@.......@@......
..........@..@......
...@......@.......@.
.@..........@....@..
@..............@....
....@........@......
.@.@..@......@..@@..
.......@....@@..@@.@
.......@@@..@.......
.....@...@@@.@...@..
....@...@.@@...@....
......@...........@.
.@.@..@@............
.@.@@@@............@
..........@.@..@...@
...........@.@@....@
Agents:
15
0,19,16,8,6
1,14,6,8,8
2,8,17,1,8
3,10,9,7,5
4,15,11,15,3
5,13,6,3,6
6,19,0,19,3
7,1,15,12,2
8,9,1,2,1
9,2,5,6,8
10,10,14,18,4
11,7,6,14,0
12,1,12,2,13
13,12,11,6,0
14,1,6,13,16
