3
Grid:
20,20
.@....@.@@.....@....
..@..@...........@@.
..@.@.@........@.@@.
........@......@...@
...@................
....@....@.......@..
...........@@....@@.
....................
......@@.......@....
.......@@...........
............@.......
............@.......
@......@@@..@@@.....
@..@@.@@.@..@@....@@
......@..@..@@.....@
@..@@.@.......@@@...
....@..@......@@....
......@@.@.....@.@.@
.....@.@..@.@.@..@..
..@..@..............
Agents:
25
0,5,7,13,5
1,6,8,10,19
2,18,3,11,17
3,17,5,7,13
4,18,1,16,18
5,19,19,6,14
6,3,16,3,9
7,1,9,11,13
8,4,19,5,16
9,19,11,7,15
10,10,9,15,11
11,11,16,5,7
12,17,12,10,7
13,6,4,3,12
14,1,7,10,15
15,6,5,12,16
16,15,1,9,2
17,0,2,16,12
18,0,4,8,3
19,3,0,3,10
20,9,11,10,11
21,18,9,2,14
22,2,7,11,4
23,8,19,17,4
24,2,9,11,10
