8
Grid:
20,20
@.@.@@..@@..@.@@.@..
..@..@........@.....
....................
..@.....@@.....@.@..
........@.@....@....
@.@.................
.@.@................
....................
..........@....@.@..
@.................@.
@.................@.
.@.........@@.......
........@@..........
.......@....@@......
..@..........@......
.........@.......@..
..@..............@..
.@.@.@...........@@.
..@..........@......
..@..@@..@.....@@@..
Agents:
20
0,8,2,15,15
1,8,18,4,11
2,4,0,3,6
3,1,10,1,17
4,7,4,9,16
5,7,14,16,10
6,2,5,11,6
7,5,12,17,12
8,18,3,1,13
9,2,13,18,8
10,1,11,1,16
11,15,0,19,11
12,3,7,19,10
13,14,6,19,0
14,12,2,6,2
15,11,14,6,14
16,9,1,13,17
17,10,2,2,14
18,13,9,5,17
19,9,16,6,12
