0
Grid:
20,20
.@....@@..@..@....@@
..@.....@.........@.
....@..@......@..@..
....@.@.@.@@@.......
@.................@.
.@..@..@.......@...@
@......@............
.@.@............@...
@....@@..@....@.@@..
.@....@......@......
......@....@.@.@@@..
........@.........@@
...@.......@........
.@@...@.@...........
....@......@.@....@.
......@.@..@....@@..
@..........@.@......
.@...@@@............
..@..@..............
@.@..@.........@...@
Agents:
10
0,6,12,11,14
1,9,16,4,5
2,16,14,3,18
3,3,1,18,4
4,17,18,15,7
5,8,1,9,15
6,4,6,5,8
7,11,7,9,18
8,8,10,0,12
9,10,19,6,15
