4
Grid:
20,20
@..........@........
@@..@.@...@.@.......
...@....@....@@.....
...@@...............
...@.@@.............
...@.@.@............
....@...@.@@........
.....@.....@@.......
............@.......
......@@..@@@.....@.
....@.........@...@.
......@....@........
...................@
...................@
....@....@.@.@...@..
..@@................
...@..@........@@...
............@.@.....
..@............@....
..@...@.....@...@...
Agents:
25
0,16,11,13,10
1,5,11,1,8
2,12,10,17,2
3,14,1,10,8
4,13,9,10,6
5,11,16,15,8
6,17,11,8,14
7,8,7,10,3
8,15,13,3,16
9,6,9,18,19
10,19,11,16,10
11,10,13,7,15
12,13,12,19,17
13,15,17,5,18
14,3,0,3,15
15,9,14,18,12
16,10,7,1,13
17,2,0,13,2
18,12,18,1,18
19,12,0,16,2
20,8,13,17,3
21,16,4,14,8
22,5,2,7,18
23,11,2,3,9
24,10,19,13,9
