5
Grid:
20,20
.......@......@@..@@
.@...@@@.@.@....@...
.@.@......@...@@.@..
....@.@..@@....@.@..
@..@...@@...@.....@@
....@@@..........@@.
....@......@@.....@.
.@@.@........@...@..
@.@.@@.........@....
.........@..........
....@@.@.@..........
....................
...@.......@.......@
@.....@@.....@....@.
.@.....@...........@
....@.@@............
..........@..@......
.......@..@.........
..@...@@@........@.@
........@...........
Agents:
20
0,4,2,10,13
1,7,19,8,6
2,16,11,18,13
3,14,11,17,3
4,14,0,9,3
5,19,10,11,2
6,2,12,11,8
7,10,8,4,5
8,4,13,19,18
9,6,17,12,4
10,4,16,17,19
11,0,16,2,19
12,5,8,15,18
13,14,15,19,2
14,10,18,12,1
15,6,8,8,11
16,9,16,10,17
17,12,7,8,12
18,4,1,10,19
19,12,14,16,2
