4
Grid:
20,20
.@..............@...
.@..................
................@...
...@................
...@................
........@...........
....................
.....@..............
.............@..@...
.............@......
..@..@..............
....................
....................
....................
..@.................
.......@............
......@@............
.@..................
.@..............@...
....................
Agents:
30
0,4,10,17,3
1,18,4,8,6
2,1,14,15,15
3,7,4,6,2
4,15,10,6,6
5,16,16,15,11
6,13,3,17,7
7,17,6,13,12
8,1,2,2,10
9,7,0,4,12
10,14,0,0,12
11,1,5,9,11
12,5,12,3,13
13,8,12,9,4
14,19,11,8,0
15,11,13,15,5
16,5,18,9,16
17,2,13,17,18
18,6,11,10,8
19,11,5,15,16
20,11,12,4,5
21,0,17,2,5
22,18,9,3,14
23,4,4,18,17
24,5,5,12,19
25,9,3,15,0
26,10,1,7,1
27,10,0,5,18
28,12,2,1,12
29,18,3,18,11
