1
Grid:
20,20
..........@.@..@..@.
.....@........@@..@.
@.@.@....@....@.....
..@.@.....@....@....
@...................
.@.....@......@@@...
......@........@@...
.......@............
...@.@@.@@@....@....
...@................
@.@.....@@....@.....
..@..............@..
....@......@.....@@.
@@@........@@@..@.@.
..@@....@..@@.......
....@..@....@..@....
@@......@.....@....@
..@....@............
.........@.@..@.@@.@
..........@@...@@...
Agents:
10
0,3,9,6,12
1,14,13,5,11
2,15,6,3,8
3,10,7,3,17
4,11,11,5,18
5,6,13,15,8
6,14,5,2,8
7,15,11,18,4
8,5,19,7,11
9,4,12,15,17
