7
Grid:
20,20
........@...@..@....
......@........@...@
............@@......
.............@@.....
......@.@...........
.....@.@@.@.........
...........@@.....@.
............@@@...@.
......@..@.....@....
....................
...@......@.......@@
.............@......
...................@
..@...@@.........@..
.@..............@...
...@.@.@....@....@..
@...@.@.....@.......
...@........@.@....@
...@..@..@..@.......
.......@@.@@..@.....
Agents:
25
0,8,1,1,5
1,3,2,3,7
2,18,16,2,0
3,15,10,1,11
4,17,2,11,4
5,19,19,13,14
6,5,19,0,0
7,14,10,19,12
8,10,16,19,16
9,2,14,9,5
10,11,2,1,4
11,3,15,10,0
12,15,1,9,7
13,2,5,6,5
14,10,11,12,18
15,13,13,18,18
16,8,13,10,2
17,4,3,8,13
18,4,16,8,12
19,11,19,17,16
20,11,17,12,9
21,17,13,2,6
22,6,0,8,10
23,13,5,19,3
24,8,3,9,17
