1
Grid:
20,20
...................@
.........@...@..@...
..@.@............@..
...........@........
@..........@........
@...................
............@..@...@
.@................@@
.@...@..............
....................
....................
..................@.
...@................
.@...@..@..@........
..@.......@........@
.@...@..............
.@.................@
@...@.....@.........
....@......@...@....
...........@.......@
Agents:
25
0,10,12,19,16
1,15,16,12,5
2,7,8,11,8
3,3,6,3,6
4,8,7,0,17
5,4,16,12,16
6,7,6,9,17
7,9,11,16,9
8,16,14,14,11
9,10,13,18,19
10,10,4,12,7
11,18,0,17,1
12,11,14,14,6
13,10,2,18,17
14,2,7,13,16
15,11,11,18,14
16,12,6,7,17
17,0,5,6,5
18,9,0,8,15
19,17,8,14,16
20,10,17,13,4
21,14,6,3,9
22,15,9,7,15
23,17,2,11,13
24,9,17,0,15
