6
Grid:
20,20
.......@............
....................
....................
...................@
..@.................
....................
..@.................
..........@.........
....@..............@
..@..@..........@..@
.................@..
....................
...@................
.................@..
...@..@.............
....................
....@...............
.........@...@......
...........@........
....................
Agents:
15
0,8,10,17,15
1,8,8,15,18
2,18,0,12,1
3,6,8,11,7
4,6,15,18,9
5,18,19,19,12
6,1,12,17,1
7,11,15,11,15
8,5,15,5,11
9,18,12,6,9
10,8,1,13,14
11,13,12,6,13
12,2,10,5,12
13,7,13,7,6
14,2,1,17,6
