1
Grid:
20,20
....................
....................
....................
....................
....................
....................
....................
....................
....................
....................
....................
....................
....................
....................
....................
....................
....................
....................
....................
....................
Agents:
15
0,5,11,2,4
1,10,12,16,5
2,16,0,17,15
3,3,7,10,4
4,17,12,17,3
5,8,16,9,18
6,1,9,17,18
7,0,9,11,9
8,6,17,6,16
9,6,5,5,11
10,15,16,6,9
11,18,0,10,3
12,12,13,17,5
13,14,17,7,17
14,17,2,18,4
