2
Grid:
20,20
.....@..............
.......@........@...
....................
...@................
.......@........@...
.......@............
....................
.@..................
....@...............
.....@..............
@.......@...........
..................@.
....@...............
.....@..............
...................@
..................@.
.......@............
........@...........
....................
..@.................
Agents:
15
0,6,3,3,8
1,9,0,6,8
2,8,9,19,12
3,19,7,14,17
4,4,5,6,16
5,12,0,6,13
6,11,16,2,18
7,0,11,16,11
8,1,17,16,13
9,14,14,13,17
10,7,2,17,13
11,2,11,16,4
12,14,9,7,16
13,16,1,19,4
14,16,16,9,15
