9
Grid:
20,20
....................
.............@@.....
........@...........
....................
....................
..@...........@..@.@
....................
.@..................
....................
..@@............@...
........@.......@...
....................
.......@@...........
...........@........
....................
....................
..@.................
....................
....................
...@..@...@.........
Agents:
30
0,14,4,3,12
1,1,5,13,3
2,11,13,3,3
3,9,7,9,19
4,8,14,17,1
5,1,19,15,0
6,3,10,16,13
7,8,15,16,10
8,8,8,14,17
9,2,19,9,8
10,11,8,13,2
11,18,11,17,17
12,17,12,14,9
13,17,1,16,18
14,14,18,19,7
15,13,8,6,15
16,7,15,15,12
17,4,19,5,1
18,5,18,6,10
19,18,1,10,5
20,8,4,5,13
21,2,13,17,4
22,8,19,14,6
23,7,9,17,3
24,11,11,1,5
25,8,10,16,6
26,16,5,9,13
27,0,11,7,12
28,7,0,11,18
29,15,16,3,18
