1
Grid:
20,20
....................
....................
....................
....................
....................
....................
....................
....................
....................
....................
....................
....................
....................
....................
....................
....................
....................
....................
....................
....................
Agents:
25
0,9,11,9,9
1,13,16,4,11
2,10,5,18,10
3,16,9,1,5
4,14,0,15,11
5,8,13,19,11
6,14,12,12,17
7,4,6,2,8
8,3,16,16,17
9,7,9,13,17
10,2,6,11,12
11,12,11,15,7
12,3,10,3,2
13,0,8,15,17
14,3,7,18,18
15,13,5,3,17
16,4,0,14,11
17,6,12,12,16
18,3,9,8,10
19,3,8,16,3
20,15,5,2,12
21,13,7,14,9
22,1,14,13,3
23,3,15,15,5
24,15,14,1,12
