7
Grid:
20,20
@......@@.@..@@.@@..
...@@........@......
..@..@.@...@....@.@.
.@...............@..
..@..@@..@..........
@@.@..@....@...@....
.............@@....@
....@..@.@......@...
...........@..@..@..
@........@..........
.@.@.@..@.@@@.@.....
.@........@@.......@
...@..@..@..........
.@@....@......@@....
.....@..@...........
....@..@@...........
@..@......@...@.@...
.......@.@..@.......
@@...@..........@...
......@.....@.......
Agents:
15
0,16,13,6,9
1,6,16,13,12
2,0,15,4,12
3,7,15,4,15
4,1,0,15,1
5,10,9,16,4
6,5,18,16,13
7,4,14,2,9
8,5,4,17,14
9,3,18,15,17
10,2,0,8,6
11,1,11,10,18
12,14,9,4,14
13,8,4,6,5
14,16,17,2,19
