8
Grid:
20,20
@.@.....@........@..
.@.....@...@...@....
.@..........@....@..
..@.....@...........
.@..................
...@....@.@..@......
...............@.@..
...@........@.@.@@.@
................@...
.@...@..@@.......@.@
...........@........
@...........@.@.....
.......@............
....@......@.......@
.......@............
........@@...@......
......@@...@......@.
.@........@.........
.......@@@.@..@.@...
......@........@.@..
Agents:
15
0,11,11,3,0
1,0,4,14,18
2,4,15,10,9
3,10,2,8,13
4,16,5,16,17
5,8,4,7,4
6,7,13,18,13
7,19,14,6,7
8,14,8,10,15
9,10,4,2,10
10,13,8,13,17
11,7,10,19,14
12,10,12,6,13
13,17,9,4,12
14,8,17,6,10
