5
Grid:
20,20
....................
..@.......@....@..@.
....................
...@......@..@......
....................
....................
.............@......
....................
..@.................
.@............@.....
...........@........
@...................
..@..............@..
..........@.........
.........@..........
....................
...................@
.............@......
.......@............
....................
Agents:
25
0,8,8,19,15
1,10,13,8,15
2,1,19,16,12
3,0,9,3,17
4,17,16,0,3
5,3,0,7,8
6,3,14,12,11
7,17,2,2,1
8,17,7,0,11
9,9,18,17,6
10,5,7,18,16
11,15,9,9,11
12,0,11,11,14
13,0,0,7,0
14,7,9,7,6
15,10,14,15,12
16,5,8,17,19
17,18,9,11,2
18,3,7,17,4
19,16,4,8,7
20,9,19,9,3
21,7,6,6,11
22,12,0,5,1
23,5,4,1,6
24,7,16,7,2
