5
Grid:
20,20
.....@...@.......@..
..@...@...........@.
....................
....................
....................
.....@..............
.........@..........
@...................
....................
....@...............
.......@...@....@...
................@...
...........@..@.....
...........@........
....@.........@.....
..............@.....
....................
....................
....................
....................
Agents:
15
0,1,5,0,6
1,18,8,6,13
2,12,2,0,16
3,5,8,3,4
4,9,0,7,12
5,4,7,2,16
6,14,9,14,6
7,2,15,5,4
8,17,8,18,6
9,17,11,3,8
10,19,5,7,1
11,6,2,18,0
12,4,4,14,13
13,10,18,14,9
14,13,0,6,1
