9
Grid:
20,20
.......@.@@.........
..@.....@...........
@.@@.......@........
.@..@@.@.........@..
.@..................
............@.......
.@.................@
@.....@.....@..@....
...@@@..@...@......@
@@...@...@...@@@....
......@....@......@.
.................@@.
....@........@.@....
@....@@.@.....@.....
...@................
........@........@..
.....@........@.....
......@.............
..@.................
.@.....@@.....@...@.
Agents:
20
0,2,18,11,8
1,9,6,13,11
2,3,13,1,17
3,15,10,12,12
4,11,0,11,5
5,18,10,13,1
6,16,4,16,9
7,12,1,17,8
8,0,2,18,13
9,9,12,7,11
10,5,18,11,15
11,7,18,11,1
12,2,7,14,11
13,10,16,8,17
14,12,19,2,5
15,17,17,7,5
16,4,14,8,18
17,9,17,0,18
18,16,7,15,5
19,3,16,10,14
