6
Grid:
20,20
....@......@..@@@...
.@......@.@......@..
..@@..@@@..........@
@..........@..@..@..
.@@........@.......@
................@@..
.@...@.....@.....@..
.....@......@...@@..
.........@...@@.@...
........@.....@.....
@...@...@.......@...
@.@.............@..@
..@@..@.............
@..@..@...........@.
.@@...@......@...@..
..............@....@
..@..@........@..@..
......@.@..@..@.@...
@........@.@...@....
.@....@...@..@.@..@.
Agents:
20
0,0,19,4,8
1,6,2,6,3
2,6,8,17,4
3,0,2,7,14
4,17,13,12,9
5,5,2,1,3
6,12,18,9,18
7,10,1,4,18
8,10,11,16,9
9,5,8,6,6
10,7,7,0,2
11,1,3,18,5
12,16,13,6,9
13,18,13,11,9
14,13,11,12,12
15,15,15,3,15
16,8,8,9,19
17,16,12,4,16
18,9,17,17,12
19,11,18,16,6
