7
Grid:
20,20
...@................
............@@.@....
....................
...@......@...@.....
........@..........@
@...................
@.......@...........
....................
....................
....................
.@..............@...
....................
....................
.............@......
....................
..@.................
....................
.....@........@.....
.....@..............
................@...
Agents:
15
0,10,0,2,19
1,12,9,2,15
2,5,10,5,7
3,8,3,1,4
4,0,5,0,13
5,14,1,9,2
6,10,6,7,9
7,13,14,8,0
8,1,3,3,9
9,13,5,0,1
10,12,5,8,14
11,11,10,1,9
12,6,15,18,12
13,5,17,10,18
14,0,14,15,11
