8
Grid:
20,20
.@...@............@.
@....@..@.......@..@
......@.....@@....@.
....@@.@...@....@...
...@.....@..@@@..@..
......@..@@..@......
......@.@..@@.....@.
..@............@@@..
@.@...@@........@..@
.@........@.@.....@.
.....@.....@@.......
.@.........@.@.@.@..
@..........@@....@.@
...........@.@@.....
..@.....@..........@
.@@...........@..@.@
..@.....@....@......
........@....@......
@.....@..@..@.......
..@.................
Agents:
10
0,5,12,13,18
1,11,14,10,15
2,10,2,10,17
3,7,4,3,0
4,1,9,11,16
5,0,12,0,15
6,0,7,16,11
7,18,3,18,1
8,16,1,15,12
9,17,3,10,7
