1
Grid:
20,20
....@........@......
....................
.....@..............
...@................
....................
......@........@..@.
....................
.......@...........@
....................
....................
....................
......@......@......
....................
....................
...@................
...@................
..................@.
.@........@.........
......@.............
.......@@......@....
Agents:
30
0,11,14,4,9
1,5,5,4,0
2,0,3,16,5
3,18,1,12,10
4,14,18,2,7
5,3,17,13,2
6,15,1,2,8
7,17,19,13,6
8,16,14,3,15
9,16,12,2,19
10,8,17,1,10
11,12,2,13,12
12,12,18,9,5
13,8,12,12,8
14,11,1,18,14
15,11,16,15,0
16,5,13,4,7
17,13,13,0,15
18,14,13,8,1
19,8,3,17,18
20,8,4,4,13
21,4,7,18,17
22,12,0,5,14
23,10,15,13,15
24,3,12,3,10
25,17,16,9,0
26,9,7,17,14
27,19,13,12,11
28,1,3,3,19
29,13,1,3,0
