3
Grid:
20,20
@....@..............
....................
@....@.@.....@......
.....@............@.
....................
....................
......@...........@.
....................
...@..@.............
..............@.....
....................
....................
....................
.......@......@.....
...............@..@.
...@...@............
....................
...@................
....................
....................
Agents:
25
0,14,1,11,0
1,16,1,8,9
2,1,2,15,14
3,10,7,11,19
4,3,1,15,2
5,10,10,7,10
6,15,14,16,1
7,18,1,16,16
8,16,15,4,16
9,4,0,12,11
10,2,9,11,3
11,17,14,0,19
12,19,15,7,2
13,19,3,3,15
14,10,19,5,10
15,10,18,14,12
16,18,4,18,8
17,8,4,3,17
18,2,2,15,16
19,16,0,8,4
20,10,15,6,10
21,2,8,6,16
22,3,16,19,12
23,0,15,5,14
24,7,19,8,18
