2
Grid:
20,20
.@@................@
.....@.@..........@.
....................
.......@...........@
..@.................
....................
....................
....................
......@..........@..
...........@........
..........@.........
....................
@...................
............@.......
..........@...@.....
.................@@.
....................
....@...............
....................
....................
Agents:
10
0,14,5,3,16
1,5,13,5,4
2,7,13,3,1
3,19,13,2,5
4,3,12,10,14
5,11,4,18,14
6,3,10,12,1
7,19,2,13,6
8,13,9,6,19
9,13,15,3,4
