4
Grid:
20,20
............@.......
@@.........@....@...
....@........@...@..
...................@
..........@@....@...
...@.....@..........
@....@@......@......
.....@..............
.@..................
.........@@.........
....................
............@@..@...
@@.......@..........
....................
@...........@.......
....@...............
@.....@.@..@........
@...................
........@..@@.......
...@................
Agents:
30
0,14,5,19,4
1,3,3,9,6
2,18,6,1,3
3,10,11,6,8
4,4,2,8,14
5,11,17,9,13
6,11,8,0,2
7,0,15,2,6
8,2,10,0,15
9,13,3,6,4
10,8,13,7,19
11,6,11,18,6
12,13,5,3,8
13,3,10,6,10
14,16,14,5,16
15,18,10,19,18
16,2,5,4,14
17,2,9,0,7
18,0,0,14,17
19,16,3,6,19
20,14,9,16,15
21,15,0,2,5
22,8,3,15,7
23,9,14,9,2
24,18,4,13,12
25,16,1,17,13
26,19,12,13,9
27,9,13,13,13
28,3,7,18,9
29,9,0,13,17
