3
Grid:
20,20
....................
....................
....................
....................
....................
....................
....................
....................
....................
....................
....................
....................
....................
....................
....................
....................
....................
....................
....................
....................
Agents:
20
0,17,16,3,17
1,6,17,3,14
2,18,12,5,11
3,14,2,12,3
4,10,12,12,16
5,1,2,5,9
6,0,4,12,12
7,6,10,18,11
8,8,2,12,0
9,15,2,3,2
10,18,15,16,8
11,4,1,15,10
12,7,5,14,17
13,1,11,2,3
14,0,5,19,1
15,2,14,6,4
16,5,6,16,2
17,19,12,6,9
18,12,19,11,5
19,0,6,3,6
