9
Grid:
20,20
..@@..........@...@.
...@..@..@......@..@
....@..@......@...@.
.@.....@.....@..@...
...@............@...
....@.@@...@.@......
....@..@....@..@....
...@...@.....@.@....
.@.@.....@..@...@...
..@.............@...
.@............@..@..
...@.........@......
....@.@.@@.......@@@
....@...............
.................@..
...............@@...
..................@.
...................@
........@@..........
@...................
Agents:
30
0,8,5,6,10
1,18,12,12,1
2,14,2,9,12
3,19,5,17,15
4,5,12,3,5
5,2,9,17,3
6,5,17,17,9
7,17,16,9,3
8,15,17,16,3
9,14,8,18,16
10,11,1,2,0
11,3,11,12,2
12,3,4,16,7
13,16,11,1,5
14,7,14,15,10
15,4,13,4,15
16,10,19,16,19
17,9,19,16,2
18,19,6,14,12
19,5,8,12,10
20,14,19,10,10
21,0,13,14,9
22,5,3,4,18
23,13,7,10,11
24,2,6,8,15
25,9,9,7,5
26,8,13,17,11
27,18,3,11,17
28,6,16,2,11
29,8,15,19,3
