3
Grid:
20,20
...........@@.@.....
..@......@.....@....
....................
.@..................
.@..........@.@.....
...................@
........@.....@.@@..
....................
...@..............@.
.......@......@.....
.....@..............
.....@......@.......
.@@....@.........@..
.....@........@.....
.@......@..@........
.....@....@.....@...
...............@.@..
.@....@...........@.
...@................
....................
Agents:
10
0,10,19,17,17
1,5,16,0,1
2,11,17,7,5
3,1,7,19,2
4,9,12,13,16
5,1,17,6,2
6,19,19,19,13
7,12,9,15,19
8,7,11,2,0
9,1,13,16,0
