9
Grid:
20,20
...@...@......@.....
.@@....@...@...@....
@.....@.....@..@....
.@....@.....@@......
@@..................
...@..........@..@@@
.@.@....@.......@...
.@...@.....@.@@.....
....@...............
...@@..@...@...@..@@
@@...@.........@....
@..@@@....@.........
.....@.@..@.@.......
..@.@.......@@.@@...
....@...............
...@@..@.......@....
@..@@.......@@.....@
.@...........@......
...@.............@..
.....@..@@...@..@@..
Agents:
20
0,9,16,14,9
1,10,17,16,9
2,2,17,8,11
3,19,14,16,6
4,11,17,5,8
5,7,9,16,17
6,1,6,0,10
7,18,4,5,0
8,14,9,15,13
9,6,10,1,8
10,4,2,19,6
11,17,2,15,18
12,4,18,6,19
13,8,12,5,13
14,6,0,18,7
15,7,16,16,15
16,2,9,3,2
17,18,2,18,19
18,18,1,4,10
19,2,13,9,10
