3
Grid:
20,20
..@.....@.........@.
.@@...@.............
....@..........@....
.@.@@.....@.....@@..
..@..@@....@....@...
.............@......
@@.........@.....@@@
....@@..@@@.......@.
..@.........@.@.....
.....@.......@......
.@......@...........
.@@.@@..@@.@..@.....
..@..@...@..@....@..
...........@.......@
......@...@...@@....
@....@@.@..@..@.....
.@@......@...@..@...
........@....@......
@.@..@.......@.@...@
........@@...@......
Agents:
15
0,12,1,3,14
1,19,12,0,12
2,1,13,14,19
3,10,2,2,1
4,19,7,3,6
5,9,14,3,8
6,5,4,17,18
7,15,13,8,18
8,12,18,17,11
9,18,17,4,8
10,12,3,12,10
11,1,3,17,6
12,13,9,14,16
13,10,16,2,5
14,19,11,16,7
