1
Grid:
20,20
....@..@.@..@..@..@.
...@@@....@..@@....@
............@@...@..
........@.@.....@..@
.@@.@@....@.........
....@@.@....@..@.@..
...@...........@@...
...@@...............
....................
@..@....@@........@.
..@@..@...@......@..
...........@.....@.@
......@@.@@@.@@.@...
.@.........@.@.@.@..
...........@......@.
...............@....
............@......@
.@....@..@..@.......
..@....@@........@@@
...........@..@..@..
Agents:
25
0,3,2,5,19
1,5,1,14,3
2,3,12,2,6
3,10,14,4,9
4,0,13,0,13
5,11,15,3,3
6,3,14,15,8
7,15,0,15,3
8,2,14,5,0
9,11,0,9,16
10,19,4,6,12
11,6,10,8,13
12,5,16,9,6
13,5,14,12,18
14,15,18,8,14
15,14,4,16,10
16,13,10,7,1
17,12,17,5,11
18,14,17,3,7
19,7,10,9,11
20,7,5,8,18
21,19,9,5,9
22,7,19,13,9
23,2,19,14,13
24,6,0,19,3
