0
Grid:
20,20
.........@..........
..................@.
....................
@..@................
....@@@........@...@
.@..@..............@
..........@.@.......
....................
...........@........
@........@.....@....
....@..@..@.........
.......@.........@..
......@.............
....@...@....@.@....
.....@........@.....
..............@.....
..............@...@.
...........@..@..@..
....@....@..........
........@...@.......
Agents:
10
0,9,2,17,0
1,14,4,0,3
2,6,13,16,17
3,10,19,2,5
4,4,9,0,15
5,11,2,5,3
6,8,8,18,6
7,6,16,4,11
8,2,1,13,6
9,4,3,16,5
