7
Grid:
20,20
....................
.......@........@...
...............@....
@@@....@.....@.@....
@...................
@.....@@.....@......
...@@.@@.@@.........
.@@@@.........@@...@
@..@.@............@.
@..@..@..@@@........
.....@@.........@.@.
.@.......@.........@
.@..@@.........@@..@
....@..@...@.....@@@
........@.@.@...@@.@
...@@..@...@......@.
.@@.......@.....@...
.....@..@......@....
...@.@.@......@.....
..@................@
Agents:
30
0,5,15,5,3
1,0,15,3,8
2,9,18,6,15
3,7,17,5,8
4,7,11,7,11
5,8,2,15,0
6,8,14,19,8
7,19,17,3,18
8,15,17,1,3
9,2,19,7,10
10,6,19,2,5
11,0,0,11,18
12,17,17,19,11
13,7,13,13,14
14,2,9,3,6
15,5,19,19,15
16,10,3,11,15
17,18,12,0,4
18,16,12,0,15
19,19,10,4,3
20,16,17,10,8
21,8,8,3,4
22,3,3,13,0
23,12,0,10,17
24,17,7,2,3
25,3,14,2,19
26,0,19,5,19
27,9,19,11,5
28,6,1,1,15
29,2,2,10,11
