6
Grid:
20,20
.................@..
..@................@
@...@..@....@.......
@......@@....@..@...
.@..................
@.........@...@@...@
@@..................
........@@..@.......
................@@..
@.........@.@...@...
.........@@..@@...@.
......@.....@....@..
........@...........
..@.................
@.............@.@...
.@....@.............
..@......@..@.......
.@@@..........@.@..@
...@.@..............
....@...@....@.@.@..
Agents:
15
0,11,1,8,2
1,11,19,11,9
2,0,3,5,17
3,18,7,11,4
4,19,1,19,2
5,11,3,3,19
6,7,16,5,5
7,17,9,6,2
8,1,17,10,5
9,16,5,17,4
10,16,0,19,1
11,18,18,2,19
12,9,2,0,9
13,15,8,12,2
14,3,15,9,18
