1
Grid:
20,20
............@.......
@...@.....@@....@...
@..@....@...........
..........@.........
....@.@........@.@..
@@.......@.@..@.....
.........@.@@.......
....@...........@...
.........@..@@.@.@..
.@.@.@...........@@.
...................@
....................
..@..............@..
@.@@@...@...........
.......@.@@.........
....................
..................@.
@...@..@...@@......@
...@.@.@............
.@....@.@..@.....@..
Agents:
25
0,15,3,5,12
1,2,4,13,5
2,13,16,1,12
3,16,4,16,1
4,15,6,15,10
5,9,15,5,7
6,14,16,3,4
7,15,16,15,13
8,4,18,8,6
9,18,8,18,1
10,11,4,1,17
11,2,12,5,19
12,2,1,0,2
13,6,19,3,2
14,15,18,5,2
15,0,8,1,7
16,10,9,18,12
17,15,0,3,19
18,16,13,6,10
19,13,19,15,11
20,5,16,16,13
21,19,10,8,8
22,7,1,13,10
23,15,17,7,3
24,5,3,7,10
