6
Grid:
20,20
....................
....................
....................
....................
....................
....................
....................
....................
....................
....................
....................
....................
....................
....................
....................
....................
....................
....................
....................
....................
Agents:
30
0,2,13,18,6
1,4,4,15,10
2,2,9,16,1
3,13,7,18,3
4,5,0,7,10
5,10,4,1,7
6,7,17,16,5
7,10,14,12,13
8,10,6,17,6
9,3,11,15,15
10,1,11,5,13
11,17,7,15,8
12,18,13,18,16
13,8,10,9,17
14,19,10,17,8
15,4,11,11,10
16,12,7,19,18
17,8,0,14,17
18,12,11,15,19
19,8,4,17,3
20,4,18,7,8
21,14,0,3,0
22,0,9,18,10
23,10,12,10,3
24,2,12,1,0
25,12,6,9,16
26,9,12,3,14
27,11,19,1,3
28,5,16,10,19
29,13,19,17,2
