0
Grid:
20,20
....@.@.....@....@..
..@.........@.......
................@...
....@...@.@@.......@
........@.....@....@
....@...............
..@.........@.......
.............@...@..
....@@........@@....
.@@.......@...@...@.
@............@@...@.
@@....@.............
@....@@.............
@.....@.............
....@.....@..@@...@@
.......@...@.......@
................@@..
................@...
.....@.@...@....@...
..........@.......@@
Agents:
25
0,11,12,4,11
1,10,5,12,15
2,9,4,2,3
3,14,15,7,1
4,6,17,12,2
5,1,9,8,13
6,4,17,10,2
7,14,17,5,16
8,1,15,9,6
9,18,0,17,14
10,14,12,6,9
11,19,16,1,13
12,6,11,16,5
13,9,6,18,14
14,15,10,14,8
15,10,10,3,17
16,11,10,4,5
17,12,12,3,16
18,12,17,13,11
19,0,16,7,5
20,17,12,11,17
21,2,5,11,9
22,18,10,11,5
23,10,17,5,2
24,9,15,12,14
