2
Grid:
20,20
...........@...@....
...@@...........@...
.........@..........
....@.............@.
@.......@@.@........
....@...............
....................
.@.....@..@.........
@...@...........@...
....@..@............
....@.@.@..@@.......
.@.....@............
...@..@.@......@....
.......@.@..........
....@....@.@...@@...
..@.....@.@.........
..@.@.......@@......
.@..@............@@.
..@@...@...@......@.
...@@@.@.@..........
Agents:
20
0,6,2,1,0
1,5,1,11,5
2,9,6,8,12
3,5,8,11,17
4,14,7,0,7
5,14,1,14,12
6,4,16,16,10
7,11,6,15,5
8,13,18,5,10
9,19,13,7,14
10,8,12,10,9
11,17,7,14,2
12,5,7,10,10
13,1,9,9,10
14,2,19,17,10
15,18,6,16,14
16,14,0,11,16
17,16,9,8,15
18,19,1,13,16
19,4,17,16,19
