9
Grid:
20,20
.......@..@...@....@
............@.....@.
..............@.....
.............@......
..@...@....@..@...@@
....@.....@.....@...
....................
..@...............@.
.......@...@........
.......@..@..@.@....
...@.........@......
....................
.....@.....@........
.@...@.....@.....@..
.@..................
...@.@..............
....................
.........@..........
....@..@..@.........
....................
Agents:
15
0,1,16,9,18
1,8,18,16,1
2,9,2,8,4
3,10,2,10,4
4,1,1,2,6
5,0,13,1,16
6,12,4,4,3
7,6,15,6,18
8,2,13,15,7
9,18,11,9,4
10,2,5,1,17
11,5,18,0,3
12,11,6,10,10
13,8,13,18,8
14,5,3,6,17
