1
Grid:
60,60
.@................................@..@..@....@........@...@.
........@.......@........@.................@.....@.......@..
...............................@..........................@.
.@...........................................@.@.....@.....@
..@........@.....@..........@.@.......@@@...................
...............@.............@.@.....@............@...@.....
..@..@...@........@....................@........@@..........
........@.............@@...........@....................@...
...............@.......@....................@...............
................@.......@.....@.............................
......@.............@...............................@.......
......@..............@.@..@...@.............................
......@..@..@........@..@..@......................@...@...@.
.....@...@..........@......@...@............@...@...........
..@...........................@@....................@.......
....@.........@.@...............................@..........@
.........@................@@..@......................@....@.
............@............@.....@....@....@@..@@...........@.
.@.....@..@....................@..................@.@@.@....
...@.............@....@............@...@............@......@
....@..............................@.......................@
........@@....@..............@@.....@.@...............@.....
.@.....@..@.......@...........@........@@@...@.....@........
..@@...............@.@.@.......@..@...@.......@...@....@....
.........@...@....................@.@....@............@@....
....................................@......@.@..............
...@...........@...........@..@...@....@...@.....@...@.@..@.
....@......@......@...@.@.............................@@@...
..............@.............................................
@...............@..@..............................@......@@.
...@........@..............@@..@....@...........@@..@.@.....
.....................@.................@............@....@.@
....@...@.........@...@...@......@.....@..@.........@.@.....
......@..........@..@.@.@..@................................
.@................@@................@....@........@.........
...................@.............................@@......@..
........................@..................@................
.....@..@..@..@.......@..@......@...@@.@..........@........@
..................@..@..........@.@..............@....@.....
.@.........@..@..@........................@....@....@.....@.
.@.......@.......@....@..................................@..
..........@...............@..@...@.......@....@..@....@..@..
..............@.............@...............................
..@.............@...@.................@@......@.............
.............@....................@@@.......................
....@@....@@.............@............@.....................
.....@....@.......@......@..@..................@...........@
.............................@..@@...................@....@.
........@....................@........................@.....
.........@.@......@..........@.....................@........
...........@..................@....@..@..............@..@...
...................@...........................@..........@.
..@......@...........@.........@..........@.@.......@@..@...
.....@.@.............@.......@............@.........@.....@.
@...................@.................@.....@...........@...
...@@.....................@..........@.@...@..@........@@@..
..............@...@...............................@........@
.................@...................@..................@...
........@.....................@.......@.....................
@...@...............@..........................@.....@.....@
Agents:
55
0,39,15,30,9
1,21,13,42,3
2,19,23,16,15
3,32,45,35,52
4,40,43,42,44
5,5,14,33,16
6,40,42,3,25
7,28,11,36,42
8,22,42,35,44
9,0,8,5,19
10,29,3,51,2
11,37,2,3,29
12,42,23,13,45
13,44,22,13,47
14,59,41,40,54
15,45,12,42,36
16,18,43,6,26
17,42,5,24,57
18,34,44,31,46
19,50,16,12,47
20,3,29,15,31
21,39,40,50,41
22,4,5,10,27
23,1,2,44,26
24,45,32,44,10
25,13,29,18,30
26,35,16,45,16
27,1,17,5,59
28,44,23,3,13
29,28,20,40,49
30,14,56,23,14
31,59,23,55,36
32,37,38,28,59
33,5,59,1,38
34,23,57,57,52
35,58,37,33,18
36,21,41,53,38
37,37,26,7,3
38,27,16,12,43
39,45,48,40,42
40,57,24,8,33
41,29,17,22,34
42,3,40,51,6
43,15,45,1,22
44,45,15,46,6
45,11,43,47,9
46,51,4,5,53
47,3,22,46,55
48,55,35,58,29
49,36,42,42,56
50,24,46,43,29
51,17,3,50,45
52,48,19,18,25
53,56,12,24,6
54,34,26,58,15
