1
Grid:
60,60
@.........................................................@.
..................@.......................@@................
..............................................@.............
.............................@................@......@......
................................@...........................
....@.@.@......@...........@@.....................@.........
...@.....@..............................@...................
..........@@..................................@............@
@........................@...............@.................@
...@..................@............@........................
.........................@........@.........................
..............@..........@.....@.............@..............
.....................................@.................@....
.....@.....................................................@
..............@................@.................@.....@..@.
....................@.........@......@........@............@
...................@...........@.............@..............
.................................................@..........
......................@.....................................
............................................................
...............@...........@............@...................
.........@..................................................
.....................................@..@...................
.............@...................@..........................
........................................@...@...@......@....
..................@.........................................
.........@........................................@..@......
..........................................@.................
.........@@..@...........................@..................
.....@............................................@....@....
@...............@.........@............@.......@............
.............................................@..@........@..
.........................................@@.........@.......
........@..................@................................
.......................@.......................@.@........@@
...........@....@.................@...........@..........@..
............................@.......@.......................
...@......@..................................@.........@....
..........@..........@.................@....................
....@..@..................................@.................
...........@............@...................................
..........@......................@@.@..........@............
....................................@.......@............@..
....@....@......@................@.....@....................
............................@.....................@........@
......@...@.....@..@.....................@..................
.................@..........@.....@.........................
....@.....@........................................@........
.........................@....@..................@.@........
......@..@..................................................
............................................................
.........................................@..................
............@...............................................
......@....@...........@............@.......................
.......................................................@..@.
.........................@........................@.@....@@.
...............@...@........................@.............@.
.........@........@........................................@
......@.......................................@....@........
.......@@.......................@.@..............@...@.....@
Agents:
30
0,24,24,15,27
1,34,9,1,11
2,52,31,9,31
3,10,38,2,57
4,48,21,44,54
5,27,47,18,33
6,39,58,49,28
7,32,30,2,41
8,49,54,48,34
9,44,39,47,22
10,35,49,9,51
11,20,30,54,5
12,12,6,25,4
13,51,42,31,51
14,4,37,59,19
15,25,33,27,40
16,31,46,43,18
17,58,1,47,19
18,41,4,20,19
19,21,40,29,36
20,51,24,28,7
21,58,41,22,44
22,32,3,19,35
23,9,19,23,26
24,47,14,40,7
25,6,51,54,34
26,49,45,17,18
27,34,29,30,32
28,11,40,21,55
29,26,42,58,19
