2
Grid:
60,60
...@...............@@...........@...@....@.............@@...
........@.@....@..@@...........@.........@..@@...........@..
.@........@.@.................@..@........@......@.......@..
...@@......@........@........@....@...............@@.@.@@...
...@...................@.@...@..@..@....@............@....@@
........@......@......@.............@@..........@@@.........
.@.....@@...@.......@.@................@.......@.......@....
...@............@............@......@..@..@...........@...@.
......@......@......@........@.@...@.@......@.......@@..@.@.
..@.@..@.........@.....................@.....@..............
....@.........@.@...........@........@........@...@.......@.
@...@.@.@........................................@.@.@@@...@
.@.........@...................@@...........................
......@@......................@@..........@.................
@..@.@.....@...............@@.............@@@............@..
@.@...........@@.@........@...@...@..@......................
................@.........................@....@.........@@.
.@.....@...@.......@@..@@@.@.@...@...@@@.@...@..............
@.......@..@...@....@.....@.................................
.......@..............@@...@...@.@...@..@@.@................
.....@.@@.....@.....@.........@..@....................@.....
...@@@.@....................@........@...@.......@..........
.........@.......@............@.......................@.@.@.
.@@.....@..@......@..........@.@.@............@.@.....@.@.@.
@....@@.@....@....@..@...@.......@.........@@..@@.@....@..@.
......................@@..@@.............@.................@
......@.@.@.............@..@....@..@.................@......
...@@..@....@.@.@.....@@.................@...........@......
.@...@.@..@@.@...........@.......@...........@@........@....
...........@........@......@.....@................@.........
.@......@.@..@......@.@.@@@...........@...@.....@..@........
.@..@.@.....@....@@..@..@@.@....@..@.......@..@....@........
....@..@...............................@...........@...@....
.@......@@@.....@.......@....@@.@....@..@...@...............
.........@..................@...@......@....@.......@......@
@.................@..........@@.@...........................
.......@.....@@...@........@...............@................
........@@.................@.@...........@@@....@.@.@@..@...
......@......@..@.....@.@.....@.....@..@@@@@..........@.....
@@........@.........@.....@.....@@@.@...@....@@.............
@.........@.......@........................@................
......@...@.........@.@.@.........@........@....@..@@..@....
.@..@@........@.@...@.....@...................@.@....@......
...@.....@...@..........@....@..@......@.......@............
.@..@....................................................@..
@.............@@..@.........@.@.....@...@@@.........@.......
..........................@.@..@....@@...@.@@...............
.@......@..@...@@.@.............@....@...@.....@............
.@............@.@.............@..@....@........@....@...@@@.
.............@...@..........@.....@..@@....@................
...@.....................@@.....@@.@...@....@.....@.....@..@
..@...........@.@@......@@....@...@..@..............@...@...
....@...@.....@@........@@@@..@...@.....@...................
.........@.......@....@..@.........@..@........@.@........@.
.............@@@.....@.....@.............@............@.....
.....@@.@...@...............@@..@.............@.....@.....@.
....@....@...........@.....@...@....@.@.@.......@...........
.@....@....@@........@............@@.@......@......@.@...@..
................@@......@........@......@...........@..@.@..
........................@@.@.............@...........@......
Agents:
40
0,48,50,51,57
1,14,16,57,26
2,41,41,10,19
3,49,23,4,39
4,22,0,58,42
5,5,21,21,2
6,42,47,17,28
7,15,19,22,4
8,5,45,25,39
9,22,33,36,15
10,53,4,26,12
11,21,26,1,56
12,11,37,31,19
13,49,24,21,32
14,10,1,43,18
15,2,50,24,37
16,25,29,44,28
17,35,40,47,46
18,37,57,15,58
19,18,5,11,38
20,56,49,28,57
21,56,3,45,1
22,28,41,39,37
23,23,9,58,20
24,6,15,48,21
25,30,11,21,35
26,33,58,57,15
27,50,4,36,45
28,40,23,47,35
29,3,45,13,5
30,43,25,56,29
31,40,33,16,7
32,55,56,13,24
33,37,40,35,55
34,7,5,40,41
35,41,59,44,26
36,12,5,26,3
37,4,37,44,30
38,50,21,5,55
39,27,15,7,53
