0
Grid:
70,70
@......@........@......@..@.@..@........@........@..@..@.@@@.....@....
@....@.@.....@......@..................@...@.@...@..@@.....@@.......@@
@......................@.....@.........................@..@..........@
...@.@.......@@..@...@......@.......@..@....@..@@.@@.@.......@........
....@.....@......@.........@......@....@@.............................
.@.@.@...@.@....@........@.......@.@...@....@@.........@.....@........
.@.@..@........@..@...........@.......@......@.@..................@...
...........................@................@...........@...@...@.....
........@....@.........@...............@.............@................
.@......@........@..@@.@.....@...............@.........@....@@.@......
@..@@@.@.............@@........@..@........@@.............@........@..
@............@.@.@...............@@...........@@....@.@@.@............
.@............@.@......@.......@..@@@...@.................@......@....
.@.........@..@..@..@......@...@.........@..@..@......@......@...@..@.
.............@.@.....@.......@........@.@.............@@.........@..@.
....................@@..@..@............@..............@.....@........
.@.....@.....@.....@@.............@....@...@......@..@...........@...@
...@.................@..@..@.....@.....@..............................
.......@.....@...@@.......@@...@....@......@.....@.................@@.
...@......@.......@.......@.............@.........@....@.....@......@.
........@........@................@..........@@........@.........@.@..
@.@..@.......@@.@...@......@.................@.....@.@.@@.........@..@
.....@........@.......@....@.@...........@@....@@@@@..........@.....@.
....@....................@.....@...............@..@.....@........@....
...@@@.@@@....@..........@....@..@..@@........@...@.........@...@.....
...........@.....@..............@..@.....................@...@.....@..
......@...@..@.....@.....@...............@@..@....@...................
.........@@..........@.......@.......@....@...@...@....@......@......@
.@...........@......@...........@.........@.@@.@....@.........@...@.@.
.@........@......@...............@...........@...@..@........@...@...@
....@......@.....@......@..............@...@...@......@......@........
............@..............@..........@...@@.........@@...@.....@.....
....@.............@..........................@.......@.....@......@...
...@................@......@........@.@......@.........@..............
........@@@@..............................@.@............@..@.....@...
..@....@............@.........@..@..@..@.....@..@...@.......@.........
.......@........@....@.....@..........@....@..............@.@..@@@...@
....@.....@..@.@.........@......@.........@.......@..@....@.....@.....
.............@.@.@@..@...@@...........@..................@.......@..@.
..@....@.........@............@...@.@..............................@..
.........@...@........@....@...@@@...@........@....@..................
@.@@.@.@.................@.......@....@...@.................@....@....
....@@.......@.....@.......@.....@.........@...@..@@..@.....@.........
..@....@.......@...@.....@...@....@..@..@......@..@...........@....@..
.......@................@..........@...........@.....@...@...@@..@....
.....@.......@.@.........@....@.......................@............@..
....@........@...............@@................@..@...@@......@@......
....@........@.@.....@....@........@..@.............@.@......@......@.
@...................@............@..@...@.@.@.................@.......
.@.@................@@@.....@..........@.......@.@....@......@..@.....
........@............@.....@.........@@.@.@..........@.@@..@...@@.....
..@.@............@....................@....@..@.....@.............@...
...........@..........@.@.......@.@....................@.@.......@...@
..@...............................@.....@@..@.....@....@@...@.......@@
...@@..@..@..........@@...........@@@..@.....@....@......@....@.....@@
..@.......@..@@.........@@.@....@.@@......@.@.........@.@@............
..............@.....@........@...@......................@....@.......@
.@@....@...@...........@..........@...........@...........@......@.@@.
..@@....@...........@....@.@.@....................................@...
@............@...@......@.@....@@.....@.............@....@............
.@....@.....@........@.@.....@..@...............@....@...@..@...@.....
....@..@....@............@......@....@......@.@@@.........@...........
.@......@................@...@@..@..@....................@....@.......
........@...@.......@@............@..........@...@.....@...........@..
...@............@...@@..@..@@......@..............@....@...@.........@
@.@.@........................@@.........@.......@............@...@@...
.@@..@...@............@...@...................................@..@@...
................@...@.........@.....@.@.....@............@..@.........
....@..@...@...@......@@..@.@.......@.@@.@......@.@@....@.......@...@@
@..@..@...............@..........@...@..@........@.......@..@@....@..@
Agents:
65
0,48,15,1,1
1,65,27,37,21
2,32,36,38,22
3,61,38,66,58
4,37,16,8,68
5,40,47,13,45
6,15,62,64,44
7,9,40,34,19
8,36,47,1,25
9,19,64,38,63
10,23,1,10,56
11,27,3,53,31
12,12,29,29,5
13,9,2,53,23
14,44,48,59,9
15,0,35,64,67
16,1,37,15,50
17,22,13,16,6
18,49,30,15,23
19,39,38,40,34
20,29,2,27,26
21,62,0,9,66
22,69,31,58,22
23,4,33,69,51
24,8,52,63,36
25,51,53,55,60
26,17,60,5,27
27,3,31,68,5
28,8,58,28,15
29,25,7,15,33
30,6,37,39,41
31,3,37,3,31
32,61,43,36,35
33,38,48,48,14
34,67,22,42,35
35,68,59,24,22
36,24,29,30,50
37,44,20,13,29
38,8,27,41,21
39,25,46,19,58
40,63,62,10,30
41,66,16,36,24
42,18,10,22,61
43,33,61,9,65
44,5,60,47,25
45,4,32,6,8
46,31,61,20,38
47,69,24,32,51
48,8,25,21,11
49,62,26,5,52
50,35,56,40,44
51,53,62,42,42
52,29,57,24,57
53,16,52,58,15
54,54,44,63,59
55,52,30,55,9
56,44,10,53,47
57,41,45,46,16
58,24,27,36,37
59,14,6,18,4
60,17,7,58,13
61,68,52,1,4
62,21,54,33,53
63,19,48,46,32
64,58,68,31,0
