2
Grid:
70,70
...@......@..@.......@......@........@.....@........@....@............
........@@.@.......@..@.............@.................@.@.............
............@...........................@........@........@.......@...
.....................@.....................@@......................@..
.....@..............@...........@............@........................
.......@..@...@...@..........@...........@....@.@.........@@......@...
....@....@........@......@...@........................................
.......@.@.......@.......@.................@@.....@..@...........@.@..
.......@...................@....@.....@.......@.....@.......@.........
..........................@...............@.@.........@@.......@......
........................@.........@................@..@.....@.........
...@........@...@.@............@.@.....@.......@.....@@.......@.......
....@..@..@......@........@..@@......@..........@........@..........@.
..........................@@.@........@..........@............@.......
.......@....@......@.@........@...........@..............@..@.........
.@.............@.@....@...........@..............@.......@..........@.
...............@................@.......@.......@.....@...@...........
..........@@.............................................@.......@....
......@.@...........................@.......@......@.............@....
......................@..........................@.@@@................
....@.@.......@..............................@.....@..@@.@..@...@.....
......@.@.....................@.......................................
..............................................@.......................
..@..................................@@.............@................@
........@@..@....................................@...@.@.........@....
........@.....@..................................................@....
..............@@.................@@....@.@................@@..........
..............@..@.........@.......@........@.........................
......................@..@...@@..........@.......@@...@...............
...@.@...........@@.....................@..........................@..
.....................@.........@.@....................@....@..........
.....@.@................................................@............@
....@@.............@...........@.....................@....@.......@.@.
....@.....................................@......@..@.....@........@.@
@..........................@......@.......@......@..........@.........
............@...............@.............................@..@...@....
....@.....................@.@...@..@......@..@.....@....@...@.........
......@..@.@.@.......@.@........@....@@.....@.....@.........@......@..
.@................@................@.....@.........@...@..............
@..@....@........@..............@........@......@@.....@...@..........
...................@............@...@..@...............@...@...@.....@
@@.............@...@....@.@..........@.......@@.......@......@........
.....@.......@.........@...............................@...@@.....@.@.
...................@.@...........@..@......@......@..........@.....@..
..............@...............@....@.............@.@.@..........@@.@..
...............@...@..............@....................@..@........@..
.@...@........................@.....@..........@......@...........@...
...@....@.......@....@........@...@....@.....@...@.......@............
..........................................................@...........
.@...@....@....@.@.....@.@...............................@.......@....
................@.........@.................@.......@..@..............
.......@.....@.....................@................@...............@@
...@.@......@.......@.......@....@...........@..........@.............
......@................@......@...............@@..@@..@......@.@......
..@@........@.@...@.........@..............@..........................
........@.........................@.....@......@....................@.
.@.................@.......@.............@...@@.........@.....@....@..
.....@...@.............................@.....@.....@.@................
...................@........@.....@..................@........@...@.@.
..@.......@........@..@.......@...........................@...........
...@.......@..........@..@............................................
.............@@...@......................@.....................@....@@
..................@...@....@....................@....@.........@@@....
.....@...@.@.@........@...@.@@...@...................@..@....@........
..................@.....@...@..@.......@................@.............
@..@..........................@..@....@...............................
..............@......@.@@.......@.......@...@.@..............@..@....@
...................@.............@..........@......@..................
@.@...@@...@.@...@......@.....@..@..............@..........@........@.
................@...................@@@..@............................
Agents:
60
0,23,53,41,4
1,60,64,16,16
2,59,42,5,34
3,22,15,47,61
4,1,23,11,66
5,52,67,59,63
6,24,13,22,1
7,4,39,23,62
8,65,37,3,42
9,29,21,68,20
10,64,60,63,47
11,53,44,11,45
12,18,26,3,39
13,68,53,54,13
14,44,22,38,31
15,54,51,62,7
16,6,69,20,44
17,13,58,34,6
18,57,11,7,16
19,30,39,64,60
20,27,2,37,3
21,63,41,20,68
22,28,26,35,42
23,32,1,1,48
24,58,0,19,0
25,17,28,32,46
26,59,47,15,43
27,66,45,9,69
28,25,57,11,55
29,17,29,65,21
30,12,43,39,68
31,31,39,57,59
32,25,43,43,65
33,31,29,27,55
34,8,6,65,68
35,2,35,27,23
36,17,16,28,23
37,32,27,11,36
38,24,18,68,8
39,59,53,32,1
40,62,51,4,50
41,17,55,60,4
42,32,29,56,12
43,3,38,5,39
44,32,69,32,69
45,64,0,21,52
46,26,53,27,12
47,40,24,66,56
48,16,55,25,16
49,64,3,53,21
50,62,52,39,65
51,68,52,49,34
52,28,45,28,68
53,29,49,56,54
54,12,67,10,46
55,33,68,25,48
56,39,29,7,5
57,51,50,68,41
58,21,39,28,2
59,11,2,33,62
