1
Grid:
60,60
..@...@@@@@...@@......@@@...@.@.@...@@@........@@...........
..@.....@@..@.@.@@..@..........@..@@..@.@.....@...@...@..@.@
..@@..@@..@....@..@.@.....@..@.....@................@...@...
@....@.@@@...@...@.........@..@...@...@@....@.........@..@..
...............@.................@..@.@........@....@...@.@.
........@...........@....@@...............@@....@.@....@@...
..@.@.....@.@..@...@.......@.....@@.....@@..@..@.@@.@.......
.@....@@@@.@....@...@...@@....@...@........@@...@.@.....@.@.
@.@..@@.@@..@.@......@..@.@@.@.....@....@.@......@@....@....
...@...............@....@..@........@.....@...@....@..@.@...
@@..@.@.......@...........@.@...@@...@..@@....@.....@.......
.@............@.@@.....@................@...@......@..@.@@..
........@.....@@....@.@..@..@........@.@@...........@@......
.@@..........@...........@@......@.....@.........@@.......@.
..@@.....@...@..@.....@..@@.........@.....@...@........@....
@...........@..@@@.....@@..@......@.@....@@@..@....@@.......
.@..@@...@@.....@.@...@.....................................
@..@..@..@.@@..@.@.......@..........@....@@..@@..@@......@..
...@@.@...........@.....@@.@...................@.........@@.
..@...@@..@...@@@@....@@....@.@..............@...@.@@..@..@.
.........@.@.@@...@..@@@.........@....@.....@.@.@@..........
@.@..@@..@@@..@......@@..........@@@.@..........@...@....@..
@...........@........@...@.....@....@.@.@...@.@.@........@..
....@........@.@@@@.......@..@...@.....@....@....@.@....@...
..@@..........@.@.........@@.......@...@.@..@@..@...........
..@@....@.@.@@@@.....@.......@.@..@.@..@.@........@..@.@..@.
..@@..............@.@..@@.@.....@..@.@.@...@..@@......@.@.@.
.@..@@@@........@...@.@@....@@...@@@.....@..@@.@@....@@.....
@@....@@.....@@@.............@.@...@.@.......@...@..@....@@.
.@....@......@.@.@.@...@..@@.........@@.....@@.@....@.@@....
........@....@..@.@.@..@..@@@...@......@.@.@@@@..@.@........
.@....@...@.@...@.@............@..@..........@..............
.........@.@...........@...@...@@.@@.@....@.@.......@.......
.....@...@....@..@....@.......@......@.@.@@@.....@...@.@.@.@
@.@.@......@...@..@@.@..@.@..@@..........@.......@..@.....@.
.....@@@..@....@...@....@...@@........@..@......@.@..@...@..
...@@.........@.......@..@........@...@.......@..@......@...
.@..@@.....@.@....@@...@@..@...@....@@@............@@...@...
.@..@....@..........@..@.....@.@..@.@.@..@..@..@@....@@...@.
..............@.@..@@@.@@.............@......@..@......@.@..
@...@........@@.@....@..@........@...@.@..@......@......@..@
...@.@...@...@@...@........@@.@..@@.....@@.......@@..@.@...@
@@....@@....@@...@@.@.....@..@@....@.@.@.....@@.........@...
..@@....@.@.....@....@..........@..@@......@....@..@@....@..
@....@.@.....@@.@....@...@...@.@..@..@.@.....@...@..@.......
.@@@..@....@@......@.......@..@.@......@@.@...@...@.@.@@.@..
...@.@......@....@@@.@......@.@.@@@....@..@..@......@.@.....
...@....@........@.@....@..@....@....@@@...@.........@..@@@@
....@......@@.@.@@..@................@..@...@...@.@....@...@
.@..@......@..@....@........@....@.@.........@.......@..@@.@
..@.@@.@..@.@@.@......@.......@@.@@..@.@.@...@..@.......@...
..@..........@....@@..............@@@..@@@.@.....@..@...@..@
@.@...@...@..@.@@.......@@@....@..@..@@..@@@@.@..@.......@..
@.@.....@..@....@.@.........@@.@.....@@..@..........@@@.@.@.
..@....@................@..@.@......@...@@.......@@......@..
..@.@...@.@..@..@.@.......@..@.@@@...@......@@....@..@..@..@
@@..@@...@@@@....@...@.@......@..@........@@...........@....
.@...@......@.@....@@.@@....@@..@..@@@.@.@....@......@.@.@..
..@.@.@.@@..@..@.....@.@.@.@....@@.......@.......@...@......
@@........@..@.......@...@..........@..@@.......@....@@.....
Agents:
80
0,23,41,37,2
1,13,30,11,50
2,8,28,28,10
3,52,20,9,15
4,52,39,8,45
5,0,41,6,36
6,19,34,23,1
7,2,47,27,30
8,32,59,45,49
9,39,43,28,25
10,47,46,26,7
11,20,10,20,10
12,1,18,40,7
13,24,40,19,19
14,16,25,50,20
15,47,13,13,47
16,4,53,36,48
17,58,29,31,52
18,28,39,23,58
19,3,29,32,15
20,42,23,20,45
21,2,1,11,39
22,59,42,36,45
23,38,42,42,31
24,16,39,19,36
25,53,40,24,0
26,32,56,50,3
27,27,38,54,30
28,1,10,4,4
29,14,49,30,57
30,3,18,30,12
31,43,49,22,58
32,21,23,8,13
33,22,24,24,6
34,6,45,48,52
35,32,58,58,13
36,54,16,34,43
37,50,46,9,43
38,11,26,36,1
39,37,26,24,32
40,37,0,9,10
41,33,3,15,8
42,22,51,58,22
43,14,12,11,43
44,22,9,53,42
45,21,53,54,9
46,41,24,14,23
47,13,29,51,29
48,34,46,5,34
49,24,29,30,19
50,27,39,31,8
51,6,17,37,25
52,12,35,24,52
53,15,20,28,59
54,49,54,0,51
55,30,30,36,30
56,9,53,16,33
57,47,9,25,20
58,36,44,39,47
59,12,7,22,17
60,52,50,44,2
61,35,4,8,48
62,18,37,57,47
63,32,45,12,31
64,45,18,57,10
65,15,5,58,55
66,56,3,39,25
67,30,0,3,32
68,3,46,51,4
69,53,42,47,49
70,19,40,3,47
71,58,14,46,36
72,53,59,30,42
73,7,14,39,3
74,3,58,59,11
75,56,19,4,7
76,4,5,50,47
77,43,24,3,40
78,53,30,25,23
79,48,33,26,41
