1
Grid:
60,60
........@........@..............................@.....@.....
..........@.....@.@.@.............@.............@...........
.....@...........@.......@....@.....@.......................
@.@..@.@...@.@.....@...@.............@...................@..
.@.....@....@..@..........@.............@.......@....@......
...........@..@.@........@..@.............................@.
@.........@...............@.........@....@......@...........
.......@...................@.....@.........@........@.......
.@...........@...............@..............................
.@@@.......@....@@@.......@.............@.............@..@@.
...........@..........................@....@.@..@....@..@...
.......@....@@@....@..............@...@.......@.............
...@............@......@...@.....@.@.....@.......@..........
.....@....@...............................@...@.............
......@..................@...@......@.....@...@.....@.......
..@.......................@.....@..............@..@.@....@.@
.........................................@..................
@...........................@........@......@...........@...
@......@...@......@...@@..............@...................@.
........@.....@....@..@..@..........@.....@........@..@....@
.................................@@...........@.@...........
..@................@..@....@...................@............
.@................@..............................@..........
..@..@.......@..........@..@@...............................
......@....@..........@..@...........@...............@..@...
..@.............@..@.........@.....@.....@@..........@......
..............@...@@..........@..@.........@................
.........@......@..........................@...........@....
@....@...@...@............@@...@.....@......................
...................................@.@@@.@...@.........@....
@...................@....@.@.............@..@.............@.
.@.@....@..................@.@..@........@.................@
..@.................@......@.......................@....@.@@
.........@..@..............................@....@......@....
.....................@......................................
............@..@....@.....@.@..@..@..........@..............
@..@.@......@........................@......................
@.@.......@......................@@.........................
@........@.....@..............@....................@@.......
..............@@........@...................................
.............@..............@.........@.........@...@.....@.
......@.....@..........@@...@...@.....@......@............@.
...........@@........@......................................
.......................................@....................
.@..................................@............@@.........
..........@.........@...@..................@....@.....@.@...
.....................................@.............@........
@@.............................@.......@...@................
...@..............................@.....@........@..........
.........@.@..@...............@..@...@...............@......
...@.........@..........@@.......@.........@................
.@..@...........@......@@....@.......@.@@...................
.................@....@..................@@.................
..........@@@@.....................@.@.........@.....@.@....
...@.@..@.........@...@..........@@..........@..............
...@...........@..@...............@@@.......@.....@.........
.@.........@............@....@.............@................
...@.@..@.............@....@..@.....@...............@.......
......@.......@...................@...................@.....
...................@.....@.@....@......@.@....@.............
Agents:
35
0,10,26,49,16
1,28,25,6,32
2,44,26,54,58
3,1,46,10,27
4,38,45,39,30
5,37,19,4,44
6,47,37,40,7
7,14,40,35,37
8,22,32,38,48
9,58,39,25,57
10,43,32,28,7
11,36,24,44,42
12,37,54,17,33
13,43,6,19,16
14,44,54,18,21
15,58,26,44,23
16,42,23,44,13
17,56,57,48,21
18,35,16,38,40
19,19,45,26,48
20,14,3,11,25
21,53,38,37,59
22,4,22,6,22
23,10,12,5,31
24,20,57,3,25
25,57,31,15,51
26,42,56,31,5
27,49,19,29,51
28,49,7,36,9
29,3,47,41,15
30,18,12,36,39
31,1,42,30,47
32,20,21,2,54
33,54,51,16,16
34,44,24,22,40
