0
Grid:
70,70
...................@@..@.@.@....................@...@..@@............@
......@.@.@...............@...@.......@.@..@.........................@
@......@.....@.....@......@.........@.....@@.@@...............@.......
@..@....@.@.@.@.....@..@@.@..@.............@.........@.@....@@........
.....@.@...@...@.@..@..........@@..@...................@........@..@..
@@@......@......@.@@.@.................@.....@.......@...@@....@......
..@......@......@......@@..@...@.....@...............@................
@....@.......@..........................@.............@...@@.@...@....
....@@...@............@....@....@.........@...@...@..@.@...@...@....@.
...@.........@....................@...................@..........@..@.
...................@@.@...........................@@@.@...........@..@
..................@.@...@..................................@...@......
..........@.@.@.@..@..................@..........@......@.......@.....
...........@...................@....@.............@.@...@..@...@......
.........@.....@@.........@...@.............@.....@.......@...........
..@@.......@...@.............@@@....@......@..............@........@@.
...............@.....@@@......@...@.........@........@......@.@.......
..............@...@.........@.@.....@.....@.........@.@..............@
...@..........@..........@...........@...........@....@.....@....@....
....@@@..........@........@................@@........@@@......@.......
....@........@.@@.....@..@..............@...........@.@.@.....@....@..
.....@.............@........@.@.........@...@.........@.....@....@...@
@............@@............@......@...@@.........@.@@...@..@@.........
.....@...@..................@...@.....@@@...@.........@..@.....@@.....
.@..........................@.......@@@..........@....@.@......@@....@
..@.....@.@@...@@..........@.....@..@........@..@......@@....@......@.
.@............@@@......@.@.......@...@..@......@............@..@...@..
...................@.@.............@.................@..............@@
.....@................@........@.....@.......@.@@.@.....@.@@...@...@..
...............@......@....@.@.........@...@.......@......@..@...@....
.@..@......@@@................@..............@.....@.........@...@...@
.....@.......@.....@....@...@..........@@......@......................
.....@......@@@.....@........@..@.........@......@..@.....@@.....@....
..@@....@............@.......@...........@.@....................@.....
@..........@......@............@....@.....................@....@.@....
.......@......@.....@...@..@..@.@@...@.......@....@........@..........
....@.....@......@....@.....@.@.....@......@...@.........@@...........
@...@...........@...@............@............@......@@.@........@..@.
..@...@..@...@......@............@@.....@@@..@..@..................@..
.......@....@.@.......@@............@.......@..@.@.................@@.
....@@....@............@............@...........................@....@
....@...@@............@...@........@..@....@...@..@@@..@..@...@@@.....
.....@...........@............@@@.@...........@....@......@@.........@
...............@.@.....@.........@.@.@@.@...............@..@........@.
......@...@.................@....@.........@........@...@........@...@
...................@.......@.@......@..@............@....@......@.....
..........@....@@......@.@...@...........@..@.................@@@..@..
.....@.......@..@@......@.@..@..@..........@..@.....@.......@.........
...@...........@..@............................@....@.......@.@.@...@.
....@..............@@.@...@...@...@................@@.@......@@.......
@........@..@..............@...........@..@....@.@..........@....@.@..
........@.@......@@...............@.....@.@.@.@.................@.....
.........@....@...@..@.@................@........@...@......@@.....@..
..@......@@.....@.............@@......@....@............@......@@.....
...@..........@....................@.....@.......@...@............@...
............@@.....@.......@.....@..@..............@....@..........@..
.@....@..@................@@@@............@@.@...@..........@.........
.............@@..................@@................@...............@.@
..@....@.@............@..@.........@..@.@@@.............@@....@.......
.@@.@..@......@.@......@...........@..@........@.....@@.....@.....@...
...@.@.@......@..................@..................@@.@...@@.@.....@.
............@...@...@.....@.@...@.........@@.@...@...............@...@
@..@..@................@......@...................@..@....@...........
......@..................@.........@.@...@@.........@.@......@...@@.@.
...........@.....@.....@@.............@....@......@..@.@....@.........
......@...@.@...@.......................@....@..........@.........@.@.
..................@...@.@..@.................@.......@...@........@...
...@..........@...@...@.........@@@.........@...............@..@......
..@..............@................@....@.@..................@.@..@.@..
....@...........@...@..@.............@.......@@....@.@........@.@@....
Agents:
60
0,9,48,28,1
1,36,53,55,47
2,28,9,64,44
3,63,4,28,25
4,28,23,62,18
5,48,65,58,11
6,17,11,38,28
7,69,52,40,29
8,26,68,25,69
9,27,40,0,38
10,8,24,52,38
11,12,6,20,48
12,1,16,51,7
13,31,49,5,54
14,22,58,53,65
15,21,49,22,23
16,54,34,56,61
17,6,26,19,64
18,11,45,51,66
19,1,63,10,15
20,20,23,1,47
21,27,48,26,11
22,20,66,23,1
23,44,4,35,8
24,66,56,31,58
25,3,51,29,6
26,13,49,52,34
27,1,20,36,41
28,28,68,55,7
29,27,28,34,27
30,23,20,67,24
31,34,52,57,29
32,12,37,19,59
33,5,7,26,32
34,65,7,5,8
35,21,43,13,30
36,45,24,29,48
37,29,25,22,33
38,5,49,8,12
39,44,67,48,28
40,31,63,23,55
41,63,27,23,60
42,17,2,67,26
43,66,69,17,38
44,49,21,0,45
45,57,0,10,27
46,32,61,28,13
47,61,29,34,61
48,51,65,59,5
49,55,6,65,61
50,27,27,41,53
51,45,3,4,66
52,39,18,49,68
53,54,0,18,4
54,30,29,27,37
55,27,6,39,35
56,27,20,41,14
57,19,2,38,53
58,58,12,24,24
59,11,22,55,55
