2
Grid:
60,60
.@............@..........@..........@..........@......@.....
..@.................@.........@.@...........................
.........@.....@...............@..............@...@....@....
...@............@...@..@@.......................@...........
@......@......@....@......@................@@.@..@.........@
.@..............@.@......@....@...@..@......@...............
.@.@.......@......@........................@.......@......@.
..@@.........@............@.........@............@.........@
...@.............................................@.........@
......@.................@........@...@@....@..@.......@....@
..............@.....................................@...@...
......@.....@.....@.........................................
....................................@.......@.........@.....
...@...........@.@.......@@.................................
......@.........@.@.@............@.....................@....
..........@..........@.....@.......@..@.................@...
.......@@.......@....@..@............@.................@..@.
....@....@...@..............@.@............@................
...................@........@.@...........@............@....
.........................@...@......@..@.@...@.@.......@....
.....@...@................@..@...@...@........@........@..@.
..........................@@....@...@.......................
.................@.......@.@@........@......................
@...................@...............@.......@.@..........@..
............@..@....@@.......@..........................@@..
...............@..@............@............................
...@.......@...@@...........................................
.@@...@..@..............@..............@...@......@.@.......
...............................@..........@.@...............
..@...@..@...........................@..........@..........@
............@........@..@...@............@......@......@....
........@........................@.@.....................@..
..@..@..@....@.............@.......@..........@..@....@.....
.@.................@.....@.@...............@.@....@.........
@..@.@..@.@..................@...@.....@.....@..........@...
.........@..........................@......@..............@.
....@.@.............................................@...@...
....................@.@....@...................@@........@.@
@................@.....@..@.@................@@....@........
@...................@..................@....@...............
..@....@.....................................@............@.
..............@................@....@.......................
..@..@@....@.........@..@......@@...........................
.......@...@............@..................@...@....@@....@.
........@...............@.............@.....................
..........@............@..............@..................@.@
......@...................@.............@@.@.....@...@......
..............@....................@....@....@.........@@.@.
.....@....................@..............@..................
...@.@...........................@..........................
..........@..@...........@........@..@.....@.....@..........
@.@@@.........@..@..........@.......@.@.@.........@........@
..........@...@....................@..@....@............@...
.....................@............@..@................@@....
..................@.@...................@.....@......@......
........@....@...........@...@................@......@......
@..@......@@.....................@.........@......@.......@.
..@.........@..................@.................@..........
@.....@.@.@.@.@.....@...@...........@.@...........@.........
........@....@..@.....@..............@....................@.
Agents:
75
0,31,41,27,27
1,53,26,0,56
2,45,42,29,31
3,30,15,13,24
4,3,26,41,4
5,25,30,55,17
6,6,22,33,34
7,32,19,50,55
8,17,33,33,32
9,58,28,25,48
10,3,55,1,12
11,7,20,22,21
12,3,12,49,44
13,4,9,34,13
14,26,50,13,31
15,14,54,8,40
16,14,38,42,16
17,53,39,30,22
18,44,43,51,8
19,40,23,49,12
20,57,19,24,17
21,45,46,42,19
22,57,54,32,59
23,5,52,12,34
24,44,30,13,20
25,20,13,33,41
26,46,3,43,14
27,37,58,11,20
28,18,25,23,49
29,39,17,15,47
30,11,54,22,3
31,0,35,31,10
32,28,53,56,42
33,35,33,49,0
34,53,35,38,25
35,31,44,44,2
36,9,20,43,23
37,23,8,35,28
38,7,11,15,24
39,24,55,32,31
40,29,1,6,35
41,20,19,33,35
42,4,23,7,48
43,11,2,16,35
44,19,10,42,48
45,31,18,8,50
46,33,38,33,39
47,23,51,31,30
48,20,11,47,21
49,31,53,30,19
50,49,57,48,23
51,10,0,46,57
52,29,4,24,43
53,5,14,32,10
54,30,10,43,1
55,26,34,17,35
56,32,15,37,35
57,29,29,26,53
58,24,28,29,1
59,25,59,20,7
60,49,4,56,17
61,47,33,0,23
62,0,43,3,22
63,40,56,33,49
64,39,7,9,49
65,5,23,18,44
66,16,33,31,25
67,12,10,40,15
68,33,14,42,53
69,4,16,2,27
70,48,23,38,54
71,11,49,31,54
72,18,39,38,41
73,17,50,11,22
74,47,3,44,19
