2
Grid:
60,60
............................................................
............................................................
............................................................
............................................................
............................................................
............................................................
............................................................
............................................................
............................................................
............................................................
............................................................
............................................................
............................................................
............................................................
............................................................
............................................................
............................................................
............................................................
............................................................
............................................................
............................................................
............................................................
............................................................
............................................................
............................................................
............................................................
............................................................
............................................................
............................................................
............................................................
............................................................
............................................................
............................................................
............................................................
............................................................
............................................................
............................................................
............................................................
............................................................
............................................................
............................................................
............................................................
............................................................
............................................................
............................................................
............................................................
............................................................
............................................................
............................................................
............................................................
............................................................
............................................................
............................................................
............................................................
............................................................
............................................................
............................................................
............................................................
............................................................
............................................................
Agents:
40
0,21,8,2,2
1,7,21,33,7
2,26,21,28,16
3,50,16,12,43
4,27,6,28,51
5,6,43,6,57
6,53,39,46,40
7,4,37,39,17
8,50,9,32,45
9,21,9,10,29
10,43,25,30,21
11,38,21,51,34
12,10,48,6,32
13,16,27,23,50
14,24,57,12,11
15,29,25,35,32
16,59,2,3,52
17,7,32,32,4
18,16,33,23,38
19,34,3,22,8
20,14,49,45,35
21,40,54,17,44
22,31,47,4,18
23,17,6,13,34
24,24,22,8,55
25,58,26,26,24
26,17,17,42,4
27,47,55,51,21
28,30,46,53,13
29,10,37,51,24
30,5,22,28,48
31,52,30,57,2
32,37,41,19,35
33,43,51,50,53
34,32,32,55,1
35,20,16,4,21
36,34,17,14,40
37,55,54,19,58
38,44,43,32,0
39,49,22,2,6
