0
Grid:
70,70
......................................................................
......................................................................
......................................................................
......................................................................
......................................................................
......................................................................
......................................................................
......................................................................
......................................................................
......................................................................
......................................................................
......................................................................
......................................................................
......................................................................
......................................................................
......................................................................
......................................................................
......................................................................
......................................................................
......................................................................
......................................................................
......................................................................
......................................................................
......................................................................
......................................................................
......................................................................
......................................................................
......................................................................
......................................................................
......................................................................
......................................................................
......................................................................
......................................................................
......................................................................
......................................................................
......................................................................
......................................................................
......................................................................
......................................................................
......................................................................
......................................................................
......................................................................
......................................................................
......................................................................
......................................................................
......................................................................
......................................................................
......................................................................
......................................................................
......................................................................
......................................................................
......................................................................
......................................................................
......................................................................
......................................................................
......................................................................
......................................................................
......................................................................
......................................................................
......................................................................
......................................................................
......................................................................
......................................................................
......................................................................
......................................................................
......................................................................
......................................................................
......................................................................
......................................................................
......................................................................
Agents:
35
0,36,9,11,17
1,51,65,57,30
2,57,14,62,55
3,49,59,48,29
4,31,38,24,58
5,67,61,52,37
6,41,23,53,56
7,50,54,8,50
8,25,14,69,51
9,18,16,2,10
10,33,69,17,5
11,60,8,34,13
12,59,31,52,64
13,1,57,45,35
14,42,66,60,28
15,68,26,61,22
16,54,10,41,39
17,21,11,64,53
18,65,44,42,64
19,47,13,38,57
20,20,14,34,14
21,17,31,25,65
22,62,58,40,69
23,3,61,6,37
24,44,33,24,31
25,50,43,22,45
26,66,13,2,18
27,26,37,56,10
28,18,43,42,37
29,6,26,60,16
30,12,61,28,40
31,16,34,50,29
32,39,40,48,14
33,7,31,66,69
34,1,38,60,36
