1
Grid:
20,20
..........@...@.....
......@.@.........@.
...................@
.................@..
.......@............
..@..............@..
........@...........
@....@...@....@.....
@..........@@.......
....................
.....@..@...........
...@...........@....
.@.....@......@.....
...@@...........@..@
.....@.........@....
@..........@....@@@.
..........@.........
...................@
..@.................
.....@..............
Agents:
30
0,17,9,19,8
1,5,7,15,6
2,4,16,5,18
3,2,9,11,19
4,10,16,3,9
5,3,8,5,7
6,18,0,3,8
7,7,10,14,6
8,14,12,5,5
9,1,4,6,18
10,5,4,2,3
11,2,17,8,18
12,19,15,1,12
13,4,5,2,7
14,4,2,12,2
15,12,18,17,15
16,1,17,6,6
17,15,5,12,12
18,12,3,1,17
19,3,9,17,0
20,11,4,14,19
21,7,6,13,17
22,17,7,11,4
23,12,17,16,16
24,0,15,16,2
25,13,12,19,0
26,3,0,5,0
27,4,6,4,13
28,17,6,1,15
29,11,1,11,17
