0
Grid:
60,60
............................................................
............................................................
............................................................
............................................................
............................................................
............................................................
............................................................
............................................................
............................................................
............................................................
............................................................
............................................................
............................................................
............................................................
............................................................
............................................................
............................................................
............................................................
............................................................
............................................................
............................................................
............................................................
............................................................
............................................................
............................................................
............................................................
............................................................
............................................................
............................................................
............................................................
............................................................
............................................................
............................................................
............................................................
............................................................
............................................................
............................................................
............................................................
............................................................
............................................................
............................................................
............................................................
............................................................
............................................................
............................................................
............................................................
............................................................
............................................................
............................................................
............................................................
............................................................
............................................................
............................................................
............................................................
............................................................
............................................................
............................................................
............................................................
............................................................
............................................................
Agents:
45
0,37,44,44,34
1,34,35,33,27
2,59,12,10,6
3,28,42,10,51
4,16,54,12,32
5,25,1,54,44
6,16,15,20,44
7,53,2,43,53
8,7,54,45,5
9,51,41,48,59
10,25,6,40,46
11,1,55,36,16
12,48,45,9,33
13,21,14,48,40
14,50,0,20,33
15,23,52,53,21
16,59,52,14,9
17,23,9,44,52
18,41,34,24,39
19,33,31,41,32
20,17,20,44,18
21,8,47,47,5
22,15,13,24,31
23,26,52,0,15
24,24,15,6,55
25,37,59,32,16
26,57,20,57,26
27,47,31,33,58
28,42,38,55,5
29,47,14,31,0
30,50,14,7,30
31,51,15,16,36
32,31,32,55,41
33,2,24,29,35
34,51,43,40,43
35,21,33,29,41
36,21,19,21,19
37,23,4,31,58
38,57,13,29,4
39,40,35,12,57
40,18,29,9,58
41,49,35,12,24
42,22,24,44,13
43,54,38,15,28
44,4,52,46,8
