1
Grid:
20,20
....................
....................
....................
....................
....................
....................
....................
....................
....................
....................
....................
....................
....................
....................
....................
....................
....................
....................
....................
....................
Agents:
30
0,6,4,5,19
1,7,0,15,4
2,2,16,13,19
3,13,15,15,5
4,0,7,9,17
5,2,3,17,4
6,3,19,12,11
7,13,10,1,11
8,9,8,4,8
9,9,10,5,16
10,2,18,2,3
11,2,8,1,8
12,8,14,0,19
13,19,12,12,17
14,8,9,1,5
15,8,10,9,10
16,8,17,1,10
17,9,2,15,6
18,2,4,2,1
19,11,8,9,2
20,7,17,9,16
21,7,5,8,3
22,16,4,13,10
23,0,4,16,10
24,17,4,17,15
25,11,4,4,14
26,9,7,12,4
27,1,19,18,19
28,12,7,13,12
29,17,0,14,3
