0
Grid:
60,60
....@............@@....@...@..@..............@..@.@...@@@..@
......@@.....@@..@..........@....@........@.@.@.............
....@..@..@......@@.....@..@...@.@@.....@......@....@....@..
.@...@@....@...@..@.@@.@........................@...@...@...
@....@........@......@@..@..................@.@.@....@.@...@
@.@..........@......@.........@..@............@......@..@...
.................@@.............@....@.@......@.............
.@.@..........@.............@@@@@....@...@..@....@..@.......
...@@...@.@................@@.......@@.@@.@..........@....@.
...............@..@@.@........@@...@@...........@.@....@....
@@..@@..@....@....@....@@..@............@......@.@.......@@.
@......@..@.@.........@.@..@.........@.@..@..........@......
.@...@@....@...@........@.@...@..@@...............@...@....@
.@..@@..@.@....@.........@@........@.............@.....@.@..
.....@.@..@.......@@...@.@......@......@.........@.....@....
.@...@@.................@......@.....@..@........@..@.....@.
.....@..@.....@.@...@@.@@@.@.@@....@....@@......@...........
.......@.........@.@.@......@.@..@............@.@..@...@....
.....@...............@...@................@...@...@......@..
@.@@.................@@......@.@..@.@.....@@..........@.@..@
...........@............@@@..@..@.....@....................@
@..@.....@.......@.....@@.@.....@......@..@....@.......@...@
....@.......@@.@...@...@...@.....@.@...@...@@..@...@........
.@@....@...@...@.....@@.@.........@.@.@....@..........@.@@@.
.......@...@@@..@......@@..@........@....@.......@@.@..@....
....@....@...............@.......@@.@......@@...@.@.........
.@@....@.@......@........@.......@....@............@.@.@....
...@...................@.@.@...@@....@...@...@@........@..@.
@....@........@@...........@..@...@..@@@@....@...@..........
.@.........@.....@...@@.....@@.............@..@.....@.......
..@.@@.@......@.@..@@....................@@........@...@..@.
.........@............@......@............@....@..@...@..@..
@....@.@....@@......@.....@.........@...@.............@..@@.
..@......@..@.......@....@...@.@..@....@@....@@.............
@..........@.@@@...@..................@...@@.....@...@......
..@@..............@..@.@...@.........@@..@....@...@......@..
..@.@@....@@.....@@@.@......@..@...@.......@............@...
.@.........@@....@...........@..@..@...@@...........@@..@...
..@......@@...@...@...........@.@@@.@.@....@..@.....@...@..@
.....@@.@@@.@...@.......@.......@.@......@@...........@...@.
@...@....@.@..@.......@.@.@.........@..........@............
..............@.....@@...@@......................@....@@..@.
.............@....@@@..........@...@...@.....@...........@@.
@....@..@.....@.@.................@@......@@.......@..@..@@.
@................@..@...@.......@.@@..@....@..........@..@.@
@@......@........@.@.....................@........@.......@.
......@.@........@....@...............................@.@...
..@..@.@.@.@..........@.....@...........@.....@@.@...@......
...@........@..@...@.....@..@.@......@..@..@.........@..@..@
....@...@.@.....@...@@@...@...@@..@..@...@.........@......@.
.@.@.@.@................@.@..@...@...@..@@@@@@...@@....@@...
.@.......@...@....................@@.......@.......@.@@.@...
.......@........@.@.@.....@...........@.@.@............@....
....@........@..@...........@.@@.@..@.........@.........@..@
.@.@@..@...@....@...@@........@@@@..........@.........@.....
@...............@.............@@......@..@...@@.@........@@.
.@....@.@....@...@....@@..@....@@@.@@..@.@...@.@...@...@@@..
.@.........@..........@..........@.@@.@..@......@.........@@
..@.@@@.......@..@..@......@.@..@.....@.@......@..@.....@...
...@.@..............@@...@..@@@..........@@..@......@......@
Agents:
75
0,6,38,57,7
1,34,23,17,58
2,9,47,51,38
3,58,1,59,1
4,37,23,20,30
5,21,14,40,35
6,17,16,41,57
7,41,38,11,50
8,36,7,13,42
9,45,55,25,37
10,8,5,47,12
11,37,18,19,53
12,14,46,18,44
13,28,3,49,9
14,29,36,45,18
15,33,55,41,18
16,54,56,25,55
17,42,42,45,52
18,6,33,43,44
19,16,44,42,24
20,22,38,2,1
21,46,11,43,46
22,30,31,15,14
23,3,16,17,39
24,9,23,37,37
25,19,55,28,19
26,32,1,6,52
27,50,25,24,32
28,20,21,20,49
29,33,58,21,38
30,0,11,33,15
31,21,28,47,10
32,49,52,27,39
33,57,47,48,16
34,38,50,24,59
35,41,51,34,6
36,25,11,24,15
37,21,43,6,1
38,14,38,1,18
39,6,14,54,9
40,53,55,44,27
41,58,43,26,36
42,29,35,31,18
43,49,1,12,18
44,41,10,6,47
45,45,29,52,13
46,14,41,5,12
47,13,47,13,44
48,16,37,30,22
49,55,22,12,52
50,44,16,6,43
51,57,43,15,18
52,21,35,50,15
53,59,1,57,0
54,52,3,57,21
55,33,33,45,57
56,53,23,53,27
57,24,59,8,51
58,58,44,0,12
59,23,25,51,28
60,0,5,21,20
61,38,27,24,40
62,51,41,47,17
63,59,13,10,32
64,38,5,9,9
65,40,6,34,25
66,11,16,52,46
67,40,53,24,48
68,42,56,41,7
69,48,10,20,45
70,14,43,6,24
71,44,31,37,54
72,52,51,36,9
73,31,44,25,20
74,18,12,37,2
