4
Grid:
20,20
....................
....................
....................
....................
....................
....................
....................
....................
....................
....................
....................
....................
....................
....................
....................
....................
....................
....................
....................
....................
Agents:
10
0,8,10,10,18
1,5,6,0,9
2,9,11,6,18
3,16,1,1,11
4,4,0,2,6
5,5,12,7,16
6,3,7,5,12
7,5,0,1,1
8,12,4,7,14
9,10,2,14,1
