2
Grid:
70,70
@.............................@..@@.....@......@.@.@.......@..........
.@.........@...............@....@@..@@................................
@.@..@...........@...@....@@.......@@.@.....@...............@......@@.
.....@...@............@.@........@@@.......@.@@...@............@..@..@
...........@@........@.@.@.....@..............@@..@........@......@...
..............@.@.........@............................@...@@@.......@
@..@...@....@................@............................@...@......@
..........@@....@@...@.@.........@@...@......@@......@...@@.@....@....
@......@@..@........@.....@..........@..............@...@....@.@...@..
...@........@....@.@........@..........@...@........@.@.......@.@..@..
..@.....@.....@@..........@......@.............@....@...@..........@.@
@...........@...........@...@................@........@...............
...@........@...............@.@..........@...@..@....@.....@....@@....
..................@...........@......................................@
.@..@.........@@.@......@...@..@@@....@.@.........@.@.................
....@..........@..........@..@..........@............@......@......@..
.@...@...@.@...@.@..@.@....@.....@....@.......@.......................
@....@..@.....@.@.@@.@....@@@..........@.......................@......
@.................@.....@@..................@.................@.@...@.
...@.....@...@......@.......@@......@.....@.......@...@....@@.........
...@.@.....@........@@.@........@..........@.....@@..........@.@......
...........@...@.........@@..@..............@......@....@.............
@..@..@...........@................@......@.................@...@@..@.
.@...........@...@@....@.....@@.....@@@...@.@..@..@...................
..........@.......@......@.........@......@.@.....@@......@@..........
...@............@.........@................@.........@..........@.....
......@....@.......@...........@.....@..@............@.@.....@@..@....
..@........@........@......@...@....................@........@@.......
........@..@.......@...............................@...@..............
.@.......@.......@.......@..........@............@...@@..@.....@.....@
........@..@@.@............@..@......@.@.....@....@.....@..@..........
...........@....@........@...............@.............@.....@........
@.@.....@.....@@.....@.....@...@....@.@..@...@........@....@..........
..............@..........@..@....@.......@..@...@......@@.....@.......
.......@..@...@@..........@@@.@..........@........@@....@............@
.............@.......@..@..........@..@.....@.......@..@.@@@.@....@...
.......@........@.......@@...@@...@..@.....@...@......@.@.........@...
..........@@..............@...........@..@...@.....@..................
......@.....................................@.@............@....@...@.
@........@.....@...@@.......@..@................@@.@.@....@.@.........
...@.........@........@......@.....@@.....@...@.....@........@....@..@
..........@.......@...@..........@...........@..@.@.@..@....@.........
.....@@.....@...@@....@@..........@.....@.....@..................@..@@
........@.......@.....@...@@....@.@.....@.....@.@..@.....@........@@..
.....@...@.@.@.......@..@.........@.@@@..@........@....@..........@...
.@.@..................@.@..@............@.....................@.......
@..............@......@@...@...@........@.......@......@.....@.@......
.....@.@..@.....@.......@@....@....@..........@.......@.....@.........
..@...............@.@..@........@...@...........@.@@.....@............
...@....@.@..@.@.........................@...@.......@...@.........@..
.......@...@...@...........@..............@..@.@........@.....@.......
.@.....@.......@.@...............@...@..............................@@
.....@..@@@.......@..............@...@@.......@......@.....@.....@....
.....@.............@..@.......@.......@..@.......@.@.@....@.....@.....
..........@......@.@.@.................@.@........@....@.......@......
......@....@..........@..@.................@@...@....@........@.@..@@.
....@..@........@.............@.....@........@..........@.@........@.@
.........@..@....@...@..@..@.@.@.@.@.@.....................@..........
........@@......@.@.............@.................@@..................
......@@....@.....@..@....@...@...............@..@......@...@@...@....
..@.@....@.....@.........@..............................@..........@..
............@........@....................@........@...@..@........@@.
...@.......@...@.@..@.@.......@.............@......@......@.......@..@
..@.......@..@.@....@.....................@@..@@.....@....@...........
.@@..@.@......@...........@@.......@.....@....@.....@...@.............
@.@...@....@@...@....................@@..@......@@.....@......@.@.@...
..............@......@.@..@.@...........@.....@..@@..@...@..........@.
...@....@..@........@...........@..@.......@@......@....@.@@.@.@......
@...............@.......@@@....@........................@.@.@...@.....
......@..@.@.........@......@..................@..@.................@.
Agents:
45
0,33,36,12,40
1,12,29,16,66
2,5,25,31,1
3,10,18,61,64
4,23,7,48,6
5,69,52,25,32
6,63,16,29,11
7,32,69,33,49
8,30,22,21,40
9,27,0,33,1
10,37,56,11,49
11,20,56,63,6
12,66,35,17,45
13,50,67,69,65
14,19,23,10,17
15,24,64,46,59
16,22,25,20,33
17,8,13,41,56
18,1,34,15,23
19,7,12,7,19
20,46,6,51,64
21,16,25,59,39
22,12,27,56,25
23,31,12,54,62
24,27,17,24,63
25,46,47,12,35
26,16,26,6,9
27,32,39,44,61
28,68,69,4,54
29,3,21,15,22
30,27,68,27,63
31,63,7,54,42
32,60,16,62,29
33,21,63,7,68
34,62,25,12,4
35,0,46,34,34
36,9,59,41,29
37,19,25,55,23
38,61,61,57,55
39,20,6,55,55
40,17,45,28,68
41,51,31,49,46
42,59,64,30,34
43,13,55,23,49
44,41,24,16,51
