3
Grid:
20,20
....................
....................
....................
....................
....................
....................
....................
....................
....................
....................
....................
....................
....................
....................
....................
....................
....................
....................
....................
....................
Agents:
15
0,19,16,5,5
1,9,0,12,3
2,12,10,9,2
3,0,11,1,8
4,12,7,13,10
5,12,8,8,11
6,2,6,9,3
7,19,14,17,7
8,9,1,6,15
9,4,5,7,19
10,7,11,15,0
11,8,18,0,13
12,7,6,19,9
13,11,18,4,18
14,17,4,7,17
