0
Grid:
70,70
.........@.@..@.........@.@@....@..@......@.......@.@.@........@.@..@@
....@...@....@@.....@@@@...@.....@@....@@.@...@.............@.@......@
.@.@.........@@@.@@.......@..@@@.................@.@..@..@..@.@@.@@...
....@@@..@@....@@@..@@.....@@........@@.......@..@..@.@.....@@@..@.@..
..@...@@@@@@@.@..@.@@....@@@.@.@@.@.@..@..@.@@@..........@...@....@..@
...@...@.....@......@.@....@.@@.@....@@....@@..@.@.....@.........@@.@.
@......@@.@.@....@.@..@.@@@..@@@@@@@......@....@@......@.............@
.@@@....@@......@..@....@.@.@@.@..@.@......@@.@...@.@.@@...........@@@
..@....@...@.............@@..@..@@.@@...@@@.@@..@.@@@.......@.....@@.@
@@.@@@@..@@..@......@.@.@@.@...@@@@@@.......@@@.@.@.....@@@......@...@
@.....@.....@........@@@.@.@@....@........@@..@.@...@........@......@@
.....@.........@@...@........@...@@...@@.@@@.@......@...............@.
...@....@........@@.......@......@....@..@..@......@............@.....
...@.@.@......@....@..@.....@......@..@..@......@..........@....@..@..
.@.@..@..........@...@@.@@....@..@...@.@@.@@@@....@..@@..@@@....@@@@.@
..@@@..@....@..@@.@@..@..@...@.@@@..@@..@.......@@@....@@@............
@...@.....@..@......@...@@.@.@.@.@.@@...@...@.....@..@@@@.@...@.@.@.@.
....@...@@.................@@@..@.@@@....@....@..@@.@...@..@.@....@.@@
@@@..@@....@@.@..@.@@....@.....@..........@....@.........@..@....@@@.@
@@......@..@.....@@.....@@..@...........@.@@...@.@..@@....@@.@....@.@.
@..@@.@@.@....@...@.@....@...@@.......@@.@@@...@............@...@.@@.@
....@..@...@.@@.......@............@.....@.....@.......@....@@@@.@.@@.
.@..@@.@...@....@@.@.....@.@........@...@..@@.@...@....@.@...@....@.@.
@...@..........@@..@...@.@.@@.@@..@.@@.....@......@.....@.....@...@...
@...@.@@.@..........@..@....@..@.@.@.....@.@..@@...@.......@..........
...@.@....@.....@.....@....@......@...@@.@...@.@@.@...@.@@...@@....@.@
@..@....@..@....@..@..@...@@..@.@..@.........@.............@@........@
........@@@.@...@@@..@@.@.@@.@.........@.............@@.....@@.@.@@..@
@...@..@..@......@..@@.......@......@...@@.....@@.@...@......@...@....
.........@@@.....@.@@........@..@@...@...@.@.@@....@@@@..@..@........@
....@........@...@@@.@@@..@@..@.@.@@.....@.@.@....@..@........@......@
.@....@........@.@......@..@@..@.....@@.....@@.....@@..@..@.@@..@....@
.@.@@@@@...@@..@...@.@.@..@@.@......@..@@.@......@...@...@.@.@@.......
@......@..@........@@@..@.@.......@.@@..@.@.@....@.....@.....@..@.....
.....@..@@.......@..@@.@...@@......@..@@@@.@...................@....@.
@...@@.......@.@@@@@.@@..@..@.....@....@.@...@.@.@.....@..@.........@.
...........@@.@...@@.@.@......@@...@.....@..........@@..........@.@...
.@@@....@@...@@....@@@..@.@..@.@@..@..@.@..@@@..@.....@..@.@.@@.....@.
..@.......@...@@..@..@@.@..@@@@....@@.@.@.@.@...@@.@..@...@..@.@......
...@.@@@@@...@...@@...@.@..............@........@.@@@...@@..@.@.@.....
........@..@@@@.@..@.@@@..@.@....@@.@......@....@.@..@@@@@@..@@....@@.
@....@@@.@......@.@..@.@.@@.@@...........@....@....@@.........@@....@.
....@.@.@.@..@..............@@......@.@..@@......@..@..@.@@.@@....@...
..@@@.........@..@...@....@..@...........@........@......@@.@.@@.@.@..
..@.....@@..@....@.....@@@@..@.@.@....@@.@@.@@@@....@...@....@@.@@...@
....@.@@@..@@@.@.@@@@@@.....@...@@..@@....@.@........@...@..@.........
@@@..@..@...@.@@@@@@@..@.......@...@...@..@.@..@@.@......@@......@@..@
.....@@.@....@....@@@..@......@@..@.@.@.@.@........@@....@@..@@.......
.@........@@...@.....@@...@.......@..@@@.....@.@@...@....@@....@.....@
..........@....@@..@.@@...@......@...@...@...@......@@@..@@..@.......@
@..@@.......@...@...@@....@.@.@@.@..@.@.@@.........@@.@...@..@...@....
@...@..@.@..@@...@.@@.@@.@.......@..........@@...@.@@@..@@@@.@........
.@......@..@.......@...@@...@.@...@@.@.@....@.....@@.@@..@...@@.@..@..
@@..@.@.......@@.@@.@.@@.....@.........@@.....@.....@...@.@.....@...@.
...@.@@.@@..@.............@.@......@....@...@..@@@.......@...@.....@..
..@..@@....@..@@......@..@..@.@....@..@@@.@@.....@....@.@......@....@.
..........@@@@............@......@@.@@.@@.....@.......@..@@.@.....@.@.
......@.@..@...@@@.@@..@....@....@@......@....@.@@@........@....@...@@
....@.@@..@@....@.@.@@@@.@...@....@...@.@..@..@.@@@.@..@.@@.@.........
@...@...@....@@.@.....@..@.@......@@@.....@@..@..@.@.@@....@....@.@@..
..@...@@@.....@.@@@.@@..@@@.@.@@....@@.......@....@@...@@@....@@......
@..............@....@.....@...@@.@.@@@@...@....................@......
....@@......@@.@..@...@..@.@....@@..@.@...............@@@.@....@..@..@
....@@..@.@.....@..@.........@@.@@..@@......@....@..@@....@..@@....@.@
.@@.........@....@@@@..@@..@.......@....@..@.@...@..@..@.@.......@@@..
......@..@@.@@....@@@....@@...........@.@.....@@..@....@.......@......
..@...@...@@..@...@..@.@@@............@.....@.....@@...@@@.@.@@.@...@.
....@.@....@...@.........@.@..@@@......@......@...@@.@.........@.@.@..
@.@..@..@@.@.@..@..@...@@@.@@.@..@@..@@........@@@..@@@.@@....@....@.@
@.@...@......@@.@....@....@@..@....@...@@...@..@............@.....@@@@
Agents:
70
0,45,23,65,31
1,53,60,51,36
2,48,3,3,56
3,47,49,6,52
4,58,9,50,68
5,29,66,49,51
6,67,52,6,41
7,53,3,48,12
8,25,59,49,49
9,24,12,69,43
10,23,45,33,31
11,49,66,29,4
12,23,55,2,44
13,62,42,64,41
14,18,48,40,29
15,54,25,54,19
16,17,10,3,36
17,34,59,49,18
18,49,34,1,16
19,25,68,60,29
20,12,58,15,43
21,28,5,66,31
22,45,46,67,0
23,22,12,28,44
24,47,47,3,25
25,47,21,46,21
26,53,44,52,22
27,44,16,68,21
28,15,43,21,50
29,21,51,53,7
30,27,15,26,23
31,56,63,1,57
32,9,26,38,50
33,20,16,22,10
34,60,40,21,10
35,49,44,54,38
36,12,5,40,30
37,36,46,40,5
38,10,56,16,22
39,12,28,37,12
40,8,8,26,17
41,17,11,1,64
42,49,38,28,22
43,53,63,24,44
44,19,6,15,26
45,26,50,17,12
46,62,20,41,40
47,27,30,26,34
48,30,12,15,13
49,25,11,67,20
50,7,53,33,45
51,25,35,57,37
52,39,69,45,46
53,34,4,34,13
54,54,0,44,59
55,37,22,37,22
56,13,26,42,47
57,25,6,52,43
58,48,56,43,1
59,54,60,68,14
60,28,51,33,57
61,67,38,57,1
62,26,67,22,48
63,34,18,59,62
64,7,38,8,8
65,30,44,14,4
66,37,18,14,10
67,23,20,19,36
68,65,61,47,41
69,11,18,42,40
