2
Grid:
70,70
......................................................................
......................................................................
......................................................................
......................................................................
......................................................................
......................................................................
......................................................................
......................................................................
......................................................................
......................................................................
......................................................................
......................................................................
......................................................................
......................................................................
......................................................................
......................................................................
......................................................................
......................................................................
......................................................................
......................................................................
......................................................................
......................................................................
......................................................................
......................................................................
......................................................................
......................................................................
......................................................................
......................................................................
......................................................................
......................................................................
......................................................................
......................................................................
......................................................................
......................................................................
......................................................................
......................................................................
......................................................................
......................................................................
......................................................................
......................................................................
......................................................................
......................................................................
......................................................................
......................................................................
......................................................................
......................................................................
......................................................................
......................................................................
......................................................................
......................................................................
......................................................................
......................................................................
......................................................................
......................................................................
......................................................................
......................................................................
......................................................................
......................................................................
......................................................................
......................................................................
......................................................................
......................................................................
......................................................................
......................................................................
......................................................................
......................................................................
......................................................................
......................................................................
......................................................................
......................................................................
Agents:
35
0,33,22,9,66
1,6,19,13,25
2,54,37,7,11
3,39,48,47,58
4,41,41,43,38
5,61,18,3,4
6,24,40,29,59
7,41,61,4,28
8,39,38,49,4
9,63,44,0,67
10,23,33,56,36
11,28,64,6,59
12,42,52,54,57
13,63,34,28,27
14,52,31,13,59
15,8,65,54,22
16,64,52,3,18
17,7,16,25,26
18,5,14,66,64
19,35,20,23,0
20,55,0,25,56
21,66,28,55,25
22,1,60,22,59
23,16,28,20,55
24,42,24,43,27
25,16,57,20,67
26,60,58,37,30
27,51,69,66,61
28,64,11,9,20
29,47,2,1,48
30,43,4,12,41
31,66,10,17,53
32,32,66,67,64
33,24,42,69,10
34,32,25,52,49
