1
Grid:
20,20
....................
..........@.........
....................
............@.......
......@.............
.....@..............
....................
....................
....@...............
.........@....@.....
.@..................
...@...@....@.......
...............@....
................@...
.....@.............@
...........@........
.....@.........@....
.......@............
..........@.........
....................
Agents:
10
0,5,18,9,16
1,0,7,9,3
2,14,15,1,4
3,5,7,19,15
4,11,17,19,11
5,17,5,19,1
6,11,19,11,10
7,18,16,18,16
8,1,8,3,5
9,19,12,2,4
