8
Grid:
20,20
....................
....................
....................
....................
....................
....................
....................
....................
....................
....................
....................
....................
....................
....................
....................
....................
....................
....................
....................
....................
Agents:
25
0,1,14,0,16
1,18,8,15,6
2,14,18,5,5
3,1,16,4,17
4,15,15,0,11
5,3,4,16,12
6,17,12,14,8
7,6,0,18,12
8,16,13,4,8
9,2,12,1,4
10,12,4,13,0
11,11,5,17,14
12,0,5,10,13
13,10,14,18,4
14,7,8,11,11
15,10,10,0,8
16,6,18,8,17
17,19,9,12,14
18,7,3,9,13
19,1,9,2,6
20,10,5,17,2
21,16,14,16,8
22,6,15,18,0
23,10,8,12,0
24,10,4,3,10
