8
Grid:
20,20
................@...
..............@.....
............@.......
.........@......@.@.
....................
..@.................
..............@.....
@...................
....................
.....@..............
...............@....
....@.@....@........
...................@
...........@........
.@..................
...................@
.................@..
..................@.
....................
....................
Agents:
30
0,12,1,6,17
1,6,17,1,15
2,12,10,7,8
3,13,12,18,10
4,7,2,4,2
5,8,16,18,15
6,14,7,8,18
7,5,0,11,1
8,9,12,14,2
9,7,10,19,17
10,1,8,14,12
11,16,9,19,16
12,18,7,7,9
13,15,0,14,14
14,0,19,18,1
15,4,5,1,13
16,14,4,14,5
17,2,18,17,6
18,11,19,14,18
19,4,9,11,13
20,16,7,19,11
21,2,8,19,4
22,5,3,16,12
23,19,2,10,2
24,13,1,14,16
25,0,17,10,11
26,0,2,7,5
27,12,5,10,9
28,3,14,1,8
29,7,7,10,12
