4
Grid:
20,20
.............@..@...
.............@.@....
........@...........
....................
..................@@
.@.....@@...........
......@........@.@..
...@...........@.@..
...@.@......@.......
.@.......@..........
@......@............
....................
...................@
.........@@@....@...
......@.............
.@@@..@......@.@....
..............@.....
...................@
..@..@..............
..................@.
Agents:
20
0,14,2,8,18
1,10,13,18,10
2,5,10,9,11
3,3,14,14,5
4,11,19,0,6
5,17,7,6,13
6,16,17,17,14
7,1,12,10,16
8,5,14,3,14
9,14,10,12,6
10,18,12,6,4
11,0,2,13,3
12,10,19,3,4
13,19,15,6,18
14,19,6,13,13
15,14,19,3,11
16,4,4,6,11
17,12,0,10,18
18,3,18,2,3
19,17,14,7,11
