9
Grid:
20,20
..........@...@.@...
.@@...@.@....@@@@...
@@@@....@..@........
......@.@..@....@...
@........@...@@....@
@..@.@......@.@@@...
.@...........@......
@.....@.............
..............@@.@@.
..........@@........
@@@.....@..@......@.
..@..........@.@@...
...@....@@..........
..@.................
.....@.@....@...@...
....@........@......
....@.......@...@...
......@...@..@......
..@.@@.....@....@@..
..@.@.@@.@..........
Agents:
30
0,4,16,15,16
1,2,10,9,7
2,3,4,12,14
3,1,4,2,5
4,18,6,0,7
5,14,19,5,2
6,7,16,13,5
7,13,17,5,8
8,13,13,18,6
9,18,14,1,11
10,7,7,12,7
11,14,4,15,9
12,13,6,10,6
13,19,3,6,17
14,9,17,16,7
15,16,8,0,6
16,6,12,7,16
17,7,5,11,9
18,17,16,1,18
19,0,6,18,9
20,6,18,7,10
21,11,11,12,0
22,16,9,2,17
23,17,4,7,1
24,6,11,4,15
25,13,12,9,12
26,0,4,13,1
27,6,7,18,0
28,19,12,8,6
29,17,11,9,14
