2
Grid:
70,70
......................................................................
......................................................................
......................................................................
......................................................................
......................................................................
......................................................................
......................................................................
......................................................................
......................................................................
......................................................................
......................................................................
......................................................................
......................................................................
......................................................................
......................................................................
......................................................................
......................................................................
......................................................................
......................................................................
......................................................................
......................................................................
......................................................................
......................................................................
......................................................................
......................................................................
......................................................................
......................................................................
......................................................................
......................................................................
......................................................................
......................................................................
......................................................................
......................................................................
......................................................................
......................................................................
......................................................................
......................................................................
......................................................................
......................................................................
......................................................................
......................................................................
......................................................................
......................................................................
......................................................................
......................................................................
......................................................................
......................................................................
......................................................................
......................................................................
......................................................................
......................................................................
......................................................................
......................................................................
......................................................................
......................................................................
......................................................................
......................................................................
......................................................................
......................................................................
......................................................................
......................................................................
......................................................................
......................................................................
......................................................................
......................................................................
......................................................................
......................................................................
......................................................................
......................................................................
......................................................................
Agents:
50
0,27,53,5,41
1,18,41,2,49
2,40,6,29,23
3,56,39,33,8
4,59,42,63,30
5,39,35,55,21
6,58,2,15,1
7,68,51,65,26
8,18,26,67,7
9,26,6,51,0
10,1,45,25,35
11,34,36,33,63
12,1,25,8,21
13,56,0,43,12
14,52,13,62,28
15,28,50,8,29
16,39,51,12,38
17,27,42,58,4
18,34,63,52,37
19,1,32,18,1
20,46,66,59,38
21,24,62,4,59
22,64,21,8,14
23,19,63,28,33
24,40,5,46,47
25,14,56,53,19
26,48,35,27,3
27,21,51,13,16
28,18,51,14,31
29,39,14,60,46
30,19,56,10,6
31,57,46,42,51
32,14,59,34,40
33,65,7,47,13
34,45,25,63,24
35,16,25,35,13
36,25,64,60,54
37,30,4,45,42
38,21,42,9,5
39,42,50,41,38
40,6,63,5,54
41,29,46,4,57
42,68,41,12,39
43,2,4,29,5
44,30,45,44,50
45,23,52,63,34
46,23,56,7,42
47,12,59,18,10
48,9,48,46,39
49,47,4,34,11
