7
Grid:
20,20
.@..................
....................
..@.................
....................
........@...........
...............@....
@...................
.............@......
....................
....................
...........@.....@..
.............@......
...@................
..@....@............
..@......@..........
...................@
.........@...@......
....................
.@@.................
........@...........
Agents:
30
0,13,9,6,16
1,19,10,1,14
2,5,16,12,11
3,4,19,3,14
4,17,12,10,7
5,5,17,2,16
6,7,16,8,4
7,16,14,19,14
8,8,5,9,18
9,12,2,9,15
10,16,11,7,7
11,0,16,2,12
12,3,11,15,1
13,7,6,12,6
14,1,19,17,17
15,8,13,4,4
16,12,14,15,15
17,15,1,15,0
18,13,13,15,4
19,3,13,3,4
20,6,13,8,2
21,9,10,11,4
22,17,8,8,10
23,8,16,19,16
24,6,1,13,0
25,11,7,12,14
26,4,2,3,8
27,9,3,17,5
28,8,17,18,8
29,18,17,0,10
