2
Grid:
60,60
.........@@.....@..@.@......@..@..@.......@..@......@...@...
....@...@.............@@....@.........@..@...@..@...........
@..@@................@.@.@@@@........@@...@.@....@.....@....
....................@.@.....@...........@....@.@@...........
.@...@.....@..@.....@@..@..@..@.@...@.@............@........
....@........@@..................@@..@......@....@@........@
....@............@............@.....@...............@.......
....@..........@......@.........@@@.............@...@.@.....
@.....@.....@...@...@....@....@.............@...@@........@.
....@.@.....@@.@..@....@.@.@.@.@.......@...@...@........@...
.........@.@.....@..@....@..@..@@........@..................
.@...@.@.@....@.@..@........@............@@..@...@.@@.......
...@..........................@....@@.....@......@....@.....
@.....@..@..@......@@.....@.@@.......@.......@@.@..@..@.....
...@...............@.@..@...@.......@.@..@............@..@@.
@....@@.@............@.................@......@...@........@
..@..@......@............@.@........@...@..........@........
.@.......@.....@@..@..@.@@.@@....................@.........@
.......@..@...@....@@...........@...@..@..@......@....@@.@..
.@...@.@..@@..............@.@......@.........@..@.......@...
.......@......@@...@..@....@.......@..@.@@..@...@.......@...
....@.@@.@@@....@.....@.....@.@....@...............@........
..@@.........@....@........................@.....@.@........
..@...@..@...@....@@.@.......@............@@...@@...........
........@@........@............@.....@.@@..@...@@....@......
..@..@.@.....@......@.......@......@..@..@................@.
..........@............@....@@........@......@@......@......
....@..@.@...@.@.@@..@....@....@....@...........@....@.@.@..
.@..@@@.....@@.............@.@.@....@....@..................
...@..............@....@....@...@.......@......@..@.@...@@..
.......@......@@...........@.@......@@......@....@.....@@..@
@....@@.@@.@...........@.@......@..@.........@@@@..@....@.@@
.@...@.....@..@@..@.....@.@...@@.........@..@.@.@....@...@@@
@.@......@...........@.@@@..@@@......@.....@.........@@@....
..@@@@.....@..@............@.......@@@....@@.@......@....@@@
..........@........@.@.@.......@.........@@........@@..@..@.
..@...@.............@...@@........@.@.@@....@@@....@@...@...
...@@..@...@.@@...............@@........@@......@.@.........
@.@.......@@..@......@.....@.@.@...@......@.@@..@.@....@..@.
@...@.@..@...@....@@@...@@@...@............@...@...@........
..@...@....@..@.....@..@..........@@.................@@.....
.@...@.......@..@.@@.....@@.@@...@...@...@..@.@.@........@..
.....@..@....@...@@@.....@....@......@......@..@...@.......@
...@@.....@@.......@.@.....@.@..@....@.....@.....@..@.@....@
.......@@...........@...@..@.....@.......@....@......@......
..@.@.@..@...@.@...@.....@..@.....@...@..........@.@........
..@@..@..............@@@......@.....@....@...........@......
...@.@@..............@.....@..@@.........@.@.@.@..@@....@@.@
.@..@...@..@..@..@...@....@.....@.@..........@@@@.@.@.......
.@.......@.@@........@..@.@..........@@..........@........@.
........@...@..@..@.@.@..@................@......@@..@..@.@.
.........@..........@........@.......@..@.....@.@..@@@...@@.
..@@@...@@@....@........................@..........@.@@.....
@......@..@...@.@....@......@......@......@...............@.
.@......@.@....@...................@......@@...........@....
....@.@......@.....@....@.@@....@.@@.........@......@...@@.@
.@@...@....@...@............@....@....@@........@.....@....@
.....@....@.............@........@...@...........@@.@...@.@.
..@.@...@@...@.....@............@..@...@....................
@.@@.@...@..@..@.............@....@@....@@.@..@.....@.......
Agents:
50
0,51,56,0,29
1,29,1,43,44
2,3,9,26,3
3,51,38,30,26
4,21,47,24,10
5,3,4,52,29
6,53,56,22,37
7,18,50,33,32
8,4,59,58,53
9,45,31,56,25
10,29,38,51,2
11,5,30,52,56
12,40,26,50,55
13,11,12,4,35
14,48,16,15,13
15,26,20,47,23
16,17,31,55,18
17,32,33,46,56
18,26,58,47,13
19,28,52,14,34
20,0,40,26,49
21,8,51,14,32
22,13,41,29,51
23,58,27,14,30
24,51,11,54,52
25,42,58,1,1
26,32,43,45,36
27,38,32,3,53
28,28,24,46,38
29,58,47,10,42
30,38,33,31,39
31,38,47,34,16
32,18,12,31,30
33,37,25,38,26
34,21,48,57,42
35,13,21,52,50
36,24,15,23,36
37,37,18,6,34
38,59,48,11,21
39,4,2,57,27
40,31,19,47,35
41,53,13,30,18
42,1,35,17,57
43,22,45,42,39
44,59,19,16,33
45,38,56,26,13
46,6,12,19,17
47,10,39,50,37
48,10,57,13,34
49,55,36,52,39
