2
Grid:
60,60
...@@..............@......@@@..@...@@.@@@...@.........@.@..@
...@.@..........................@.@.......@.....@.@@....@.@.
...@..........@@@@.@...........@@.........@.@....@.........@
.@@@@@.@.@.......@@.......@@.....@@.@....@@.....@..@..@....@
@..@@....@......@...@@@....@@.....@...@.@@..@..@@........@..
@...@..@.................@......@..@.@@.@@.....@............
...@.........@.@........@...@................@@.............
.......@.@@....@.....@..........@@.@......@.@..@..........@.
.................................@@..................@@.....
..@.@.......@@....@@......@@....@......@..@.......@....@@@..
@..@.......@..@.@..@...@....@.........@@.......@@...@@......
.....@..@..........@........@..@....@@........@...@.@.......
.@@.......@...@..@.@@........@.@...........@......@..@...@.@
..@...........@............@@..........@......@......@@@....
@....@....@.@@@@....@.....@.@..@@.@.@.@@......@.@....@......
....@......@....@............@....@...@..@..................
@.@@.....@...@....@.@.......@..............@...@........@.@.
..@.........@............@.....@@...@...@..@....@........@.@
..@.@....@......@......@............................@.@....@
.........@...@..@.@..@.......@.@.@...@......@......@.@......
..@..@.@@..............@.@....@...............@...@........@
......@....@.@.....@........@..........@.......@...........@
@.....@..@...@..@...........@..@...@.@@..@......@@.....@.@..
@.......@.......@.........@.....@@@...........@....@.......@
....@.@.....@@....@.@@@..@.....@....@.@........@.@..@.@.@...
@...@...@@.@......@.@.........@@@.@...@.........@...@@@...@@
..............@.@.....................@@.@...............@@.
....@....@..........@..@@.....@..........@.@.@.@...........@
......@......@..............@.....@@...@.........@@..@@.....
........@.........@.........@@........@.@@.......@@...@.@...
@.......@...@@....@.@...@.@...........@....@................
.......@..@.........@....@.@.@...@.@..@...@..@......@@......
.@......@.@@.@....@..@......@...........@.....@.........@.@.
@@..@...........@......@......@.....@.@....................@
.@@.@@@.......@.......@..@....@.@.........@.......@.@.....@.
@..@..@@......@..........@......@..............@@..@....@...
..@@...@.......@@@.@...@...........@.@...........@@.@@.@@...
....@.....@........@..@....@@.......................@....@..
.@..@@..@@..................@...@...........@....@@..@......
.....@..........@..@.....@....@@....@..@..@.........@@.@....
.@.@@............@..@....@..........@.@@...@..............@.
.......@....@@@@.@..@..........@@...@..@...@@..@............
@....@.@@.............@@.@.@@.@....@..@....@...@....@@@.....
.....................@...................@.......@...@..@...
@.....@..@...@........@...@@....@................@.........@
......................@.......@....@......@@@.@@.....@.@..@.
@....@..........@.......@.@..@.......@@@..........@@.....@@@
@...........@..@.@.......@...@................@.@...@.@.....
@...........@@.@.@...@@@@@.@.@...@.......@@...........@.....
..@...............@..@...@......@@@@.@......@.@...@....@....
.@@@@...@.........@.@..@.......@...........@..@..@.@........
@...@@...@.@....@....@@..........@..@....@....@...@.@....@..
.........@...........@...@.@.........@.@...@....@..@.@...@..
..@.@.............@...@..................@..@........@.@.@.@
..@.@..........@...@........@.......@...@.......@..@...@..@.
...@.@....@..@.....................@...@.....@.@..@....@.@@@
........@@@......@.....@...........@.@.....@.@@.......@.....
@@....@.@....@.@@..................@....@..@.........@....@.
................@....@...@.@.........@@......@@@@...........
@.@@.@....@@..@@......@....@....@.....@..@.@.@.@......@.@@..
Agents:
65
0,46,21,36,43
1,48,4,48,53
2,17,22,55,7
3,32,31,37,48
4,36,30,36,39
5,59,35,19,15
6,45,0,34,12
7,5,16,5,31
8,52,19,0,30
9,13,4,57,57
10,30,11,2,52
11,34,0,34,0
12,19,48,33,9
13,22,44,13,12
14,45,34,30,42
15,42,40,23,50
16,31,11,5,10
17,17,21,41,55
18,27,58,55,53
19,13,51,17,49
20,31,0,18,57
21,38,58,13,4
22,42,29,55,48
23,0,42,7,54
24,49,26,13,37
25,2,43,7,53
26,8,51,39,12
27,45,24,44,52
28,53,5,19,48
29,36,34,15,9
30,7,38,53,35
31,21,48,6,2
32,28,19,43,5
33,9,23,44,44
34,34,59,24,43
35,39,59,21,26
36,19,43,56,52
37,6,25,6,48
38,53,25,25,41
39,30,44,43,15
40,27,8,13,50
41,6,14,4,18
42,18,56,51,20
43,39,7,57,24
44,33,44,51,28
45,49,29,10,7
46,49,53,41,4
47,14,24,19,58
48,17,24,53,47
49,37,1,26,20
50,32,53,43,16
51,44,46,17,38
52,31,56,37,46
53,44,37,53,16
54,48,26,28,14
55,53,36,54,31
56,45,40,13,36
57,16,31,16,7
58,9,5,34,26
59,32,37,37,58
60,11,6,54,44
61,27,14,31,4
62,36,12,46,36
63,29,32,47,56
64,24,42,52,50
