0
Grid:
60,60
........................................@......@....@.......
..........................................@............@....
..........................................@................@
...............................@.....@..@...................
@..................................@........................
...........@...@.................@.....................@....
.........................................@..................
..................................................@.........
.....@......@...........@..........@......@............@....
.......@....................................................
............................................................
........@....@@........................................@....
................................................@.....@.....
....................................................@.......
..........@..........@......................................
.........@..................@@..................@.....@.....
........................................@.......@.....@.....
..................@...@...............@.....................
............................@@......@...@...................
......................................@.....................
...............@.....@...........@..........@.........@@.@..
.....@......................................................
.......@................@.................................@.
........................@......................@.....@......
..................@.....@...@@...@..........@.....@.........
............................................................
................@...........................................
.........................@....@.............................
.............@...................@...@............@.........
......................@.@.........@.........................
.@................@..................................@......
@....@....................@.@...............................
............@........@............@...@.....................
..................@............@.................@......@...
@.............@...........@...........................@.@...
....@......@.....................@..........................
.......................................@...@.@..............
......................@..........................@.@........
............@.........@........@...........................@
..........@.........................@.........@.............
...............@................................@...........
...............@..............................@.....@.......
..........................@.................................
.....................@......................................
.........@....................................@....@......@.
........@...............@..@.........@.....................@
..................................................@.........
.......@................@...................................
............................@.....@..@@.............@@...@..
........@................@...................@..............
..@..@...@........@..@......................@...............
................@..........@.......@.......@................
....@.....................................@.............@...
.....................@........@.............@...............
...........@..................................@...@.........
.......................................@.@..@...............
.....@@...............@...........................@.........
.......@..................@.................................
..................@...............@........@......@.........
...................................@.................@......
Agents:
45
0,26,42,35,54
1,52,46,13,23
2,11,24,53,4
3,58,27,44,59
4,41,10,33,51
5,30,27,2,34
6,17,48,46,6
7,19,18,17,27
8,25,59,9,57
9,34,34,50,38
10,55,30,22,30
11,47,54,11,28
12,8,23,53,23
13,28,58,8,51
14,9,29,29,51
15,22,1,42,48
16,38,21,1,30
17,42,47,26,29
18,7,0,47,36
19,30,43,55,40
20,45,18,40,0
21,42,48,34,25
22,20,24,1,20
23,59,20,35,31
24,35,1,30,3
25,50,47,13,25
26,32,52,49,38
27,47,22,6,43
28,58,16,43,5
29,15,31,46,58
30,42,59,0,59
31,17,12,7,13
32,48,29,2,38
33,48,56,51,8
34,5,32,9,35
35,10,25,50,58
36,29,50,20,34
37,47,59,3,46
38,34,44,7,39
39,23,8,56,55
40,39,34,5,56
41,28,46,39,45
42,33,20,30,11
43,48,51,54,28
44,44,59,17,42
