0
Grid:
70,70
..........@.............@...@................@........................
.@............................................@.............@.........
...........................@..........................................
@...................................@......@...@@..@...@..@...........
@........................@@...........@.......@...................@...
@..................@..................................@.@........@....
...........@...@.....@.....@..........@...............................
.....................................@.......@........................
........@.............@.@....................@............@...........
....................@................@.@..............................
.................@..........@.@.................@.....................
......................................................................
.......................................@.............@............@...
.....@....................................@..@........@...@.......@...
...................@..........@.......................................
.@..@.................@.............................@................@
.............@........................................................
............@................................................@.......@
............@.........................................................
........@................................................@............
.......@.....................................@........................
....@....@......................@.....................................
....@......@...@.............................@..@.....................
...............@........................@.............................
.........................................@....................@.......
..............................@........................@............@@
......................................................@...............
......@.....@........@................................................
.............................................@..................@...@.
.......................................@..............................
.........................@............................................
..................................@...................................
@............................................................@........
......................................................................
.............@......@.........@..........@...@........................
.............@....................@..................@..........@.....
........@........@.......@.............................@.@............
.............................................@.......@...............@
.............@......................@.....@..............@@...........
.....................@@...............................................
..................@............@......@..............................@
.@..@...@.....@..@....................................................
.................................................................@..@.
.....@..@.............@.........@...................................@.
.....................@......@.........................................
.........@..@......................@......@...........................
.......@..................................@...........................
..............................@.............@.......................@.
@...............................@.@.....@..@.@@.....@..............@..
.............................................@........................
.......................................@..........................@...
.............................................@....@...@......@........
.........@...........@..............................................@.
......@...@..@...@.............................@@.....@....@.......@..
.....@...........@...@................@.............@.................
.........@..@................@..................@...@............@....
.....@.@.@...@.....................@.......................@........@@
...............................................@......................
@.................@................@................@....@............
............................................@.........................
................@.......................@.............................
.........@..........@..@..@...@.......@..@............................
..............................@..........................@.......@....
...........@...@.....@......@.............................@...........
....@.....@..............@..........................@.@.@.............
........................@.......................................@.....
...............@..................@.@............@....................
..@.....................@...............@.........@......@....@.......
.............@..............@.........................................
......@........@.................................................@...@
Agents:
60
0,66,67,17,10
1,7,29,29,32
2,58,42,19,18
3,59,37,32,15
4,44,29,26,52
5,52,26,42,37
6,5,16,54,12
7,56,14,3,61
8,2,6,66,48
9,63,23,50,4
10,12,33,48,5
11,45,51,30,3
12,64,66,46,3
13,39,58,68,57
14,4,21,44,57
15,51,35,15,26
16,53,1,19,54
17,17,55,47,7
18,6,36,29,62
19,26,38,63,43
20,40,37,62,24
21,2,22,52,64
22,27,19,64,24
23,37,37,63,39
24,56,60,46,28
25,46,14,45,28
26,24,32,33,42
27,22,26,7,23
28,35,62,30,48
29,33,23,44,11
30,48,16,18,61
31,43,3,52,17
32,68,0,32,60
33,8,35,14,47
34,50,25,15,10
35,52,45,63,0
36,31,22,8,46
37,24,45,38,43
38,29,1,64,37
39,67,35,37,35
40,34,60,52,0
41,59,38,36,38
42,47,54,60,59
43,33,49,16,49
44,1,34,42,50
45,35,39,37,52
46,44,10,55,47
47,45,33,49,22
48,38,61,1,52
49,29,21,66,19
50,10,20,17,66
51,32,48,33,14
52,1,69,58,15
53,2,59,29,33
54,32,1,7,32
55,3,67,14,15
56,58,58,30,29
57,26,5,29,8
58,26,13,68,33
59,36,29,14,62
