8
Grid:
20,20
@.................@.
....................
..............@.@@..
....@........@......
...@@...........@...
............@....@..
....@............@..
.@..@...............
....................
....................
....................
....................
....................
....................
....@.........@.....
....................
..................@.
....................
....................
..@.................
Agents:
15
0,3,7,3,17
1,14,5,1,14
2,19,17,15,10
3,17,14,16,13
4,11,6,11,2
5,19,3,15,1
6,9,11,11,18
7,13,2,8,7
8,7,7,13,7
9,17,0,7,8
10,10,18,19,3
11,9,10,17,17
12,16,4,13,12
13,17,8,10,12
14,19,5,7,14
