5
Grid:
20,20
@.................@@
...............@....
...@..@...........@.
....................
.......@.@.@........
..........@.....@@..
......@.............
....................
..@....@............
.......@............
....................
.........@.......@.@
...@@..........@...@
..................@.
.............@..@.@.
...............@....
..@....@............
...@....@....@...@..
...@...........@....
......@@...@........
Agents:
10
0,0,7,13,17
1,5,19,11,6
2,7,14,16,10
3,15,0,1,7
4,10,11,10,0
5,9,19,10,4
6,6,3,7,1
7,0,13,4,15
8,0,10,7,16
9,16,17,7,10
