8
Grid:
20,20
....................
@...................
....................
....................
....................
....@...............
......@..........@..
....................
....................
....@...............
................@...
......@...........@.
........@...........
......@...@.........
......@...@.@.......
.@..................
...................@
.....@...@..........
..................@.
..............@.....
Agents:
10
0,13,0,8,6
1,4,7,19,5
2,9,17,4,7
3,5,6,3,8
4,4,10,11,10
5,17,13,3,13
6,18,15,0,11
7,8,17,8,19
8,4,0,8,9
9,2,13,10,6
