2
Grid:
70,70
.........................................................@.....@......
..........................@...........................................
@...........@.@....@............@...@........@........................
..............@.......@...........@...................................
...........@..................@.......@..@....@....................@..
.............@.........................@.........@....................
.@.......@......................@.....................................
...@.........@.............@..............@..........@.......@........
...........................@.........................................@
.........................@.......@..............@.@................@..
.....@..............................@...........@......@..........@...
..............................@..@................@...................
......................@...................@.@.........................
@............@........................................................
............................@...@..@.............@..........@.........
..........................................@.....................@.....
.............................................@........................
...........................@.@.....................@..................
.........@............................................................
.........@.........@.....................................@............
...........@..........................@...............................
..........@.........@.......@....@.................@..................
..........@..........@....@........@.......@..........................
..................................................@@..................
.@....................................................................
...........@...@.....@................................@...............
..........@...............................................@...........
......@..........................................@.......@............
...................@...@...................@..........@...............
.............@...............@........................................
......................................................................
..........................@.................................@.....@...
.............................@........................................
..........@...........................@......@@....................@..
.........@........@..........................................@....@...
...@.....@.....@......................@...............................
.............@.....@....................@@............................
...@@...............@...@.....................@.......................
.........................@..................................@.......@.
..@............@....................@.................................
......................................................................
............@...............@..............@@........@...............@
........................................................@............@
.....@..............@.........................@..................@....
.........@..............@........@..................@.............@...
................@.............................................@.......
@...........@.@.......@....@.....................................@@...
....................@....................@.....@......................
..........................................................@...........
..@.............@...................@..............................@..
.............@.................................@........@.@...........
..............@........@...........................................@..
........@....@...@....@...@.............@..........@..........@....@..
..................@................@........@...........@.............
.................@...........................@....................@...
.............................@......................................@.
.....@....................@@..................................@.......
.@.......@......@...........@.................@........@..............
......................................................................
..................@....@.....................@@....................@..
..@.....................@......@....@..@@.........@...@...............
...............@.....@....@....................@......................
......................................................................
@......@..............@..@..................................@.........
..@..............@......@.....@.@.....@............@..@.@............@
......................................................................
...@..............@........@@..@......................................
............................@....................@...@......@........@
......................................@......@@.......@@..............
.......................................@..............................
Agents:
35
0,65,45,2,24
1,9,56,63,10
2,37,69,52,21
3,3,9,11,66
4,7,18,66,64
5,36,2,6,54
6,57,45,64,44
7,69,61,17,5
8,24,40,58,4
9,62,31,27,12
10,35,25,57,43
11,33,69,61,50
12,52,58,28,8
13,5,18,39,30
14,52,69,4,3
15,58,9,13,11
16,20,8,66,58
17,28,63,25,44
18,63,21,23,42
19,31,23,61,53
20,47,54,38,16
21,30,26,29,43
22,43,48,56,65
23,68,1,18,22
24,66,6,56,31
25,36,16,68,30
26,13,60,52,66
27,54,40,48,66
28,12,9,29,51
29,4,49,49,10
30,63,54,15,52
31,27,8,27,50
32,29,26,68,5
33,51,49,11,46
34,16,5,52,58
