5
Grid:
20,20
.....@..@.....@.@.@.
......@.......@.....
.@...@...@.@...@@..@
@...@...@@........@.
...@.@......@@@.@..@
....@......@..@.....
......@..@...@...@@.
...@....@..@.@......
.....@.............@
..@@....@......@....
..............@.....
..@.....@..@@..@...@
@......@...@........
.........@.@......@.
..@.........@.......
@..@......@....@...@
....@...........@...
...@.....@.@.....@..
......@....@@.......
@..@..@.@.....@..@.@
Agents:
15
0,13,8,6,3
1,11,1,12,3
2,4,4,4,4
3,1,11,2,17
4,11,17,3,10
5,6,19,5,9
6,1,12,1,11
7,4,6,2,2
8,18,0,12,13
9,6,5,11,6
10,0,19,8,1
11,10,16,8,11
12,1,0,14,4
13,16,10,1,5
14,5,10,6,0
