7
Grid:
20,20
...@................
......@..@.@.......@
...@..........@..@..
@...@..@............
..@..@.....@..@....@
....@...............
@..@..@@....@.......
@......@.....@..@@..
@..@...@.....@....@.
....................
.@..........@.......
............@.......
.@...@......@.@@@...
.@@............@@@.@
@....@@.............
..............@.....
......@......@......
................@...
...@..........@@....
......@......@...@..
Agents:
10
0,7,9,0,11
1,5,8,16,0
2,5,14,6,19
3,11,13,6,5
4,13,11,19,10
5,10,2,12,18
6,13,10,1,0
7,8,6,8,10
8,6,14,19,5
9,5,12,10,15
