1
Grid:
70,70
.@..@@.@@@...@.....@...@.........@...@..@@.@.....@......@.....@.@@....
..@@.............@.@...@..@@..@..@...@@..@.......@...@..@......@@@.@..
@......@.........@@.@..@@@....@.......@@......@@...@..@.@..@@.......@@
.@.@@.@.@.@@.@@@..@@..@..@..@@............@............@.....@..@.@...
......@@.@.@@.....@..@...@@........@..@.@@@@@.@.@........@..@@@..@@.@.
..@.@..@@......@......@.@@....@@...@@..@@..@.@....@@.@.....@....@.....
..@.........@@@@@...@....@.......@@.......@....@.@@.@...@.@.@.@...@.@@
......@.....................@..@@@.@.....@@@@@@....@..@.@@..@........@
.......@.@.@.@..........@@....@.@......@@.@@.....@....@......@..@@..@@
...@...@......@...@.@@@@...@.@..........@...@@@@.@.@.@....@@@..@.@@...
@..@.@...@..@.........@.......@......@.@......@......@@.@.......@.@.@.
@...@@...@..@.@.........@@.@.@......@.......@.......@..@...@.@@...@@..
...@@.@@....@@....@....@@...@........@@...@.@......@@@..@.............
.@@@...@@..@.@@@@...@....@.....@@.@..@.@..@@..@@......@@.@.....@....@@
....@....@...@....@@.@........@..@.@....@@....@.@....@..@.....@@@...@.
......@.@@....@..@@.........@@...@.@...@....@@@.@.....@@@.@@.@....@@..
.@.@...@..@..........@.@..@.@..@..........@..@@....@..@.........@@..@.
@.@@@...@@@.....@@..@@.......@@...@.....@@..........@@..@..@......@@@@
....@....@....@...@.@@.@..@.@.@.....@......@@......@..@..@..@@@.@.....
@..@@.@@....@.@@.......@@.@..@.@..@..@.@@.@.@.@..@....@@.....@@@.@....
@..@@...@@........@.....@....@......@@@.@...@..@@..@....@.@.@.@.@@.@.@
.@@@...@@...@@.@....@@.@...@@..@.....@@....@...@@..@@.@...@....@......
.........@..@.@....@..@....@.................@@....@@....@.......@@...
..@@@....@.@.@.....@@.@....@@@..@.@.........@.@....@........@..@@..@@@
@.@..@..@........@......@.@...........@.@...@@...@...@.@@..@@.@..@...@
@.@..@...@.@..@@.@@..@.@....@@.......@@...@..@.........@...@.@.......@
@.@....@....@......@@@.....@....@..@@..@...@.......@@......@..@..@.@..
.@@.@...@@.@......@@@....@.......@...@.@...@...@@@..@@@@..@@...@@..@@.
@............@.....@...@@...@@...@@........@...@.......@.@.@.@......@@
.@...@@.....@..@....@@..@..@..@...@@.....@@......@.@@..........@...@@@
.@@.@..@......@..@..@.@.@.@..........@@....@....@........@.......@..@@
@.@......@..@.@...@.............@..@@.......@@...@....@@.....@@.@..@.@
@@...@.......@...@..@.@...@....@@@@..@.@.@........@......@...@..@.@...
....@...@.@.@.@.@.@.@.@...@..@.@..@..@......@.....@.@.....@.......@..@
@.@..@@@..@@@..@@...@........@.@@..@@..@.....@@..@@.@.@...........@@.@
.@...@.........@@......@......@@@@........@.....@@..@..@...@...@......
.@.@..@.@..@....@.@.@....@..@...@@........@..@...@.@.@@@..@@.....@.@.@
.......@.....@........@.@.......@@..@..@.@.@....@.@...@...@@.....@....
.@....@..@..@.@@.....@@.@@@....@@@....@.@.@@.......@....@@......@..@@@
.@..@...@.....@..@...@.@.@@..@@@..@.@..@....@......@..........@@@.@...
@.........@..@.@.@@......@.@....@....@@...@.......@.@........@....@.@.
...@....@.....@@...@........@@.@....@.....@@....@@..@......@.@........
.@.......@.@@.@@@........@..@...@@@.@...@..@@..@@.....@......@@....@@.
@........@.@..@....@.......@..@.........@...........@.@.@....@.@.@...@
...@.....@......@.@@....@@.@.@@.@..@..@...@...@@@.@....@@@..@....@....
.@@....@.@@.@@@.@....@..@@@.@...@...@@...@......@....@.@@@......@.....
@.........@..@.......@..@...@.@.........@@@@@@....@.......@....@.....@
@..@........@.@@...@@.@@@.@....@....@.@......@.@..@.@@@....@@@........
....@....@.@@@......@@..@..@..@.@..@..@.@....@....@...@......@.@.....@
@..@.@.@@.@.@..@......@@......@.....@......@....@@.@.......@..........
....@@@.@.@.@..........@..@......@.@..........@@@..@.@@.......@@....@.
..@..@.@.......@@@...@.@.....@.@@@..@@.....@....@@.@...@.....@@@......
..@...@@@..@.@@.@...........@.............@.@...@@.@@.@@......@.......
.@...@@@.@.@@.@.@@....@..@.@@.@.@....@@...@.@@..@.@.@...@@.@@@...@..@.
.....@........@..@.@...@..@.@@.....@@@@.@@...@..@...@..........@@.....
.@@..@.@@@..@.@.@...........@...@@..........@.@..@..@@...@..@..@@@.@..
@..@..@......@....@@.............@.@..@@.@...@...@.........@@...@@@...
.@.....@@..@...@...@.@..@@.@@..@@.....@@...@....@..@@@....@..@@.....@@
.@..@...@..@.........@@..@.@@..@.....@@..@..@....@@@....@.........@@@@
..@.@@.....@@@@.......@...@.@...@@@..........@.@.............@.@@.....
@.@.....@..@.......@@@@..@@@..@.@@..@.@@.@..@........@@@........@..@..
.....@..@.@....@....@@@.@..@.....@..@....@.@..@..@......@....@.@......
..@...@@..@.@...........@@@...@@...@@@@..@...@...@@....@......@......@
...@...@....@.....@@.@..@@.@...@@..@...@@..@...@@....@.......@@.@..@@@
@@....@.@....@.@.@...@..@@@.@...@@..@.@..@..@..@@@...@...@..@@...@.@.@
@@.......@@.....@...@.@.@.....@@.@@@...@....@.@..@...@..@@.@@..@@..@@@
.@@@.@...@@.@...........@.@@....@.......@@@......@.@..@..@..@@@.....@.
.@.@........@@.........@@....@..@...@...@...........@@..@@......@@.@.@
.@@.......@@@.@.@...@.@@@..@@@@.@....@..........@...@..........@@..@.@
@.@....@@@.....@..@........@@..@...@..@@.@.@....@@....@......@@@...@.@
Agents:
45
0,7,25,51,14
1,37,69,19,19
2,16,34,36,10
3,68,45,31,66
4,56,15,37,5
5,42,18,55,22
6,46,64,20,14
7,54,51,33,15
8,12,0,68,9
9,40,6,29,54
10,24,33,54,18
11,45,30,10,27
12,47,56,38,28
13,5,5,24,67
14,8,38,7,29
15,41,0,43,17
16,24,28,23,40
17,21,64,15,34
18,55,25,7,12
19,5,16,8,21
20,23,47,21,6
21,27,46,20,49
22,63,55,33,59
23,69,12,69,13
24,58,14,40,22
25,31,57,62,54
26,9,48,56,14
27,65,65,59,50
28,52,65,17,49
29,11,51,52,33
30,44,22,69,19
31,51,58,36,60
32,16,40,36,13
33,5,9,50,61
34,3,5,51,30
35,6,4,34,41
36,58,55,39,20
37,2,55,46,11
38,64,42,34,1
39,36,61,15,36
40,54,1,15,40
41,66,28,4,15
42,42,45,54,66
43,2,41,2,63
44,22,55,46,64
