1
Grid:
60,60
.@...@@..............@..@..@............................@...
.............@@..............@.....@.@....@.................
......................@@...@..@...@..@.................@....
.........@@@.@@.......@....@......@.........................
.........@.....@.........@......@@..@.........@.......@@....
..@..............................@@..@..@...@..@......@.@...
.......@.............@...@.@.....@...........@.......@......
..@@..................@.......@.........@.@.................
.....@.........@..@@@........@..............@...@...@.......
.....@................@..@.@.@.........@@..@@.@.......@...@@
....@...@...@..@..@...@.......@..@@.........@..@.....@..@@..
@.@.............@..@.@..@....@..@..........@@@.@........@...
.......@...@@@....@.@@....@.............@@..@.@..@........@.
......@.......@@....@.@..@............@........@@@..........
....@.@.......@.......@......@.@@.....@.................@...
@@@...@.........@........@....@..@.@................@..@..@.
..@..@@...@@....@.......@.@................@..............@.
...@....@.@.@..@..@........@.@@....@@@..................@@..
...@..........@@............@..@......@.@.....@@.@@@......@.
.......@.@@........@.@.....@.....@........@..@@...@.....@...
............@.............@..@..................@...........
..@....@.@.....@....@...........@..........@@.....@.........
@.@............@@................@...........@..@@........@.
...@.....@.@..@.......@.........@............@.......@...@..
.@..........@@......@...@@......@..................@.@@.....
...@@.......@....@........@......@..........@.@..@..........
@...@.....@.............@................@@....@..@@.@@.....
..............@..@............@.@@@............@............
......@.@.....@...............@........@.....@..@........@..
.....@...@@.....@...@.................@......@..........@...
..@........@.....@............@.....@.........@@.@.@........
@.@................@..........@...@.....@...................
.......@@..........@.........@...............@@............@
............@............@@.....@.....@...............@.....
..........@@.@.......@......@..@.@............@..@..........
....@......@..@@...@......@....@...@.............@@...@.....
@......@@@..............@.............@.......@.......@....@
.......@.......@...............@.@............@..@...@...@.@
............@.....@....@...@..@@............@...@.@........@
..@........@@...@.@.@@.........@.....@.............@@....@.@
.........@@.....@..................@.@...........@.@..@...@.
..@.@....@......@.........@.....@.....@.........@........@..
.....@@................@........................@.....@.@.@.
..@...@.@@..........@@..............@@......................
......@..................@..@...@...........@...@...........
.....@.@@..@@.........@............@..@..@...@..........@...
.@..@.@......@@@..@..@..@.....................@.......@..@..
....................@.@@....@......@........@...............
@...@....................@.....@...............@..@....@@...
.......@............@.......@..@...@@.................@.....
.......@.@...@@......@.@@.@..........@....@@........@..@....
@..............@....@...@@...@.@...@.....@@..............@..
......@............@.........@......@......@.........@@@...@
..@..@............@.....@.....@...........@...........@..@.@
....@.............@...........@..................@......@...
......@...@.....@...@....@..@...........@@...@..............
...........@...........@...........@.......................@
@.@...................................@..@.....@..@.........
.........@......@....@.@@..............@...........@...@....
....@@..@............@.....................@.......@.@..@...
Agents:
85
0,35,47,34,5
1,30,4,58,37
2,40,29,2,58
3,28,7,41,22
4,28,53,15,56
5,6,52,37,43
6,56,45,59,32
7,59,17,51,58
8,55,1,17,49
9,8,1,26,31
10,28,16,45,47
11,6,56,20,47
12,57,40,40,55
13,5,14,50,17
14,52,32,50,5
15,35,58,15,14
16,49,11,52,3
17,17,52,50,59
18,40,34,27,56
19,2,21,3,42
20,0,0,32,40
21,2,33,16,39
22,39,28,27,27
23,35,23,26,21
24,11,12,33,47
25,1,7,49,14
26,58,32,52,9
27,7,14,47,41
28,0,23,47,48
29,9,1,10,52
30,28,43,2,25
31,44,15,0,20
32,18,22,19,24
33,35,43,2,36
34,13,45,56,10
35,56,57,58,48
36,34,30,45,24
37,55,23,42,12
38,57,11,3,20
39,47,36,11,22
40,10,9,53,53
41,54,11,39,8
42,59,26,30,20
43,26,31,39,10
44,20,36,0,2
45,50,4,45,28
46,6,18,42,19
47,49,24,59,28
48,10,13,3,48
49,48,28,31,44
50,59,16,51,34
51,10,0,46,17
52,57,36,44,41
53,35,36,40,26
54,26,57,2,49
55,13,51,39,24
56,33,34,4,16
57,20,7,35,18
58,22,8,42,2
59,16,42,27,2
60,6,30,7,11
61,22,31,4,39
62,13,43,23,4
63,23,19,55,53
64,58,53,42,11
65,13,23,4,23
66,24,31,28,25
67,56,44,55,43
68,9,53,10,20
69,50,15,37,4
70,4,3,37,36
71,50,39,45,15
72,52,50,13,32
73,53,27,54,0
74,12,9,36,57
75,33,3,0,31
76,23,43,22,55
77,13,39,10,2
78,44,45,22,57
79,46,39,37,41
80,39,9,38,36
81,8,7,13,34
82,27,10,3,2
83,52,44,3,32
84,7,20,20,31
