4
Grid:
20,20
....................
....................
.....@......@....@..
....................
....................
@.......@...........
....................
......@.............
........@....@......
.@..................
.....@...@..........
....................
............@.......
.....@..............
....................
........@...@.......
...........@........
..........@.........
...@................
...........@...@....
Agents:
10
0,15,2,14,17
1,2,1,17,0
2,16,4,3,1
3,7,18,2,13
4,13,19,7,16
5,8,18,1,17
6,4,1,9,16
7,19,13,1,1
8,7,9,5,16
9,15,13,0,4
