0
Grid:
60,60
.....@...............@..@...@@.........................@..@.
...............@....@....@...........@......................
.@.....@.......@.......@...@.......@.........@.........@....
...........@...................@.........@....@...@......@..
.........................@............@......@..........@...
.......@...........@.............@..........................
...........@..@.....@@..@...@.@.....@..@...........@....@...
.....@.@...@...............@............@.@....@...@@.......
.@...............@..@..@....@...........................@@..
..................@.............................@@....@.....
................................@..................@.@......
...@......................@@............@...@........@..@...
....@........@.................@@.......@...................
..................................@.........@@.........@....
.@.......@.......@...............................@..........
.....@...............@..@.....@....@..@.........@...........
.....@...@....@.....@@....@......@..........................
.........@........................................@......@..
...........................@..............@...@...@@........
..@...............@..@...............@..@.@...........@.....
......@....@.@.......@.....@.....@..@@.....................@
........@...................@@..@.............@@.@......@...
......@..........@...@.............@....@.@.@.........@.@...
......@@.........@....................@.....................
.......@.............@.......@..............................
....@.....@.................@..@@.......@.........@...@.@...
........@.@.@.....@................@..........@.............
..@..........................@........@.............@.@.....
@........@.............@.............@.....@........@......@
....@........@...@..............@..................@..@.@...
..........@...........@.......@.@....@@@...................@
@...@.@.....@..........................@..@.....@.....@.@.@.
.........@@.@............................@..................
..@........@.@...................@@@..@.....@....@..........
.........@....@.............................@..@............
............@...............@@.......@.@....................
........@............................@@.....................
............................@@@..@......@...................
....@.......................................@...............
@@..............................@.................@.......@.
.@...........@...........................@...@.......@..@@..
......@.@......@..........@.................................
@..@......@............@.@...........@@.............@.......
......@..............@....@..@..................@@....@@....
..........@...@......@......................................
.................................@@..........@.....@....@...
.........@....@.....@..............@@....@..@...............
......................@...........@..........@.............@
..............@..............@.....@........@@..@.......@...
....@...............@.......@@.@..@.....@.........@........@
.......@....@.@...........@.@.......@.@..........@@...@....@
............................................................
..@.........@.@.........................@@..@@..@........@..
.......@........@@............@@...........@..@.......@.....
..@..@@...........@.........@...............@...............
.........@............................@.......@...@.........
.....@............@....@............@.....@........@......@.
.....@.....@...@........@...................@...............
......@.....@.....@....@..@......................@..@.......
..............@...@...............@.@.......................
Agents:
85
0,8,8,42,8
1,56,40,46,6
2,57,21,28,20
3,20,35,36,27
4,33,10,54,23
5,12,34,31,9
6,39,22,45,18
7,23,52,53,21
8,46,46,47,30
9,15,53,16,3
10,4,37,21,31
11,44,36,4,5
12,54,14,2,13
13,47,38,34,7
14,18,49,17,13
15,46,11,47,27
16,20,22,21,1
17,59,8,12,57
18,36,29,17,17
19,28,58,52,26
20,39,18,25,11
21,11,50,8,45
22,42,59,18,23
23,8,30,31,14
24,21,43,38,2
25,1,32,19,10
26,50,30,14,4
27,24,20,8,49
28,46,43,31,29
29,33,42,37,3
30,51,22,3,39
31,47,27,9,52
32,1,0,16,31
33,53,37,6,44
34,9,45,28,29
35,24,6,50,25
36,57,25,32,48
37,25,3,58,30
38,32,48,30,53
39,29,38,28,13
40,47,14,26,28
41,58,38,25,1
42,22,53,14,47
43,31,29,3,37
44,26,48,45,48
45,3,14,43,58
46,57,8,32,27
47,37,43,29,1
48,33,15,41,3
49,7,43,50,4
50,32,58,54,8
51,55,42,9,9
52,11,45,15,45
53,12,47,36,15
54,7,16,25,57
55,35,32,56,9
56,6,12,10,55
57,2,14,37,22
58,15,16,11,12
59,50,37,51,22
60,34,28,37,12
61,0,17,3,16
62,51,21,51,56
63,0,18,41,38
64,1,31,20,29
65,6,37,9,26
66,16,59,38,36
67,43,39,55,15
68,41,10,45,17
69,22,9,33,51
70,13,30,25,2
71,8,44,32,38
72,5,22,53,38
73,28,17,12,52
74,25,30,36,32
75,9,4,26,43
76,42,53,40,50
77,53,51,2,58
78,46,48,51,15
79,14,3,40,0
80,55,2,33,42
81,30,35,41,51
82,34,39,19,6
83,2,50,57,27
84,6,49,13,40
