1
Grid:
70,70
........@..............@.............................@................
............@......@..................................................
...@..............@........@.................................@........
.............@....@..............@...........@........................
.....@.....@...............@.................................@........
......@..@...........@..@...........@...............@........@........
.........@............@..............@.............................@..
.......................................................@..............
...........@.@....@.....................@.............................
.@@...@......................@..........@...............@.............
...................@........@...................................@...@.
...@....@...@.....@..@....@..............@....@.......................
..............................@...............@........@..............
.@.................@..@.............................@...@.............
.......................@..@.....@.....................................
........................................................@.............
...@..................................................................
......................................................................
................@..............@............@@.....@......@...........
......@...@...............@.......................@...................
...............................@........................@............@
.........@.@...................@..@...................@........@.....@
@.............@.@.....................................................
..@.........................@...@..@......................@...........
..............................@...........@....@...........@..........
@.....................................................................
..................@.......@...........................................
..@............@@........................................@...@@.......
................@................................@...........@........
.......@......@.......................................................
.........................@.................@.......................@..
...@.....@............@.......................................@@......
......@......................@..@........................@............
...........@........@..........@.......................@..............
..................................................@................@..
..............@........................@................@.............
..................@@...........................@.................@....
................................................@.@........@........@.
.....................@................................................
.....................@...............@....@.....................@.....
.....................................@..........@..........@.....@..@.
......@............@.........................@..@......@..............
...@..@.....................................@.........................
..................@@.........@.@..................................@...
...........................................@.....................@....
..@.....@..........@..........@...........................@......@@...
..........................@...............@..........@................
..............................@....................@......@@.@.@......
.............................................@.........@..............
................@.....................................................
......@@...@.....................@..............@...............@.....
........................@................@..@.........................
................@........@...........................................@
........................@...................................@........@
............@....................................................@...@
..............@.....@.......@@..........@.....@......@................
.................@.......................@.....@....................@.
.........................@..............................@.............
.....@...........................................................@....
@.............................................@.......................
......................................................................
........................................@..@..........................
...@............................................................@...@.
.................@................................................@...
.........@....@.............................@..........@..............
..........@.................................@....@....................
................@........................................@............
..........................@......................................@@...
........@@.............................@@..@..........................
.................@....@...@...........................................
Agents:
75
0,38,4,28,18
1,45,12,6,35
2,63,35,64,34
3,52,29,29,24
4,28,55,58,26
5,20,21,49,63
6,34,49,43,26
7,43,9,53,52
8,29,52,56,59
9,65,18,16,48
10,64,61,43,7
11,18,42,11,9
12,4,15,51,12
13,57,63,30,60
14,37,47,18,28
15,49,19,37,15
16,29,8,63,46
17,13,38,26,67
18,49,47,49,17
19,66,45,10,47
20,25,19,15,35
21,41,25,16,16
22,53,61,17,47
23,64,27,40,24
24,69,19,7,49
25,9,53,69,52
26,63,20,39,28
27,30,36,61,28
28,22,19,62,36
29,59,69,44,67
30,54,57,66,42
31,69,24,69,58
32,49,20,1,24
33,39,26,60,16
34,39,17,63,5
35,64,42,15,3
36,17,55,35,5
37,43,51,53,0
38,25,4,52,28
39,16,29,52,2
40,37,65,22,65
41,25,8,10,59
42,48,46,21,24
43,15,30,20,37
44,57,67,21,7
45,30,68,11,34
46,34,54,1,34
47,25,29,45,20
48,11,43,33,4
49,58,43,66,34
50,50,62,15,26
51,59,21,9,54
52,2,44,15,40
53,63,41,29,8
54,63,55,36,37
55,53,54,40,57
56,33,37,51,6
57,19,3,28,34
58,68,41,33,63
59,42,62,50,53
60,10,9,7,56
61,11,19,29,48
62,20,58,54,36
63,26,66,53,58
64,63,43,6,58
65,41,20,63,30
66,37,44,16,18
67,6,4,17,0
68,6,3,58,68
69,53,44,19,66
70,36,1,53,65
71,13,46,8,42
72,34,21,18,34
73,30,40,21,39
74,0,66,32,24
