1
Grid:
60,60
.......@.......................................@............
.....@..@................................@..................
................@.@.........................@...............
.....................................@......................
............................................@......@........
.....................@.............@.........@..............
................@.........................................@.
.............................@................@.....@.......
.........@......@...................@@...................@..
...........@........@......@.....................@..........
......................................@....................@
...@..................................@.........@...........
.....@..................................................@...
.........@..................@............@..@...............
.................@..@..........@.......@..............@.....
..@.........@...............................................
....@...........................................@...........
......@............................@......................@.
.............@...................................@..........
.............................@.....@.....@.@...............@
..........@......................@....@.....................
.@......................................@.............@.....
@...................................................@.......
......@.@................@.............@.............@......
.......@.....................................@.....@........
............@.........................@....................@
.................................@.............@.......@....
...@....................@@..................................
............................................@...............
............................................................
...........@.............................@..................
.......................@...@............................@...
..................@......................................@..
..@..@...............@........@.......@.....@...............
...................................@.................@.@..@.
..@...@........@.........................@............@.....
.......@...............@......................@.............
@........................................@..................
........................................@.................@.
.......................@.........@@@....@........@..........
........@..................................@.........@......
.....................@...............@......................
..........................@.......@.@......................@
...............................@....@@......@.........@.....
...................@...............................@.....@..
......@.......................................@..........@..
..@.............@...........................................
....@...........................@.................@.........
...@..@.....@...............................................
............@.......@.....@...............................@.
........................@......@...@....................@...
.......@.@..............................................@...
...................@...............@...................@....
............................................................
.....................@......................................
...................@...........@.......................@....
......................@..............................@..@...
..@...@...@........@.@............@.........................
.................@...............@.....@....................
@............@..........................................@...
Agents:
65
0,26,24,12,26
1,32,7,8,59
2,54,19,48,30
3,57,17,34,45
4,9,17,35,12
5,42,15,51,4
6,21,6,6,31
7,31,51,17,20
8,13,39,14,42
9,5,7,14,28
10,40,58,2,39
11,25,28,20,56
12,41,16,5,22
13,7,2,30,3
14,23,27,35,36
15,9,37,29,29
16,1,40,53,41
17,32,50,8,14
18,45,50,9,50
19,38,19,40,48
20,43,6,33,7
21,44,26,31,42
22,34,41,5,23
23,41,39,40,36
24,58,46,44,47
25,53,58,16,40
26,18,28,30,25
27,58,3,20,44
28,11,55,7,0
29,54,41,43,4
30,8,5,25,5
31,14,41,25,17
32,34,40,36,10
33,6,22,4,32
34,0,46,33,33
35,23,34,35,14
36,13,59,39,45
37,34,22,13,35
38,20,44,16,30
39,29,23,23,22
40,44,2,5,15
41,21,4,59,59
42,52,41,17,48
43,25,0,31,43
44,8,48,0,39
45,11,2,13,48
46,5,52,15,56
47,7,0,25,19
48,33,35,24,37
49,34,44,33,25
50,14,58,10,49
51,29,2,9,4
52,55,45,4,59
53,34,10,22,2
54,12,44,35,46
55,20,11,50,50
56,19,30,1,39
57,48,24,7,42
58,57,59,5,2
59,38,35,17,0
60,22,11,38,28
61,41,44,7,16
62,17,50,2,19
63,19,20,37,46
64,11,54,58,3
