0
Grid:
60,60
............................................................
............................................................
............................................................
............................................................
............................................................
............................................................
............................................................
............................................................
............................................................
............................................................
............................................................
............................................................
............................................................
............................................................
............................................................
............................................................
............................................................
............................................................
............................................................
............................................................
............................................................
............................................................
............................................................
............................................................
............................................................
............................................................
............................................................
............................................................
............................................................
............................................................
............................................................
............................................................
............................................................
............................................................
............................................................
............................................................
............................................................
............................................................
............................................................
............................................................
............................................................
............................................................
............................................................
............................................................
............................................................
............................................................
............................................................
............................................................
............................................................
............................................................
............................................................
............................................................
............................................................
............................................................
............................................................
............................................................
............................................................
............................................................
............................................................
............................................................
Agents:
75
0,45,26,2,48
1,6,34,35,39
2,57,25,17,21
3,32,21,51,19
4,6,41,4,43
5,7,20,25,30
6,41,55,39,54
7,41,17,38,15
8,58,36,40,58
9,38,12,30,25
10,33,20,21,5
11,29,53,38,53
12,17,44,29,47
13,20,23,14,45
14,16,33,30,6
15,35,49,52,27
16,40,25,8,38
17,19,55,42,54
18,55,25,6,39
19,24,59,3,19
20,58,13,58,58
21,43,53,40,13
22,55,19,7,52
23,4,4,11,5
24,7,48,47,49
25,14,38,47,27
26,13,50,1,2
27,25,25,0,8
28,56,13,14,14
29,16,12,9,31
30,4,8,38,10
31,5,33,11,57
32,5,18,10,20
33,40,16,26,1
34,35,46,2,50
35,21,32,37,57
36,12,39,34,35
37,13,19,7,24
38,36,36,41,23
39,58,58,6,46
40,39,16,49,53
41,15,27,57,51
42,19,56,33,12
43,59,54,24,20
44,58,41,9,48
45,8,11,40,51
46,54,49,28,39
47,8,9,55,29
48,47,36,59,55
49,39,48,2,17
50,28,21,41,50
51,26,41,14,57
52,26,34,53,39
53,36,5,56,58
54,49,20,30,21
55,15,18,9,10
56,32,48,56,48
57,52,38,13,16
58,14,8,24,40
59,42,50,2,11
60,16,41,9,32
61,47,39,55,34
62,24,0,45,40
63,44,23,38,6
64,11,26,10,14
65,48,21,50,7
66,18,51,25,6
67,47,54,21,11
68,0,37,12,4
69,30,1,33,4
70,12,54,43,57
71,4,38,9,50
72,26,49,20,46
73,38,6,31,0
74,57,29,12,2
