1
Grid:
60,60
@....@@..@.@.....@@..@...@.........@.@@@@..@.@.....@@..@....
....@@@.@..@...@@..@.......@....@.@@.@@@.@....@....@....@@..
.@@@@..........@@..@@..@..@.@..@..@.@@@...@......@@..@......
@.............@...@..@.@..@............@....@..@........@@.@
@@@...@@..@.....@.....@....@...@@.........@@..@@@..@..@@....
...@.......@...@@@@.@......@.....@..@.@@@......@.........@..
.@..@.@@..@....@.......@..@@@..@.@@.@@@@@.....@@@.....@.@@@@
....@..@@..@.................@....@@....@..@..@..@@....@@@@@
@@...........@@.@.....@...@.@....@.........@........@.@.....
.@.............@@....@.....@..@....@........@@..@@...@..@...
.......@@....@.@@..@@@@@@@..@@.....@@@@.@@.@.@....@..@...@..
@@..@.@..@.@...@.......@..@.@.@.........@.......@@...@.@@@..
@..@..@...@..@..........@.....@...@@.@...@...@@..@....@..@.@
@..@.......@@...........@.@..@.....@......@@@..@..@..@..@@..
.@.....@.@@@...@...@.@..@..@...@.@.........@.@...@.@........
@.@.......@..@........@..@@......@@....@..@......@..........
@@@..@@...@@.......@@...@.@.@..@@@..@@.@@@.@.@.............@
..@....@@...@@..@.@......@....@...@@.@.......@@@.@..@@@.....
@@..@...@..........@@.@@...@..@.@..@@....@@@@..@...@.......@
.@.@@@@.@..@......@................@..@@.@.@@..........@.@..
......@@..@..@..@@@......@..@@.@.....@..@...@.@...@.......@.
.....@..@..@@@@......@@.....@@@....@...@..@...@...@@@.@..@.@
........@..@.@@.....@.@@.@..@.@....@.........@@.@@..@@.@@.@.
......@@.@@.@.....@....@.@..@.@@@@.@@..@..@@@.......@.....@@
....@.@.......@.@.@.@@...........@..@@.....@....@.@.....@@..
....@@.......@.....@@@@...@.@..@.@.....@@.@@.@.@.......@.@@.
........@.@........@....@..@..@..@.@.@....@..@...@..@.....@.
@..@.......@.@..@.@...@..@..@.......@.@@@.@.@..@.....@..@@..
@........@...@@.@..@.@@@.@.@........@....@@.@...@@@....@@..@
.@........@@.@....@.@..@.@@.@.@....@..@.....@...@@...@.@.@..
@.@@..@.......@.@.......@@...@@.......@.@@...@..............
..@......@@....@......@@...@@...@@..@....@@.@....@@......@@.
@..@...@.@.........@@..@@...@.@.@.....@..@@....@@.........@.
.....@@..........@@.@.@.......@........@....@...@@...@.....@
..@......@.@@...@@@.@.....@.........@.@...@..@........@@.@..
.@.@@..@.@.....@..@@@..@@...@......@@......@.@.......@@@@@@@
.@..@@@@...@.@...@...@.@..@.....@....@...@.@@@...@@@.@......
@.@.@..@...@..@..@...@.@.@..@.@.....@..@.........@@@.....@@.
.....@@...@@............@@@@....@.....@.........@.....@@@.@@
@.....@.......@.@@..@...@....@.........@.@...@.........@..@.
.@@.@...@...@@......@......@....@..@@.......................
.@.....@@..@.@@@..@@@.....@.@@@......@...@.@..@@@...@@.@....
.........@@.@...@@.@........@@@@.@........@..@.@.....@@.@...
@......@.@..@@.@.@......@@@@.........@..@.......@.@@........
@.@..@...@.@@@...@.......@...@.@...@......@@.@....@...@...@.
.....@@..@....@..@..@.......@..........@.@@@.@..@........@.@
.@..@@@.@@@.@.....@.@.@.@@.........@.......@.@.@@.@..@@...@.
..@..@.............@@.....@.@....@@.......@@..@@@.@@...@...@
@@.....@.@.@@@.....@.@@...@....@.......@..@@.......@......@@
.@...@..@..@......@..@..@......@@...@@@.@......@..@..@@@...@
.@.@@@.@@..@....@.@...@@.@@........@....@.....@....@@@@@@...
.@..@.@.....@@@..@...@....@.....@@..@..@@@..@..@....@.@.....
@.@...@.@............@...@@@@..@@..@@.@..@@.@..@@.@......@@@
.@.@..@.....@.....@.@.@..@...@..@@@.@....@.......@@.@.......
@.@....@..@@@.@@.@..@@....@.@..@...@@.@...@...........@.@@..
@.......@@@...@..@.........@.@@..@....@@@..@@.@.......@..@@.
.@.@......@....@...@..@.@..@@.......@..@..@.@.@......@.@@...
......@....@.@....@.......@@.....@..@@..@@..@........@.....@
........@...@......@@@...@..@..@.....@.@@@.@@@.@.........@@.
.@....@.@........@.@.@...@...@@..@.@.@.@@.@@....@......@@.@@
Agents:
50
0,58,17,31,11
1,22,54,54,48
2,59,44,24,34
3,52,52,47,23
4,9,26,0,34
5,29,32,22,40
6,49,41,3,13
7,15,45,35,10
8,12,36,38,7
9,27,35,39,18
10,47,58,48,38
11,3,20,36,47
12,38,47,13,39
13,44,30,58,3
14,31,35,32,8
15,7,19,48,57
16,15,35,11,19
17,26,28,37,15
18,26,38,41,38
19,53,11,16,12
20,14,23,18,55
21,18,5,48,54
22,49,48,4,49
23,48,20,49,4
24,17,0,17,1
25,5,52,12,20
26,4,37,4,8
27,32,11,28,51
28,32,34,43,58
29,54,59,26,25
30,4,36,36,48
31,6,22,43,36
32,37,45,23,49
33,20,14,19,24
34,54,47,1,52
35,48,15,27,37
36,4,19,2,48
37,8,57,47,58
38,6,9,33,42
39,25,38,43,47
40,6,55,5,35
41,16,46,45,7
42,26,54,57,2
43,1,44,2,33
44,17,31,18,31
45,24,44,49,58
46,41,57,27,30
47,50,44,6,41
48,23,27,5,9
49,50,39,53,38
