0
Grid:
70,70
...@................................................@........@........
..................................@..............@...........@@@......
....................@.....@.................@....@...............@....
....@..............@........@.@...............@.......................
......@.......................@...........................@...........
......................................................................
..........@........@..........................@.......................
.....................................@.....@.....@@...................
...........@.@..............@....................@....................
................................@.................................@...
.............@..@.......................@............................@
......@....@..................@......@.....@..............@.......@...
.@...@....................@..@....................@...@.....@.........
........@..............@..........@.....................@.............
...................@.........@........................................
...................@..........@..............................@...@....
....@...........@.@.......@..................@......@.................
...@..........@....@.............@....................................
.............@......@........................................@........
...........@........................................@..............@..
............................@............@..@.........................
.................................................@....@...............
................@.................@...................................
....................@......@.............@.............@..............
.........@...@............@...........................................
..........@......................@...@........@.......................
..............@..@..........................@.........................
.@.......@.........................................................@..
.@......@......@..............................................@.......
............@.......................@...........@........@............
............@.............................@...........................
............................@..........@........................@.....
......................................................................
..................@...................................................
......................................................@...............
...........@.........@..........@.......@.............................
......................................................................
........@.................................................@...........
..............................@....................@..................
.@..........................@....@....................................
..@...........@......................................................@
....................@..........@......................................
.@.......................@.....................@.........@..........@.
...........................................@..........@.......@....@..
.@.@..................@...............................................
....................@........@..@.......@..............@..............
.....@@..................@..............@.............................
...@.......................@@..............................@....@@....
.........@.......@.@..............................@...........@.......
............................................@..........@..............
.@...............................................@..............@....@
.......@....@.......@.........@...........@.@.....@...................
....@.........................@......@.......@@..................@@...
...@@..........@........@...............@...................@.........
.............@..................................@.@.....@....@........
............................@................@.......@................
....................@..................@..............................
@..........@....@......................@......@.......................
.......@..............................................................
................................................................@.@...
.@....................@..............@...............@................
......@.......@.@..............................................@......
..........................@...........................................
..........................@.......................................@...
.....................@..........@............@....................@...
............................@........................@..@.............
......................@@@.............................................
........@........................@..@.....@.............@.........@...
..............@.....@.................@..@.............@..............
...........@...........@................@........@....................
Agents:
65
0,5,44,40,45
1,21,48,2,64
2,21,7,14,41
3,33,27,1,52
4,6,59,56,47
5,50,36,31,34
6,14,49,7,8
7,49,49,60,39
8,48,6,33,55
9,0,16,26,59
10,36,35,18,2
11,15,37,36,26
12,68,68,6,26
13,59,67,46,34
14,22,42,60,4
15,18,52,36,23
16,57,69,64,50
17,15,38,45,47
18,13,29,10,49
19,60,5,24,3
20,59,20,28,40
21,21,62,41,66
22,62,32,34,18
23,5,22,9,59
24,12,52,9,15
25,49,37,49,35
26,66,50,24,19
27,29,53,33,66
28,50,23,52,50
29,18,35,22,57
30,4,34,14,47
31,41,67,9,68
32,48,15,44,27
33,33,11,7,18
34,35,19,44,38
35,16,65,7,40
36,27,16,13,17
37,45,35,4,24
38,62,37,14,53
39,55,40,27,48
40,62,50,25,6
41,56,7,17,32
42,69,45,3,7
43,9,29,63,11
44,48,36,8,14
45,57,23,26,66
46,15,57,17,59
47,21,64,24,32
48,58,0,15,53
49,16,30,33,24
50,21,1,29,40
51,23,53,52,8
52,26,5,4,2
53,8,15,55,3
54,31,51,68,52
55,50,34,39,46
56,42,60,32,65
57,11,41,45,62
58,15,58,30,39
59,2,6,8,20
60,40,49,6,67
61,7,3,39,32
62,1,26,15,21
63,2,51,8,54
64,51,1,14,62
