0
Grid:
60,60
............................................................
............................................................
............................................................
............................................................
............................................................
............................................................
............................................................
............................................................
............................................................
............................................................
............................................................
............................................................
............................................................
............................................................
............................................................
............................................................
............................................................
............................................................
............................................................
............................................................
............................................................
............................................................
............................................................
............................................................
............................................................
............................................................
............................................................
............................................................
............................................................
............................................................
............................................................
............................................................
............................................................
............................................................
............................................................
............................................................
............................................................
............................................................
............................................................
............................................................
............................................................
............................................................
............................................................
............................................................
............................................................
............................................................
............................................................
............................................................
............................................................
............................................................
............................................................
............................................................
............................................................
............................................................
............................................................
............................................................
............................................................
............................................................
............................................................
............................................................
Agents:
50
0,55,0,41,56
1,23,33,10,0
2,20,36,10,3
3,24,46,59,30
4,1,51,36,2
5,21,26,1,16
6,50,45,18,35
7,39,9,54,20
8,0,58,15,19
9,1,12,36,36
10,12,39,38,2
11,57,30,14,4
12,13,40,53,18
13,1,47,33,5
14,12,10,16,36
15,35,12,35,22
16,45,58,26,30
17,9,26,8,10
18,25,32,18,30
19,48,58,46,55
20,37,55,26,28
21,58,44,58,5
22,7,10,44,19
23,4,45,46,31
24,34,23,51,32
25,43,33,40,5
26,35,44,36,43
27,23,16,19,22
28,3,53,50,36
29,20,40,52,43
30,34,37,37,28
31,34,51,41,57
32,16,8,52,50
33,41,52,34,56
34,43,28,44,49
35,10,3,21,52
36,34,16,29,51
37,40,13,59,49
38,22,3,35,43
39,35,15,26,13
40,12,49,15,51
41,27,1,18,59
42,37,0,15,57
43,34,53,24,57
44,23,32,41,49
45,11,8,34,0
46,23,0,46,19
47,21,7,59,6
48,27,59,58,40
49,29,12,1,30
