1
Grid:
70,70
......@.@......@@......@.@........@.....@.@.......@...................
.......@..........................@................@......@...........
......................@..@.@.........@.@.....@@....@@.............@...
.....@...............@.@......@........@@@............@@@@............
....................@..@.@@.................@.........@....@@......@..
..@...........@.......@..@..@.....@@..................@.....@.........
.@.....@....................@@..............@.@@..@...@...........@...
....@@......@......@............................................@.....
.....@@........@.@...@......@.@...@.........@...@......@.......@.....@
......................@@.@.........@...@.@.......@.@@..@.@......@..@..
...@.....@.....@..@.@@.@...@..@..@......@...@.......@.@..@........@...
......@.@...@.@.................@......@...........@..@..@.@.........@
...........................@@...@...@.@@...................@..........
.......@@................@.....@..@...@.....@.......@@....@...........
.............@...@............@........@...@@.@....@@.......@......@..
.@.@.@....@.@......@.........@.......@@...@....@..............@@...@@.
.@.........@..........@...@........@...@.........................@....
.......@..@.......@@......@......@.........................@@@@.@.....
...........@@....@..@@...@@.....@.............@.@..@.@@.....@......@.@
.@.....@....@......@.......@..............@@@.....@....@..@....@......
.@..@..@.@..@.....@.@.@@....@.......@....@.@........@......@.@......@.
@..@...............................@...@..............@.@..@....@.....
.........@@@..@...........@.......@@.....@.@...............@...@...@..
..@..................@.............@..@....................@..........
......@....@..................@@@...........@.@.@....@..........@.....
@...........@...@..@........@...@.........@.......@.....@............@
....@........@...@@...@..............@@.........@@.....@.......@......
..@.........@...@..@@......@........@......@..........@.@@.@@.....@...
...@........@@...@.....@..............................@.@......@..@...
.....@..@@....@...@@.@.........@...@..........@....@..@......@..@.....
..@...@............@................@@...@.@..@......@..@.@...@....@..
.@.............@...@...@@.......@...@...@.......@....@....@.........@.
................@...@....@@...................@@...@......@..@@......@
.......@................@.........@.@..@......@@....@...@......@..@...
.......@........@..@.............@..@..@....@.....................@@..
...@@..@.......@....@@.@..@...............@..@..@@...........@........
...@..........@..@...@....@.@@...@.....@...............@..@..@........
................@.....@@......@....@@........@..@............@.@......
@...........................@.......@.@......@............@.....@@.@..
...........................@................@.@............@..........
@@@...................@.........@...@....@@.@........@.@...@..........
@..................@....@......@......@@...@.......@@.@.@.............
.@....@........@.........@.....@............@..@@.@@@.@.......@.....@.
...........@....@........@.............@....................@.........
...............@@............@...@..@.....@.....@..........@.@......@.
.....................@.@@.....@..................@....@..@........@@..
..............@.@........@...@@@...@...@....@..@....@.@.@.....@....@..
..@..@@.......@@..@....@...@..@..@....@....@@............@..@.........
..................@....@...@.....@..........@.....@.@.@..........@....
......@........@@...........@..@.......@.@...@...............@......@.
...@@...........@..............@.@.@......................@@........@@
.@.....@...@....................@.....@@..@.@..@...@......@...........
....@......@.@..@.....@.@.......................@..@...@.........@....
...........@...@.@..@..........@...@......@@......@........@.......@..
@..@...........@@......................@.....@...............@@.@.@..@
..........@...@..........@..@@....@@.@..............................@.
...............@@.....@..............@.@.@.@................@...@...@.
.@...........@....@@.@.@@@..............@.@.....@.@.........@.@..@...@
...............@.@@@@.@.......@..@@...........@......@@.....@.....@...
..@.@.....@...........@.....................@......@@..@.........@.@..
...@...@......@.....@...@........@...........................@........
....@@@@.............@.@.@..@.....@....................@....@@...@...@
@.........................................................@..@@...@..@
..............................@..........@.....@.@..@.@..........@.@..
@.@.......................@.....@...........@......@@@................
.......................@....@.@.......@....@@@....................@...
..........@......@..............@..@..@........................@......
.@.@@.....@@....@..@@@............@....@..............@..@............
..........................@@@................@.....@............@.....
..@.........@......@...@............@.......@....@.@..@....@@.....@.@.
Agents:
40
0,36,67,23,66
1,7,27,37,56
2,17,36,11,38
3,50,48,64,69
4,48,6,3,42
5,34,29,55,19
6,52,44,62,44
7,54,23,69,41
8,57,14,60,42
9,44,23,50,2
10,18,13,24,47
11,66,64,13,48
12,6,18,65,16
13,22,49,21,16
14,14,62,0,3
15,20,24,61,45
16,68,54,58,38
17,23,19,15,9
18,41,28,61,30
19,48,61,26,60
20,8,24,7,10
21,10,34,30,18
22,27,13,57,11
23,41,15,41,33
24,5,63,34,22
25,52,64,60,41
26,18,37,64,61
27,51,53,52,3
28,9,1,17,37
29,43,42,39,67
30,8,27,1,26
31,45,0,16,12
32,69,5,63,23
33,28,29,58,56
34,36,53,7,7
35,3,32,9,46
36,51,23,6,48
37,60,9,23,51
38,7,69,0,11
39,56,27,15,34
