2
Grid:
20,20
..@..........@...@..
..@...@.@...@.......
...........@.....@@@
..@........@......@.
@.........@.@.......
...................@
...@..@......@......
..............@.....
.@@......@..@...@...
.....@..@@@@@.......
................@.@.
........@.@....@..@.
....................
...@.....@.......@..
..........@...@@...@
@.@@..@..@........@.
.@.@...@............
.....@......@....@..
...@................
.......@............
Agents:
30
0,17,8,7,2
1,14,11,13,19
2,12,12,1,4
3,18,19,17,15
4,6,17,19,2
5,7,10,9,0
6,7,16,12,17
7,7,6,14,12
8,15,10,1,9
9,11,1,19,19
10,2,2,8,6
11,9,15,3,10
12,17,2,8,19
13,18,5,17,8
14,17,4,9,13
15,1,16,4,1
16,16,12,6,1
17,19,9,10,3
18,19,19,11,2
19,17,14,6,11
20,8,0,18,17
21,4,18,17,14
22,1,17,16,14
23,11,2,15,17
24,13,1,0,7
25,10,6,0,3
26,16,13,3,15
27,11,11,10,7
28,1,0,15,16
29,19,3,17,13
