6
Grid:
20,20
..........@......@..
.@..................
..............@.@.@.
.....@............@@
.@.@...@..@.........
....@@..............
.@@.@@.@....@..@.@@.
....................
...........@.......@
@..........@........
.........@..........
.@@........@@...@...
.@.......@..@@@.....
........@....@.@....
..............@.....
......@.@.@...@.....
...@...@...@.......@
.............@@@...@
........@.@.........
...@.......@......@.
Agents:
30
0,1,10,17,4
1,8,14,1,3
2,10,4,10,14
3,1,15,17,10
4,4,11,6,19
5,16,14,17,3
6,14,18,1,8
7,13,11,3,12
8,7,15,13,4
9,0,0,11,15
10,12,5,16,2
11,11,8,7,2
12,19,14,19,16
13,10,18,12,6
14,8,15,19,0
15,15,19,7,9
16,0,6,10,8
17,6,19,10,19
18,8,18,19,9
19,9,4,8,14
20,18,11,14,11
21,3,6,1,7
22,9,8,3,9
23,10,3,17,6
24,4,9,16,1
25,10,1,12,7
26,18,2,14,3
27,2,1,17,0
28,4,6,12,11
29,3,0,9,5
