3
Grid:
20,20
....................
....................
....................
....................
....................
....................
....................
....................
....................
....................
....................
....................
....................
....................
....................
....................
....................
....................
....................
....................
Agents:
30
0,8,7,4,16
1,11,9,12,6
2,8,3,18,19
3,9,5,5,17
4,14,19,4,7
5,14,15,13,8
6,13,15,6,9
7,2,16,11,2
8,16,9,15,9
9,11,11,0,7
10,5,17,3,3
11,1,2,1,9
12,13,4,9,5
13,15,17,5,16
14,10,15,12,11
15,10,1,4,18
16,16,8,18,9
17,0,2,8,12
18,2,17,17,5
19,16,15,8,7
20,18,2,7,13
21,17,2,9,19
22,17,9,15,3
23,19,3,7,9
24,2,13,10,15
25,1,19,6,15
26,8,17,6,2
27,1,13,7,16
28,8,6,5,12
29,9,4,18,11
