1
Grid:
70,70
......................................................................
......................................................................
......................................................................
......................................................................
......................................................................
......................................................................
......................................................................
......................................................................
......................................................................
......................................................................
......................................................................
......................................................................
......................................................................
......................................................................
......................................................................
......................................................................
......................................................................
......................................................................
......................................................................
......................................................................
......................................................................
......................................................................
......................................................................
......................................................................
......................................................................
......................................................................
......................................................................
......................................................................
......................................................................
......................................................................
......................................................................
......................................................................
......................................................................
......................................................................
......................................................................
......................................................................
......................................................................
......................................................................
......................................................................
......................................................................
......................................................................
......................................................................
......................................................................
......................................................................
......................................................................
......................................................................
......................................................................
......................................................................
......................................................................
......................................................................
......................................................................
......................................................................
......................................................................
......................................................................
......................................................................
......................................................................
......................................................................
......................................................................
......................................................................
......................................................................
......................................................................
......................................................................
......................................................................
......................................................................
......................................................................
......................................................................
......................................................................
......................................................................
......................................................................
......................................................................
Agents:
50
0,20,40,61,20
1,4,34,13,37
2,22,0,35,0
3,43,45,12,27
4,15,18,59,41
5,5,37,42,62
6,42,14,31,60
7,48,56,48,14
8,33,11,49,41
9,57,3,20,2
10,53,40,40,8
11,49,30,12,25
12,4,1,12,43
13,58,5,66,12
14,24,32,11,14
15,32,1,4,14
16,35,28,15,54
17,19,34,0,53
18,2,28,19,10
19,28,17,12,60
20,66,66,63,60
21,34,19,66,23
22,32,62,40,23
23,25,14,18,63
24,9,50,40,41
25,51,31,64,26
26,25,55,31,42
27,20,49,42,67
28,61,43,61,40
29,29,20,48,33
30,11,37,34,11
31,20,52,61,23
32,55,3,43,26
33,1,14,38,9
34,64,14,60,33
35,53,4,10,31
36,52,40,25,61
37,7,57,42,43
38,5,29,12,40
39,68,12,54,61
40,45,44,66,52
41,65,44,44,52
42,51,0,5,42
43,46,49,24,51
44,7,39,29,36
45,42,29,56,42
46,69,8,38,26
47,6,28,65,2
48,45,52,21,46
49,33,28,14,56
