3
Grid:
20,20
.@.@.......@@.......
......@.............
.@...@.....@..@.....
...@...............@
.@............@.....
@..@....@....@@.@...
..............@.....
......@..@.@....@...
@...................
..@.................
@.@.....@...........
..@.@...@...@......@
...@...........@...@
.@...@.....@@.......
.@.@..@...@.@.......
.............@..@...
......@@.......@....
.@.............@....
....@....@@.........
...@....@.@@........
Agents:
25
0,3,13,16,9
1,0,10,18,3
2,0,14,0,14
3,1,7,10,5
4,13,7,9,7
5,3,12,7,7
6,17,19,18,11
7,3,4,10,19
8,18,16,13,15
9,13,10,9,13
10,17,6,8,10
11,18,12,13,0
12,9,14,12,0
13,11,16,11,10
14,0,18,15,2
15,9,5,7,12
16,4,9,15,14
17,7,10,0,7
18,9,15,14,18
19,7,5,10,10
20,13,13,11,14
21,11,13,18,6
22,11,3,3,16
23,17,13,14,17
24,11,7,9,9
