0
Grid:
70,70
....@........................................@....@...................
.....@............................@.............@@....................
.................................................@....................
@.@........................................@..........................
.@....................................@..@............@...............
........................@..............@.........@.......@..........@.
...........@..........................................................
.........@...............................................@..........@.
..........@@.........................@................................
......@......................@......................@.................
.@.......@.@...@.......@..........@...........................@@......
@......................@......@.....@........@.....................@..
.........................................@......@....@............@...
........@...........@............@........@...........@..............@
...........@.........................@........@...@.@.................
............................@.........................................
.@.............................@......@...............................
..............@...@.....@.........@.@...............@.................
...........................................@..........................
..@...............@...................................................
......................................................................
............@.........................@@.@..@.@..@...........@........
.....................................@.....@......@........@..........
...@.......................@......................................@...
.................................@.................@.......@..........
....................@...................@......@......................
............................@.........................................
......................................................................
.................................@...................@................
..@..........@.....@..................................................
@....@..............@.@.........@..................................@..
......................................@....................@..........
..................@..............@......................@.............
..................@.............@......................@...@..........
............@...............@....@.......................@@...........
.................................@...@..............@.................
..@.@...........@.....................................................
...........@.....@................@..@.........@..................@...
..........................@..................................@........
...................@.......................@....@.....................
............@................@........................................
.................@.............@........@................@............
@........@....@...@..@....@.................@.......................@.
......@....................@.....................@....................
......@.............................................@.....@...........
...........@.@.....................@.....@.....@....@.................
.................................................@...................@
.......@................@...........................@.............@...
.@...........@@.........@.......................................@.....
...................@.....@...@..............@.........................
...@..@...............................................................
...........................................@..........................
.......................................................@..............
...................@..............................@........@..........
...................@...@...@....@@.........................@@.....@...
..@..@......................................................@.........
.@.....................@.........@....................................
......@.......@........@................................@...@.........
......................@............@.........@.................@......
.......@@............@................................................
...@...................@@.....@.......................................
..........................................@@.@.....@......@@..........
.............@............................@..........@....@...........
.@.....................@.................................@............
.....................@.................................@..............
..................................................@.........@........@
...........................@.........@................................
..............@.@.........@...........................................
.........@.................@.....................................@....
......................@....@.......@........................@........@
Agents:
80
0,8,14,44,55
1,32,53,52,17
2,29,4,20,24
3,21,27,9,1
4,31,61,45,28
5,41,16,29,42
6,47,28,9,50
7,4,51,27,60
8,2,69,3,8
9,68,59,12,27
10,39,49,32,49
11,46,4,13,41
12,62,33,46,45
13,37,51,20,41
14,17,60,51,59
15,65,31,43,4
16,41,18,7,33
17,55,65,11,63
18,55,44,15,59
19,2,29,27,41
20,2,15,19,31
21,40,66,7,24
22,6,56,61,54
23,46,61,68,42
24,47,4,65,32
25,3,67,6,51
26,26,20,33,3
27,44,53,9,22
28,6,24,8,17
29,12,57,13,21
30,59,50,9,45
31,43,51,8,61
32,20,16,40,48
33,57,55,19,42
34,66,6,35,15
35,14,24,13,25
36,57,4,31,16
37,55,24,39,63
38,9,49,20,25
39,68,6,10,58
40,57,46,5,44
41,3,12,60,4
42,57,68,68,44
43,4,21,13,6
44,44,2,18,59
45,58,30,41,49
46,32,14,39,58
47,40,22,31,53
48,41,59,50,50
49,45,59,57,51
50,68,60,35,47
51,65,40,23,23
52,60,49,55,40
53,10,21,13,37
54,34,19,14,20
55,26,5,55,41
56,0,12,51,42
57,46,30,46,30
58,64,22,3,26
59,12,36,39,61
60,11,63,12,14
61,18,53,35,58
62,53,20,61,48
63,3,8,19,15
64,7,66,53,45
65,51,33,6,43
66,22,7,7,26
67,57,52,46,61
68,57,24,63,15
69,29,31,36,25
70,4,26,38,68
71,14,27,46,46
72,46,10,35,10
73,65,22,9,39
74,47,32,67,47
75,49,1,65,31
76,57,37,64,10
77,57,0,27,26
78,36,23,49,57
79,23,18,14,49
