1
Grid:
60,60
@...@...........................@.....@.@.@.................
........@.............@.............................@.......
....@....@........@......................@..................
........@...........................@.......................
.......................................@....................
......................@.....................................
......@............@.........................@..............
..@.............@........@..@......@..........@..@..........
..@.................@..............@................@.......
..........................................................@.
.............@..........................................@...
..........@...........@.....................................
............................@...................@...........
.................................@..........................
.......................................@....................
...............................@......@.................@...
....@.........................@.@..........................@
......................@...............@...................@.
............@....................................@..........
....@..............@......................................@.
............................................................
.........@..........................................@.@....@
........@..........@.@............@..@......................
...........@....@..@..............@.........................
......@.........................@...........................
...............................@...........@................
.....................................................@......
..................@....@....................................
.@.@.....................@........@.........@...............
................@........@....@..........................@.@
.@...............................@...@...@..................
............................................................
.........@...........@.........................@.....@......
........@..@...................................@............
.............@......@.................@...@.......@.........
..........@.........@.......................................
.........@..........@..............................@........
.....@............................@............@.........@..
...................................@....@...................
.....................................@......................
.........@........@....@..........@.@...............@.@.....
@..@....................@.......@.................@....@....
.........@...........@........................@.............
................@...............................@...........
............@...................@...........................
...............@.....@...@....................@...........@.
.......@..@.@..........................@...................@
..................................@............@........@...
.....@................@.....................................
..............@..............@..............................
......@..........@...................@......................
..@..................@.......................@..............
.................................................@@.@@......
.......@..........@......@..................................
.......................@.................@..................
...................@.@...........................@..........
..............@.............................................
..............@..............@........@.....................
........................@............@........@@............
.....@.......@..............@............................@..
Agents:
80
0,41,6,25,38
1,26,40,10,33
2,25,18,18,51
3,21,6,50,8
4,31,4,9,29
5,25,5,19,7
6,51,57,14,17
7,13,31,46,23
8,41,37,8,15
9,38,30,7,17
10,35,39,30,9
11,14,48,44,3
12,34,48,19,31
13,7,33,6,42
14,40,53,33,10
15,21,20,42,4
16,30,49,33,31
17,15,21,42,51
18,37,20,56,7
19,57,0,41,1
20,29,18,32,5
21,9,40,43,34
22,48,13,19,32
23,42,29,16,11
24,59,39,25,5
25,52,43,49,7
26,4,2,36,26
27,51,37,37,18
28,5,37,31,2
29,10,47,57,7
30,25,37,12,13
31,42,4,59,26
32,35,1,2,20
33,41,51,9,57
34,53,20,55,9
35,40,37,55,23
36,53,0,15,16
37,9,55,52,46
38,39,53,43,56
39,59,54,23,18
40,50,10,14,33
41,54,42,1,32
42,28,46,18,21
43,45,13,2,40
44,30,59,56,46
45,14,20,47,11
46,49,49,25,54
47,36,4,19,33
48,5,46,31,50
49,31,51,9,46
50,59,14,56,16
51,50,3,27,5
52,52,55,21,22
53,58,12,27,28
54,37,15,6,24
55,42,59,11,40
56,36,48,48,42
57,16,28,4,18
58,5,20,43,58
59,48,3,54,33
60,52,16,35,57
61,19,34,10,31
62,23,59,10,49
63,34,15,25,36
64,43,14,1,16
65,56,41,54,11
66,20,34,51,48
67,0,2,8,14
68,42,33,53,4
69,9,36,6,30
70,28,16,48,28
71,29,3,47,25
72,29,41,20,51
73,33,38,33,6
74,26,46,54,1
75,11,35,9,34
76,36,24,45,22
77,24,23,12,39
78,52,57,34,56
79,39,27,42,18
