5
Grid:
20,20
....@......@........
....@@..@...........
@..@...........@.@@.
.......@............
......@.@..........@
.........@.....@....
..............@.....
.@...............@..
................@...
..................@@
@.....@.@...........
....@...............
.......@....@.@.....
............@.@.....
....................
.....@..............
...@........@.......
..@.........@...@...
.....@..@...........
..@.................
Agents:
15
0,10,18,14,18
1,16,18,2,7
2,6,17,18,3
3,5,11,9,15
4,17,5,8,2
5,11,19,7,16
6,12,9,2,2
7,12,2,18,2
8,16,0,4,12
9,8,13,4,17
10,14,14,16,19
11,1,9,16,2
12,7,18,19,13
13,6,12,7,9
14,17,1,6,8
