8
Grid:
20,20
...........@...@....
........@..........@
.............@.@..@@
.@..@......@........
....................
.@.............@...@
...................@
...@..@......@.@....
...........@.......@
.............@......
...............@.@.@
......@...@.@.......
........@...........
............@.......
..........@.........
@...................
..@.................
..........@...@@....
..............@@....
......@@............
Agents:
10
0,12,4,10,12
1,16,12,5,0
2,14,17,2,4
3,2,5,12,16
4,3,14,18,3
5,5,10,4,8
6,2,7,7,12
7,6,10,8,16
8,16,14,9,7
9,2,1,0,19
