0
Grid:
60,60
@@......@@.@@.....@.@...@......@.@..@.@..@..@@.....@..@.@@@.
.......@.......@....@.......@..@.....@..@..@..@@@@.@.@.@@..@
....@...@.@@..@..@@@..@....@.@@..@.@@.....@...@.......@...@.
@@..@..@@.@@.@...............@.@@.@@..@.@@..........@.....@.
..@..@.......@........@@@@@@..@...@.@@....@@..@...@...@..@..
.@@@....@..@@.......@.......@...@.@@..@@.......@..@.@.@.....
@......@.......@.@.@..@.@.@....@.@@.@.....@@@.@@.@@.....@.@@
......@@.@...@......@@.@.@.@@@.....@.@@.@..@....@....@@..@..
..@.@..@.@@@.....@..@...@..@@@.....@.@@.@..@@......@@.@.....
.......@........@@.........@....@@..@...@...@...@....@...@@.
..@@.....@..@@........@.....@.....@.@...@..........@..@@..@.
..@....@@.@.@........@.........@..@@...@@.@@.....@.@@..@....
.....@......@..@.@..@.@....@....@....@@@.@..@@........@.@.@.
.......@.............@....@.@@...@..@......@.@..........@..@
.@@@.@@@........@.@..............@...............@@@.@...@..
...@.....@.....@.....@........@.@....@@@..........@..@.@....
@@.@..@.@...@.@.@.@.@.....@@@.........@...@...@@@......@....
...........@@....@@.@@.....@...@..@@..@@..@.@....@.....@.@..
.@.@..@@@.....@..@@@.@.@.....@@.@...@.....@@.@..@@@..@.@.@..
.@..@@.@....@.@.@..@.@.@.@.@.......@@@.@..@.......@..@..@@..
.@.@......@...@............@.@......@@.@@..@.@.....@.@.@...@
.@@.....@.......@@@......@..@.@.@...@..@..@@..@.@.@..@......
..@.@.@..@.@...@....@@....@.@@@.........@..@@.@.@@@@@..@....
.@......@.@....@...@..@.@....@....@.@.@.@.@.@.@...@.@@..@@..
...@....@...@..@.@@@..@.@.@.@..@..@.....@..@@..@.@......@.@.
.@.@...@........@..@..@@@..@..@..@.@.@......@...@@@@......@@
.@..@.@@.@.@.....@@.........@...@...@..@..@...@.@.....@.@@@.
..@@@.@......@.@.@......@.....@.@...@....@....@......@.@@@@.
....@........@...@@@@...........@....@@..@...@...@...@@...@@
@@@.@..@.....@@..........@....@....@..@...@.@.@.@@...@@@....
.@.......@@@..@@@.@@...@..@@@.....@...@..@.@@.@.@@.@@..@....
..@...........@..@..@..@....@..@....@..@@.@........@..@...@@
@@.....@..@@.@.@......@@.@..@@@...@@@@...@...@..@...@.@.@...
.....@.@....@@..........@.....@..@.......@.@...@@.@@@....@..
@..@...@........@.......@.@.@...@..@.@@@..@.@.....@..@.@....
@@.......@@@.@......@..@...@.@.@.@..@.@.@..@...@.@..@..@..@.
.@.@@............@.......@.@.@....@.............@..@@.@....@
.@..@@@...@.@@..@@.......@.....@@...@...@...@@..@.@@@.@@..@.
...@..@....@.@..@@.@........@@@..@...@@.@......@......@.....
@@...@.@@@..@..........@@@@@@..@...@.@@......@.@.......@.@..
......@...@.....@@......@@..@@.@.......@..@@..@@.@.@....@...
.....@@@.@.@.@@....@......@.....@@..@@....@.@@....@@.@@..@@.
.@@.@..@.@.@@@..@..@.....@.@.......@....@..@......@.@.@...@.
..........@@..@.@......@..........................@@.@...@..
@.@.@..@....@.....@..@....@.@...@@..@........@........@@...@
...@...@.@..@..@.@.@@....@.@@@...@.@..@..@..@@..@......@....
@@..@.@....@..@@....@@...@.@@...@..@........@.......@.@@.@..
@@.@.@...@@.@@....@@@....@...@@@.@....@.@.@@...@@.@@....@@@.
@..@@....@..@....@...@.@..@@...@...@..@@@...@..@.....@..@@.@
...@....@..@.@.........@@..@@....@@@.......@................
@..@@.@...@......@@...@@.@.@.....@........@...@......@.@@...
@....@.@....@..@..........@@.@.......@.@@@.@@..@@..@.@.@@...
...@@@.@..@.@.@..@@.@.@@..@..@.@....@@........@....@........
..@@@............@...................@.@@@.....@......@..@@.
........@.@@.@@......@@@..@@..@.......@...@@...@.....@...@.@
@.@........@...@.....@......@...@..@...@.....@@@....@.......
@@......@@...@@..@........@@.@......@.....@.@........@@...@.
.......@....@@....@@...@@@........@.....@..@..@.@..@......@@
...@...@..@@..@........@@@.......@...@@@..@@.....@...@......
.@.@.@....@@.@....@@..@@..@.....@@@..@@.......@@.@..@....@.@
Agents:
30
0,44,39,21,55
1,46,48,54,16
2,30,20,8,59
3,0,42,56,22
4,51,11,31,35
5,8,45,44,39
6,15,57,33,3
7,59,43,37,59
8,52,59,27,47
9,3,2,12,29
10,52,55,58,21
11,13,54,53,0
12,20,58,33,23
13,52,44,58,1
14,11,25,33,18
15,3,47,47,35
16,9,20,22,24
17,48,54,13,4
18,57,0,1,3
19,46,10,44,44
20,27,0,15,23
21,38,56,53,48
22,26,10,29,27
23,29,57,57,29
24,50,35,11,18
25,52,30,44,49
26,46,33,15,2
27,13,50,2,41
28,54,56,33,17
29,50,43,40,20
