1
Grid:
70,70
...@.....@......@.@.@..........@@.............@.@.@........@...@..@...
.......@..@..@........@.@....@......@........@.....@.@...@....@.......
.....................@....@.@.....@............@........@.............
.....@...@@.@.....@@...@@...@..@.@.........@...@@....................@
......@......@.............@.@@@.@.............................@......
.......@....@.....@..@...........@...@..........@.......@.........@..@
@.....@@.@.........@..@........@@.......@....@..........@.@.@..@......
@........@.......@........@......................@.....@...........@.@
@@...........@.....@.@@...@...@.@....@...@....................@....@..
...............@.@..@..........@...............@............@..@.@....
.......@......@........@...........@.......@....@...@@@@......@.......
........@.@@.....@..@....@@......@.........@@..@@..@..@.....@.......@.
.......@....@@.@@.........@....@....@..@.@........................@.@.
...........@.@.@.........@............@...........@..@..@...@@.@......
...............@.@@@....@...@.....@.................@.............@@..
...............@................@...@...............@.....@...........
..........@..@....@.........@................@.........@...@..@...@...
............@...........@.@........@......@.@...............@...@.....
.......................@........@......@........@.@...............@...
.................@..@...@........@.......@.........@@..@..@.....@....@
..@....@......@......@......@......@......@@...............@..........
........@..@............@@@@....@..@..@...............@@.......@......
....@............@.............@.@..............@...@.................
@..@...........@............@.@........@.@..........@..@....@....@....
....@@.@.......@@@.@.@...................@.....................@@.@.@.
...@..........@.....@......@...........@.....@........@.......@.......
@..@......@........@.....@.........@...........@.......@.....@..@...@.
.....................@...@..@...................@.....@@.@...@..@..@@@
....@.........@@.............@...........@.....@..@@@...@.............
...@.@...................@............@......@.@...@....@...@...@@.@@.
.@.............@.....@..................@....@............@....@.@@...
..@..........................................@...............@.@@.@...
.@....@.....@....@....@............@..@.........@...@.....@.@.....@...
....@@@@........@.........@..........@@.............@.................
...@...@..@.@.........@............@..@...@..........@....@...........
.@.....@.@...@.@.......@........@@...@................@....@..@@......
.....@...............@.@............@.@..@..@@...........@..@..@@.....
@......................@.@.@@@.....@................@@................
.@....@....@...@..@....@.@.............@.......@.........@@..@...@..@.
.@..@.@@@........@....@..@.................@..........@......@..@...@.
................@.@.....@.......@@.............................@@.....
........................................@...........@...........@....@
....@..@......@.......@..@@.......@@..@.@@......@..@..@.....@....@...@
....@........................................@.....@..@........@...@..
.@...@..@..@..............@.@....................@.....@...........@..
..@......@......@.@....@..........@....@......@.@....@@......@....@...
.@..@....@@.@.............@.@.................@....@@.@........@......
.@@@.....@....@..........@..............@..@.....@...........@........
.@.......................@.@.....@..............@...........@@....@...
..........@...@..........@..@...........@.........@.....@.....@.......
.......@.....@...........@..@......................@..................
.@..@.@.............@..........@...@.....@@...........@............@.@
..@.....................@............@..............@.................
....@..@......@.@.......@@..............@.@......@@.@@@.@...@...@.@@@.
.@...............@..........@..@........@.@............@....@.....@.@.
...@.@.........@.....@.@@......@....................@......@..........
....@@.........@@@.......@...@..@.@.@.........@...@@..................
........@...@.@.@......@............@..@.@.@....................@.....
.........@@......@.......@@........@.@.@..........................@...
@.@...@....@@.......@......@.....@....@......@....@.@........@........
..@...@.......@..........@.@...@........@.@..............@@...........
................@.................@............@@....@@...............
@.@.@..@...@.........@..............@...........@..@......@.......@...
...@.@................@@.......@....@...........@...@.....@......@@@..
..@.@..@@@@......@.....@.......@...............@.@......@...@@......@.
.@...@.@.....@.@.@...@...@@@............@..@@..@@@....................
....@.......@..@...@............@.@..@..@.............@........@......
..@..@...@@...@@@.@@........@.........@.....@@...@..@...@..@..........
.@........@.@.@......@....@.@@....@..................@............@...
.@......@........@...@@.@...@.......@@......@........@.............@..
Agents:
70
0,2,57,0,13
1,29,57,66,39
2,58,50,57,25
3,31,33,32,4
4,15,65,23,14
5,60,60,24,9
6,28,48,3,49
7,37,11,22,20
8,64,58,3,27
9,25,50,49,51
10,12,48,13,44
11,0,41,31,11
12,69,59,54,56
13,44,21,26,59
14,26,32,5,43
15,57,28,36,33
16,18,41,49,65
17,53,27,47,44
18,13,21,26,56
19,24,37,11,38
20,47,46,20,25
21,6,35,46,60
22,58,53,57,31
23,21,48,12,10
24,10,61,63,7
25,63,38,57,48
26,43,49,17,6
27,45,32,15,47
28,50,17,40,66
29,50,42,14,42
30,58,64,36,11
31,39,21,7,58
32,30,31,50,46
33,42,56,55,64
34,67,42,45,20
35,33,58,1,41
36,3,35,36,61
37,41,34,5,19
38,52,15,66,64
39,38,66,50,18
40,11,35,35,30
41,39,18,7,2
42,55,38,49,53
43,66,20,12,4
44,46,65,59,13
45,49,52,16,54
46,11,34,53,5
47,54,0,30,32
48,63,21,68,4
49,4,55,37,59
50,60,15,9,33
51,4,62,62,69
52,52,4,47,16
53,51,12,29,7
54,45,3,15,69
55,60,43,16,23
56,34,2,8,3
57,30,25,2,64
58,4,3,34,14
59,41,18,16,39
60,13,0,23,18
61,62,57,1,67
62,29,30,34,49
63,30,5,15,50
64,48,56,60,68
65,0,2,23,9
66,51,8,64,59
67,44,10,46,57
68,35,60,58,69
69,19,23,51,50
