1
Grid:
70,70
..@..@.....@...@......@......@.........................@.............@
.@.....@.....................@...................@....................
...................@.@..@............................@................
@....@.@...@....................................@@.........@.........@
......@......@...@@.............@...@....@..........@....@..@.........
..@......@.....@.@..........@...............@..@......................
...............@.......@..............@....................@...@......
...............@...........@...@.............@............@..@........
....@@.........@..@....@......@@@................@......@...@...@.....
..............................@...............@.........@.....@@......
@....@@@....@........@............@...................@...............
..@.........@.@..............@......@.....@..@........................
......@...............@@@@.........@@..@............@.@...@.......@...
....@.....@.....@........@............@...@...@..................@....
.@.......@................@.........@.................@.......@.......
.........@.@..@...............@.....@.@.@..@@....@....@@@@..........@.
.................................@..@........@........................
.....@..........@.......@..@..............@@......@.............@.@...
.................@......@...@.....@.......@........@.......@.......@.@
@.........@.......@......................@.....@......................
.@..........@...@..@..........@.........@..................@.....@@...
...@.............@.........@..........@...@...............@...........
.@@...@.....@...@...........@.....................@...@....@..........
.....@..............@.@.......@.........@.............................
@.......@........@..................@.@...............@...@...........
.............@...............................@..@@..@..........@......
..@.......@........@............@.............@@.......@........@.....
..................@.......@..@.....@...........@......................
.................@@.......@...............@....................@......
.........@...@......................@@........@.....@.......@@....@...
......@.@..@........@.......@..............@.......@..@..@..........@.
......@......@...@........@......@@...............@@............@.....
.......@.@.............@.....@..........................@......@...@..
....@.@........@...@..................@...............@..........@....
...@...@.....@...........@...............@..................@.@..@....
........................@...@.....@.............@.......@.......@.....
..............................@.......@.@........@....................
........@.................@@..........@.....@.....@.@...........@.....
.................@@..@...@.............@......@.........@..@....@.....
.................@@...........@..@..........@...........@..........@..
.....@..........@@...............@........@...........................
.......@..............@...........@..@.....@..@......................@
........................@........@@.@@........@@..........@...@@......
...@....................................@...........@......@.........@
........@......@@...........@@........................................
........@..@...@....@..@.....@........@..............@....@...........
......@.....@..............@.........@................@...............
@.@......@......................@@..@..@...............@...@.........@
.......@........@...............@.@.......................@...........
@....................@.@....@.........@...............@...............
...........@@...............@@..........@...@@.....................@..
..@....@..........@@..........@....................................@..
..........@...@.@................@@..........@..........@.@@..........
.......@......@.............................@.................@.......
.......................@.....@................@............@.......@.@
@.......@.....................................@......................@
............@.....@....@..@.@..@.....................................@
...@...@.............................@....@..........................@
.........@........................................@.....@.............
............@..............@.........................@..@.....@@......
.....@.....@............@..@.........@...@...............@............
..@..............@....@.@......@.................@.........@...@......
.@................................@.@......@......................@...
............@@...@@...@@...@.@.................@........@.....@...@.@.
........@......@.............@....@.........@.........................
.................@........@..@........@..........@.....@@.@.....@...@.
.........@...........@.....@.....@..................@.................
................................@..@.........@........................
.............@......@...@@@......................@........@........@..
....@.................@.....@@......................@.............@...
Agents:
45
0,53,67,36,5
1,32,50,53,3
2,35,9,5,42
3,48,64,20,3
4,59,54,64,36
5,36,23,13,59
6,26,7,66,15
7,2,18,18,36
8,31,32,53,20
9,56,0,52,7
10,50,13,60,54
11,5,1,32,16
12,36,16,1,51
13,5,59,7,42
14,32,31,47,23
15,57,50,7,19
16,49,46,54,62
17,3,12,17,48
18,1,43,3,14
19,22,23,8,24
20,28,13,58,49
21,43,16,54,16
22,18,37,58,1
23,23,14,20,51
24,4,46,1,52
25,67,52,25,39
26,0,14,38,54
27,58,39,36,8
28,62,31,33,32
29,13,19,30,14
30,4,59,0,21
31,32,27,20,55
32,66,55,31,12
33,44,50,26,29
34,16,58,45,44
35,9,32,18,0
36,40,59,63,40
37,52,69,46,22
38,63,60,46,61
39,54,55,35,32
40,34,4,25,38
41,49,34,7,59
42,58,33,38,49
43,29,3,9,21
44,19,39,36,23
