2
Grid:
20,20
.........@..@.@.@...
...@@.@@..@..@.@...@
...@@@...@..........
.................@.@
..@...@.....@....@@.
@...@.....@.........
@...@..@@@..........
...............@.@..
......@.@.....@.....
@...@@...@@.@.......
.......@..@..@......
............@......@
.@.@...@............
...@@...@.@@...@...@
.@..@...@...........
..@........@.@.....@
...............@....
.@...............@..
...@@.......@@......
@..@@@@.....@..@.@@.
Agents:
20
0,7,5,4,8
1,6,1,17,6
2,3,7,15,4
3,16,7,16,1
4,11,17,2,1
5,18,8,2,19
6,16,6,4,15
7,12,4,12,16
8,7,2,12,10
9,15,6,3,4
10,16,3,7,13
11,16,12,8,16
12,4,0,5,16
13,3,2,3,12
14,5,19,12,13
15,8,10,11,1
16,5,9,4,0
17,4,11,3,6
18,10,18,6,3
19,13,2,2,15
