2
Grid:
20,20
@........@@.....@...
....@........@@@..@.
.......@@...@.@.....
...@.@...@@..@......
@@...@....@.........
...@...........@....
.......@............
..........@.........
.............@.@...@
...................@
..@..........@....@.
....@..@...@....@...
...@...@@@.......@..
.@.@.@.@....@.@.....
...@....@...........
....................
.....@@.....@.......
..@.@...............
.....@..............
......@...@....@@...
Agents:
10
0,7,18,0,12
1,18,17,4,17
2,10,7,6,13
3,18,12,19,0
4,12,12,13,17
5,4,17,10,4
6,7,14,6,14
7,7,19,15,19
8,12,14,6,16
9,14,7,18,2
