2
Grid:
20,20
.@..@....@.@..@....@
..@@.@..@....@..@...
....@...@..........@
@.....@......@.@....
@@...@@...@.........
..@.....@..........@
..........@@.@..@..@
........@....@.@..@.
@.....@.............
..@.....@....@......
...@......@........@
....@.....@.........
.@.@........@@.....@
@.@.......@.@@@....@
.@....@@..@.........
@..@..@.....@.......
.@..@@.@........@.@.
................@..@
............@.......
.@.........@....@@.@
Agents:
15
0,5,14,7,3
1,10,17,3,2
2,10,6,18,8
3,19,6,12,4
4,19,0,6,5
5,8,17,1,18
6,9,18,12,14
7,0,3,0,3
8,8,9,10,14
9,19,4,8,14
10,7,16,4,12
11,8,2,0,12
12,17,7,17,9
13,6,1,12,18
14,6,9,13,8
