1
Grid:
60,60
@.......@@......@....@....@...@@@...@...@@.@....@.@@...@.@.@
.@........@@@@...@@..@@@@............@@........@@......@.@..
..@..@@.@..@.@........@..@..@.@..@.....@@@@..@..@.....@@...@
.........@.........@.@.@.@..@@..@@@.....@...@@.@..@...@.@.@.
.@....@........@@...@..@.........@...@...@.@....@.@.....@...
.@..@.@.@@@..@.@...@@..@......@...@....@..@@@@..........@.@@
@.@....@.....@...@........@...@@..@...@@....@@@..@@...@.@...
.....@@.@.@...@.@......@....@...@@.......@...@.....@..@.@.@@
.....@..@..@..@@.........@.......@....@....@..@.............
....@.@@..@..@.@.......@.....@.@...@..@@..@...@...@....@....
@.@@..@..@@.........@@....@....@......@@@.........@.........
.@.@..@@.............@.............@@.@@...@@....@@..@....@.
.@.....@@...@@@...@@.@@@..@@.@@.@.@.@....@@.@@@..@..@.@@.@..
@@....@...@......@.....@...@.@....@@..@@.............@..@@.@
.@..@...@@.@@...@....@@...@...@.@.....@@...@....@@........@.
..........@.@@@...@.@...@.@@....@..@...@@.@..@....@.@...@@..
.......@@..@@.......@@......@.....@..........@@...@....@.@..
.@@.@..@@@.@@..@...@..@....@@..@..@.@.@...@..@.@@@..........
@..@.@.@@.@.@........@...@.@...@..@...@.....@....@......@.@.
....@@..@.@@.....@@.@.@...@..........@.......@...@@@@....@@.
..........@@...@@.@.@..@@.....@@...@@..@@.@..@@@..@.@....@..
@.@.@......@........@...@@.@.@..@@.@.........@.@.@..@..@.@.@
...@.@@....@.@.@.@@..@.....@@.@@.......@....@..@..@........@
..@@...@.....@@..@.@@.@.@@@..@@.@...@@..@@@@.@.....@.....@@.
@@@@....@@.@..........@............@...@..@....@.@.@...@@..@
.@....@@@..@.....@..@@......@.@..@@.@.....@.@@......@....@.@
@.@....@@.@@.....@@...@@@@..@..@...@..@@...@@...@@.....@.@@.
@.................@.@.....@......@@...@.@@....@...@..@..@.@.
.@@.@..@.@........@..@@@.........@...@@.@@@@....@@@...@@...@
@...@@.....@....@@....@@@...@....@@...................@@....
.@.@...@..@@.@@.@...@.@@@.....@.@...@.@.@@......@.@@@@..@...
........@.....@.....@...@.....@...@..@.@.@..@....@@......@@.
...@.@@@...@@.@@@...@...@@.@@..@...@.....@.........@@@.@..@@
...@...@@......@@....@@@...........@..@......@..@...@..@....
@...@.@.@.@@@.@@....@....@..@@..@.@.@@@.@.@.@..@@.........@.
...@@.....@....@.@@@@.......@.......@...@.@...@....@..@.....
@@.@.@.@@@.........@@..@..@@.@@...@..@......@.....@..@......
..@...@@@.@.@....@.....@...................@..@......@@..@@.
...@...@..@.@...@...@..@..@.............@@..@...@@..........
...@...@@.@.@@.@.@@@@.@@..@.@....@..@............@..@@@..@@.
...@.@@.......@@@..@....@@..@@.......@.@...@@.........@.@.@@
...@@.@...@..@.@...@..............@.@.@...@@@@.@@.@...@...@.
.......@..@..@....@@.@.@.@.....@..@......@....@....@@.@...@@
@@.........@..@..@....@..@@......@.@.@@..@....@.@.@.........
....@...@..@...@@@...@@@.......@.......@@.@@@@...@......@..@
.....@.@......@@@...@...@....@@..@....@...@..@.@.....@.....@
..@..@......@.@...@@.@..@@@.....@....@.....@@...@...........
...@.@....@@.@..@...@...@.....@@...@.@.....@.@.@.@......@...
..........@..........@..@...@@@.@.@@@...@.@.@@@@..@....@...@
...@.@@@...@...@@.@...@@......@.........@@......@@.@........
.@.....@.@.....@@@.......@..@..@..@.......@@...@.@.....@..@.
@.@.@@......@...@.@@@..@@@......@....@...@.@@.....@@@@.....@
@.@....@@.@.@@.@@@.@@..................@@.@@@....@@.@...@...
...@.@..@....@.@.@....@.@...@....@@...@.@.@@@.@..@....@@@...
.....@...@.@@.....@.@.@..@.....@...@@.......@@@......@.@@@..
..@..@.@@@@...@.@..@..........@...@.@@@.....@@.@..@@.......@
@.@..@.@.@@.....@@.@.@........@...@.........@@@...@.@@@.@...
.@.@..@.@........@@.....@......@....@..............@..@@@.@.
..@.......@@.@.....@.@@@...@......@@....@.@@..@.@.@....@....
@@.....@........@@....@..@...@@...@.........@.........@.....
Agents:
70
0,57,21,45,35
1,5,54,56,39
2,27,7,59,51
3,12,48,50,57
4,47,17,24,7
5,9,47,10,57
6,16,15,53,30
7,51,7,13,4
8,10,52,54,38
9,42,32,14,36
10,42,40,9,24
11,4,46,49,53
12,13,26,31,53
13,44,54,26,53
14,45,19,43,6
15,16,26,17,41
16,4,0,54,58
17,0,38,5,29
18,16,0,21,28
19,33,19,35,44
20,44,29,6,33
21,47,15,7,21
22,2,0,29,48
23,25,29,58,12
24,14,33,52,58
25,14,15,19,42
26,19,56,48,13
27,52,58,15,8
28,7,57,4,38
29,10,41,18,46
30,31,3,30,9
31,27,21,34,27
32,8,3,53,35
33,13,40,29,29
34,8,52,44,25
35,42,14,40,17
36,6,58,12,5
37,37,16,4,28
38,0,34,21,12
39,46,27,1,31
40,24,57,24,57
41,7,34,21,9
42,12,33,45,52
43,47,48,48,48
44,18,6,59,56
45,44,30,59,53
46,51,22,22,54
47,16,33,55,57
48,33,5,16,29
49,50,54,18,15
50,21,51,32,2
51,41,17,42,15
52,55,4,40,30
53,39,29,47,33
54,28,34,56,25
55,4,53,16,30
56,13,36,50,53
57,24,38,48,14
58,1,2,39,32
59,24,58,24,58
60,28,13,42,4
61,13,21,32,48
62,52,30,57,48
63,11,40,12,48
64,51,33,50,37
65,26,37,15,31
66,5,50,58,6
67,16,39,39,51
68,37,4,38,6
69,16,42,56,49
