5
Grid:
20,20
....................
....................
....................
....................
....................
....................
....................
....................
....................
....................
....................
....................
....................
....................
....................
....................
....................
....................
....................
....................
Agents:
30
0,12,9,18,5
1,1,11,8,8
2,4,1,2,16
3,14,19,17,8
4,5,16,2,3
5,15,9,16,0
6,11,14,14,11
7,18,15,12,3
8,10,11,15,3
9,18,13,19,17
10,18,14,7,19
11,11,4,15,15
12,9,13,3,6
13,2,0,18,14
14,14,13,10,14
15,2,18,6,17
16,16,1,18,16
17,3,0,11,2
18,12,14,6,5
19,6,17,16,13
20,19,7,17,2
21,15,2,7,10
22,13,1,0,10
23,13,11,0,9
24,17,16,1,19
25,5,5,2,6
26,9,3,1,6
27,8,18,12,10
28,18,17,16,2
29,1,10,14,12
