2
Grid:
70,70
...@@.@......@................................@@@.@.@.............@.@.
.@.....@...@...@@.....@.......@...@@.@@@...@....................@@....
........@............@.@.@...@@@.......@.@..@.@..@............@@..@...
.......@.@..@.@.@.@..........@..@...@......@....@..........@...@.@..@@
.............@.@......@..@@......@..@..@@...@...@.@........@...@..@..@
@..@........@@@.................@...@@.@.................@..@.@@@.....
..@..@.@@.@@.@..........@...@.@.@......@..@.@..........@.........@....
..@....@@@.....@......@..........@.@...@.@...@@...@@@.@...@..@....@.@@
....@.......@@.......@....@...@........@.@...@..@....@..@..@@......@..
@....@@........@.....@..@.................@.....@..@..@...@....@......
.........@...@........@............@.....@@...........@.......@.@@.@..
...@......@.............@.@..@@..........@.@.@...@@@.......@..........
.@..@.@.@.....@....@.....@.@...@...@...@..@..@.@..........@....@......
.......@....@........@....@....@.@...........@@..@........@...........
............@..@........@..@....@..@..@...@..@@.@.........@.......@..@
.@...........@@.@@.........@.....@......@@@.@..@..@.@..@....@...@....@
..@....@.......@......@........@@.....@@....@......@.........@...@....
@...@.......@@...@@....@.....@.@...@...........@.........@............
@...@...@......@..@@.@.@@..............@..@@..@.......@.@...........@.
.............@.@...@......@........@@.@@.....@....................@...
...@....@......@............@.......@...@.@@...@...@.....@.@..@..@..@.
..@......@...........@..@..@........@@@.......@....@...@@@@.@.......@.
....@..@.....@........@..@@..@..@.@.....@..@@@..@..@..................
@...@...@@....@.....@.....@@.@.........@.@..@.............@......@....
........@@.....@......@....@.................@......@.....@.@..@...@..
..@....@............@....@@.........@...@.....@.......@..@@@....@@....
.@..@.@.@......@...........@...@..@..@..@...........@.....@.@.@.@.....
.......@....@.@.....@....@.....@....@@...@....@..@.@@....@@...@..@@..@
..@..@.............................@.....@......@@@..@...@...@........
.....@....@.@.......@@@@.......@.....@..........@@......@@............
.@.........@..@...@....@..........@..@@...@.@@.@....@..@........@.@...
...@@.................@.....@.@..@...@..............@..@@@.....@......
.@......@..@..@...@...................@..................@..@@@.@.@...
...............@.......@..@..@...@...@..@.@...@.@@..@..............@..
.@@.@....@..@...@.@..@...........@......@.......@..@.@..........@.....
..@.........@.@............@.......@@.....@.......@...@...@@.@@@...@@.
...@@.................@@.@.......@.@.@@...............................
......@...@.......@..@..@.....@.@@@@...@.........@.@...@.....@@.......
............@.@@.....@........@..........@...@@..@......@.............
.@...@.......@........@....@.............@...@..........@.@....@......
........@@.............@.@...@....@@..@.@........@@@@.@..@...........@
@@........@..@@.@@@..@.......@.......@.................@..............
..........@..........@.......@........@@......@..@....@........@..@...
@..@..@.@....@......................@...@@....@.........@@@......@.@..
@....@.@.@@...@@....@...........@@..@........@....@....@@.............
@.....@........@@....@.....@...............@.@...@.........@.@.@......
....@..@.@.........@.....@......@@.@.......@@.@.......@@..@.......@...
...@....@@.............@..@....@...@...@..........@@@.......@....@...@
.......@....@..@.@.@..@@@.........@.@..@...............@.@@@..@.......
...@..@..@.........@.@.@...@..@.@.@...@........@.....@....@..........@
..@......@....@@....@......@@@.@....@....@........@...@@..........@...
.......@....@.@........@@............@......@..@.......@....@...@@....
.......@.........@....@.....@.@@....@@.@.@@................@@.@..@@.@.
.@.....@@.@........@.............@.@...@@......@@...@...@..@..@@.@....
.......@.@..@......@.........@.............@@..@@........@.....@..@...
..@..@....@.@...@........@.@.....@............@@@@@.@.....@...@.@@....
..@.........@..@.@...@.@.@...@.....@@...@@.............@....@......@@.
............@....@.................@@@...........@..@......@.@......@.
....@@.@..@.@@..@.........................@.@.@@@......@..............
.@...@.@.@.@.........@.........@@.......@..@.@.............@.@........
.@.@@@............................@.......@@...@.....@....@........@..
@..@....@@...........@@..@.@...............@.@..........@........@....
.@.....@@..........@...@.@@........@.....@...@.@.............@.@..@@..
..@@@.....@..@.@.@......@.......@.......@....@............@...@@.@....
..........@..@..@..@..@...@........@@..@...@.@.@.@..@.....@...@..@....
@@..............@.@.....@...@........@...@.......@@................@..
@.....@...........@@.@.@...........@.@.@..@.@......@@.@..@..@.........
@@.......................@..@@.@.@@@......@.@.@.@@.......@..@@..@.....
.......@....@...@......@.@@......@...@............@..@...........@...@
@@..@.......@.....@@..@....@.@..@..@@.@..@.@.......@...@@.............
Agents:
85
0,63,33,27,30
1,31,54,46,27
2,45,28,42,2
3,20,37,33,31
4,57,21,53,34
5,11,0,42,27
6,26,44,29,62
7,48,42,23,62
8,26,59,26,18
9,3,27,5,59
10,16,16,37,47
11,31,31,26,45
12,61,51,7,30
13,0,54,67,27
14,20,26,10,27
15,11,57,10,16
16,26,45,47,5
17,10,38,3,34
18,60,20,61,61
19,29,3,7,31
20,49,8,43,22
21,15,26,0,60
22,20,41,10,69
23,59,50,52,64
24,42,47,9,38
25,59,69,8,16
26,41,42,9,61
27,37,52,67,21
28,56,11,45,34
29,7,48,56,37
30,37,40,29,28
31,12,36,9,1
32,60,51,32,26
33,1,9,27,56
34,69,62,13,0
35,38,64,55,8
36,2,40,50,56
37,66,45,33,36
38,57,8,67,43
39,66,1,8,7
40,53,60,61,58
41,58,49,40,67
42,37,42,36,27
43,55,61,33,38
44,46,49,5,48
45,69,49,30,24
46,4,42,3,62
47,21,42,24,31
48,9,37,55,42
49,30,59,25,50
50,11,58,23,19
51,53,64,30,31
52,65,36,42,47
53,49,52,26,33
54,16,52,60,6
55,13,67,52,1
56,6,51,9,45
57,48,5,39,46
58,2,45,14,10
59,50,22,63,14
60,2,7,62,32
61,11,17,2,59
62,56,61,54,31
63,8,29,67,59
64,41,63,61,12
65,48,0,6,49
66,66,41,20,21
67,62,3,1,56
68,44,63,59,16
69,40,26,44,42
70,36,40,65,26
71,64,4,36,36
72,34,55,59,50
73,52,48,4,31
74,65,34,28,14
75,65,25,68,62
76,44,54,67,16
77,69,5,66,24
78,3,1,35,32
79,52,47,67,67
80,48,9,31,43
81,41,9,12,49
82,46,14,20,25
83,47,16,1,42
84,67,4,28,17
