1
Grid:
20,20
....................
....................
....................
....................
....................
....................
....................
....................
....................
....................
....................
....................
....................
....................
....................
....................
....................
....................
....................
....................
Agents:
10
0,13,0,18,15
1,19,6,18,13
2,9,17,7,12
3,8,17,15,2
4,10,7,2,10
5,16,6,15,8
6,10,1,5,18
7,8,4,11,0
8,17,9,16,6
9,5,13,16,10
