0
Grid:
60,60
...........@....@............@..@.@.........................
...........@............................................@...
............................................................
.....................................................@......
..............@................@.@@.@.......................
.............................@....@...........@...@.........
..@...............................@.........................
............@......................@.@......................
..................@@@@.......@..........@..................@
..............................................@.............
............................................................
.......@.......@.....@......................................
.......@...............@...@.@......................@.......
......................................@.....................
....................@.................@.@...................
...@.......@................................................
.................@................@.@........@..............
...@........................@...............................
............@...............................................
...@....@.........@.....@...................................
...@...........................................@.....@......
.............@....@.........@....@..........................
.....................................@............@.........
.............@...@.........@.........@...................@..
..........................@.....@..................@........
.................................................@..........
........................@..@.............@..................
...........@..................@.........@............@......
.@.............@............................................
.......................@.............................@......
........@.@....................@...@...@.@...........@......
...........@......@.........................................
........................................................@...
........................@@..................................
...............@...........................................@
...........@..........@.....@..........................@@...
.......................................@..@...@...........@.
.@..............@........................@..................
.....................@.@......@.....@....@.................@
..............................................@.............
.................................@..........................
@.........@.@............@.@.............@..@...............
..................@.@.......@..................@.....@......
@..............@..............................@.............
................................................@...........
.............@.......@.................................@....
....@.....................@....................@............
.@..........................................................
............@...............................................
............@.@...............@...................@.........
.......@.....@.............@..@................@............
...................@..........@............@.............@..
...........................@......................@......@..
............@..........@....................................
.@..........................@............@..................
...............................@...................@........
.....@.............@.........@..............................
.............................@.....@..........@........@....
.................@................@.........................
..................@..........................@...@....@..@@.
Agents:
55
0,26,55,44,49
1,48,16,1,22
2,3,35,51,36
3,9,23,16,56
4,57,4,18,52
5,48,29,12,11
6,46,58,20,50
7,22,6,54,11
8,2,23,50,16
9,20,9,29,2
10,29,35,14,48
11,2,32,39,37
12,32,11,30,12
13,1,40,52,23
14,45,17,19,45
15,38,45,54,9
16,41,14,12,37
17,32,37,27,26
18,37,33,41,23
19,49,28,34,42
20,0,18,56,59
21,44,47,24,8
22,25,9,28,25
23,33,59,16,2
24,7,47,34,30
25,50,50,39,50
26,53,16,45,2
27,43,52,14,50
28,33,29,30,3
29,38,39,48,0
30,26,2,2,28
31,48,31,38,57
32,25,44,12,14
33,31,40,58,50
34,19,0,47,9
35,35,43,23,52
36,23,12,32,29
37,26,13,54,40
38,14,35,15,35
39,43,38,5,4
40,38,53,32,38
41,24,42,59,43
42,43,18,44,11
43,38,44,15,18
44,59,20,19,52
45,50,20,48,20
46,52,5,20,18
47,31,13,40,27
48,22,40,4,45
49,12,19,41,21
50,28,49,31,26
51,14,10,4,28
52,53,31,2,37
53,25,20,22,36
54,14,2,37,48
