1
Grid:
70,70
@.......@.@.@@@@.@.@@....@.@..@.@@...@.@......@..@........@...@.....@.
....@....@.....................@.@...@@.@@@@.@...@....@.@....@........
....@.@..@.......@........@.........@@@.@....@.@..@@.........@.....@.@
@...@@....@.@.......@......@.@....@..@@..@....................@..@...@
@....@@@...@....@............@@..@..........@@.....@.@................
@............@.....@..........@..@...............@.......@@.@.....@..@
...@@....@..@.@.........@.........@..........@.@..@...@.@.........@@..
........@.....@.......................@@.....@....@.@..@....@@..@.@...
.......@.@..@@@........@......@....@..@......@......@...@......@....@.
....@.....@....@.....@.....@@@.................@..@..@.@.@......@.@@@.
.....@@......@.@...@@.@@.@........@.@.......@........@........@....@@@
@.......................@...@.....@....@.........@............@.@..@..
...........@....@.@...@.@@........@.........@......@.@..............@.
....@.@.....@@@.........@...........@.@..@..............@..@......@...
....@.@..@.........@..@.......@..........@......@..@...............@..
....@............@...@.@....@@............@.@@............@.........@.
.......@.....@.@............@....@@.....@......@.......@.@@.......@...
..@......@...@.@..................@.@.........@........@.@......@....@
...@..@....@...@@..........@....@@@.@.........@@..@..@..@..@...@......
...@....@.....@@.........@.@@..@.......@.@..@.@.@........@.@.....@..@@
....@.@..@..@...........@.........@........@@....@@.....@..@.@..@.@...
..@....@@@@........@..........@......@............@.......@........@@.
..........@.@...@@.@.......@..@@..@...@@....@..@.@...@...@.@.@..@@....
................@@.@...@..@.....@.@..@...@......@@....@...........@..@
.....@.@...@@.@..@.......@.@..........@...@......@......@@...........@
@......@.@.@..@.@.......@.....................@....@@....@..@.........
.@@..........................@.@@....@.@..@....@.@...@.@...@...@..@...
@..@.........@@......@..@.....@......@..@........@................@...
...@.............@.........@....@.@@@........@...@...@......@.........
......@@...@..@@..@@.....@..........@....@.@..@....@.@.@....@......@@.
....@............@...........@...@.@....@.@...@.@...............@.@...
.@.........@........@@..@.......@.....@@...........@.@.@.@...@..@.....
.@.................@..@@.@..@..........@.....@...@@......@.....@.....@
....@.....@....@....@.@@..@@.@...@.@...@..@.......@@.....@....@..@....
...........@..@...........@...@@......@.....@@.........@....@.........
.......@....@..@..@@@.@@...@@..@.....@...@.@..@.@.@..@......@..@@.@.@.
...@......@@@@..@...@@.@....@...........@@.......@@@.@@...@.@...@...@@
...@....@...@.@......@..@.@...........@.......@@....@@....@@.@...@.@.@
...@..@.@..................@....@@...@@........@@.........@...........
....@.....@.....@...@..@....@................@...@...........@......@.
.....@...@........@.......@.@..@....@@@.@.@.@......@@..............@@.
...@@....@.....@@..............@.@.....@..........@...@..@......@@@...
.@..@.....@.@...@..........@@....@......@..@....@..........@@@.@..@@..
.........@.@...@.......@...................@...@......@......@@.@..@.@
.......@.@..@...@.......................@..@...@.@..@@@..@...........@
..@............@.@..@.....@..............@@.@..@...@.............@....
..@@..........@......@...........@..@..@...@.@@......@@.....@.....@...
........................@........@....@..@...@.@..............@.......
..@.@..@@..........@.@@@@....@......@.@.....@.....@..@@.....@.......@@
....@..@.@@.....@.....@@....@....@..@@.....@.......@....@...@...@.@.@.
@.......................@@.............@....@............@......@..@..
.@..@..@@......@.....@.....@..............@.@....@..@.............@..@
.@@........@..........@@@..@............@....@..@.@....@....@@.@..@...
...@.@@....@@.....@....@.@....@....@@.....@..@.........@......@.......
...@........@.@.@.@@..@.@......@.......@...@@.........@@...@.........@
....@@..@......@@.....@....@.@.@.....................@...............@
.....@...@..@...@..@.@.........@@.......@.@.....@......@...@.......@..
.@...@......@..@@..@..@.........@..@......@.@...@....@..@....@....@..@
.@.............@...........@.......@..@@..@..........@...@.@.@@@...@..
.........@....@...@@.............@...............@@....@...@...@.@...@
@......@@........@....@..@.@.........@...@.@@...@...@@.@.....@.....@@.
......@@...@.@@@.@@..@................@.....@..@....@.@.@@@...........
....@......@....@........@...@.@..@...@.@@..........................@.
....@....@..@@..@...@..............@..@........@....@..@.....@...@...@
.....@.......@@@@.......@@.@...............@.....@..@.@.........@.....
...@.@..@@@........@..................@..............@@@.@.@...@.....@
.@.......@.....@.....@............@@.....@..@....@.@...@..@.@...@..@..
.............@....@.......@@...@..@.......@...@.....@@....@...........
@...@..@..................@...@.@...@..@..................@.@...@..@..
....@......@......@..@............@....@....@....@........@@..........
Agents:
70
0,23,0,65,4
1,47,67,15,65
2,4,1,27,62
3,40,19,8,1
4,52,25,66,45
5,26,38,50,58
6,9,39,59,7
7,28,52,49,40
8,45,8,59,51
9,7,40,3,43
10,16,51,1,55
11,33,7,33,25
12,24,46,30,9
13,54,58,24,60
14,32,47,1,7
15,11,51,36,66
16,39,59,60,31
17,4,60,5,25
18,46,20,58,25
19,27,64,15,41
20,53,69,11,53
21,38,57,13,15
22,46,17,51,43
23,63,40,24,0
24,24,39,8,37
25,59,2,30,18
26,11,69,26,40
27,41,37,23,36
28,6,31,36,43
29,28,38,21,42
30,5,38,41,37
31,48,55,59,8
32,31,56,33,36
33,12,42,43,2
34,14,16,58,7
35,13,46,34,6
36,31,7,51,38
37,53,14,8,46
38,34,62,58,34
39,57,8,40,13
40,39,39,14,1
41,44,51,61,24
42,21,13,15,31
43,25,22,27,7
44,23,15,34,1
45,63,6,26,57
46,28,7,33,54
47,61,39,13,9
48,7,3,23,13
49,60,38,4,4
50,9,62,5,28
51,1,57,14,69
52,21,26,9,0
53,3,13,24,39
54,43,19,40,16
55,68,35,27,15
56,63,67,39,42
57,33,17,59,0
58,31,60,23,29
59,22,6,16,27
60,17,23,10,60
61,65,29,59,29
62,23,64,25,21
63,55,54,29,2
64,18,0,3,48
65,54,45,39,56
66,41,29,61,69
67,12,38,31,69
68,0,66,38,45
69,32,9,4,21
