2
Grid:
60,60
......@....@...@..@...@....@....@.@....@@..@.........@......
............@...............@..............................@
.....@.@..@@......@........@.@..@......@....................
.............................................@@..@..........
...@......................@..........................@......
.............@....@..@.................@.....@..@...@@....@.
...........@@...@.....@....@............@.@......@.........@
@.......@@............@.@@.@@...@.@@@.............@.........
@@...@.@............@...@..@...........@.....@...@@..@......
....@.........@.@......@....@@.......@.......@@.....@..@....
...@.....@....@.@.@...@...@..@@..@.@..@...@@.....@..@....@..
@..@....@..............@....@@....@......@.........@..@.....
@@.@@.............@........@.................@............@.
..@..@.@.........@............@..................@....@.....
@.....................@..........@..@......@..@.............
.@.....@.....@.@.@..@..@..........@..@...........@..@@......
....@............@............@.................@...........
@@.........@......@..@..................@....@.....@.@@.....
....@@@........@....@...@..........@.@@.@@.@@.........@.@...
..@....@..........@.........@....@.......@.......@.......@..
@....@..@..................@..........@@....................
...@.....................@.@............@.............@....@
.....@.......@.......@@.......@.@................@..........
.@.............@.......@.@@..@..............@.........@.@@..
..@.....@@........@.@....@........@.........@@.@.......@@...
..@....@...........@....................@.......@....@.@@...
...................@.........@.....@...@@.....@......@......
.......@...@.................@...@......@............@..@...
......@.@..........@...@.@.....@.@@.......@....@....@.......
@........@...@.@.........@.....@...@..@.........@.....@....@
.@......@..@...........................@..@...@......@....@.
..........@..@.......@..........@..@........@...@...........
...........@.....@.@@...@.@...........@...@.........@......@
..............@@..@.........@.@.@...@.....@...........@....@
.@..@....@...@@@.............@...@...............@.@........
@@........@...@...@.......@............@.......@..........@@
..........@.....@.@.........@...@................@..@.......
@........@...@....@.....@.@........@....@.....@.............
.......@@...@...@..........@.@....@.........@.....@........@
.@....@...@.....@@....@@@.........@.@....@..@.@.......@..@.@
@...@........................@..@.@.........@...............
.@@....@.................@...@@..@.@.@............@@.@......
......@@.........@......@.........................@.......@.
.@@@.....@........@.....@@..@.......@..@@....@..@..@....@...
.................................@.................@@...@...
..........@...........@................................@..@.
@@........................@@........@...@..........@@...@..@
@.@........@....@@@........@..........@......@............@@
...@.@....@...@.@..@.....@.......@..@..@.@........@..@......
.@...@............@....@...@................................
............@................@@............@..........@...@.
@...@..@.....@.........@..@.....@.@.@.....@......@@...@.....
.....@....@.@.................@..........@.............@....
.............@................@..@..@........@..@.........@.
.........@....@...@@.@@.....@.@.....@.@..........@.....@@...
.........@................@..@.@.@.@@.....................@.
...@..@.......@.............@..@...............@....@.......
@@..........@@....@..@....@.@...@@@....@....................
......@...........@@..@.................@......@@@..@..@...@
..@.................@@....@...@............@...@.@..........
Agents:
55
0,0,26,40,6
1,8,25,50,48
2,12,40,24,6
3,18,46,5,41
4,35,23,40,27
5,11,5,5,3
6,24,22,14,32
7,53,11,59,50
8,58,15,3,30
9,54,0,17,7
10,59,44,53,42
11,35,45,43,55
12,27,48,11,11
13,14,40,45,5
14,12,25,46,43
15,38,20,58,16
16,20,14,3,0
17,54,46,12,59
18,52,43,19,1
19,37,55,50,24
20,51,44,12,42
21,57,48,56,53
22,35,53,17,29
23,31,11,3,12
24,41,0,41,3
25,19,9,41,42
26,1,23,39,40
27,8,30,37,38
28,30,10,41,13
29,10,28,14,8
30,33,45,30,56
31,56,44,54,12
32,21,7,0,0
33,8,15,37,12
34,54,42,10,40
35,51,29,22,27
36,51,46,13,36
37,5,41,16,41
38,42,1,28,9
39,43,38,56,35
40,23,47,37,51
41,55,44,15,27
42,44,28,19,11
43,34,6,34,59
44,24,40,35,33
45,34,28,22,40
46,15,33,57,45
47,31,51,54,25
48,32,23,38,22
49,2,26,44,7
50,53,16,32,53
51,38,36,1,51
52,17,32,14,40
53,32,21,37,14
54,25,49,34,34
