0
Grid:
70,70
......................................................................
......................................................................
......................................................................
......................................................................
......................................................................
......................................................................
......................................................................
......................................................................
......................................................................
......................................................................
......................................................................
......................................................................
......................................................................
......................................................................
......................................................................
......................................................................
......................................................................
......................................................................
......................................................................
......................................................................
......................................................................
......................................................................
......................................................................
......................................................................
......................................................................
......................................................................
......................................................................
......................................................................
......................................................................
......................................................................
......................................................................
......................................................................
......................................................................
......................................................................
......................................................................
......................................................................
......................................................................
......................................................................
......................................................................
......................................................................
......................................................................
......................................................................
......................................................................
......................................................................
......................................................................
......................................................................
......................................................................
......................................................................
......................................................................
......................................................................
......................................................................
......................................................................
......................................................................
......................................................................
......................................................................
......................................................................
......................................................................
......................................................................
......................................................................
......................................................................
......................................................................
......................................................................
......................................................................
......................................................................
......................................................................
......................................................................
......................................................................
......................................................................
......................................................................
......................................................................
Agents:
50
0,43,46,2,58
1,12,52,22,41
2,46,42,42,12
3,60,64,15,36
4,48,58,18,57
5,62,11,43,14
6,3,28,0,39
7,1,17,38,55
8,53,12,39,51
9,33,15,61,13
10,44,62,69,65
11,27,32,48,17
12,54,63,6,36
13,43,64,46,32
14,10,42,32,51
15,68,37,51,15
16,62,10,7,15
17,34,11,26,45
18,59,30,59,59
19,55,29,25,20
20,29,17,36,25
21,58,17,17,48
22,35,49,38,6
23,20,55,1,52
24,45,54,8,16
25,55,47,41,60
26,55,2,63,27
27,37,50,42,19
28,18,50,45,26
29,68,52,15,14
30,68,65,26,7
31,54,5,55,9
32,60,24,49,0
33,18,62,20,27
34,63,59,5,2
35,27,23,64,57
36,27,3,28,30
37,56,27,45,63
38,4,10,42,68
39,66,4,57,7
40,42,58,39,67
41,19,25,40,41
42,57,20,56,54
43,51,60,65,7
44,43,53,52,43
45,63,8,10,48
46,32,2,53,7
47,30,33,17,52
48,32,52,65,58
49,27,10,12,58
