2
Grid:
70,70
....@........................................@............@.@.........
.@.@..........@.........@.............................................
......@..............@.@...@.........@.........@......................
.....@..@.....................@@.............@..............@.........
@......@..........@........@.@.@......@....@..........................
......@..@.@..........@@........@...........@..@@................@....
.....@.@@....@.......................@.@............@.................
.........@..........................@..........@............@......@..
.............................@............@...................@@......
..@.................@......@...............@.....@...@................
....@.........@.........@@.......@......@.......@.....................
.....@.............@.@.@@@........@..............@@.@..@@.............
.....@...............@.............@...........@......@...............
..........................@..@........@..@....@........@........@.@.@.
.@.@............................@........@@.......................@...
....@.@.........@....@................................................
.@......................@.............@.......@....................@@.
............@....................@..........@..@..................@..@
...@...................@.........@.......@...........@.........@......
.......@....@.@....@@.......@...................@.........@...........
................@.......@...........@..............@....@.............
.@@...........@.......@.......@........@...........@..................
..........................@..@...@..@..................@@..@......@..@
...........@........................@......@........@@................
........@..........@.@......@..@...........................@......@..@
@@.....@.@........................................@..............@....
.@........@...@.@......@.@...@...@........@....................@......
......@...........@......@..@...........@.............................
...............@..............@.......................@..@............
.....@........................................................@...@...
.@.........@.........@.....@..@............@...........@.....@.....@..
...@@...................@....................................@.......@
.....@@................@..........@..@..........................@.....
......@...............@..@@...@..............@.............@........@.
..@@...............@....................@...@..............@......@.@.
..........@...@......@.............@@........@.@.@......@............@
......@..........@.......@............@....@...@.@....@....@..........
...@..@.........@@..@....@....@...............................@.......
..@...............................@...........@.......@.@.............
...........................@.......................@..@@..........@...
.....@.@.@@....@..@..............................@@.@..............@@.
.@..@..........@......@@....@.....@...@..............@............@...
..@.....@@......@@....@@...@.........................@..@...@...@..@@.
................@..........@......@@.....@.....@....................@.
.............@......@................@.....@.....@.......@.........@..
....@.....@........@...@.......@..............@......@..............@.
.....@@...@.............@.....@@........@....@....@....@...@....@.....
..............@@.@...................@..............@.................
............@.@@..........................................@...........
@..........@.........................@..@...........@@................
............................@......@.@............@....@..@...........
...........................@.........@..................@@.....@......
................................@..@.....@......@@...@.......@........
....@....@....................@....@.@.............@.........@........
............@............@...........@..........@.....@.......@..@....
.......@@@...............................@...@........................
..@........@.@@...@..@...............@......@...@.@..@................
.........@..@.....................@..@..@@...................@......@.
@............@..@........@...@....@..@.........................@......
.......@...........@..@..@..........@.................................
.......@.......................@..............................@.@.....
.@...@......@.....@..@@@................@.................@.@.........
......@.@.....@..............@................@...@..@.......@.....@.@
.......................@............@........@......@......@.......@..
..@..@@@.......@................@.............@.@.....@........@......
.............@..........................@..@.@.@@..@.@@...............
.......@.........@...@..@.......@..................@..............@...
...........@....@@.......@..................................@....@.@..
..........@........@...........@......................@.@....@...@....
..............@........@..................................@...........
Agents:
55
0,63,62,10,10
1,38,63,9,62
2,63,7,22,37
3,14,40,39,64
4,55,37,15,61
5,39,31,12,10
6,41,16,52,30
7,41,44,34,7
8,30,13,3,63
9,43,8,35,24
10,7,34,42,48
11,37,38,12,28
12,53,28,25,54
13,29,46,15,12
14,45,20,35,17
15,51,44,32,8
16,8,7,20,26
17,65,25,18,25
18,8,1,32,20
19,12,48,68,12
20,48,37,65,58
21,65,36,15,46
22,3,56,50,3
23,16,41,6,40
24,18,18,59,14
25,55,4,13,67
26,25,25,69,38
27,23,56,52,42
28,66,14,2,42
29,55,20,26,40
30,35,67,47,67
31,35,22,40,38
32,69,32,25,36
33,32,29,44,60
34,0,33,60,61
35,59,16,11,51
36,33,7,4,46
37,37,42,8,68
38,29,4,59,54
39,1,32,2,67
40,59,4,12,49
41,51,39,69,21
42,1,22,30,65
43,5,67,4,4
44,39,40,43,30
45,18,27,7,14
46,1,67,66,28
47,1,50,18,40
48,38,68,17,2
49,41,56,35,31
50,55,26,29,9
51,4,62,4,51
52,35,6,53,31
53,46,36,58,21
54,33,50,11,26
