2
Grid:
20,20
....................
....................
....................
....................
....................
....................
....................
....................
....................
....................
....................
....................
....................
....................
....................
....................
....................
....................
....................
....................
Agents:
25
0,6,8,15,4
1,19,18,4,9
2,14,19,1,13
3,7,3,19,15
4,7,0,17,1
5,4,16,14,9
6,5,14,12,10
7,9,18,11,10
8,2,5,6,0
9,11,12,7,5
10,8,13,2,19
11,16,18,11,6
12,0,2,10,17
13,6,2,13,14
14,7,15,2,13
15,3,8,6,9
16,6,5,19,12
17,12,19,13,17
18,5,13,4,15
19,8,3,14,13
20,17,7,2,11
21,7,2,14,0
22,13,6,3,9
23,10,1,8,10
24,18,15,17,5
