2
Grid:
70,70
.......@.......................@..............@.........@.............
.......@..@......@..@....................@...............@............
....@.............@@....@...@..@..........................@..........@
.......................................@..@.....@....................@
............@..@@.@....@.............................@................
.@.......@.........@..@.......@@.@@.......@.............@@@@..@.@.....
....................@...................@...........@............@..@.
.......@..@..@...@@................@......@...........@.....@.@.......
......@.................@.....................@....@....@.............
......@......................................@.@................@.....
.....................@............@......@....................@...@...
...@............@..@.................................@....@...........
...@..............@.........@...@.....@.@...........@.....@.....@...@.
...@...@@..............@........@@....@..............................@
.@.................@.............@......................@.....@.......
....................@.........@............@.@....@........@..........
...........@......@.........@..@....................@.@....@.....@....
....@....................@......................@....@...@..........@.
...............@...@......@..............@.....@..........@...@......@
...@.@.......@......@...@..........@.........@.@@.@...........@..@..@.
.............@.@.....................@..........@....@.....@.......@..
...........................@................@...@...........@.....@...
.......@..............@..@...............@...................@.@......
...@.........................@......@......@.......................@..
.................@@.......@..@.......................@...@...@........
...@..................@....................@..........................
@..........@@......@.............@..........@.....@..@..@.....@.......
.......@.@@.........................@....@......@...............@.@...
.@......................................................@@.........@..
.@....@...@..........................@................................
..@.....@.@...@......@..........@.......@@.........@.......@...@@.....
..@.......................@..........@....@...................@....@..
..........@.........@..............................@......@.......@...
..........@.........@...........@.@......................@............
...........@................@.....@.@.................................
...........@...@......@@.........................@...................@
....@@..........@.....@........@....@@.........@.............@@.......
.................@.....@.......@...........................@..........
.......@...........@.....@@.@@......@.................................
....@............@..........@..@..........@.@...........@.............
...................@..........@.......................@...............
.....@......@........@......@.......@......@..@....................@..
.............@..@.@.....@.......@...@.....@..........................@
..@.............@...@...............................................@.
.......@..@.....@.....@.@.......................@......@..............
@...............................@......................@.@.......@...@
...@......@.........@.......@..............@...........@..............
@.@.........@........................@.......@.......@.@.......@......
.......@.....@................@..@..........................@.@...@..@
...@.@.........@.....@..@.......@..............@...@.@.@..@.....@.....
..........@@....@..................@.@....@..............@.........@@.
....@@....@..................@...@.......@.........................@..
....@....@.@........@.@................@..............@@@...@.........
@....@..@..@...@...............@..........@....@.......@...@...@..@..@
.........@...................@@...........@...@.................@.....
........@.......@...@...@............@...................@............
....@.........@......@...............@..@...........@..@......@.......
......@......................@.............................@......@...
.@@...........@........@......@.............@.............@.@.......@@
....@.............@.............@....................@................
..........@............@.@......@.@..@.............@.......@.....@....
......@......@..@................@..@.............@............@......
@................@..........@.........@..................@..@@........
@...........@...............@....@@.............@....@............@...
...............@@..@.....@........@..@..........@.............@.....@.
@..@.............@@.........@..@..@......................@............
.................@....@.......@................................@...@..
.......@...@.......@@.....@............@.......@...@....@@@@..........
...........@...@......@...................@...........@.@.@...........
........@.................@...@......@..................@.............
Agents:
85
0,31,61,37,1
1,32,11,41,20
2,8,54,20,47
3,54,38,20,1
4,51,3,0,33
5,55,67,24,21
6,48,57,23,48
7,64,31,61,49
8,8,63,9,40
9,60,19,54,4
10,61,39,44,32
11,63,39,18,23
12,47,32,4,25
13,63,10,15,35
14,60,31,16,49
15,60,27,6,58
16,44,4,32,14
17,36,64,34,2
18,37,28,47,38
19,21,10,12,2
20,58,8,32,43
21,11,17,13,20
22,34,13,4,26
23,19,39,25,37
24,61,15,67,16
25,35,51,50,27
26,37,66,58,10
27,25,54,57,4
28,38,45,10,9
29,6,16,10,10
30,66,36,16,34
31,57,4,9,41
32,51,64,20,12
33,7,22,49,65
34,5,48,44,62
35,49,66,64,6
36,45,47,36,56
37,11,21,10,32
38,36,29,66,59
39,38,54,67,33
40,26,40,34,13
41,3,36,37,34
42,42,12,40,65
43,1,65,10,33
44,20,12,44,52
45,12,48,38,4
46,38,38,26,4
47,31,55,65,46
48,21,7,15,24
49,33,41,68,67
50,43,15,40,0
51,60,47,68,36
52,5,41,61,31
53,69,29,39,3
54,4,45,51,3
55,0,27,11,39
56,36,42,69,32
57,39,10,5,38
58,11,38,63,68
59,1,63,56,3
60,35,0,18,38
61,28,7,30,58
62,16,25,45,5
63,0,28,60,42
64,65,66,12,49
65,10,11,24,7
66,49,25,8,18
67,31,0,22,65
68,13,42,62,12
69,60,45,9,30
70,12,54,54,34
71,12,65,10,61
72,68,20,11,24
73,25,40,53,62
74,66,65,44,4
75,47,31,68,45
76,13,67,6,55
77,11,4,66,40
78,12,61,16,14
79,13,48,0,55
80,45,41,15,9
81,32,39,38,15
82,31,27,5,52
83,31,4,58,49
84,20,10,2,38
