8
Grid:
20,20
......@.......@.....
..@..........@@.@@..
.@.......@..@@...@..
..@.@...@@...@@.....
@.@@...@........@...
....@..@.....@.@...@
.........@.....@.@..
@@@.@@.@@@...@..@...
............@..@....
..............@.....
..@....@@.....@@..@.
@.@@.@.......@@.....
@.......@...........
..@......@.@........
..............@.....
......@@..@@........
..@@@.....@........@
........@.@.....@...
....@......@.....@..
...@..@.@...........
Agents:
25
0,18,13,18,9
1,14,10,16,13
2,7,11,0,7
3,1,15,1,10
4,0,12,14,15
5,11,1,9,17
6,2,2,8,11
7,7,17,4,17
8,17,5,9,0
9,13,14,11,18
10,12,13,5,1
11,15,2,19,0
12,0,18,5,3
13,1,7,5,9
14,0,19,5,18
15,18,18,5,0
16,3,15,13,17
17,18,5,8,10
18,14,15,8,13
19,17,1,16,9
20,0,0,1,4
21,16,9,17,12
22,17,7,18,1
23,12,12,0,19
24,19,16,6,6
