1
Grid:
70,70
......................................................................
......................................................................
......................................................................
......................................................................
......................................................................
......................................................................
......................................................................
......................................................................
......................................................................
......................................................................
......................................................................
......................................................................
......................................................................
......................................................................
......................................................................
......................................................................
......................................................................
......................................................................
......................................................................
......................................................................
......................................................................
......................................................................
......................................................................
......................................................................
......................................................................
......................................................................
......................................................................
......................................................................
......................................................................
......................................................................
......................................................................
......................................................................
......................................................................
......................................................................
......................................................................
......................................................................
......................................................................
......................................................................
......................................................................
......................................................................
......................................................................
......................................................................
......................................................................
......................................................................
......................................................................
......................................................................
......................................................................
......................................................................
......................................................................
......................................................................
......................................................................
......................................................................
......................................................................
......................................................................
......................................................................
......................................................................
......................................................................
......................................................................
......................................................................
......................................................................
......................................................................
......................................................................
......................................................................
......................................................................
......................................................................
......................................................................
......................................................................
......................................................................
......................................................................
......................................................................
Agents:
85
0,53,51,58,23
1,66,34,51,67
2,64,69,43,56
3,39,38,0,27
4,1,44,24,10
5,47,3,46,40
6,60,11,4,53
7,46,7,67,13
8,65,61,8,0
9,40,3,32,35
10,61,10,30,3
11,30,32,68,69
12,37,4,9,3
13,33,50,2,1
14,57,33,64,49
15,67,45,65,63
16,16,49,25,37
17,68,36,68,26
18,45,30,10,4
19,9,1,36,53
20,57,41,46,63
21,63,67,58,67
22,52,61,42,39
23,34,23,9,59
24,11,60,58,9
25,23,65,47,10
26,38,56,40,34
27,34,42,7,26
28,20,34,37,63
29,67,59,28,42
30,36,59,50,2
31,50,37,56,20
32,46,2,3,38
33,57,11,11,65
34,12,10,35,67
35,32,35,39,66
36,52,39,31,0
37,15,20,55,52
38,17,32,40,20
39,49,46,20,56
40,39,9,12,49
41,39,67,57,25
42,10,2,67,26
43,6,29,61,16
44,15,26,42,2
45,15,10,46,53
46,33,19,48,19
47,34,68,64,15
48,61,26,56,37
49,20,50,35,31
50,3,23,61,48
51,10,1,31,28
52,27,58,11,66
53,13,69,26,10
54,41,13,17,65
55,24,58,14,43
56,55,20,18,32
57,19,26,56,1
58,19,53,46,65
59,27,44,51,63
60,66,27,64,56
61,65,55,20,43
62,64,21,31,66
63,1,32,35,44
64,4,16,58,15
65,29,60,4,35
66,11,68,27,38
67,42,16,8,12
68,69,38,29,20
69,39,21,67,44
70,58,6,51,49
71,57,1,7,41
72,1,26,39,45
73,24,13,62,47
74,69,7,19,40
75,48,7,39,36
76,69,46,24,31
77,53,46,64,64
78,27,24,31,22
79,6,6,6,6
80,57,50,53,60
81,65,24,65,19
82,54,34,3,30
83,46,56,48,14
84,27,51,10,14
