2
Grid:
60,60
..@....@..........@...................@.....................
.........@.@.....................@.........@.......@......@.
@.......@@......@.........................@...@@.@......@...
..@@......@....................@............@...@.....@....@
............@.........@..........@...@@@............@....@..
..................@..............@...@......................
....@...@@.@.......@.......@....@.....................@.....
.......@.......@...@..............@.........@...@.@...@@...@
..@...@...........@...........@..@........@.@...@...@......@
....@...........@.@.............@..........@@....@...@.@....
........@.@.......@..........@....@.....@.@@............@.@.
.......@@.....@......@...@.........@.........@@....@.@...@@.
......@...@..@..........@.......@.................@.........
.......@..@..@.....@..............@@.@.@@.........@.......@.
.@..@@....@.......@..@...@@@@.@...@.......@.@@.....@.@.@..@.
..........@@............................@...................
........@.........@.................@..........@......@.....
...........@..........@.............@@....@.@.@.........@...
.........@@......@.........@.....@....@@@................@..
..............................@..@....@.@...........@.......
@....@....@@.........@@........@....@.......@...@@......@...
@@@....@...........@...@@.........@.......@......@........@@
..............@.@.........@.....@.@.........@@........@.....
......@.....@...@.@@.........@...........@..................
..@.......@.....@....@.@...........@.......@......@.........
......@..@@.@.....@..@..........@.............@@..@@.....@..
.@..........@.........@.....@@...@.@....@......@.@........@.
......@@.@.....@@............@@.@...............@@..........
....@@@....@..........@.................@......@@...........
...@..@.@.@..@...........@.@..@................@..........@.
.@.@.......@.@......@@@.@...@@@.....@...@...@....@..........
.@@@..@..@....@....@....@.........................@@@..@....
................@..@......@..........@................@.@..@
.........................@...@.......@.........@............
.....@......@...@.@........@................@........@..@..@
......@..@..............@...@.......@.@........@............
.@.......@......@......................@............@....@..
...@...............@.............................@@.........
..............@..@.....@....@..@..@@.......@......@...@.....
.........@..@.@........@...@...@..@....@@.....@.@.@........@
@..@..@...................@.@...@....................@@.....
......@..@....@..........@@@.......@............@.....@....@
@...@.........@..@........@@....@........@..................
@....@..@.......@...............@.....@@.@.@@.....@.........
.....@@...........@.......@..........@.........@............
.@...........@.....@.............@.......@................@.
.........@@...@@....@.......@.@................@...@.@......
.@..@@.................@....@.......@...........@........@..
.......@..@@.@......@........@........@.......@.@@.....@..@.
........@...@.@..................@...@........@@....@.@....@
.......@........@@...@.@......@.@....@.....@..........@@@...
..........@...................@...@@....@@........@.....@...
@.@.................@...@..@.......@@......@.......@.@@.....
.@...@..@..@.....@.......@....@...................@.......@.
..@@.@.@...........@..@.@..@....@......@.@............@.....
.......@...@.@...@..@@.....@@....@.......@..................
.....@..@..@....@@........@...@.....@...........@.......@..@
.@.......@.@...................@@..........@@.......@..@..@.
...@...........@@.@..@...........@.............@@...@....@..
............@...........@......@@@.@.@......@.......@@......
Agents:
50
0,47,18,45,15
1,11,50,27,56
2,41,8,6,16
3,58,4,27,46
4,31,29,50,25
5,33,56,41,1
6,28,36,46,3
7,15,25,21,9
8,3,7,17,41
9,0,56,15,55
10,41,33,45,16
11,32,33,12,57
12,39,37,38,19
13,31,10,35,30
14,27,55,44,58
15,21,57,53,26
16,2,26,17,47
17,46,7,18,47
18,29,2,33,18
19,6,31,1,41
20,47,49,37,55
21,6,39,5,45
22,56,37,0,16
23,17,29,17,51
24,37,48,47,0
25,9,3,6,2
26,2,38,41,45
27,34,31,33,2
28,23,38,15,31
29,48,43,9,12
30,4,34,51,14
31,9,34,34,2
32,57,7,0,46
33,30,0,32,43
34,23,5,25,3
35,21,47,15,50
36,37,4,19,51
37,0,36,55,43
38,19,7,49,53
39,22,51,8,37
40,27,35,11,4
41,7,8,48,0
42,1,22,51,42
43,34,43,35,27
44,7,21,0,37
45,39,10,44,45
46,25,53,20,50
47,32,36,16,45
48,24,3,55,9
49,1,30,19,45
