5
Grid:
20,20
.................@..
....@.@.@...........
.....@.@@...........
............@.......
....................
....................
.@..................
....................
..............@.....
...@......@.........
..........@.........
....................
....................
....................
@...................
...........@........
...........@........
....................
.................@.@
...@............@...
Agents:
10
0,17,4,8,16
1,2,17,10,18
2,5,7,16,3
3,12,5,7,2
4,18,15,5,11
5,1,3,14,12
6,11,2,1,11
7,9,18,12,16
8,3,2,12,1
9,10,7,8,0
