7
Grid:
20,20
.......@.........@..
....................
.@.....@........@...
..@.................
....................
....................
....................
.............@......
...@@...........@...
....................
..............@.....
........@...@.......
....................
..@....@............
......@.@...........
.......@............
......@.............
....................
.....@..............
....................
Agents:
25
0,4,2,18,6
1,18,14,3,9
2,10,18,6,18
3,5,1,15,4
4,15,12,8,11
5,16,14,6,16
6,12,9,14,1
7,10,5,9,19
8,7,8,0,15
9,13,0,10,3
10,10,4,16,12
11,9,15,18,0
12,4,5,10,7
13,19,0,1,6
14,13,4,6,4
15,12,8,9,15
16,14,15,6,5
17,4,18,15,13
18,1,13,14,12
19,11,1,9,12
20,17,14,8,6
21,10,3,3,8
22,12,12,11,1
23,6,2,14,13
24,13,11,3,18
