0
Grid:
60,60
...@.@@.......@...@..@...@..@@@....@..@..@.@..@.@@..........
@........@..@..@.@...@...@..@@@.@..@...@....@...@...@..@..@@
.@..@..@@@.@..@.@..@.@...@.........@.@.@....@.@.....@...@...
....@...@@.........@...@......@..@..@@@.@@@@@.@.............
...@...@.@@@.@...@........@@.@.....@.......@..@@....@..@....
...@@@@@.........@.@@...@.....@.....@.@....@...@..@...@@..@.
........@..@....@.@@....@....@@..@...@..@@@......@@.@.@@@.@.
..@@.@@..@.....@..@@...@.@@.@............@...@..@@......@...
.....@...@.@@....@@..@@@@@.......@@.@.........@@......@.....
......@.@@.@.....@@.@..@.@@..@@..@..@@.@...@..@....@@@......
....@.@......@@.@..@@.@@.@..@..@..@@.@..@..@....@@..@...@...
@.@@@...@........@@......@@@@@...@@.@..@@.@@@...@...@...@@.@
@.......@@@@@.@@.@...@.........@........@........@.@..@.....
.....@.@@@......@@@..@..@....@....@.@.@....@........@.......
...@@..@........@@@......@@...@@......@.@.@.....@.....@@...@
@..@.......@....@@.@.@............@.....@.@..@....@.@.......
@@@..@@.......@@...@....@..@.@......@@@@.@@...@....@........
@..@....@...@.@@.@....@@..@@...@.@.@@@...@..@.@....@.@@.....
.@..@..@.....@...@..@@@..@..@@........@.@........@.@.@..@.@@
@....@..@.@...@@@@...@..@.@....@..@@..@@@@@@.@......@.@@@...
@...@...@.....@@@..@.@..@@.......@.....@.@@..@..@.....@.@@@.
..@...@.@@@@....@..@.@........@........@@......@.@.@..@..@@.
.....@..@..........@.@.@...@@@...@..@.@@.....@.@..@......@..
@@.....@....@..@...@......@@...@@@..@............@..@...@.@.
@...@@@.@@@.......@....@...@@..@.@..................@.@...@.
...@@@.@.@@@.@..@.@..@...@.....@..@@@@....@@......@@.....@.@
....@..@@@.......@.@@.....@.@@.@..@....@@...@.@....@........
...@@...@.......@..@@......@.@.@..@@@......@....@.@@.@..@@@.
...@.................@@@..@@.@..@@@.@@@..@.......@.@.....@@@
@...@.......@.@@............@@.@..@..@..@@.@@.......@....@@@
.@........@..@...@..@@.@@.@..@.@.....@@@.@.@...@..@.@@@...@.
...@@......@...@@...@....@.@..@.@..@...@......@@....@.....@.
.@.......@.@..@@@...@....@@.........@@.....@@.........@....@
..............@.@....@@...@.@.........@@.@.....@@..@.......@
...@...@.@@..@@.............@.@.@.@.....@.....@.@.@...@..@..
..@......@@.@@@...@@......@.@.....@.@...@@..@@.@@.@..@..@.@.
......@..@..............@...@@.@....@.@..@@@@@..@..@.@......
@....@@...@..@.@@....@@@.@.......@@@..@@@@@...@@@.@.@...@@..
@@.@@...@@.@..@.@......@...@..@..@..@@@.....@@.@...@.@....@@
@....@...@@@...@..@.....@..@.....@.....@......@....@..@..@..
..@@..@@....@........@..@.....@...@..@.@.............@@.....
.@..@..@..@.@..@@.......@@.......@.@....@.@....@....@..@@.@.
.@@...@....@..@..@..@...@.....@.@..@.@...@.......@....@@...@
.@@......@.@@.@..@@@@.......@....@.@..@........@.@.@@@@...@.
@....@.@....@...@.@....@....@....@@@....@..@.@.@......@.@@..
....@........@....@@@...@......@....@.@......@........@@....
@@...@@..@.@.@.....@..@.@.@.@..@...@@..........@.@.......@..
........@.@....@.@.@@.........@..@...@@.....@@.....@...@@.@@
..@@..@....@.@@..@@.@.....@@.....@...@.@..@@@@.@@.......@.@.
.@@..@..@..@.....................@@@@.@...@........@@@...@..
@.........@.@.....@@.@............@@......@..@.@@..@........
@.......@..@....@..@.@...@.....@@@.....@......@.....@...@...
@...@.@...@.@.@..@..@......@@@.@.@...@@@@@@.....@@...@.@....
@........@...@...@..@@.@@.@.@....@..@...@...........@..@....
@.@@....@...................@.......@....@.@..@.....@.@@@@..
@....@@.@....@....@..@......@@.@@......@@..@......@.........
@@......@.@.@@.@...@.@.@@.@..@@.....@@@.@.@.@.@@.@@.@.......
..@@..@@@@...@@....@.....@....@..@...@.@@.@@@....@...@.@...@
@@@..@.@.@@...@.@.@..@.....@.....@......@......@.......@@...
@..@.....@@...@@.........@.........@@@.......@......@..@@...
Agents:
65
0,28,48,18,46
1,49,12,59,20
2,52,23,9,34
3,44,48,6,45
4,8,31,29,53
5,25,12,15,49
6,9,49,34,5
7,14,23,30,6
8,4,18,3,20
9,14,45,23,39
10,41,51,21,13
11,34,55,24,39
12,5,31,53,50
13,22,46,16,33
14,42,28,32,33
15,42,58,55,36
16,45,39,21,34
17,13,55,9,15
18,20,9,32,13
19,46,46,51,58
20,14,43,29,47
21,50,28,41,19
22,31,0,51,15
23,49,48,47,24
24,43,36,26,23
25,53,19,12,41
26,49,40,31,34
27,7,16,52,44
28,44,27,33,42
29,9,38,10,44
30,38,39,12,28
31,35,55,46,38
32,44,51,55,25
33,40,18,54,34
34,26,30,9,14
35,54,44,31,50
36,4,8,36,12
37,45,52,42,22
38,12,32,58,29
39,40,40,45,50
40,2,30,29,50
41,53,5,20,23
42,19,46,40,49
43,43,31,45,28
44,18,52,6,34
45,22,10,16,53
46,13,47,58,8
47,52,2,46,29
48,38,31,35,16
49,8,15,46,41
50,1,53,57,32
51,50,22,42,13
52,25,0,15,38
53,22,52,4,15
54,33,17,51,23
55,53,14,51,3
56,58,35,13,46
57,58,45,17,43
58,15,7,34,24
59,55,33,22,18
60,8,44,39,31
61,30,16,55,22
62,16,43,26,22
63,13,41,27,0
64,23,24,59,17
