2
Grid:
60,60
................@...@@...@..................................
....@..............@.@......@......@.........@.@............
@.@..@.....@.....@........@......@...........@....@...@.@...
...@.@..............................................@.@.....
.............@...........................@......@.@.........
...............@.........@@..........@@......@..............
..@@..@...........@@.......@@.....@@.............@...@....@@
..@@.@..@.......@.@..@...................@..@....@..........
@..@..............@............@.........@@...@@...@.@......
.....@@.@@......@.........@.............@..................@
..................@....................@.........@.....@..@.
...@...@.....@......................@.@................@....
...@.................@...@....@.......@...........@.......@.
........@...........@.@..........@.@.@.......@...@...@@@@..@
...@.................@.......@.@......@.@.......@.@@.@......
..@......@.....@..........@..@....@.......................@.
.@@.......@......@......@..@.@...@.........@...............@
..@@@.......@.....@@......@........@.@@@..........@...@@....
.................@@..@.@............@...@@..@...@..@..@..@@.
...@.@...@....@.....@.....@............@.................@..
.........................................@@......@@.....@...
....@...@.......@....@......@.................@.............
....................@.@@......@.........@.......@.@...@@....
@..........@..................@..........................@..
........@...........@...@@........@...@...@............@..@.
..@.@....@.@........@.............@....@....................
..........@.......@.................@..@..@...@...@@........
.......@...@..@@........@...@.......@......@...@..@...@@..@.
....@......@.......@.....@.....@.@.@@.............@........@
.......@...@.......@...@.@@..@.@....@.......@........@......
....@.@...@...@......@.....@.........@.@.........@..........
....@.....@.......@.@...@......@........@.@..@..@...........
..@@.....@......@.@.......@.................................
.@.@.@@......@................@.@................@@@........
...@..@.................@......@@....@........@@...........@
.@............@......@..@..@@@.........@..@....@@...........
..@.@........@.@..@..@...@..@.....@..@.....@@....@..........
.....@..@@................@.@..@...@@..........@..@.@.......
@@...@..@.@....................@...@.@.@.....@...........@..
.....@....@@.@.....................@.......@..@......@.....@
.....@.@.....@........@....@...@....@@.....@..@.........@.@.
.......@...........@@...@......................@..@....@...@
.@............@.@........@..........................@..@..@.
@......@.@.@.@..@....@...@................@....@............
...@......@@.........@..@.........@......@.......@.@...@..@.
@.....@@.@........@@......@....@...@......@..@..............
...@..............@@.@......@.......@....@.....@...@........
....@.....................@............@...........@........
.@..@.@...@..........@..@....@.........@.......@@........@..
...........@..@@......@@......@..@...@.@......@@.......@@...
.......@......@.@..@.@....@...@.@..................@.....@@.
.@@............@....@..@@..@..............@..@.......@......
........@....@@...@...@@..........@..@......@............@..
.@.......@.......@...........@.@.....@...@...@......@...@.@@
..........@@......@........@...@..@.......@.@.............@.
.........@.......@@...................@..@.......@..@.......
.........@......@....@..@..@.@.........@.......@.@..@...@...
................@..@.....@....@................@...@........
.@..@@..@.........................@.......@...@....@........
........@...........@...@............@.@.@....@.....@....@..
Agents:
65
0,12,56,21,40
1,30,2,50,38
2,19,50,40,23
3,34,21,22,45
4,58,25,7,34
5,40,24,57,27
6,39,37,12,17
7,25,5,8,55
8,24,3,2,51
9,29,18,19,22
10,39,49,20,59
11,8,45,43,36
12,23,59,16,48
13,31,5,20,51
14,8,1,31,5
15,55,43,38,15
16,0,49,58,40
17,10,51,54,40
18,39,58,21,50
19,14,43,29,21
20,36,45,18,13
21,2,47,36,23
22,27,9,40,28
23,11,37,4,39
24,26,54,45,12
25,16,40,10,32
26,26,34,43,51
27,49,8,48,12
28,29,56,46,5
29,30,57,54,15
30,23,50,59,2
31,26,33,31,57
32,25,26,3,25
33,42,54,50,18
34,47,20,24,28
35,31,2,8,59
36,31,22,39,24
37,51,47,47,23
38,49,18,42,4
39,16,6,15,28
40,32,30,39,41
41,56,5,26,27
42,32,39,58,17
43,53,27,50,45
44,15,5,41,51
45,17,15,17,6
46,57,37,27,51
47,43,40,22,53
48,55,45,14,35
49,12,22,54,20
50,53,34,26,47
51,2,23,32,29
52,2,27,11,41
53,16,42,58,11
54,7,12,30,42
55,40,17,36,47
56,17,56,24,17
57,37,20,56,5
58,53,14,20,13
59,39,41,40,42
60,2,16,40,52
61,5,54,21,7
62,38,11,4,4
63,52,3,59,59
64,53,10,35,20
