7
Grid:
20,20
.......@.....@......
.......@...@..@.@...
........@@.....@..@.
...@.....@..........
.........@@..@.@....
...@.@......@.@.....
..............@.....
.@..@.........@.....
........@....@.@....
.......@.@....@.....
..........@.......@.
......@@.....@......
...@..@@..........@.
....@...............
.@................@.
......@......@...@..
....@..........@....
.....@@...........@.
..@@.@@...@...@@....
@.........@.......@.
Agents:
30
0,9,13,14,5
1,2,12,7,11
2,14,4,8,5
3,7,7,2,2
4,6,2,9,12
5,13,0,14,10
6,19,19,12,12
7,12,10,16,2
8,11,18,15,0
9,1,12,9,17
10,14,15,13,6
11,0,18,9,0
12,0,11,15,12
13,10,7,1,0
14,5,4,9,6
15,19,6,12,2
16,10,9,11,2
17,13,17,4,2
18,7,13,3,10
19,9,16,17,14
20,8,18,9,4
21,14,2,0,4
22,15,11,17,17
23,17,19,4,12
24,13,5,2,4
25,12,9,6,13
26,18,19,6,9
27,17,3,4,18
28,6,9,2,5
29,15,14,15,10
