2
Grid:
70,70
..@.............@............@...@..@..@..@............@..............
....................@........@................@...........@...........
..............................@.........@......@....@.................
...@..................@...@@...........@........@.@..@...........@....
.........@.........@......@........@............@@.@................@.
...@...................@..@...............@..@@..........@......@.....
.@..........@.....................................................@...
.......@.......................@...............................@......
...........@...............................@@.@..@.........@....@...@@
...............@.....................@..@.............................
@.@.............................@................@.......@....@.......
....................@........@.......@......@....@@..@...........@....
....@............@....@.....@..@..............@.....................@@
.....@.........@........@.@.......@.............................@....@
@.@.@....@.@..........................@...@........@..................
@@......@.....@....@.........................@..........@..........@..
..@...................@........@..@.......@.......................@...
@......@........@@......@.....@........@@@............@........@.....@
.................................................@..........@.......@.
.......@............@..............@.......@@@................@.......
..@...@@...................@...............@............@.............
..@............@.....@...........@@.....................@......@....@.
.@..@..@........................................................@.@...
......................@..........@.@........@.............@...........
@....@.........@...................@@@.................@.@..@@........
.......................@....@.............@.......@.@.@...............
@......................................@...............@..............
.............@.......................@............@...............@...
@...............@...........@........@..@..@...@................@.....
..................@...@.................@.....@......@.........@....@.
.........................@.....@.........@...@....@........@..........
.....@.....@...............................@........@......@...@....@.
...@...................................@.@.....@.............@........
.......@.@@...........@.......@.....@..........@...........@.........@
.........@...............................@.................@.....@....
....@.@...@@...........................@.........@...@.......@.@......
..................@..........@..@.@@@@........@....@@.................
...................@......@.......@............@.................@....
......................@...............................................
.......................@..........@....@..........@..............@....
.................@......@................@...........@..........@..@..
...................@..@.........@........@...@.@..@...@...@...........
.................@..@....@.@...@......@................@..............
...@@.@@......................@.....@..@@.......@...@@..@..........@..
......@................................@..@.....@..............@@@..@.
........@.@........@......@.@...................@.........@.....@....@
..@........@..........@..@....@.@...@.@...@..@............@........@..
............@.@........@..............@...@..@.......@........@..@....
.............@..................................@........@.@.....@....
..............@.........@.....@..................@..@.....@..@........
..........@.....@......@.@........@.............@.@..........@.@.@....
.....@.................@.........@..@......@.........@................
.@.......@..@................@........................................
....@...@@.................................................@..........
...................@..............@.....................@....@..@@....
...@......@..................@.............................@........@.
...@.........@@.............@@.......@.......@........@@............@.
...........@..............@...@.....@@.......@........@..........@.@.@
.........@............................@.@.@..@........@.......@.......
......................@...@.......@......................@...........@
.@......@............@..@..@.......@@...@@@....@.........@.......@@..@
.............@.......@.....................@........@.........@.......
.............@......................@..........@@....@................
.@....@......................@..................@....................@
@..@..@...@.................@....................@...............@....
..@....@.@...@.....@@..............................@.@................
.@................@@.........@......................@...............@.
.....@...................@....@.....@.........@@@@.@...@..........@...
........@....@..@.................@........@..........@...............
....@..@.@.@@...............@....@.....@....@@.@@..@......@.....@.....
Agents:
40
0,35,33,29,69
1,40,5,19,52
2,14,35,61,59
3,36,49,27,40
4,5,53,64,56
5,39,43,26,64
6,67,61,45,2
7,57,39,34,16
8,1,17,60,63
9,60,15,9,30
10,19,63,50,42
11,39,24,51,67
12,50,39,18,31
13,24,42,7,19
14,12,43,67,62
15,55,11,21,42
16,57,17,50,58
17,25,55,10,12
18,38,2,14,20
19,11,31,9,35
20,43,25,57,3
21,30,64,66,39
22,37,9,31,30
23,14,54,33,49
24,38,28,44,18
25,20,42,24,54
26,63,15,32,38
27,55,67,54,1
28,25,33,61,49
29,40,66,53,39
30,58,56,18,30
31,3,40,46,43
32,14,16,44,27
33,49,57,58,64
34,4,58,61,63
35,19,13,30,2
36,37,40,45,51
37,24,39,38,50
38,9,35,51,14
39,4,27,21,36
