8
Grid:
20,20
..........@..@.@..@.
........@...........
......@........@....
..@...........@.....
...@@..@....@.@.....
@.....@.............
....@.....@.....@.@@
.........@.......@..
...............@..@.
.......@@...........
....................
....@.@...@@........
....................
..................@.
....................
.....@....@.........
...............@....
.........@..........
...@..........@.....
....@...........@...
Agents:
25
0,2,5,12,17
1,13,3,15,15
2,19,19,6,5
3,1,10,19,10
4,14,3,14,15
5,3,6,17,2
6,10,13,9,1
7,3,19,2,9
8,11,3,12,14
9,10,17,7,6
10,5,7,1,4
11,3,3,18,2
12,12,1,10,8
13,13,12,4,1
14,14,7,18,7
15,16,13,10,3
16,11,1,4,16
17,7,5,1,14
18,18,10,14,18
19,18,5,5,16
20,9,3,14,14
21,13,8,3,12
22,14,12,17,4
23,6,0,15,18
24,7,16,12,12
