8
Grid:
20,20
.@@....@.@...@.....@
....@.@.....@.......
.@.@....@....@....@.
.......@....@.@.@...
...@.......@...@...@
.............@@..@..
................@...
@...@..@....@..@....
@.@.............@.@.
.....@@.......@....@
...@@........@....@@
@@.@.@@....@.@......
..........@.....@..@
.@@.@..@............
..@@@..........@..@.
..........@...@.....
..............@.....
@..@...@......@..@..
....@...@.....@.@...
.@.@.......@....@@..
Agents:
20
0,6,0,18,19
1,3,11,19,9
2,7,14,4,0
3,4,17,17,11
4,18,1,15,17
5,14,5,9,11
6,13,8,18,9
7,11,16,14,5
8,3,17,1,11
9,11,12,0,5
10,3,19,7,17
11,8,10,9,16
12,6,8,3,15
13,12,9,2,16
14,6,14,3,18
15,8,4,1,5
16,1,7,5,12
17,8,15,9,4
18,2,17,7,13
19,18,17,11,18
