2
Grid:
60,60
@@......@......@.@.@@.@......@@...@.@..@@.@....@............
..@.@.......@...@@@..........@.....@...@..@.......@@.......@
...@.@@..@.@.@........@.......@.@...@.@@.@..@...@.......@@..
...@@.............@@@.......@@.@.@@@.......@......@.@..@..@.
@.@...@..@@@.@@......@@.@.........@.....@..@@.@.@@.@..@@....
...@..@.......@...........@.@.@............@...@...@..@.....
@@.@.........@...@....@@..............@.........@.@@@@@..@..
.@@..@@.....@@......@...........@....@...@......@....@.....@
@@.@....@...@@.@.......@......@@@.@@.@@.@@.....@...@....@...
@..........@@@..@@@........@.@@.@...........@.....@..@@.....
.@@.....@.@.....@.@@...@......@..@@.........@.....@.........
@..@......@.....@@....@.....@..@@@........@.....@....@@@.@..
..@...@........@.@@@@......@...@...@@...@...@@...@..@....@.@
.@.....@.....@@.........@..@..........@.......@@....@.......
@..@..............@@@.@........@....@@......@....@.@........
........@.@.......@.@.@...@.@........@.@.........@.@@.......
@..@.@....@.@.@..@@@.@...@.....@@@.@.@.....@...@@.@.......@.
.@....@..@...............@..@...........@...@@..........@@..
....@....@...@..@.@..@@..@....@........@...@.@.@@..@@....@..
@@................@............@.@.....@...@@@@.@..@....@..@
...........@.@..@..@..@.....@.@.@@.@..............@........@
@..@@....@......@@@@..@.@@......@.@@...@...@.@..@..@......@@
.@..@@.@........@@.....@.....@...@.@.@..@@@@@..@...@........
@@@.@..@@..@@...@.@...@..@@@..@...@...@@....@@@@@@...@....@.
.@.@@...........@......@@@.@@.....@.@..@.......@@.@..@....@.
...@.............@@....@.....@................@@......@....@
.......@....@.......@..@...@........@.@..@.@.@.....@@.@...@@
......@.........@@......@..@.......@..@.@.......@.....@@.@..
.................@...@..@......@..@@@...@....@.@..@..@.....@
.@..@@.@.@.........@...........@...@.@@..@.....@.....@.....@
..@@......@.@@...@@.@@@..@...@....@...@@................@...
....@@..@@...........@@....@.........@.@.....@.....@@.@@....
......@.@.....@..........@....@..@.@.....@.........@..@..@@.
@......@@.....@.....@.@..@@...@......@.@.@.....@....@......@
..@.....@..@.@..@.......@...@..@@...@..@.......@....@@...@..
@.....@....@.@.@.@.@@..@...@.@@..@.@.@...@...@.@@.@......@..
@@..@@.@...@.....@@@..@.@.@.@.@.....@........@....@.....@..@
.@...@.................@....@.@@@@..@@.@...@.....@......@@.@
@....@......@.............@............@.......@.@..@......@
.....@@....@.@.@@...@.....@....@..@..@..@...@..@.@.@....@...
......@.....@.............@.@.....@....@..@@....@@...@..@@..
...@...@....@.......@.@@............@@.@@..@......@@@.......
.......@.@@@...@....@@......@.@@......@....@@.....@...@.@...
.........@....@........@@.@.@.@@...@@.@...@....@.........@..
.....@......@..@@@.@.@@.....@.@....@@@.@.@..@...@.....@.....
@..@.@.@....@...@@...@..@..@............@....@.......@..@.@@
....@@@.@......@...@...@....@.@@@...@.....@..........@...@..
..@.@..@...@@....@.@.@......@...........@.@.@@....@......@.@
@..........@........@.@...@....@.................@.....@....
.....@..........@.@..@.....@@@.............@.....@....@.@...
@..@.....@...@@.@......@@.....@...@..@@@.@..@.@...@.........
......@@..@.@........@..@..@..@.......@.@.........@...@@.@..
@..@..@@..........@.@.@....@@...@.......@..@...@.....@..@.@.
...@@@.@..@....@@..@.....@.@@..@...@@@.....@@...@.@..@...@..
.@.@@...@@........@........@.@...@...@...@@@......@..@...@@.
..................@.@.@...@.........@......@...@..@....@..@.
.@....@@..@@......@..@@...........@@@...@....@....@@..@..@@.
.@.@.@.@@..........@.@@....@..@..@...........@.@..@.........
...............@....@...@......@....@.......................
....@...@@..@....@.@@@.@@..@.............@@@@..........@...@
Agents:
35
0,56,49,30,36
1,52,31,21,37
2,39,46,30,7
3,25,58,6,41
4,51,2,25,26
5,29,14,9,38
6,54,36,5,11
7,27,18,48,56
8,32,28,34,43
9,52,9,26,16
10,38,21,17,0
11,36,52,56,4
12,5,16,30,45
13,40,23,44,25
14,46,40,39,7
15,20,14,6,58
16,43,44,10,29
17,25,38,52,31
18,54,56,17,30
19,15,32,19,41
20,42,27,40,25
21,29,18,30,51
22,38,11,54,48
23,10,6,48,53
24,56,12,19,38
25,34,30,18,42
26,50,47,58,58
27,58,56,15,24
28,23,52,17,11
29,48,52,1,38
30,18,34,56,23
31,26,53,16,54
32,55,57,7,57
33,57,51,19,9
34,30,33,55,49
