2
Grid:
60,60
...@...@..................................@...@@.....@....@.
..@@.....@..@...@.@....@..@.................@...@..@@.......
.@...@...@@........@.@............@@...@...@..@.....@.@..@..
.....@.....@.................@................@.............
...............@.....@@..@...@..@...........@...@..@........
................@@.@...................................@..@.
.@@...........@@@.......@....@.......@......@...............
@@........@...@@.@@....@......@@@.....@..@@..@@........@....
@@....@.......@.................@...........@...@...@.......
........@.......@@@.....@......@................@..@..@.....
..........@.......@........@....@@...@..@...................
...@........@.............@........@@.................@.....
......@.@.......@..@..@.@@.........@@@@.................@..@
...@...@..@......@......@........@.......@....@......@....@.
@.@......@............@............@@...@.........@.@.......
@....@@.@@.@...................................@.....@..@...
.@...@....@.....................@...............@..@.@......
..@.@.........@.@..@.......@...@........@.....@.....@.......
............@....@...........@@.....................@.....@.
@.@.@..........@..@...@.@....@.......@..@.....@.........@...
....@.....@..@.......@...@.@...........@........@..........@
@...@@........@..@............@.@...........................
..@..@....@...@................@............@...............
.....@.............@...@.....@......@..........@............
...@......@.......@.......@@..........@..@.....@.@.......@..
..........@................@..@...@...@.....@.....@.........
................@............@............@@.@..............
.........@........@@..............................@@........
..@@@.@........@..@@...@.......@.....@........@...@.@.......
.....@@@...@..@...........................@.................
.......@.@.....@.@.@................@..@..................@.
..........@....@.......@@......@......@....@@.........@.....
.@@..............@................@...................@.....
.@...@.....@...@......@.@...@......@@...................@...
@@....@.@.@.....@..@......@.......@..........@..@..@........
................@@@.......@.....@.......@.@.@@....@.........
.@.......@.@...@.@.@.....@.@...@@@....................@....@
.............@@..@..@.@@..@..@.........@.....@.@............
...@.......@..........@......@..@..@.....@@...@....@........
...@......@..@.............@.@@@..........................@.
........@.@@...@........@@..............@....@..@...........
.@....@........@.......@..........@.@.......@..@@........@..
...@..@..@......@............@@.......@.........@.....@.....
.....@.............@...@..@...@...........@.@...............
....@..@.........@.@...........@.@.......@.......@..........
@........@...@..........................@...@....@.....@@.@.
.........@...@....@........@.......@..@..@.@...............@
.@@...@.................@......................@.@..........
@..........@....@.....@@.@......@....@...........@@.......@.
..@...@..@....@.............@.@.@.............@.....@.....@.
..@...............@......@............@.......@....@.@......
...............@.........@....@....@.@.....@@..@...@....@...
..............@..........@........@...@.......@..@.........@
@........@.@.@@.....@..@............@...@....@.....@...@@...
.............@@...@............@@....@@..@..@.......@.@.....
@.....@...@...@@....@.@@................@...................
..@..............@..@@.....@@.@.@....@..........@..@........
@..@.@.....@......@...@..........@...@.......@.......@@@..@.
..@@.@..@..@....@....@@.@.......@..@.@....@..........@......
....@.@..................@...............@..................
Agents:
75
0,16,20,43,57
1,3,33,50,24
2,42,23,8,46
3,13,8,8,23
4,43,38,56,3
5,26,37,4,57
6,10,51,28,55
7,20,53,27,42
8,0,31,19,6
9,53,19,42,25
10,59,55,48,17
11,21,33,18,7
12,20,32,52,21
13,8,4,24,44
14,48,17,41,41
15,53,7,25,14
16,59,20,9,46
17,18,38,45,16
18,29,20,59,52
19,51,59,41,3
20,14,44,31,6
21,58,46,58,10
22,16,36,56,4
23,30,56,29,33
24,20,7,21,20
25,3,41,35,15
26,0,39,21,51
27,44,2,52,43
28,12,42,4,11
29,5,22,47,15
30,1,33,42,45
31,58,27,45,33
32,3,21,35,54
33,20,0,14,55
34,17,23,51,42
35,1,17,11,14
36,37,3,31,50
37,0,33,41,27
38,33,9,35,57
39,20,42,4,6
40,42,42,36,42
41,15,10,56,43
42,27,14,20,45
43,31,16,9,10
44,41,53,40,39
45,34,56,3,25
46,57,52,9,33
47,4,50,40,30
48,48,2,55,8
49,33,46,40,7
50,8,26,35,35
51,59,39,57,47
52,8,55,43,35
53,47,13,11,24
54,45,21,45,30
55,6,10,27,38
56,33,3,21,8
57,52,50,13,5
58,21,7,49,10
59,43,40,49,20
60,5,8,16,24
61,28,43,5,33
62,24,44,43,50
63,9,56,46,55
64,45,37,39,59
65,15,51,24,53
66,5,20,26,14
67,43,41,10,22
68,7,43,35,38
69,43,37,8,13
70,43,43,16,29
71,25,0,46,4
72,44,51,21,53
73,10,24,53,7
74,48,28,36,18
