4
Grid:
20,20
.@.............@....
....................
....@...............
....................
............@...@...
...........@@....@..
....................
........@...........
..........@@....@...
..........@.........
....................
....................
...@................
....................
..............@.....
...............@....
.................@.@
..........@.........
....................
.........@..........
Agents:
15
0,10,12,8,8
1,10,17,18,0
2,8,7,16,12
3,5,19,5,7
4,16,16,17,14
5,4,13,4,14
6,0,10,18,2
7,6,5,17,13
8,14,4,14,6
9,0,13,17,8
10,16,2,16,9
11,7,13,7,15
12,9,14,11,5
13,10,14,0,17
14,2,14,9,8
