2
Grid:
60,60
.....................................@.@....@@.........@....
............................................................
.@....................@.....................................
............................................................
..@..........@....................@.........................
......@...................@...........@.........@@....@@....
.......@.............@.........................@.......@....
.....@......................................................
...................@.....@................@.................
..........@...................................@.............
...@..................@..................................@.@
@..@.............@.@....@...@............@..................
..........................@.................................
..............@.................@.......@.............@...@.
....@....@.................@................................
...............@......@@..............@.....................
.@..........................................................
..@.............@.........@..........@......................
..........@..................@.@......@..........@..........
......................................@.....................
.....@.@........@@..........................................
................................@........@..................
.............@........@.....................................
@.........................@..........@......................
..............@...........@.................................
..........................@.................................
.@....@...........................@............@............
.....@...@................................@.................
..........@.......................@...........@.............
.................................@.............@........@@..
.....................................@..................@...
........@...........................@........@......@.....@.
.@..........................................................
...............@....@.........................@...........@.
............................................................
.............................@......@..............@........
.................@......@........@..........................
....@.......................@......................@....@...
...............@........................@...................
@...@........@..........@....@.@............@..@............
..............@...........................@.@...............
...................................@....@............@......
.................@.....................@....................
.....@..................@......@..................@.........
...........................................@................
.......@....................................................
.@........................@.......................@........@
..................@..@.....@.............@..................
.....................................@...@.........@........
.........................@...............................@.@
..................@......................@..................
............................@.........@.@....@..............
@..@..............@....@..@.................................
.........@.......................@..........................
...................@..........@..............@.........@....
....@...@...@...............................................
.@.....@...@.................@................@........@....
........@...................................................
..............@.............................................
..................@..................................@......
Agents:
40
0,9,42,11,7
1,42,46,45,24
2,13,41,2,0
3,10,5,44,17
4,8,37,51,16
5,52,52,27,46
6,51,55,19,41
7,32,8,46,37
8,12,18,23,43
9,44,38,47,32
10,2,15,20,19
11,44,47,12,49
12,56,13,59,4
13,37,42,24,45
14,35,12,9,28
15,33,53,11,33
16,51,9,12,17
17,42,26,14,42
18,31,23,46,33
19,26,2,27,33
20,8,29,45,39
21,53,2,28,31
22,28,12,48,39
23,18,35,47,58
24,43,30,3,36
25,2,51,32,22
26,58,3,44,54
27,44,58,10,56
28,57,23,25,22
29,8,54,15,54
30,59,9,40,12
31,16,26,8,18
32,57,57,19,33
33,4,50,35,42
34,2,5,24,9
35,37,49,26,58
36,52,42,28,5
37,30,32,29,58
38,22,42,15,11
39,18,43,12,42
