0
Grid:
20,20
....................
....................
....................
....................
....................
....................
....................
....................
....................
....................
....................
....................
....................
....................
....................
....................
....................
....................
....................
....................
Agents:
25
0,12,1,16,19
1,7,6,16,13
2,11,13,13,12
3,11,9,11,8
4,8,9,8,3
5,5,3,8,8
6,12,15,7,11
7,18,15,11,5
8,8,15,16,1
9,1,12,18,8
10,2,13,17,6
11,1,10,15,9
12,14,0,19,6
13,9,5,2,13
14,12,4,2,3
15,2,14,15,12
16,7,9,7,13
17,0,14,12,13
18,11,12,3,6
19,8,12,13,2
20,11,6,10,7
21,15,15,8,17
22,4,16,1,11
23,16,18,6,7
24,15,2,5,5
