2
Grid:
60,60
............................................................
............................................................
............................................................
............................................................
............................................................
............................................................
............................................................
............................................................
............................................................
............................................................
............................................................
............................................................
............................................................
............................................................
............................................................
............................................................
............................................................
............................................................
............................................................
............................................................
............................................................
............................................................
............................................................
............................................................
............................................................
............................................................
............................................................
............................................................
............................................................
............................................................
............................................................
............................................................
............................................................
............................................................
............................................................
............................................................
............................................................
............................................................
............................................................
............................................................
............................................................
............................................................
............................................................
............................................................
............................................................
............................................................
............................................................
............................................................
............................................................
............................................................
............................................................
............................................................
............................................................
............................................................
............................................................
............................................................
............................................................
............................................................
............................................................
............................................................
Agents:
45
0,2,14,17,15
1,48,53,45,26
2,24,12,15,33
3,15,36,20,31
4,59,45,18,8
5,15,27,26,47
6,49,4,44,32
7,20,40,58,21
8,17,31,26,25
9,38,7,11,4
10,2,26,11,11
11,26,9,35,31
12,38,46,5,16
13,18,54,49,42
14,52,50,30,11
15,49,14,34,12
16,49,51,57,28
17,30,39,12,35
18,34,32,9,54
19,32,20,8,18
20,35,50,31,43
21,33,23,23,39
22,1,28,23,41
23,40,50,8,44
24,37,13,48,6
25,9,16,53,13
26,20,33,14,26
27,22,36,25,0
28,47,38,4,49
29,14,38,0,40
30,53,20,21,35
31,44,9,25,51
32,55,1,11,33
33,38,57,53,33
34,33,41,36,5
35,5,44,4,28
36,58,17,52,30
37,32,12,28,27
38,52,3,21,30
39,8,10,32,33
40,5,28,40,7
41,17,39,50,50
42,41,32,42,42
43,54,15,30,32
44,29,54,31,23
