0
Grid:
70,70
..................@.@..@.........@.@...........@@.@@...@.@............
.@........@........................@.......@...@....@@.........@......
.....@...........@@..........@.......@.........@....@.................
..@.....................................@....@...@................@@..
......@........@........@.@.....................@.....................
....................................@.......@@..........@@............
.............@.@................@.............................@.......
@...............@@.......@.......@............@..@....................
@..............@.......@.......................@......................
@...@..@...@@.......@..........@@......@.@....@..@..................@.
@...........@......@@......@.................@.@....@..............@..
@.......@......@....@@..@.@.....@......@..@....@..............@.......
...................@...@.............@...........@............@.@...@.
......@......@..........@...@@.@........@...........@....@.@..@.......
..@......@@.........@.......@.......@.................@...@.....@....@
..........@...........@.....@..........@.............@...............@
.....................................................@.......@........
.......@...@..................@..........@.....@.........@.........@..
........................@.............@..@.......@.@..@........@......
.......@@......@@.....@....@......@.@.....@............@@@....@.......
.....@....@...@...................@.@.....................@...........
@........@@..................@.....................@..................
..............................................................@.......
..........@.......@....@..........@.....@@...@...@@......@@....@......
............@.......@.@.............@@............@@.@................
..@..@..@...................@.@..@..@...@........@....................
...@..........@.@........@.............@........@.....@..@....@.......
...@.@.......................................@............@..@........
.........@......@......@.......@..@....@.....@...........@@.@.........
....@..@..................@.......................@.......@..@......@@
.............@.@.@.....@..@............@..@......@...........@......@.
.....@.....@...@...............@.................@......@......@.@....
.........................@@...@................................@....@@
...@.@..............@@..@..............@.............@...@............
..@@..................@...............@............@..................
..@.......................@............@...@..................@...@...
...@....@.....@....@@.@.@...@@........@.............@.....@.@@.@.....@
............@.................@@.....@...........@......@.............
..@...........................................@@....@...@.............
......@.........@....@......@@........@............@..................
@...........@......@......@..@........................................
..........@.......................@..............@....................
....@.@......@......@......@.....@....................................
............................................................@........@
.........@.........@.@.........@.......@.........@....................
.....@......................@........@.............@..@..@............
..@....@@@.@........@....@..........@.......@............@............
.................@@...@.......@@.........@.............@......@....@..
......@...@......@.......@............@@@....@....@...@......@@.......
...........@........................@.@.....@....@..@.............@...
................@.......@....@................................@.......
..............@..................@...@......@.........................
@..........@.....................................@....................
..................................@...............................@...
..................@..@....@...@..........................@........@...
......@............@.@...........@..............@....................@
....@.............@..........@....@.....@..@.@.......@.@..............
.....................@............................@............@......
....@.................@....@..............@....@.................@....
.............@...@........@@.......@.............@....................
....@...@..........................@.@.@..........@.@.....@....@.....@
...............@.............@...@.@.....@...@..................@@....
.................@..........@@@..........@...........@................
........................@..........@.@...............................@
@.........@...@............@....@.@.....@....................@.....@.@
......@@..........................@@@..@....@@....@...................
.........@........@............@.......@.....@@......@........@....@..
..........................................................@........@..
.........@........@......@.............@..........@..@.....@..........
.@............@............................@.@..@................@....
Agents:
35
0,56,38,54,25
1,8,22,47,47
2,52,45,11,16
3,25,42,8,17
4,58,20,67,49
5,28,1,55,22
6,39,0,53,62
7,13,65,57,15
8,0,9,32,43
9,8,63,62,12
10,64,8,10,26
11,22,47,7,67
12,24,6,62,54
13,26,45,2,22
14,19,31,68,3
15,39,23,35,41
16,63,43,5,3
17,62,16,9,34
18,46,18,68,0
19,10,42,8,18
20,22,8,13,65
21,21,19,42,55
22,59,45,57,5
23,41,9,51,22
24,7,2,41,11
25,41,48,21,16
26,15,30,55,38
27,67,46,25,54
28,23,27,21,36
29,38,53,68,68
30,32,16,47,36
31,7,40,51,16
32,2,53,33,63
33,32,60,27,22
34,53,22,4,39
