0
Grid:
20,20
.........@..........
....................
...@.@...@....@.....
.......@............
....................
......@.........@...
....................
....................
.....@.@..@.......@@
@..........@........
....@.....@@.......@
.....@....@@.@..@...
...............@....
...........@.....@..
.....@@.@.....@.....
......@...........@.
........@...........
@@.@.@..............
....................
...........@.@......
Agents:
25
0,16,17,6,7
1,4,1,15,3
2,17,11,6,18
3,7,9,17,11
4,1,13,1,3
5,18,11,17,18
6,11,8,5,5
7,7,5,7,13
8,13,18,16,4
9,16,16,4,2
10,7,6,19,18
11,6,19,4,13
12,16,1,3,10
13,15,3,14,18
14,14,3,17,13
15,0,11,6,4
16,2,1,18,7
17,9,17,18,8
18,4,0,10,6
19,8,15,13,14
20,1,11,10,15
21,6,5,14,9
22,19,16,3,12
23,11,0,16,7
24,13,9,3,4
