5
Grid:
20,20
.....@..@....@@....@
............@.......
.@.@.@......@...@..@
...................@
.......@............
.........@......@..@
.............@.@..@.
....@.@.............
......@.@..@..@.@...
..............@.....
....@......@........
..@@.@..............
....@...............
......@@@....@......
@..............@..@.
....@......@......@.
@...@..@..@..@......
.....@.@.@@@.......@
@...@....@.......@@.
....................
Agents:
30
0,19,18,4,16
1,6,3,8,19
2,14,4,11,15
3,2,6,5,6
4,13,18,19,9
5,8,7,19,16
6,11,15,5,15
7,10,18,11,16
8,12,13,8,17
9,8,12,6,0
10,7,1,12,8
11,4,9,14,8
12,17,8,13,3
13,14,17,9,2
14,1,16,3,14
15,3,14,12,15
16,0,18,10,6
17,5,8,19,11
18,6,16,10,3
19,6,19,9,18
20,11,0,16,3
21,15,0,3,17
22,17,0,17,17
23,7,3,4,2
24,19,4,9,12
25,7,14,14,6
26,11,16,3,7
27,2,9,1,10
28,6,14,14,11
29,12,16,15,19
