4
Grid:
20,20
.........@..........
......@.@....@...@..
.@@....@....@.......
................@.@.
..@..@..@.@.....@...
..@.@..............@
..............@..@@.
..........@.........
....................
.@..@..............@
.....@...........@..
.....@.@.@.@@.@.....
@.........@.........
.....@@@....@......@
...@...........@....
......@@...@@..@....
..@...............@.
.......@........@...
......@.............
.@....@...@..@.@.@@.
Agents:
30
0,8,18,5,12
1,14,2,1,9
2,6,10,11,16
3,19,16,15,9
4,13,18,12,3
5,10,16,13,0
6,11,0,9,18
7,8,16,16,4
8,15,10,13,17
9,5,9,9,11
10,9,7,18,3
11,9,2,16,9
12,14,7,16,12
13,19,7,15,14
14,8,2,15,1
15,16,14,16,11
16,6,4,13,14
17,11,1,14,8
18,10,1,11,2
19,7,12,1,4
20,10,3,8,15
21,11,18,0,2
22,12,5,4,7
23,15,5,0,19
24,1,19,1,0
25,9,16,9,3
26,7,11,5,7
27,10,12,3,9
28,2,15,17,10
29,7,15,2,14
