1
Grid:
60,60
......................@..@..@..................@............
@....@@....@....@@............@..@..@..........@@.@...@.....
.....@.@........@.............@...@.@..@......@.@...@......@
....@..@@.@...@.@...................@......@...........@.@..
@......................@.............@...@.@.....@..........
.............@@...............@.................@.@..@...@.@
..@.......@...........@...........@@@.........@........@....
...@@.....@.......@.@@............@..@.@......@.@..@..@.....
...@........@.......@.@..........@.@..@............@...@....
.........@....@....@....@..@........................@....@.@
.........@@@@.........@.......@@..........................@@
....@.............................@....@................@...
@..@.............@@........@@.@..@....@....@................
...@....@...@..@...@...........@..@....@.@..@...@..@........
..@.....@....@...@.@......@@.....@....@.@...@......@.....@..
.......@....@...............@..@.....@..........@..@.@......
.......................@...........@........@......@........
......@@@...........@@.@......................@.............
....@...@..@.@..................@.......@..........@..@...@.
.....@...@@....@...................@...@......@...@....@.@@@
...@.@..@....@..@.......@.....@.....................@.......
.@..@............@..............@.@......@..................
............@....@@.@...@................@.@.......@....@...
....@.........@...@......@.@........@..@...@..........@.....
.....................@..........@.............@..@@......@..
...............@...@.....@@@@.@.......@....@................
.........@@......@@..............@.....@@..@......@......@.@
..@.....@@@......@......@.@..@..@.....@.............@.......
..@..@...@..........@....@...............@......@.@.........
.........@...@@......@....@...@..@...@.@.@..@...............
...@.......@.@@..@...............@................@..@.....@
...@........................@....@...@..........@..@....@@@@
..@...................@..........@......................@...
@............@................@..........@.....@@..@.@......
.@........@....@.............@.............................@
......@..@.....@.....@.......@..............@........@@.@...
.@..@.........@....@............@@..@.@.....@.....@@.@...@..
.......@@@....@...........@...@.@@...@..............@@......
.@.@@@........@....@...@@....@.......@@.@.@.@@...@....@.@...
.....@.......@.@...@.@........@.......@..@..............@...
..........................@.......@@..@.@..........@........
........................@@@..........@..@..........@........
@@.@@.......@..@.@...@@@....@.@...@@...@.@@.@....@@........@
..@@...@.............@..@..@...@....................@...@...
...@......@.............@...@......@...............@..@..@.@
.@.@.............@..@.....@....@..@.@.....................@.
.@@.@................@.@.........@....@...@......@..........
.@.....@@....@.@..@.......@...@........@.@..................
......................@........@@...........@...............
@@...@........@...........@..@...........@........@.........
@........@.@.@.....@@....@..@..@.....................@......
@.....@.....@.....@.@...@@......@....@..............@..@....
...@...................@..@......@.......................@..
.........@..@......@............@..@..@...................@.
.@....@....................@.......@..@...........@....@.@..
.........@..........@@.....@................................
..@.@.......@.@........@@......@.....@.....@....@.@...@@....
...@..@...........@@......@@.@@..........@.........@....@...
@...@.....@..@.......@@@@.....@...@..................@......
.@............@....@......@.@......@...........@............
Agents:
60
0,42,20,35,40
1,6,43,46,57
2,3,0,5,37
3,17,13,49,3
4,28,34,9,2
5,55,19,41,45
6,18,36,33,50
7,47,12,48,16
8,10,2,12,16
9,38,39,46,50
10,43,16,29,25
11,28,23,28,40
12,20,56,14,55
13,26,46,25,52
14,28,47,39,25
15,47,37,48,21
16,19,43,38,21
17,33,18,12,1
18,30,16,5,47
19,16,3,5,38
20,35,25,12,52
21,55,6,38,9
22,9,4,51,49
23,5,24,40,49
24,16,0,38,33
25,45,5,49,18
26,29,45,0,58
27,55,42,31,54
28,48,35,9,30
29,50,47,39,32
30,57,40,25,1
31,16,4,36,24
32,38,51,37,11
33,31,21,11,51
34,23,40,53,15
35,41,2,3,1
36,31,0,10,53
37,0,20,51,30
38,21,15,39,18
39,10,23,46,39
40,21,18,51,51
41,58,28,57,40
42,21,33,46,53
43,14,59,27,44
44,35,3,52,4
45,22,15,12,49
46,49,21,47,46
47,52,18,42,37
48,33,43,8,15
49,1,35,55,10
50,19,42,45,41
51,33,29,48,54
52,45,35,36,28
53,24,27,55,40
54,4,34,31,9
55,5,9,48,59
56,0,49,50,30
57,25,42,59,36
58,27,27,10,17
59,37,45,33,2
