1
Grid:
70,70
..@.@.@@..@@..@....@...@@@.@@.......@@@@.....@.@@.......@@.........@..
...@....@......@....@.@...@@.....@@...@.@.@@@........@.@.......@.@..@.
.@..@........@@@.....@..@@.......@.....@@@...@..@@.@@............@....
..@.....@.@@@....@..@...@..@......@@.@.....@......@..@........@@@.@@@.
..@...@.......@.......@...@.@.@@...@.@..@.@.....@..@.....@..@.@@......
@..@@.@.......@.@.........@@....@.........@.@.@@....@.........@...@...
..@...@...@@..@..@@..@...........@.....@......@@@@.......@@.@.@@.....@
..@......@@.@.@....@.@.@..@.................@..@......@@..@.@.@....@.@
..........@..@.@.@@........@@@..@..@.@......@@@.....@.@...............
.....@....@..@.@...@...@..@.......@.@.............@....@@..@....@..@.@
..@.@........@@....@.......@@.@.....@.....@@.@....@.......@........@@.
@..@.......@@.............@.....@..@@...@@...@.@.@.@........@@........
...@.......@.@....@.@.....@..@.@@.@..@.@.@........@...@@@@.....@.@.@..
..@@...........@@......@.@......@.....@@..@..................@@@@@@..@
...@.@@....@...@...@.....@@...@.........@..@....@..@...@@..@...@@.....
.@@@@...@@.....@........@...@...@...@@@.........@........@..@....@..@@
.@.......@....@..@@...@......@...@@....@@@.@....@@......@@...@.@......
.........@@...@@........@@@..@@.........@.@.@..@....@.@..@.@....@@...@
...@...@.@.....@...............@...........@........@...@........@...@
......@.....@.@.@.@..@..@........@.......@.@...@.....@......@......@@.
@...@@........@...........@@@................@..@..@.......@..........
.@..@@........@....................@..@.............@.@.......@.@.@@..
...@........@.@.........@...@..@....@.........@@..@@....@..@@@....@...
...@..@....@.....@.@...@..@....................@@@@@....@...@..@.@....
..@@@@..@..@......@..@.........@@.@..@.@....@..@..@....@.@.@.@.@.@.@..
........@..........@...@..@@@....@...@...@.....@@..@.@@..@....@.....@.
...@@.....@@...@..@........@.@@.@.....@@..@....@@......@....@.@.@@.@..
......@.@..@.....@....@..@........@...........@........@....@...@@....
@..@@.@....@.....@....@...@..@..@.....@@.@...@.....@.......@.....@.@..
....@...@.@@....@..@.....@.@@.@.@.@......@@............@.@.@......@...
..@...@.@....@.@@@@.....@.........@......@...@@..@...@...@.@@.........
.@...@.........@....@.............@......@@.....@.....@...............
.@.@.....@@..@...@..@.....@..@...........@..@....@@.@@.@......@.@@....
@.@..@....@......@@....@@...@......@@...@........@.@@............@....
..@.....@.@................@@@....@...@@@@.@..@........@........@@....
...@..@...@..@@...........@..@.@..@.@.@..@....@.......@@@..@...@......
@..........@.....@........@@...@....@.@.@..@@.@...@.....@.@..@....@..@
....@...........@..@.@.@..@.@.@..........@.......@.@...@@.........@..@
.@..@@.@.....@...@@.@..@..@..@.@@.@@....@...@.@.@.@@@....@..@.@.......
....@.@@...@.......@....@..@@.@......@....@....@.@@.....@@.@..........
.@@...@.@@@..@.....@@.@@.@.@......@....@@..@...@...@.@.@..@@....@....@
...........@@...@........@@.@.@.....@..@.....@..............@.........
@..@.@..@...@.........@.@@...@.......@.@.@@.......@..@@...@......@.@..
...@@....@.........@...............@...@..........@...@..@@..@....@...
...@..@.......@....@.@............@@@@..........@@..@@..@...@@.@..@@..
@...@...@...@@..@.@...@.@.......@..@....@.@.@.@....@@....@@@.@........
..@..@.........@@..@@@@................@@...@.........@@.............@
...@............@@...@@.@.@..@...@..@@.@@....@@..@@......@....@..@....
....................@.@.....@@.@.@@.......@....@@@.....@@.@@...@..@@..
.@.@@@.@..@.....@..@...................@.....@..@............@@..@....
..@@..@..@...@...@......@.@@..@.....@@@@...@@....@..@@....@@...@@@....
.......@@.....@......@.@...@....@@..@@@.@.....@@@.@...@........@.@...@
....@.@....@....@..@..@.......@.....@.@...@.......@..........@..@@....
.........@@...@...@.@.@...@.@.@.@.@...@...@..@.......@@.@...@..@.@@@..
.@.@...@..@@@@@....@...@.@@.....@..@..@....@...@.......@@.@..@@....@..
............@@@.@.....@...........@@.......@..@@.@............@.......
......@....@..@.@@.@@.@......@..@...@.........@@....@..............@..
@.@@..@@.............@......@.....@.@@.@@@..@...@...@..@......@.@@@...
.....@@.@.@......@.@.@@.......@.........@......@.....@..@@...@...@....
...@@.@............@..@...@@@@.....@...........@.....@.@@@@..........@
..@@.@.............@@...........@........@.@@......@.@..@...@....@@..@
..@@.........@....@...@....@@......@@.....@.@..@@@.@..........@..@....
.@.@@...@...@@..@...@.....@@@@....@.@....@.@..@.......................
.@...@@............@@@...@.......@.@....@....@@@......@....@...@..@...
..@.@..@.@@..@....@...@......@............@.....@@.@.@.@.@@....@..@@..
@..@.@.........@.........@.......@...@...@..@@.@@.@..@...........@....
.....@.@@...@.@@@@......@....@....@@..@.....@..@...............@@..@..
...@.......@..@@.@...@..@@..@@@@.@.......@.@.......@.......@..@....@..
@.........@.@.@@.....@.......@...@..@..@.@............@@@........@...@
........@...@..@@.@..@.......@@@.@.@....@.@.....@...@@....@@@...@..@.@
Agents:
70
0,22,22,23,14
1,24,12,18,68
2,41,49,53,46
3,11,5,12,28
4,23,67,37,20
5,36,15,10,34
6,33,63,1,45
7,63,38,8,31
8,3,23,43,7
9,67,0,27,15
10,56,1,45,65
11,44,41,41,9
12,34,37,56,4
13,63,13,21,8
14,60,67,57,67
15,28,16,19,63
16,66,13,56,7
17,2,19,29,38
18,55,63,4,46
19,8,39,41,7
20,1,9,7,30
21,58,15,43,48
22,24,22,58,49
23,35,22,12,7
24,38,0,1,29
25,15,49,9,25
26,50,68,16,42
27,23,29,16,0
28,7,39,41,48
29,35,47,10,40
30,42,59,29,63
31,0,20,0,21
32,67,37,16,60
33,16,51,24,14
34,33,64,69,10
35,36,54,26,36
36,25,36,32,19
37,12,12,32,33
38,47,66,8,39
39,68,43,56,10
40,67,4,43,26
41,66,26,0,68
42,56,39,45,63
43,43,10,35,68
44,43,62,59,20
45,47,4,69,68
46,5,56,4,54
47,37,20,8,58
48,42,56,61,26
49,16,65,49,40
50,66,53,41,63
51,24,29,57,19
52,69,46,5,43
53,23,62,32,40
54,40,60,31,28
55,65,64,3,22
56,11,15,48,7
57,14,58,10,60
58,0,61,1,18
59,29,47,27,54
60,29,2,32,21
61,31,9,9,38
62,9,60,49,15
63,43,32,42,35
64,36,14,9,17
65,10,66,9,11
66,50,32,63,50
67,27,15,37,7
68,41,38,15,22
69,54,27,14,27
