2
Grid:
70,70
....@@...............@@.@@.@............@..@..@.@..@...@@..@@..@.@....
..@@.@.....@....@.......@.@....@............@...........@@.....@......
.@.@@.....@...@.@...@..@..@...@@........@.@....@..@.@.@.....@...@@..@.
@..@@.@...@@...@@..@@@@.@..@.....@.@...@.@.@@...@@.@..@..@.@.....@....
.@..@.@...@.@@...@......@.@@.@@@.@.@..@....@@.....@@.@@..@@@.....@.@.@
....@..@...@..@..@.....@..@@...@...@.@....@...@.@.@...@.............@@
@......@@.......@....@..@....@@....@.@.@.......@...........@.@...@...@
.......@....@@...@.....@@.......@......@.@@...@....@.@...@@...........
.@.....@.@......@..@@..@.@.....@@@...@.@..@.........@.@..@.@...@...@..
....@..@.......@......@..........@@....@@.@.@@.@@.....@..@@.......@...
.....@@..@.......@@..@.@........@.....@@..@....@..@...@@....@.@@.@...@
..............@.@@...@@..@@.......@...@@.@.@.@.....@.....@..@.@..@....
.@@@.@.@@...@.....@.@.@@.@..@........@...@.......@...@@@....@.....@...
......@.@..@..@...@@.@..@@@.....@.....................@.........@@@@@.
..@@.............@.....@..@.@..@....@@.@.@.......@.@....@.........@.@.
...@.@@..@....@@@..@@....@....@....@...@......@....@@@..@..@@...@.@.@@
......@@..@.......@.@..@...@..@.......@...@.......@@...@..@@....@@.@..
.......@.....@.....@@....@...@..@.....@@..@......@....................
...@...@.@...@@........@.@..@@@....@.@........@.@.@.@.....@....@......
.@.@.@.....@..@@.@.@.@@..@...@.........@.@@....@.@.....@@.............
...@......@.@@@.....@.........@...........@.@@.@.....@......@@@.@...@@
....@@..........@......@@...@.@.@....@...@..@.@.@.@@..@@.@....@@.....@
@.@@....@...@.......@........@.....@@.......@.@@.....@.@........@.@...
@@...@@..@.....@.@....@.....@.....@....@@.....@.....@...@....@.@@@.@@.
@.@....@@............@..@..@...........@...........@....@@.@.......@..
....@.@.........@...@......@....@.....................@....@@....@@...
...................@...........@...@@.@.@.....@...........@@.@.....@@.
..@@..@.@@.@@................@@.@..@..@@...@@@@....@@.....@...@..@....
..@..........@...@...@......@@....@@..@@.@@...@@.@.@.@........@.....@@
....@.......@.....@@.......@..@.........@.....@.@.@...........@......@
.......@@.@....@@..@..@@............@.@@..@@....@....@...@.@.......@..
.....@.@.@.......@........@.@.@@@@....@...............@.@.......@...@@
@........@@.@.@.....@..@..@....@.@.@...@..@@@.@.@..@@.@.........@.@...
@..@.@.........@.........@.@.@......@@........@.......@.....@........@
@.@@..@.@.@....@@@..@.....@.@@.....@..@@....@........@.......@@......@
.@.....@..@.........@@.@..@@@@...@.@......@.@@.@.@.@.@@..@@...........
......@.@....@..........@...@.@........@.........@..@.@.@@.........@.@
.@....@.@......@....@.@....@.....@..@.......@.@......@........@.@.....
@....@....@@@....@.@@....@........@.....@..@@.....@....@..@.......@.@.
@..........@......@..@.@@.@.@....@....@@.@...@@.........@..........@..
..................@..@.@..@............@.........@..@......@...@.@.@..
@.......@......@.@@.@..............@@.....@.....@@@..@............@@@.
..@....@..@.....@.@..@@....@...@.@...........@..@....@...@..........@.
.@@...........@@@.@..@..@@...@.@.@..@@................@...@.@@......@@
........@..@.......@....@...@@.@..@..........@.@.....@..@..@.@@.......
@@..........@....@....@....@..@.@..@.............@@..@.....@....@.@.@.
@.@.@@..@.@.....@.......@...@.....@..@.@....@...@@.@.@@@..@@......@..@
............@....@......@@..@.........@@................@.@....@@@@...
...@.@@..@..@@.@.@....@..@..@........@...@.....@@...@....@...@@.....@.
..@.@...........@....@.@.....................@.@..@........@@.@..@....
..@..@@@..................@.@@.@.@.@..@@@@.......@.@..@....@.....@@...
@..@..@.....@.@...@..@@.@@........@@.......@..@.....@...@...@@@..@@.@.
..@@....@......@......@...@..@@....@....@..........@.@@....@....@.@@..
@.@.@.@@....@@.@.@.@@..@.......@....@.@..@.............@.@...........@
@@@@...@...@.........@......@@.@.@@.......@...@..@.......@.@@..@......
.....@...................@......@.@..@..@....@.@..@..@@.....@@........
@..@@.@..@....@.....@....@@..@.....@............@..@@..@............@.
..@..@....@@.@.@.@......@..............@.@.......@@...@.@.....@.......
@@..@..@...@.........@.......@@.@@.......@....@@@..@.@...@@.@.........
.@.@.@.@....@....@..@....@..@@.@.@@@..@......@.@....@.@.@.@.....@...@@
..@.......@...@.@@@@..@.@......@@.@....@....@.......@.......@..@...@..
.......@.......@@@......@@..@....@..........@.@.@..@...........@...@.@
.....@@.@...@.@....@...@..........@..@.....@@.@@.@.....@..@.....@.....
...@@.......@...@.....@@..@..@.....@@@.@@@..........@@@..@@.......@...
@........@.....@..@..............@..@.@@..........@@.........@@..@.@..
..@....@@.....@..@@...........@@...@....@..@.@..........@@.@.......@.@
......@@.......................@....@@..@...@...@@@..@.....@@@.@@.@...
@.@@...@.............@.@...@..@...@...@..@.@@@...@.@...@..@......@..@.
..........@....@.@.......@@..@@.@.@.....@........@..@..@............@.
.@....@...@...@....@.....@.....@............@...@.@..@.@......@...@...
Agents:
35
0,15,37,7,49
1,26,30,35,31
2,61,61,30,12
3,37,58,28,33
4,19,46,32,36
5,35,67,15,22
6,31,22,16,8
7,27,4,18,60
8,20,58,39,61
9,28,7,28,23
10,40,6,14,7
11,12,69,22,31
12,26,43,52,1
13,19,45,49,1
14,2,36,43,40
15,64,31,67,61
16,20,11,22,11
17,56,21,44,4
18,58,13,33,34
19,60,53,64,27
20,42,5,38,28
21,43,26,41,30
22,48,0,18,42
23,2,53,16,26
24,21,31,59,9
25,46,20,28,55
26,2,0,1,0
27,37,35,44,16
28,38,47,64,5
29,38,7,7,27
30,18,68,23,11
31,0,13,37,13
32,1,45,5,64
33,58,64,52,25
34,29,1,44,18
