9
Grid:
20,20
....@@.@.....@@@....
....................
........@@..@...@...
@...@.....@........@
.................@..
..@...........@.....
.@...........@@.....
..@.@..............@
.........@..@...@...
.@@@..@.............
.@@@................
.@.................@
.@........@...@.....
.....@.@.@.@........
.....@..@.@......@..
..@@.........@......
....@..............@
.@@..@.........@....
...........@.....@..
.@...@.....@........
Agents:
10
0,12,8,12,6
1,10,11,11,5
2,5,8,3,8
3,0,2,14,15
4,6,10,17,6
5,18,13,8,11
6,19,3,17,14
7,1,19,3,13
8,16,3,5,4
9,14,9,4,5
