3
Grid:
20,20
@...........@@.....@
......@@............
.......@@....@.....@
....@...............
...@.........@@.....
.@....@@.@..........
...@.......@..@...@.
.....@..........@...
....................
.....@...@.@.@.....@
.....@..........@@.@
....@...........@...
@@.....@............
..................@.
..@.............@...
.........@.....@.@@@
.....@...@.........@
..........@.@......@
.@..@......@........
.........@....@.@@@.
Agents:
30
0,10,15,12,8
1,15,13,2,0
2,0,2,13,3
3,16,2,3,14
4,19,6,9,17
5,12,16,15,10
6,1,5,14,4
7,17,4,10,14
8,6,9,18,8
9,6,1,1,2
10,13,9,4,1
11,6,19,10,11
12,0,18,16,18
13,1,17,16,4
14,18,16,10,7
15,8,1,17,17
16,14,6,0,10
17,16,11,13,14
18,13,15,12,14
19,8,4,9,15
20,7,0,1,11
21,4,8,0,15
22,18,6,9,0
23,13,0,5,10
24,19,11,14,13
25,16,16,3,0
26,2,0,11,17
27,10,10,2,14
28,5,15,2,18
29,7,7,1,3
