5
Grid:
20,20
............@.......
....................
@...................
....................
.................@@.
@........@........@.
....@...............
....................
.................@.@
................@...
....................
....@.........@.....
...@.....@.....@....
....................
...................@
....................
.................@..
....@........@......
....................
....................
Agents:
20
0,8,7,9,5
1,15,11,3,4
2,17,18,9,6
3,0,5,13,3
4,6,3,8,18
5,1,9,15,12
6,0,11,0,4
7,15,14,17,2
8,14,14,6,16
9,19,13,7,14
10,4,14,6,8
11,0,4,9,4
12,6,2,14,5
13,9,14,18,10
14,10,17,18,19
15,5,8,4,10
16,0,6,8,7
17,19,6,14,0
18,9,10,19,12
19,11,5,7,16
