0
Grid:
60,60
...@.............@.......................@..................
.......@..............@..@..................................
..............@.......................................@.....
.@.........................@.@..............................
...........@...............@...........@............@.......
..@..........................................@..............
...........@@....@.@.............@..........................
.............@.......@....................@.................
.........................@..................................
............................................................
.....................................................@......
......................................@.....................
.............................@..............................
.............@@.........................................@...
.@..........................................................
..@..............................................@....@.....
..........................................@...............@.
.......@.......@..............@.............................
.......................@.@..@.........@......@..............
...............@............................................
..........@........@......@...................@...@.........
...............@............................................
...................................@....................@...
....................@..........@.......@........@...........
@....@..........@......@..................@.................
.@..............................@.@..............@..........
@.....@........................@...@............@@..........
..................@.............@@..........................
........@......@...@.....@....@......@......@...............
.......@........................@.......................@...
........@............................@......................
...............................@........@...................
.................@..............................@...........
@.....@....................................@................
@...........................................................
..................................................@.........
....@.........@...........@.................................
.@.........@.............................@.@..@.............
.........@............................@...@........@........
.......@................@...................................
...........@......@.....@.@.................................
.............................................@..........@...
............@...@..@..@...............@...............@.....
......@........@.................................@..........
.@....@.........@...................................@@......
.......@.................@..@............@..................
..............@...........................@.................
...........@.....................@........@................@
@.......@....@.........@.....@......@...............@.......
...@......@............................................@....
...........@........@...@...........@.......................
.................@.................@..................@.....
............................@....@.@................@.......
..................................@.........................
....................@.@........@..@..........@.......@......
............................................................
.................@.................................@.@......
......@........................@............................
.......................@..................................@.
.....................................@......@@..............
Agents:
80
0,16,17,14,41
1,50,51,55,59
2,27,2,48,49
3,57,28,6,4
4,48,53,48,6
5,3,38,17,56
6,39,0,13,4
7,27,13,34,26
8,46,8,5,12
9,8,16,51,31
10,41,48,46,15
11,19,34,1,16
12,46,20,46,39
13,2,21,0,34
14,58,4,14,16
15,0,11,56,22
16,59,14,51,26
17,34,20,32,21
18,48,38,43,48
19,13,1,17,38
20,39,47,27,35
21,40,0,28,7
22,10,20,26,9
23,58,11,20,52
24,49,28,30,13
25,49,20,33,56
26,32,52,3,50
27,16,37,38,1
28,26,26,31,5
29,54,58,44,34
30,37,27,9,23
31,54,25,45,33
32,14,32,10,45
33,50,45,0,40
34,42,21,20,4
35,0,49,52,44
36,55,58,38,22
37,39,2,59,24
38,5,49,51,23
39,22,37,21,24
40,12,38,20,0
41,42,25,23,13
42,7,56,59,21
43,54,21,45,47
44,44,15,13,58
45,23,11,52,30
46,53,15,22,59
47,45,37,49,32
48,29,13,36,17
49,28,27,10,12
50,28,0,19,58
51,4,14,21,34
52,15,16,56,14
53,53,48,29,41
54,4,17,27,37
55,12,35,26,18
56,27,38,2,12
57,5,1,25,43
58,53,44,41,27
59,5,23,46,18
60,16,33,25,33
61,8,51,17,21
62,20,55,49,59
63,8,12,29,45
64,34,27,41,47
65,29,49,29,1
66,58,30,41,49
67,5,27,44,9
68,21,34,37,37
69,6,35,52,45
70,3,10,38,32
71,47,5,12,53
72,35,42,56,40
73,54,2,36,15
74,21,11,40,13
75,12,34,54,23
76,7,1,5,14
77,28,9,27,4
78,9,59,8,54
79,0,22,34,8
