7
Grid:
20,20
..............@@....
....@.......@....@.@
@.......@...@.....@@
..@@................
..@......@.....@....
........@..@@@...@.@
..@...@..@@.@....@..
.........@...@@.....
@..@.........@......
@...@..@............
...@.....@....@.....
....@.@.....@......@
.@.....@....@@....@@
.....@...........@@@
@....@..............
@..@@....@.@....@@.@
.@...@....@.@....@..
......@......@@.@...
..@.@.....@.......@.
........@.@.......@.
Agents:
20
0,0,10,1,15
1,18,7,7,8
2,2,17,9,19
3,6,3,9,9
4,7,17,8,4
5,5,2,3,10
6,13,10,5,4
7,7,1,1,18
8,10,7,4,17
9,2,7,17,4
10,15,13,0,19
11,11,0,5,1
12,5,1,2,14
13,15,8,17,0
14,18,15,17,8
15,14,13,0,8
16,0,9,16,15
17,4,8,13,16
18,14,1,1,3
19,16,13,13,12
