2
Grid:
70,70
..............................@..................@................@...
....@..................@..............@@.....................@........
...........................................@.......@.@................
.............@.....@.....................@.............@..@...........
.....@.......@...................@..........@.......@...@@..@...@.....
..@........@..........@..........@@............@.....@...............@
.....@...@..........................@@..................@.@...........
.............@...@.....@...@..........................................
........@....@..@........@................@.......@....@........@.....
..@............@...@..........@.....@......................@.....@....
...@....@@..@...@.........@..@....................@......@............
@....@...........................@.................@..................
..................@.@..@...................@..............@...........
...................@.@......@....@......@..............@..@.....@.@...
..@......@...@...................@.@..........@..............@......@@
@....................@@................@.@..................@.....@...
......@...@@...@.........@..@.....@........@...........@...@...@......
@@....@@..@.....@...........@.@.....@...@.@.....@..........@.....@....
...............@..@...@......@..............@@..............@@........
...........@........@......@..........@.@.........@.@.@......@........
.@...@..................@..............@...@...........@..............
.............@..@..........@................@......@...@.............@
.......................@.@@......@@..@@......@....@.....@.............
.@........@@.......@....@.@.............@.@...@@....@.............@...
....@.................................................................
...@............................................@@...@.@.@............
@..........@......@..........@........@......@.............@.......@.@
@........@....................@.........@@@..........@................
.....@...............................@@..........@...................@
....@@..........................@@........................@....@......
.....@..@.....@....@............@@..@....@..............@@......@...@.
.@...@................................@.@...........@...........@.....
.@.......@.....................@..@........................@@.........
......@............@.@....@@..@..........................@............
@..............@......@.........@..@...@....@...........@...........@.
..@@..........@......@.....@..............@@@...@@@..............@....
.@...............................@..@..........@...................@..
........................@...@.....@@.@....@....@..@@....@@............
..@............................@...................@..............@...
..........@............@.....@...........@.......@....@.....@.....@...
...@.......@....@.@@....@@.........................@..................
....@..........@@@.@.@.......@.........@..............................
..@...@@..@.....................@..................@.......@...@..@..@
.@...................@.....@..................@....@..................
....@....@..@.@...............@.............@.................@.......
.........@.......@.@.........@.@@....@.@............@...........@.....
...............@...@....................................@.............
..............@........@..@...@.......@.....@....@....................
...................@..............@......@.......@@....@@.............
.............@...@......................@.........@..@................
..........................@...........................................
@..........@................@...........@..@....@............@........
...............@.............@...........@.........................@..
.......................@.........................@.@......@...........
@....@...@..@..........@..............................@.............@.
...@...@.........................@....................................
....................................@...@...@.@.............@......@.@
..@@......@....@.@...............................@....................
....@...........@.......@.................@@.....@......@....@.@..@...
........@@.............@......@@@.......@........@@..................@
@.@...................................@......@................@.......
........@@.......................@.............@.@..@...@.....@.......
....@..................@.......@.............@.@...........@......@...
........@.@.................................................@...@.....
................@..............@......................@.@.............
..............@@......................@.........@...@..@@..........@.@
....................@.@...............@.........@.@.......@.......@...
..........................@..@..@...............@......@.@...@.....@@.
...............................@.@.....@.@.@..........................
.........@.....@....@......@.......@.....@@.....@.......@......@...@..
Agents:
45
0,67,40,34,41
1,43,18,19,22
2,28,0,44,59
3,44,0,9,1
4,57,6,18,63
5,23,3,6,2
6,12,45,35,45
7,44,8,15,29
8,40,29,60,17
9,44,51,49,63
10,56,7,30,13
11,37,49,60,63
12,37,33,12,64
13,5,27,8,3
14,55,62,14,65
15,7,1,6,45
16,46,35,53,31
17,25,61,6,26
18,60,4,15,48
19,13,42,40,48
20,12,25,46,68
21,26,31,44,5
22,49,66,33,69
23,66,17,68,34
24,28,59,30,15
25,45,12,29,13
26,32,10,7,41
27,65,29,62,20
28,20,31,35,61
29,65,10,34,64
30,69,8,38,11
31,52,49,59,3
32,38,39,26,66
33,37,14,9,68
34,18,56,35,19
35,19,12,69,21
36,23,6,26,41
37,54,8,1,21
38,4,53,55,38
39,66,59,56,14
40,42,56,7,61
41,60,13,12,14
42,9,11,40,58
43,41,3,36,4
44,47,29,31,65
