1
Grid:
60,60
.....@@.@...@.@..@.@..@..@.@..@...@.@.@@.......@..@....@.@@.
....@..........@@....@..@@..@........@@......@......@.......
.........@....@...@@..@.............@@..........@..@.......@
@@@.......@..@...........@.....@...@.@@.@.@....@.......@....
...@..@.@.....@...@.@..@@..@.@.....@.@@@.......@..@...@...@.
.@.@@.@...@@@...@....@.......@.@@.......@@@........@....@@..
...@@@@.@....@...............@...@........@..@..@.@@@....@@.
.@.@@.............@@.........@...@..@.....@.................
.....@.......@..@@...@.@.@........@@....@............@......
....@.@.@................@....@@..............@.........@.@.
@@.....@...@...@@....@@@.@.....@.@@.....@@.@..@........@.@..
..@@@.@@.@.@.........@.@@.......@....@..@.@.@...@..@...@.@@.
@..@@@.@@..@..@..@.@........@@.......@...........@..@...@...
@@.@@@...@........@......@..@@...@.@..@.............@.......
..........@....@........@...@@....@@..@.@@.@@....@.......@.@
.........@...@....@....@@@...@.@......@...@.@...@....@@....@
@..@...@.....@....@@.@...@.@..@....@..@...@...@..@.@.......@
.@....@@.@...@.....@..@..@.......@@............@...@@@......
.......@@.@..@.....@.............@...@...........@@.......@.
.@@@@..@.@....@........@...@@...........@@@@@.........@.....
.....@...@..@....@..@.@...@@..@...........@...@@..@...@..@@.
.@.@........@.....@...@@...@..@@..@.....@.@..@......@.@@@...
..@..@...@...@.@.@.@......@...@......@.@.....@@.......@..@.@
.....@..@...@.@.@.........@...@..@@.......@@@......@.@..@.@@
@..@.......@@.@...@@@@...@@......@....@........@............
.....@..@...@......@......@@.@@.@................@......@@..
.@@...@.@@........@..@....@@......@..@..@....@@@.....@@@..@.
...@.........@..@.@....@@.@@.....@.@....@...@....@@.........
..........@...@@.@@.@..@@@...@@....................@@.@@@@.@
......@..@.@...@.@..........@.....@.@........@..@....@..@.@.
.....@....@...@.......@..@....@.@.@.....@@...@....@@..@.@..@
@...@....@@..@.....@.@@...............@.@@....@..@..@.......
.@..@@.......@...........@..@...@@.@@..@..@...@@...@........
.......@@...@@..@......@...@...@..@......@@.......@......@..
.....@@..@...@..@@..@......@.....@..@@........@..@...@......
..@...@.........@@...@@.....@@...@.@..@...........@.........
@@.@@.@...@.@.@.@..@.@..@..@@............@........@@...@.@..
.@@......@@.@..@......@.....@.@...@...@@...@.@@........@..@@
.....@@.....@.@@.@.@...@.@@@.@.@@.....@...@...@...@......@..
.@..@..@..@@....@@...@.......@......@.....@.@.....@.@@@.....
.@..@......@...@....@..@.@@@...@@.....@...........@...@..@@.
....@..@.....@......@..@@.......@..@.@........@@.@..@@.@....
@@......@@.@.@.@...@....@...........@.@...@@@.@.@@.@.@.@@.@.
..@............@..@@@....@@.......@.....@...@.@....@..@@....
.@.@@....@..................................@.......@@.@@...
.@@.@...@.@.@@....@..@.........@@@..@.@......@@.....@@@....@
..................@...@...@..@.@.......@@.@....@....@@...@@.
@@@@....@@.....@@..@......@...@..@.@.@..@..@@..@...@...@....
@.@...@..............@@...@@......@@@@..@....@............@.
..@...@.@@.@........@@.@..@......@...@@..@.....@..@.........
@@...@.@.........@@....@.@@@....@........@@@.@...@@.....@...
.........@...@.@...@@.@.....@@.@..@..@.....@......@..@.....@
...@..@........@..@...@........@....@.......................
.........@.@....@......@...@@.@.@.....@.@@...........@......
@..@....@.@......@..@.....@.@...@@.....@...@....@........@..
.......@.........@..........@...@@....@...@....@..@........@
.......@.@@....@@..........@..@..@@@.@@.@..@....@...........
....@@.@.......@.@...@@........@.@@.@@.....@..@.............
.....@...@.@...@.@.@.@@@..@.@.@@@.@.@...@.......@.@......@@.
..........@.@.........@....@.....@....@...@....@@.....@.@@..
Agents:
45
0,11,56,10,56
1,43,21,8,8
2,0,53,18,17
3,53,55,21,48
4,34,0,26,36
5,14,13,10,18
6,20,4,26,19
7,49,24,7,44
8,27,47,21,19
9,54,54,0,42
10,50,37,15,2
11,37,57,51,3
12,32,34,2,30
13,26,36,12,15
14,48,39,7,38
15,24,51,28,47
16,41,17,24,23
17,3,45,5,19
18,57,11,58,24
19,58,7,19,12
20,6,18,5,27
21,3,15,36,38
22,38,55,51,44
23,0,26,23,23
24,32,26,10,20
25,42,40,17,24
26,16,9,10,51
27,24,7,27,2
28,23,2,48,53
29,13,32,52,29
30,33,18,5,49
31,33,26,37,31
32,9,24,36,32
33,29,20,47,32
34,33,33,40,47
35,11,8,12,2
36,41,28,46,43
37,50,14,45,3
38,45,37,9,15
39,3,17,15,34
40,51,57,36,15
41,54,46,52,52
42,41,10,18,43
43,18,11,28,21
44,55,12,9,59
