0
Grid:
60,60
.@..................@.........@....@...........@..@.@.....@.
........@.........@...............@......@..........@.......
..........@.@.....@....@@.........@..@..@..@..@.........@...
............@@..@..@....................@.....@....@....@...
..............@@......@.....@.......@@..@.@@@..@..........@.
.@............@.....@...@.....@........@@.........@.........
...@......@.......@.@......@..@.@.......@........@@...@...@.
..@@..@.....@......@.....@@.....................@...........
.@..@@@................@.........@..................@.......
...@.@.......@.....@....@...@..@.............@.@...@.....@..
.......@..@....@...@@...............@.@@.@..................
..@........@...@@...............@............@.@@...........
......@@...............................@@....@@..@......@...
...........@...@...@.@.....@...@.@.@@.........@.............
...@..@...........@........@........................@.....@.
........@...@.......@.@...........@.........@........@......
..@@..@@..@........@@@.@@..@.......@...@.@................@.
..@......................@.@....@.@......@......@...........
.........@....@....@....@................@...@.@............
..@.@@....................@......@....@...@................@
.@........@...................................@...@@.....@.@
@....@..@...........................@.....@...@.....@.......
@..@.@..@................@...............@....@@.....@..@...
....@...............@..@.@@..........@....@@......@.........
..............@.........@.......................@...@....@..
........@...@.@......@..................@.@.@....@..@......@
...@..........@...@.....@@.@.......@@.....@..@.............@
..................@....@@..@....@.@.....@@...@@...........@.
......@.....@@.........@.........@.@......@.@....@@.........
.@....@......@..@........@..........@@@.@...................
.......@@@.@...@....@...........@.@....@@...................
...@..@...............@........@...@.@........@...@..@.....@
.@..........@............@.....................@..@@........
..@@.@..@..@........@.......@........@.@.@......@..@.@......
@..................@...........@............@.....@.....@..@
...........@@......@.@...........@...............@..........
@.......@....@.@.@@......................@.@....@......@....
.@.....@.....@....@.@@........@....@...@..@..............@..
...@...@...@@..@@.............@@.@...@....@..@.....@....@..@
.@@..@...................@.................@................
.@@...@...........@.@......@@........@.........@............
@...@.................@.......@....@..@..@.......@....@.....
...@............@@.........................@.......@.@@.....
.....@....@..............@.....@.........@......@.........@.
@......@..@......@..........@...@...@....@............@.....
@..@......@..@.@...........@.................@......@.......
..@....@....@...@..@@.........................@..@..........
.@......@@....@@.................@...@...@.@........@@......
...@.@..@......@....@@...........@.@.@...@@@...........@..@.
.@.....@...@.@....................@......@.@............@...
@@.........@.........@..........@......@.@..............@@..
....@.........@@.@.@..@..@.@..@........@.@..@..@............
................@...........@....@....@@.......@....@.......
...........@..@.........@..@.......@@.@....@.@.............@
..............@.@@.@..@...@.........@...@....@..@...........
..@......@.@....@....@......................................
...@.........@@@....@.........@@..............@..@@.@...@...
@.@..@.@.............@.............@....@@..................
...@........@......@....@..@.....@..@.....@....@..........@.
.....@..@....@@....@@..............................@.@..@...
Agents:
75
0,40,5,46,48
1,26,51,39,32
2,17,30,29,12
3,24,21,47,47
4,41,21,34,41
5,54,38,29,10
6,23,56,10,23
7,26,44,56,0
8,46,13,22,16
9,54,23,13,13
10,53,58,26,43
11,36,12,27,19
12,42,2,53,58
13,3,49,46,54
14,1,37,50,53
15,35,1,36,20
16,32,21,7,56
17,21,9,38,8
18,41,10,34,57
19,31,58,22,38
20,15,50,12,55
21,53,31,21,17
22,52,19,40,26
23,53,18,4,6
24,32,27,4,20
25,10,2,17,6
26,58,7,57,55
27,55,4,4,46
28,18,52,35,2
29,20,45,45,50
30,27,53,56,26
31,24,4,44,39
32,22,36,0,44
33,31,43,19,0
34,52,54,41,25
35,42,45,34,52
36,18,10,49,50
37,10,43,35,23
38,55,42,40,49
39,5,8,43,45
40,50,43,27,37
41,50,24,44,40
42,25,16,39,49
43,20,19,27,13
44,23,0,18,40
45,39,18,53,29
46,55,48,12,18
47,55,55,12,4
48,55,26,50,52
49,10,4,18,35
50,24,9,18,46
51,45,38,43,29
52,11,34,19,10
53,56,37,9,11
54,40,19,33,34
55,2,8,24,46
56,42,59,4,2
57,38,6,36,27
58,15,11,38,25
59,51,13,53,56
60,16,12,4,18
61,22,18,4,23
62,31,51,33,35
63,48,6,7,7
64,13,24,55,4
65,32,46,47,2
66,59,16,6,59
67,31,42,46,58
68,8,18,52,5
69,42,0,23,10
70,50,4,41,12
71,58,30,39,14
72,35,55,22,13
73,9,49,30,42
74,35,57,40,16
