0
Grid:
70,70
...................@.@....@...................@...@.@...........@.....
..@...........@..@.........@..................@.@.........@..........@
...........@............@............@................................
..@....@.......@...................@.@................................
........@....@........@...@.........@..................@..............
.........@.@..........................................@...............
.........@..........@.........@..........................@....@.......
.........@@...........@.......@..........@@..@...@.......@.....@@.....
..@.....@...@........@...................@............................
...............@...@.........@......@...@.@.@.........@.@.............
...........@..@........@.................@@....@.....@...@.@........@.
.....@................@@...............@......@.......@@..........@...
@..@.@...............@@.....@..............@..@................@......
..............................@......@.............@.@.......@.....@..
...................@........@.....@......@.....@@.....................
........................@.....@.....@........@...@@............@......
@.@........@............@.@.......@...@............@...@........@.....
.@.....@..@......@....@.....@..@.@................@...@......@........
........................@.........................@.................@.
.....@.................................................@....@...@...@.
.............................@@......................@.......@........
...@.......@........@..............@......@....@@.....@.....@.....@@..
................@.......@..@..........@..@.......@....................
.....@.....@...@...@............@..............@..@........@..........
........@.............@........................@.........@...@........
.......................@....@@...............@..............@@........
.............................@.......@................@..........@....
........................@..................@........@.@..............@
.@...........@.......@..........@@......@@.........@........@.........
..@..@............@.....@.....@@..............@..........@...........@
.....@..........@........@........@......@@............@...@..........
@@.......@@.....@@....@..............@................................
..........@.......@......@.@....................................@.....
.....@..@......@.......@...@.......................@..................
...@..................@@..@........@....@.@@...@...@............@....@
.@..........@..................@................@@...........@........
.@.......@.......@...@..........@........@.....@..@....@..............
@..........@...@.@........@...@...@..@..@...@.............@....@.....@
.......@.....@..................@..........@......@.@.................
.....@.........@.@.........@.@.@.........@...@@..........@..@.@.......
@......@............@...........@.........@.................@..@@.....
....@.........@.........@............@.@......@...............@.......
....@..@...........@.............@....@@@.............................
............@....@............@...............@........@..............
........................@..@...............@........@.................
....@....@.......@................................@@..................
.@......@.....@...............@........@........................@.....
@..@...@.........@.....@........................................@.....
....@...........................@.@..............@...................@
.............@...@..........................@..................@......
.......@................@...............@..@..............@..@........
.............@.@......................@..@............@............@..
..@@@........@.............@@.....@..@..@@.......@.......@...@........
...@.....@....@.....@....@....@..@..@..@..................@...........
........@....................@.............@.@.@........@.@@...@......
.......@................@.....@.............@.........................
.@.............@.@............@...@............@@.@@@.................
..................................@........@.......@....@........@....
........@.....@@.@....................@@..............................
............@.....@........@........@.......@......@@...........@.....
@........@.......@.....@...............@..@..@.....@.................@
........@.........@.................@.......................@....@....
.........@..............................................@.............
...............@......@............................@.....@...@@.....@.
.................@............@............@.@@...@.....@......@......
...............@.............@..........@@............@.............@.
.............@...........@....@...........@.@@........................
..@...................@....................@.@........@....@..........
..............@..@....@...@............@..@.......@....@@...@.....@...
.@...........@............@.@.@..........................@...........@
Agents:
70
0,10,45,61,6
1,5,65,54,31
2,17,25,20,37
3,49,26,46,53
4,29,43,2,16
5,37,22,51,19
6,48,5,48,47
7,63,7,54,38
8,10,9,43,25
9,45,40,32,45
10,11,68,42,59
11,14,42,65,21
12,11,14,44,35
13,68,0,4,35
14,23,2,31,60
15,14,7,28,7
16,29,55,40,28
17,51,6,65,44
18,61,21,33,38
19,8,11,1,62
20,32,35,39,61
21,27,42,38,58
22,63,43,44,40
23,62,4,6,65
24,29,44,1,64
25,37,42,41,13
26,41,12,22,69
27,30,33,29,23
28,26,49,69,67
29,2,26,56,12
30,28,29,62,32
31,24,56,45,20
32,15,59,69,47
33,0,33,44,19
34,8,45,3,17
35,49,38,34,32
36,21,63,38,55
37,40,49,18,21
38,43,44,22,10
39,39,56,58,9
40,14,38,56,9
41,46,28,33,56
42,37,4,62,6
43,54,52,24,10
44,33,0,22,5
45,13,34,6,7
46,50,69,1,23
47,28,39,57,24
48,40,4,69,20
49,33,65,37,45
50,41,58,36,52
51,54,15,22,45
52,51,33,23,1
53,8,22,9,48
54,53,54,55,49
55,59,6,66,56
56,48,55,54,54
57,21,65,42,37
58,12,40,45,49
59,28,14,57,5
60,58,22,24,17
61,20,4,61,29
62,23,18,22,37
63,67,57,3,51
64,43,22,3,31
65,23,21,1,29
66,43,10,60,35
67,17,29,17,69
68,21,64,44,3
69,32,41,17,35
