0
Grid:
60,60
............................................................
................................................@...@.......
....@............................................@..........
......@...@.........@.......................................
............@....................................@....@.....
..@.......@....@............................................
.......................................@...............@....
..........................................@.....@...........
.....................@.@..............@...@@.......@.......@
...............@...@..........@.......@........@............
..................................@...............@.........
@...........@..........@................@..@...........@....
....@................@........@.............................
.@..........................................................
....................................@.......@........@...@..
.........................@...........@..@........@..........
...................................@........................
..@@.................................@...............@......
...........@.....@.........................@................
...@......@............@.........................@..........
........................@...................@....@..........
................................@..........@................
....@...@.........................@.........................
............@...............................................
........................@...................................
....................@...........@...........@.....@.........
............................................................
@.......@............@.......@........................@.....
.......@.........@..............@.......@........@..........
............................................@...............
..............@.......................@.....................
.................@.....@............@.......................
.............................@..........@............@..@...
...............@......@....@...@..............@....@........
...................@@....@...@..............................
........@............................@...@..................
.@.@..............@.................@.........@.............
............................................................
.........@.@...........@...@..@...........@...............@.
.............................@........@.....................
...............@.@.................................@........
......................@.........@..@...............@........
....@..@.@.......@.............................@............
........................@...................@...............
.......@..............................@..................@..
..................................@......@..................
.......................@......@...............@.............
.......@...............................................@....
....................@..@....................................
.@.......@........@@........................................
@.@.........................................................
................@.............................@.............
...............@.....................@.@...............@....
.....@........................@...@.........................
...@.........................@..............@...............
...@...................@.........@..........................
....................@.....................................@.
.........@...............@...........@.................@....
...................................................@........
........@..............@...............@.............@......
Agents:
85
0,29,21,40,12
1,34,48,0,24
2,21,24,1,6
3,39,17,35,56
4,10,20,11,17
5,34,54,38,37
6,43,5,36,42
7,30,55,40,7
8,20,8,32,34
9,44,41,46,33
10,57,8,8,30
11,8,49,57,4
12,27,4,18,9
13,49,37,26,8
14,5,58,56,45
15,25,59,39,49
16,57,20,45,25
17,1,14,29,10
18,19,20,58,1
19,16,30,43,37
20,25,48,31,8
21,20,32,51,35
22,59,40,57,46
23,57,43,58,5
24,59,59,43,25
25,2,48,50,7
26,23,26,10,2
27,39,32,44,5
28,57,35,44,2
29,28,33,50,53
30,14,35,31,34
31,32,19,58,25
32,40,30,46,10
33,58,0,30,1
34,6,24,15,50
35,23,23,4,34
36,24,27,18,36
37,42,20,2,40
38,29,55,31,6
39,4,8,26,46
40,39,22,20,14
41,59,21,22,55
42,21,37,32,11
43,36,30,30,6
44,40,29,40,56
45,16,43,2,28
46,52,43,53,42
47,15,50,21,33
48,15,1,13,43
49,52,28,55,41
50,42,57,40,35
51,36,34,57,20
52,36,39,50,59
53,24,55,35,55
54,43,19,42,33
55,2,2,9,28
56,31,20,10,47
57,53,52,36,29
58,36,11,24,15
59,58,3,59,49
60,54,27,54,26
61,20,37,46,4
62,7,39,31,1
63,31,40,9,33
64,11,52,56,15
65,4,28,42,41
66,3,35,53,48
67,25,42,30,47
68,45,24,29,0
69,12,40,25,13
70,47,20,56,0
71,26,14,7,59
72,12,32,15,55
73,50,23,38,38
74,13,4,48,15
75,34,15,3,12
76,36,59,2,31
77,27,57,8,46
78,44,51,43,3
79,14,34,47,31
80,58,55,23,17
81,54,10,59,1
82,6,11,52,13
83,26,16,2,43
84,50,13,52,41
