1
Grid:
60,60
....................@.@@..............@.........@.....@.....
...........@..................@.......@.@.....@........@..@.
.@......@....@..............................@.......@.......
...@.....@..@@.....@.................@............@....@....
.............@..@.....@...@..........@@...................@.
......@....@...................@.......................@@..@
......@.@..@....@......@........@....@......@........@......
....@...........@............@..................@...........
.............................@.@....................@.......
.@....@........@............@....@...@...@......@.......@..@
...........@..@................@.................@.@........
...........@...................@..............@.............
....@.......@...@............@........@@.........@.......@..
................@....................@......@......@..@.....
...@@................@........@......@..@..........@........
..@....@.....@...@.................@...@@.......@...@.......
.....@.@........@.........@...@.@.@....................@....
.........@...................................@..............
......@..@...@......................@.......................
.............@.@........@.@................@..............@.
...@....@..........................@..@.....@..@....@...@.@@
...............@..............@......@...@............@.....
..............@.............@............@..........@..@....
................@..........@.@...@....@..@........@@.....@..
..................@..@.....@.......@.....@.@.@@...@.........
..........@.............................@...................
.......................@@........................@@.........
.............................@....@...@......@....@@........
...................................@@.......................
......@............@.@.............@.@................@.....
............................@.@@@..@...@......@..@....@.....
.......@..@..........@..@....@.........@@...................
.........@.................................@................
............@..............@..................@............@
..@................@...@....@.@.............................
@...........................@..@............@...............
..................@@@.....@.@...@.........@..............@.@
.......@..@...@..................................@..........
.......@.@.....@.........@.@.......@.......@........@.......
....@@..................@.@.....@.............@@.@..........
.@....................@..@...@..@.............@......@....@@
..@....@@...@.....@@...................@....@@..........@...
...@@..@........................@..................@.@.....@
.@....@..@...@....@@.....................................@..
..@.........@....@....................@@........@@......@...
@.@..................@.....@................@....@....@....@
........@.....@............@..........@...........@..@@.....
..........@...............@..@....@.........................
@..@........@..................@........@......@............
.........@......@..........................@.@.............@
.....@.....@......................@...@.@.............@..@.@
..........................@.....@......................@....
.....@..........@........@.....@.................@......@...
...@...............@.......................@...@@...........
....@.......................................................
....@..........................@@....@...@..........@.@..@..
...@...................@@........@..@......@@........@@.....
....@..........................@............................
....................@...........@.....@..@..................
......@......................@...........................@..
Agents:
85
0,33,48,51,34
1,36,31,33,6
2,54,11,54,53
3,38,22,6,55
4,42,43,26,40
5,51,16,42,50
6,27,21,43,11
7,8,53,50,22
8,32,3,26,11
9,37,0,41,49
10,43,49,42,16
11,58,52,33,57
12,35,19,32,58
13,59,54,49,22
14,40,17,57,20
15,48,55,57,25
16,25,48,23,49
17,30,26,4,46
18,11,9,58,26
19,35,57,3,26
20,51,29,25,22
21,16,46,21,2
22,33,9,30,14
23,37,58,56,26
24,24,11,38,37
25,29,18,53,26
26,40,44,37,23
27,50,43,2,31
28,55,34,20,10
29,11,43,18,2
30,42,25,8,19
31,55,56,39,57
32,51,39,17,54
33,50,41,46,35
34,41,23,40,3
35,28,40,41,33
36,9,13,57,54
37,6,0,25,33
38,35,49,34,56
39,45,50,51,51
40,17,41,10,16
41,52,37,2,10
42,26,6,37,28
43,7,46,55,8
44,36,27,21,42
45,13,0,45,33
46,46,7,49,5
47,47,17,16,47
48,2,20,2,57
49,54,54,48,57
50,18,55,7,13
51,16,1,22,48
52,43,48,55,36
53,8,27,4,47
54,8,6,22,18
55,49,20,27,57
56,26,0,4,1
57,32,17,55,49
58,29,44,47,46
59,31,3,13,1
60,5,14,22,49
61,54,1,55,13
62,26,48,41,36
63,58,14,0,0
64,54,51,19,34
65,24,51,29,46
66,54,38,36,15
67,58,40,9,12
68,8,46,8,36
69,19,7,3,46
70,11,25,40,51
71,41,46,14,0
72,44,44,14,25
73,51,10,54,16
74,23,14,14,55
75,50,2,20,46
76,51,14,3,57
77,53,7,52,40
78,0,49,47,8
79,51,53,34,14
80,11,57,53,57
81,48,4,5,34
82,35,41,11,53
83,54,19,37,51
84,54,2,13,6
