2
Grid:
70,70
...@.@...@.@....@.....@..........@........@..........@................
.........@.......@.......@.@..@.@....................@..............@.
................@.@...@..........................@.@............@.....
.............................@.@.....@...........@..................@.
.......@.............@................@.............@............@....
...@.........@@........@.....................................@........
..................@......@@...@.@..@.@@....@..........................
...@@.....@......@....@....@....@.......@.....@@...........@..@.......
@..................@...@...@..@...@@..@......@....@@..................
.................@..@.................................................
..@..@.@.........@.........@@.....@........................@..........
.......@......@.......................@..@...........@........@.......
..........................@.@.....@.....@...@.........................
...@.....@......................@.@.............@......@..........@...
............@@.......@.@................@.@.@........@...........@...@
...@.@.............@...........@@.@.................................@.
............@........@@.@...@........@...@.......@@.........@.......@.
@.............................@..@.............................@......
..@.............@...@.....@......................................@....
.....@@@....@.......@@.......@....@.....@...........@....@.@....@...@.
........@.....................................@...@.........@.........
...........@......@.......................@........@.............@....
..............................@....@................................@.
........@.......@................@................@...................
..............@..............@......................@..........@.....@
.@.@.......@..........@......@..@......@.@....@....@..................
........@...@@..................@...............@........@.@....@.@...
.......@......@.............@..@..@.@..............@...@..@..@........
...............@......@....@......@..........@.....@......@..@.......@
.....@.......@.....@.......................@..............@..........@
........@.......@...........................@.......@.@..@..@..@.@....
....@..@...................@.........................@@...@...........
..@...@.@...@................@.....@.......@......@..........@........
..................@....@.......@....@....................@....@..@....
......@......@......@....................@..................@......@..
..........@...............@..........@...............@.........@.....@
....@.............@@.......@..@.............................@......@..
.....@.................@.....@........@.....................@@........
@........................................................@....@..@....
.@...@.@.....@....@....@.@............@.....@.............@@..........
..............@....@...................@.....@......@..........@......
...........@........................@......@..........................
.@.........................@.....@@.............@@......@.......@.....
....@..@....@..@................................@@.............@......
...@.........@..@@.......................@.............@....@...@.@..@
................................@......@.@............................
..........@.................................@....................@@...
@..@..@..@..........................@................@@...............
..................@..@...@.......@....@.............@.@......@.......@
...@........@.............................................@@..........
..........@..........................@.......@................@.@.....
.............@................@@..................................@...
......@.......@.@@.......@..@............@..........@.......@@.......@
@............@@...........@@....@.@...............@.@...@..@..........
...@................@......@@..@...................@.@..@........@....
...................@.........@@.@......@@.........@@............@.@...
@.......@.....@...@@..............@..............@...............@....
.....@...........@....@.....@.......................@..........@......
.................@....@..@..@..............@....@.........@..........@
...@.................@.........................@..@.@..@.............@
......................@.@..@..........@..........@@...................
.........@................@..................@...................@..@.
...............@..@................@..................@@@@.........@..
..@...@...@...............@...................@.......@....@.....@....
@@............@.................@..@.......@.........@............@...
........@....................................@......@.................
..........@......................@.......@.............@...@@.@.......
....@.......................@................@...............@.....@.@
........................@@.@...............@........@.....@.@...@.....
..........................@..@...............@........@.@......@......
Agents:
75
0,68,62,37,15
1,6,29,32,42
2,4,42,28,36
3,45,34,5,33
4,35,30,39,53
5,55,23,28,52
6,8,47,43,50
7,19,45,21,44
8,69,51,40,50
9,21,24,22,56
10,60,53,48,56
11,23,61,43,46
12,32,4,50,0
13,19,23,11,10
14,4,64,24,33
15,34,17,45,42
16,53,12,43,57
17,60,2,10,25
18,66,48,13,69
19,41,39,13,31
20,13,17,42,66
21,6,16,52,34
22,40,68,8,21
23,7,36,52,33
24,69,43,7,13
25,2,23,45,30
26,6,13,1,65
27,10,40,31,23
28,15,39,55,24
29,52,40,43,11
30,31,60,63,18
31,58,61,44,61
32,64,6,17,7
33,54,67,58,56
34,55,42,50,22
35,52,20,36,24
36,47,15,66,36
37,68,2,45,8
38,57,31,42,23
39,65,60,15,4
40,14,30,35,40
41,6,47,3,20
42,62,25,45,65
43,22,23,52,20
44,28,14,44,12
45,21,34,29,26
46,14,10,65,2
47,51,26,24,42
48,61,51,6,64
49,33,37,45,3
50,35,64,22,58
51,41,12,32,46
52,56,46,61,47
53,65,67,42,13
54,46,33,17,58
55,0,7,2,50
56,5,29,56,16
57,10,49,41,40
58,56,53,46,49
59,51,18,45,27
60,62,47,4,5
61,49,38,35,5
62,69,33,4,50
63,67,39,50,48
64,11,67,18,30
65,53,20,22,12
66,16,11,5,69
67,39,22,64,69
68,33,6,36,7
69,5,22,54,25
70,8,58,56,36
71,31,37,45,35
72,53,5,14,46
73,20,26,46,14
74,68,12,24,24
