0
Grid:
60,60
..@.........@........@........@.......................@@...@
........@........@.....@...............@...@..............@.
@...@@......@....@................................@@........
....................................@..@..........@......@..
.......................@...................@...............@
...@......................................@...........@..@..
.....................@..........@.........@....@.....@.....@
......@..........@..@...@.@....@........@.........@.........
...@.@..........@..@.........@....@...............@.........
..@.............@.....@..@...........@.......@...@....@.....
...@....................@.............@@....@@..@......@....
.........@....@.......@.@.@............@@..................@
@...............................@@...............@.@........
..@.......................@.........@.......................
.@.@.................................@.......@.........@....
@...@...@...@...@@........@.............@...................
......................................@@@................@..
@....@..@.@....@......@.....................................
...@............@@................@........@.@..@......@....
@....@.@.............@.@............@....@...........@..@...
....@..........@@..........@................................
.....@.............@.....@..@....@...............@.....@....
....@.....@..@@....@....@.@.......@......@............@.....
..@...................@............@......................@.
....@..........................@................@.....@@....
@..........@................@............@..............@...
......@.....@@....@..........................@..............
............@.......@...............................@@......
@.......@@@.....@.@.............@..@@.@...........@.......@.
...@....................................@@.@........@.......
....@..@@......@...@.......@............................@..@
@.........................@.@.................@.........@...
..............@@....@.@........@........@......@..........@.
........@......@..........@...@@.......@...@................
.....................@.@.............@................@.....
..............................@..@.@............@...........
.........@.....@........@...............................@...
....@@..........@..@...............@.....@.....@............
.....@.@@...........@....................@..@.........@.....
.....................@.............................@........
.@....@.........@...................@.................@..@..
@.......@..............@...........@....................@...
.@........@................@.............@...@..@..@@.......
.....@...............@....@......................@.....@....
.....@......@.............................@.................
....@.......@..@......@.......................@..........@.@
............................@@.........@@.............@..@..
....@..@.......@@.....@.......@@...@@.......................
...@@@.....@..@..........@.....@..@..@...@..........@.......
...........@.@...@....................@....................@
..@.@.....@.@...................................@......@....
....@@.@....@.....@..@......................................
.@...@....................@...........@.........@...........
..@....@.@.....@......@.@..............@....................
.............@....@@....................@..................@
......@...........@.........................................
...@............@....@...............@.......@.@.@.@.....@..
....@............@.........................@..............@.
.........@......@@......@....@..................@...........
.@@...................................@.............@.......
Agents:
50
0,28,55,54,50
1,39,25,19,48
2,34,9,51,28
3,51,56,44,18
4,15,36,42,8
5,51,20,26,58
6,34,48,40,31
7,57,40,39,58
8,3,2,52,52
9,21,17,25,22
10,3,18,46,30
11,45,17,6,19
12,42,57,2,32
13,21,15,53,43
14,56,41,19,59
15,46,27,17,45
16,26,55,15,44
17,38,53,57,30
18,46,38,40,38
19,43,2,10,5
20,53,32,12,13
21,57,28,1,15
22,24,40,55,57
23,37,12,49,8
24,19,54,43,59
25,26,43,46,51
26,33,11,2,30
27,26,54,7,8
28,34,59,2,28
29,39,26,13,10
30,53,25,18,39
31,18,18,24,6
32,23,31,51,44
33,21,16,46,52
34,19,8,23,32
35,55,2,3,22
36,14,2,22,31
37,54,14,53,10
38,13,30,56,22
39,11,48,51,54
40,27,54,41,43
41,52,31,17,19
42,24,0,51,38
43,46,58,14,47
44,2,16,48,30
45,0,1,30,31
46,25,14,58,49
47,48,20,37,36
48,59,23,26,8
49,23,24,35,57
