2
Grid:
60,60
............................................................
............................................................
............................................................
............................................................
............................................................
............................................................
............................................................
............................................................
............................................................
............................................................
............................................................
............................................................
............................................................
............................................................
............................................................
............................................................
............................................................
............................................................
............................................................
............................................................
............................................................
............................................................
............................................................
............................................................
............................................................
............................................................
............................................................
............................................................
............................................................
............................................................
............................................................
............................................................
............................................................
............................................................
............................................................
............................................................
............................................................
............................................................
............................................................
............................................................
............................................................
............................................................
............................................................
............................................................
............................................................
............................................................
............................................................
............................................................
............................................................
............................................................
............................................................
............................................................
............................................................
............................................................
............................................................
............................................................
............................................................
............................................................
............................................................
............................................................
Agents:
50
0,5,21,43,23
1,24,43,26,36
2,22,39,24,49
3,39,43,53,18
4,24,45,20,6
5,6,23,32,40
6,12,43,2,31
7,2,25,24,34
8,20,31,1,49
9,45,39,9,29
10,45,7,39,22
11,36,38,58,29
12,39,53,5,22
13,41,5,52,53
14,17,8,25,41
15,54,53,51,28
16,51,30,1,13
17,31,20,11,29
18,12,3,57,19
19,45,59,19,10
20,0,40,29,41
21,0,59,5,52
22,23,54,16,28
23,18,37,59,43
24,47,1,25,52
25,13,46,27,3
26,23,59,48,27
27,41,57,49,41
28,44,45,11,54
29,3,28,55,24
30,58,34,19,38
31,26,16,10,18
32,50,12,30,3
33,32,41,0,51
34,11,42,14,54
35,13,16,29,12
36,46,46,25,30
37,38,5,18,16
38,7,37,22,3
39,15,44,34,20
40,35,3,15,56
41,17,16,28,20
42,54,8,18,12
43,30,52,28,23
44,48,34,30,58
45,35,26,59,31
46,0,16,8,10
47,0,26,57,18
48,14,43,20,8
49,9,11,49,33
