6
Grid:
20,20
...........@......@.
.@.@.@..............
......@........@@...
.....@..............
..........@.@...@...
.@.......@..........
...@@@....@...@@.@..
.......@............
..........@.@.......
@.........@.........
....................
....................
....................
................@...
....@...............
@@.........@........
.........@..........
.........@..@.@@....
........@...........
......@..@.........@
Agents:
20
0,7,12,15,2
1,18,2,13,0
2,13,11,8,18
3,11,3,9,4
4,5,17,3,13
5,10,10,9,16
6,10,19,0,17
7,3,3,10,14
8,10,2,1,9
9,8,9,13,9
10,1,6,15,17
11,8,1,10,7
12,17,4,3,9
13,19,2,2,14
14,19,10,18,2
15,7,4,8,2
16,10,3,0,2
17,4,7,12,15
18,14,19,9,5
19,0,10,1,16
