2
Grid:
70,70
.......@...@..@@@...@.....@.....@...@.@......@@.@..@...@......@@.@@@..
...@@................@@@@.@....@.@@....@.@...@.@....@.......@.....@..@
.@..@.@..@..@.....@@......@.......@.@@.@.@..@.@...@...........@...@...
....@@...@.......@.....@@@@.....@....@....@.@.@...@.@.@....@@.........
@@...@@@.@..@.@...@@..@...@.....@.@...@.@....@.@.@....@.@@..@.@@.....@
....@@@...@..@.......@@...@...@@...@@.@...@@....@........@.........@@.
@....@@..@@..@......@.@.@.....@@@...........@.@..@@.....@..@.......@@.
....@@.....@..@..@@.@......@.....@...@@.@..@.....@@...@.....@.@.@..@@@
..@.@@@.@.@...@.@...@@.....@......@....@...@.@.....@@.@...........@...
.@@...@......@..@@.@.@...@@.....@..@@.@.@...@....@.@......@@..@@....@.
..@@.........@...@...@..........@.......@.......@.......@..@....@...@.
@....@@..@@@.....@@......@.....@....@@@.@.@.@..@@..@.@@@....@.@....@@.
@..............@.....@...@..@.@...@........@...@@@@@.@@..@@...@@@.@@..
....@...@@@..@...@....@..@..@....@@@.......@......@..@...@.@........@.
.........@......@@.@.@.@.@.@@.@...@...@..@....@....@....@.@@.....@..@.
.@...@....@..@......@@..@......@@...@..@@@.....@@.@.......@..@....@...
.@.@...@...@.@..@...@..@@..@....@..@@.......@.@@............@......@.@
.@@@....@.@.@.@..@@@....@..@.@.@..@@...@.@.@@...@@.@@......@@.@....@..
@@.@...@......@@..@@..@..@...@@.......@............@.....@...@.@...@.@
.@.@........@.@.@......@@.@.@....@..@.......@@@.@.@@.@@.@@.@..@...@...
@.@.@.........@.@@...@....@.............@@.....@...............@......
...@.....@...@..@@.@...@@....@.@...........@@.......@.@..........@....
..@.@@.....@..@.@..@.......@@......@@...@.@.@.@.@.........@.@..@.....@
....@..........@..@..........@.@@@.@@@@.............@.@@@...@.@..@@@..
.....@.@.@.@.@..@...@...@...@.....@@.....@.......@@..@.........@@@..@.
...@..@@......@...@.......@.@@.@@......@..@@.....@@.......@@.@..@.....
@................@@@@..@..@..@.......@@..@@@@.....@@..@....@...@..@...
...@@....@.@.@......@....@..@.......@....@@..@.@..@@@@...........@.@..
.@@....@.@@..@@..@.@.@.@.@.......@@...@.@.@.@.@..@........@@@......@..
....@..@.@...@.@.@.....@..@@......@.@.@..@.@@.@..........@....@.@.....
.@..@@..............@@....@......@@..@..@.....@@.@@....@@@.@@.@@....@.
@@.@@@..@...@........@@....@.@.@.@@.@.@@@..@@..@@.@...@...@..@....@.@.
.@.@.@..@...@...@@...@..@.@@.@...........@..@@@.@.....@...@.....@.....
@@..@@...@......@....@@@...@.@....@@.@.@.......@..@..@.......@@.......
......@@.@@......@.....@.....@.......@..@...@........@.@....@....@@..@
....@.@......@@...@@.@...@.@...@..@....@.......@@@@......@@..@@@@@@..@
........@....@......@.........@..@@.@.@.@..@............@....@@@..@...
.@...@@....@...@@@....@.@.@@.@.@@....@.@....@...@@......@..@.@@@@.@..@
@@..@........@.............@.@.@@.........@.@.............@.@...@.@@..
.@@.......@.....@....@..@@.@.@.@@.@@.@...@@@.@@@@@@@..@........@...@@.
.@..@.@@.@..@.@@@..@..@@..@.@.......@@.@@@..@@..@.@.@....@.@....@.....
..@@...@..@..@@..@.....@......@.@..@....@@.@@..@.@.......@@.........@.
@.@.@.....@...@...@.@.@...@..@@@.......@...@...........@....@@..@@.@@@
.@@..@.@......@......@@.@@.@@.......@..@...@...@..@@@.@@@...@.@@@.@.@@
..@..@.........@.@@......@.@@...@..@@@..@...@.@@........@....@@@...@.@
.....@@@@.....@@....@@.@@.....@........@..@....@.........@@@@.@@.@.@@.
.@.@...@...@@..@.@@@.@.@.......@.@.@@..@..@.@....@.....@.@@.......@...
.......@.@@...........@.@.@.@.....@@....@@..@......@.@............@.@.
.@......@@....@..@..@......@........@.@@..@..@........@.@..@....@.....
...@.@...@...@...........@.@....@....@..@..@.@...@@.@....@...@....@..@
@@....@@.....@.@..@@...@@.@.............@@....@...@....@...@.@@...@.@.
..@@@@....@.@.......@.@@..@@...@.....@@.@@.....@@.@@...@@@@..@@....@..
..@@@....@.@...@.@@.....@@.@......@@@.......@.@.@@.@..@@..........@...
.....@................@..@@..@.@...@@.@....@..@...@....@@.@.@........@
......@.....@@@@.@...@..@......@..@@....@..@.@@.@...@.@.@@.@@@.@.@@@@.
..@......@@..@....@..@..@@@.@@..@@...@..@@@.@..@...@...@@@@.@.@.......
@@.@............@@@@.@@@.@...@@...@@...@@...@.........@.@@@..@...@..@.
........@..@@@@@.@.....@..@.@.@...@..........@@..@......@......@@....@
@.....@@@@.....@@..@...@..@....@...@@..@@@....@..@......@@............
@.@.@.@....@........@..@....@.@....@.@.@..@.@@@......@.@@@@.@.@@@@....
@...@.........@..@..@........@..@.....@@.@..@......@......@@.@.......@
@...@@.@....@.....@@.@...@....@..@@....@.@..@@@@...@@@..@..@@.@.@..@..
@.@.@.@..@.@@@.@@...@@.@@............@@@....@......@.......@@...@.@...
@.....@@...@..@.@.@.@@.@@@.@......@..@....@......@......@@.@.@...@...@
.@@..@....@@.......@.@.....@..@......@..@@..@..@....@@.............@..
@.@.@....@..@....@.@@.@..@@@@@.........@........@................@@..@
@.@..@.@...@@.@..@....@...@.....@.@.@..@...........@....@@@..@.......@
.@..@.@@..@@..@@.......@.@@...@@@@....@....@..@..@....@@@@..@....@....
...@.....@...@..@......@..@...@@@@@.....@@...@.@@...@....@.@.@@@....@@
.@..@..@@@.......@...@.@..@...@....@.......................@@@@.....@@
Agents:
45
0,43,31,27,37
1,58,43,49,4
2,61,2,17,32
3,45,36,14,37
4,34,24,42,9
5,14,42,1,15
6,0,49,58,33
7,53,44,2,67
8,26,35,17,53
9,59,7,60,35
10,20,22,47,4
11,18,12,64,48
12,1,42,37,3
13,34,47,60,66
14,65,60,15,26
15,16,38,13,66
16,5,58,42,47
17,56,27,8,7
18,41,18,47,63
19,19,0,19,0
20,3,61,23,25
21,23,57,61,14
22,47,19,22,24
23,5,61,33,32
24,39,62,68,28
25,30,0,33,2
26,21,63,50,63
27,60,43,18,32
28,41,53,66,10
29,44,4,51,60
30,36,28,11,22
31,61,55,26,12
32,27,34,25,16
33,11,24,16,22
34,13,12,1,58
35,56,26,9,57
36,41,22,65,41
37,57,53,48,2
38,1,49,65,50
39,16,64,49,11
40,67,19,41,51
41,27,68,43,49
42,66,44,17,46
43,5,37,53,47
44,36,25,54,23
