0
Grid:
60,60
...@..............@......@...@........@.....@....@..........
..........@.................@......................@........
@.......................................@............@@.....
..@..@@@........................................@...@....@..
.@...@....................................@.................
....@.......@............@..............@...................
.........@...@........@............@..@@........@....@.....@
@...........@..@..............@@......@.......@@............
...@...@.............@......@................@.....@........
...........@...............@..........@.........@...........
..@...............@........@.................@.@.@..........
@@@.......@........@.........@.............@............@.@.
....................................@......@............@...
.....@..@.@......@..@..@....@.................@.............
....@....@.................................................@
...@................@..............@...@............@.......
..@..@.......@.@.@...@@.....@...@@...............@..........
.....@..............................................@.......
....@...........@.......@....@........@......@........@.@...
....@.........@..............@..@..........................@
.....@.......@.........@...............@.........@......@..@
..........@...........@..............@....@....@........@@..
.............@@..........@..............@..................@
.................@..@...............................@.......
@..@@........@........@.@.....@...........@...@.............
.@.......@...........@...............@...@.........@........
.......@.....................@....@..........@............@.
...@.........@.....@@...........@......................@..@.
@....@@..........@......@...........@........@@.......@.....
.............@.........@..@........@..@.........@...@.......
........................@..................@..........@...@.
@@@@@.........@.....@..................@..........@@.......@
......@.......@....@..................@...@......@..........
......................@........@......@@.............@......
............@.........@.......@...............@...@.........
.......................@....................@......@........
.@.@....@...........................@.....@...............@.
....@.....@...@..@............@...............@...........@.
.........@...@.@................@......@.....@...........@..
.......@.@............@................................@....
...........@..@....@.@.....................@.............@..
...@.@...........@..................................@..@....
@...@..............................................@....@...
.....@.......@.............@.....@.............@............
........................................@.......@...........
................@@..@..........@...@......@...@....@...@....
....@..@...@..@.......@......@....................@.@.......
@....@..............@...@........@...@..@...........@.......
...........................................@@..............@
.....................@@........@.........@..................
...@@.@.........@..@.......@............@.....@.......@.....
...................@...@......@..@@..............@.@........
.....@...@.........@.....@@....@@......@..........@@....@...
......@....@.......@.@............@.@....................@..
...........................@..........@...@.................
............@@.@....@...@..............@....@...............
...............@........@@...@.............@.@.......@......
...@.....@..........@.....................@.................
..@............................................@..@........@
@.....@...@..@@@....@.@...................@.................
Agents:
75
0,50,56,45,56
1,20,38,29,53
2,39,46,46,10
3,33,36,31,34
4,13,13,20,26
5,34,27,7,54
6,52,8,57,22
7,29,46,41,13
8,49,26,32,21
9,35,14,56,37
10,51,53,16,56
11,41,35,43,57
12,4,32,14,10
13,58,54,3,46
14,12,55,23,18
15,29,20,33,28
16,45,29,42,14
17,50,53,2,13
18,41,19,38,29
19,39,56,43,3
20,3,49,51,53
21,10,36,41,21
22,17,41,54,26
23,42,37,44,25
24,30,6,10,7
25,7,57,17,2
26,15,45,51,47
27,34,7,52,15
28,48,39,40,47
29,52,0,45,6
30,4,59,44,50
31,0,20,33,12
32,35,41,43,26
33,32,31,14,27
34,13,45,9,20
35,22,21,9,45
36,36,2,0,12
37,30,35,2,18
38,25,16,5,43
39,44,31,33,15
40,4,0,57,10
41,54,43,55,18
42,5,2,33,27
43,27,39,40,18
44,55,25,32,26
45,44,10,36,29
46,57,8,18,2
47,40,22,12,13
48,1,48,59,51
49,44,30,54,28
50,14,19,57,23
51,44,26,51,25
52,2,50,12,38
53,30,25,50,12
54,13,47,48,49
55,15,7,2,36
56,25,52,23,0
57,36,29,10,23
58,4,33,12,40
59,49,5,27,1
60,30,11,33,17
61,24,27,23,19
62,21,7,49,20
63,42,7,34,47
64,47,34,35,55
65,45,34,28,49
66,58,38,21,6
67,59,36,47,38
68,9,30,48,41
69,12,57,21,44
70,55,49,43,19
71,4,40,25,26
72,11,3,39,50
73,32,10,33,45
74,40,8,1,23
