5
Grid:
20,20
....................
....................
....................
....................
....................
....................
....................
....................
....................
....................
....................
....................
....................
....................
....................
....................
....................
....................
....................
....................
Agents:
20
0,17,14,1,2
1,5,9,2,3
2,17,4,5,0
3,14,10,8,2
4,7,0,19,12
5,7,3,14,15
6,19,15,11,8
7,5,7,3,11
8,2,9,6,17
9,14,0,13,9
10,0,1,6,8
11,8,1,5,13
12,2,1,4,2
13,6,17,7,3
14,11,11,13,5
15,7,18,12,1
16,13,8,16,3
17,11,0,2,7
18,9,8,6,7
19,15,15,16,6
