1
Grid:
20,20
..@....@............
............@.......
..@.............@...
..@.................
...............@....
..........@......@..
.......@.....@......
@................@..
....@...............
.......@......@....@
.............@......
.........@.@........
..@.........@.......
.......@........@...
.@...@.@..@.........
.............@....@.
...@...@............
..@..........@.....@
..@.......@@@.......
......@.............
Agents:
10
0,9,2,3,14
1,1,6,0,18
2,19,3,12,14
3,6,10,18,0
4,3,19,19,16
5,8,9,14,14
6,19,16,19,15
7,18,18,5,3
8,4,14,1,4
9,0,15,0,17
