0
Grid:
70,70
..@...........@...@...................................................
.@..............@..............@......................................
...................................@@.................................
......................................@.............@.............@...
..................................@...................................
.............................@........................................
......................@.............@.............@@.@................
.............@........................................................
.............................................@.....@..................
............@............@.......................@.................@..
.............@...........................................@....@.....@.
.......@..................@...@..............................@........
.@.@...........................@......................................
...............................@.....@...........................@....
..........@@..........................@....................@...@......
@...........................@....@....................................
.........................@..........@@..........@.....................
..@....@........................@...@...@.............................
.......................@.@..@.........@..................@............
......................................@.............................@.
.......................@@..................................@..........
..........@......@....@.@.....@..@....................................
...............@@....................@.................@..............
.................@...........................@...@.......@............
.......@.......@............................@...............@.........
....@.....@...................@.......................................
.@.......@..............@@....................@........@..............
...........@......................@........@..........................
.......@.............................................@.....@..........
.....................................................@..............@.
.............@.........................@..............@...............
..........@......................@......@@..................@.........
.........@..@..............................@...............@..........
.....@..................@........................@.......@...........@
.........................@.@.......................@................@.
...................................................................@..
........@.......@.........................................@...........
...@.............@..........@............@.@...................@......
......................@............@..............@...................
.........@...............@......@...................@.@......@........
......................@.............@......@..........................
......................................................................
....................@......@.................@........................
.......@......................@..........@............................
...............@.............................@.........@..............
.@.........................@....@.@.................................@.
.......................................@......@.......................
...........@...................@....................@.................
....@......@..@......@...............................................@
...............................@..................@...................
.................................................@.@..@.....@.........
........@...@..................................@......................
......................@..........@...@................................
......................................................@...............
......................................................................
.............@........@........@.....................@......@.........
......@.........................@............@........................
..................@...................................................
..........@.......@............@..........................@.....@.....
.........................@..@.........................................
....@.............@..............@...@............@.@....@.......@.@..
..........................@........................@.............@....
@......................@.......@.........................@............
.................@.......................@...@........................
......................@.................@.@.............@.............
............@........@.......@..........................@.............
.@........@......@............@..@............................@.......
..@.....@.....@..@.........@...........@..............................
....................................@..........@.........@..@.@.......
...................@.............@....@...........@...................
Agents:
70
0,44,0,46,16
1,12,21,5,52
2,52,50,59,42
3,59,35,29,25
4,40,26,23,36
5,37,50,2,37
6,53,23,36,49
7,44,57,55,41
8,39,36,2,23
9,20,37,67,44
10,23,1,13,36
11,62,60,15,69
12,48,18,52,48
13,13,49,25,24
14,46,68,58,68
15,40,44,11,29
16,44,4,43,11
17,35,25,43,43
18,67,23,66,3
19,19,40,24,2
20,40,51,7,66
21,54,52,49,37
22,30,50,58,60
23,56,57,55,5
24,16,2,0,56
25,28,22,33,12
26,68,30,67,56
27,3,42,23,35
28,7,21,48,0
29,43,33,15,19
30,36,10,3,29
31,58,42,60,14
32,55,63,59,12
33,6,49,65,20
34,59,15,43,20
35,17,49,57,29
36,66,42,37,49
37,17,9,6,31
38,30,68,37,22
39,31,26,1,4
40,40,17,32,15
41,45,14,14,30
42,0,62,29,60
43,17,45,8,16
44,50,55,66,27
45,4,30,26,16
46,62,12,51,2
47,67,37,57,6
48,44,7,50,44
49,69,68,46,6
50,13,12,55,12
51,5,19,66,14
52,33,31,3,5
53,25,68,15,43
54,61,44,39,1
55,2,10,39,10
56,47,14,51,33
57,1,37,69,30
58,17,62,32,7
59,48,66,45,11
60,1,13,22,8
61,35,31,44,66
62,44,36,7,50
63,49,4,38,19
64,12,63,62,44
65,24,23,40,18
66,26,34,26,28
67,30,28,34,9
68,12,26,25,59
69,50,38,22,23
