0
Grid:
60,60
.......@.@..@...@.@....@@.......@@.@....@..@@....@@@..@.@.@@
...@....@@....@@....@.@......@@...@..@.@@....@@.@@..........
@...@@@.@....@@.@.....@@.........@.@@.@......@..@.....@..@..
.......@..@...@.......@...@.@.@..@........@@..@.....@@.@.@@.
.@....@@@..........@...@......@.............@..........@....
..@....@@.@@@..@@.@@..@..........@.....................@...@
...@..@......@....@....@.....@@.............@...............
...........@.@....@@.@.@...@....................@...@.@.....
..@..@@..@@....@....@@.@...@@.....@.@...@.....@...@.@......@
...@..@.........@..@..@...@@.@@@@@.@...@...@@@@...@...@.....
....@@...@..@@..@....@@.@......@.@@.@@@@...@@.........@.....
.@.@@.@..@..@.@..@@@@@.@@........@......@....@...@......@...
........@...@...@.@....@........@.....@@...@.....@..@..@....
.@....@@@@.......@..@.@.........@........@.@....@@.....@@..@
@.@...@..........@..@.....@@....@@@@.....@.....@..@.......@.
.....@........@...@.@..@....@.....@.....@...@@...@@.....@.@@
@.@........@@..@.@@@@.....@.@..@........@..@..@...@....@.@..
.....@.....@.@@......@..........@....@.....@.@@...@.@.@...@@
.@.....@@..@............@......@.@..@....@............@....@
.@@.@.....@.@......@...........@.............@@...@@@.@.....
.@@....@@@.........@.@@.....@.............@.@..@..........@.
.@.@@....@........@.@....@@.@..@...............@...@.@.@....
....@..@.@..@@@@.....@......@........@...@...@.............@
....@..@...@...@..@@@@..@..@.....@.....@.....@@...@@.@@@....
..@..@@...@..@.......................@@..@.@................
.@......@.@.@.....@..........@@.............@...@...@....@@@
@...@.@.@...@.@@.@..@...@@......@.........@@.@...@.@.@..@...
.....@.@..@.....@@.......@.@.......@.@@..@..@@.@@...........
...........@....@..@.@..@.@....@.....@....@...@@..@.......@.
@@.@..@.@.@....@..@@.......@......@...@...@@@.@.............
.@@.@@......@....@.@...@.@.@.@...@.@.@.....@@........@......
@..@.@..@.@...@....@..@.........@....@....@..@.@@....@....@.
@...@.....@...@..@.........@.....@......@@.@@@..............
@.........@....@....@@@.......@..@@........@@......@........
.....@@@.....@........@....@..@.................@@....@@....
...@@.......@....@....@@..@@.....@.....@...@@..@.......@@@.@
@...@.@@@..@.@.....@.....@.@@@....................@...@.....
@@@@.@...@.@..........@@..@@...@....@..............@@..@.@.@
..@...@.......@.@.........@.........@.@......@@@.....@....@@
................@@.@..@.......@@..@@.@.@.@...@@..@...@@.....
..@.@.@...@...@@.@@..@.@.......@...@..@.@..@.@......@@...@..
@.@..@@...@@........@..@.....@.@...@@..@.@.@@..@...@..@.....
.......@......@............@@.@@@.....@....@.......@..@@....
....@.@.@.@.....@...@.@......@.@.@@....@....@...@......@.@@@
......@..........@.@..@....@...@@@....@...@...@.@...@...@...
@.@...@...@@.........@....@@@.....@.....@...@..@@.@....@....
..@.@.......@.....@@.....@@.@.....@@@@..@@.......@...@..@...
..@...@.@.....@@@.......@@@.....@.@..@.......@@...@...@..@.@
..@@@.@.@.@@.@.....@..@@.............@.....@.@....@.@......@
.@..@..@.@....@..@@.@.@..@@......@...@...@..@@.....@@.@@.@.@
......@...@.@...@.......@@@..........@.....@.....@@..@.@....
....@@.@.....@@.@.@@...@@@.......@.......@..@@.@.@.......@@.
.@@@......@.@.....@.......@@@..............@..@@......@.....
.@.............@.....@............@..@@...@@......@..@@...@@
..@..@.........@.@...............@...........@@......@......
.@...@@.@.@@......@.........@.@@@........@........@...@.@...
...@@.@...........@...@......@.@@..@...@.@..........@.@..@@.
@........@.......@.@@.....@.@....@......@....@@..@@.@......@
.......@@.......@.....@.....@.........@.@....@@.....@......@
.@......@....@..@.@@...@..........@...@....@...@.......@.@..
Agents:
65
0,44,8,3,18
1,42,16,25,26
2,52,24,51,54
3,44,28,46,38
4,24,52,48,47
5,11,47,18,53
6,14,23,58,37
7,41,37,12,21
8,11,0,2,59
9,18,39,32,22
10,31,24,14,40
11,3,45,24,7
12,40,34,22,48
13,54,1,28,10
14,26,31,56,15
15,41,24,50,39
16,12,40,58,25
17,53,57,49,28
18,1,50,47,30
19,45,12,21,38
20,2,44,49,27
21,23,22,42,49
22,13,44,33,36
23,10,32,32,29
24,51,59,34,45
25,42,10,2,30
26,1,25,49,2
27,7,57,36,5
28,23,30,56,34
29,28,39,47,18
30,10,51,28,7
31,39,14,37,34
32,17,31,20,41
33,22,18,6,41
34,43,56,22,5
35,51,53,51,35
36,39,27,47,52
37,49,39,50,13
38,21,6,50,0
39,2,11,7,49
40,5,41,13,58
41,36,49,39,44
42,30,28,51,36
43,36,23,22,18
44,28,10,14,3
45,45,35,15,46
46,48,16,52,24
47,11,57,40,11
48,33,14,3,16
49,51,39,51,1
50,31,23,34,19
51,38,51,17,34
52,57,35,55,3
53,48,32,17,9
54,51,3,53,20
55,42,49,38,15
56,33,1,27,22
57,23,10,58,14
58,4,17,11,57
59,33,29,39,13
60,45,38,52,36
61,53,9,40,9
62,32,3,15,54
63,59,6,22,30
64,35,50,31,16
