2
Grid:
70,70
.@......................................@.............................
...........................................................@..........
.........................@..........@...........@.........@...........
................................@.....................................
..............@......................................................@
@..................................................................@..
.................@...........................................@........
................@.....................................................
....................@.................................................
....................@....@............................................
....@...............@...............................@..@...........@..
.............@.......................................................@
...................................................................@..
......@....................@@.............@...........................
....................@@.....................@.................@....@...
..........................@................@..........................
....................@.@..@..@.@.@.....................@@...........@..
.....@................................................................
....@@.........@......@........................@......................
....................................@.................................
....@.@...........@........................@..........................
......@..@.....@....................@.................................
............@...................@.@....@....@........@@.@.............
....@......................@....................................@.....
.@...............................@.......................@............
.......................................@.........................@....
....@....................................................@.@..........
.@....@..........................@.................@..................
.............................................................@......@.
............................@.........................@..@............
..........................@..........@.................@@.........@...
..............................@....@............@................@.@..
.........@@..@...............@@.....................................@@
......................................................................
...................................@..........@.@....@......@.........
......................................................................
............@.................@..@.@............@..@..............@...
...................................@............................@.....
...........@........@....@...........@......@......@.........@........
......................@................................@........@.....
..................@.........@............@..........@.........@.......
...@.....................................................@............
...........................@..........................@...............
..................@..@..........@.....................................
........@@..............................@........@....................
...................@.............@..............@.....................
.....................@...............................@................
....................................................@............@....
..............................@.....................@.......@.........
......@....................@@.......................@....@............
.........@..............@..........................@..................
....................@.................@......................@........
......@.........................@............@........................
.......@.........................@.......................@............
..................................@..@..........@.....................
@..@..................@..........@.............................@...@..
@@............@.....@...@...................@.........@...............
....@.....................@............................@....@.........
......@..@.....................@......................................
................@.@..@.@...@.@........................................
............@..@.....@..........@......................@..............
........................@...@..@....@.................................
.............@...........@.........................@..................
..............................@..........................@............
.......................................@.......@........@....@........
.@.....................@@.....@......@..@............@................
....@....@............@...............................................
............@.@....@.....@...................................@........
..........@.................@......@...............@@..........@......
......................@...........@............@...........@..........
Agents:
45
0,65,64,47,49
1,9,23,5,52
2,53,53,27,55
3,13,46,57,49
4,12,65,40,58
5,54,12,3,22
6,17,22,29,27
7,40,0,17,65
8,22,52,2,6
9,50,40,43,50
10,54,44,14,2
11,60,30,19,7
12,28,31,56,36
13,15,3,65,55
14,17,30,39,34
15,10,25,21,48
16,2,13,7,14
17,2,39,27,19
18,26,36,53,55
19,31,50,60,27
20,47,33,66,41
21,62,41,58,17
22,10,62,15,64
23,52,10,56,46
24,43,37,66,52
25,3,31,65,15
26,15,10,51,39
27,7,20,55,40
28,4,49,58,7
29,64,22,51,41
30,37,10,46,62
31,29,51,61,56
32,55,28,18,35
33,9,3,69,57
34,20,0,57,41
35,44,55,9,26
36,20,69,51,4
37,63,20,40,51
38,52,18,49,60
39,48,5,54,17
40,29,49,23,65
41,26,48,21,56
42,9,61,15,34
43,6,51,1,30
44,35,47,19,16
