0
Grid:
70,70
......................................................................
......................................................................
......................................................................
......................................................................
......................................................................
......................................................................
......................................................................
......................................................................
......................................................................
......................................................................
......................................................................
......................................................................
......................................................................
......................................................................
......................................................................
......................................................................
......................................................................
......................................................................
......................................................................
......................................................................
......................................................................
......................................................................
......................................................................
......................................................................
......................................................................
......................................................................
......................................................................
......................................................................
......................................................................
......................................................................
......................................................................
......................................................................
......................................................................
......................................................................
......................................................................
......................................................................
......................................................................
......................................................................
......................................................................
......................................................................
......................................................................
......................................................................
......................................................................
......................................................................
......................................................................
......................................................................
......................................................................
......................................................................
......................................................................
......................................................................
......................................................................
......................................................................
......................................................................
......................................................................
......................................................................
......................................................................
......................................................................
......................................................................
......................................................................
......................................................................
......................................................................
......................................................................
......................................................................
......................................................................
......................................................................
......................................................................
......................................................................
......................................................................
......................................................................
......................................................................
Agents:
75
0,60,30,21,18
1,17,43,23,11
2,18,25,40,16
3,18,23,40,54
4,12,11,28,31
5,30,61,15,32
6,39,45,9,50
7,54,18,53,16
8,0,19,31,30
9,34,42,9,65
10,43,17,40,43
11,30,1,34,18
12,66,34,16,7
13,56,69,55,6
14,23,9,22,7
15,37,25,35,51
16,24,0,4,4
17,33,57,52,12
18,28,31,41,7
19,31,63,16,43
20,42,67,41,44
21,41,30,26,34
22,23,12,28,23
23,69,0,31,65
24,47,13,56,61
25,42,26,41,31
26,44,26,46,16
27,16,43,54,25
28,0,16,57,51
29,47,54,10,40
30,39,19,59,2
31,69,2,56,47
32,43,4,51,66
33,36,38,64,43
34,12,67,25,10
35,59,38,64,16
36,57,40,2,17
37,69,45,9,66
38,46,0,48,8
39,34,55,11,51
40,21,10,45,43
41,37,11,28,4
42,51,68,61,41
43,54,60,25,4
44,56,11,25,2
45,54,47,2,5
46,24,23,54,45
47,67,38,66,38
48,56,19,4,68
49,45,31,27,22
50,58,50,23,15
51,23,3,28,54
52,38,3,18,54
53,27,40,64,2
54,66,0,43,55
55,39,62,10,57
56,19,53,60,11
57,67,59,30,9
58,35,32,16,15
59,23,38,45,47
60,53,21,46,37
61,10,48,50,4
62,53,10,42,8
63,16,45,15,1
64,48,7,14,61
65,13,27,25,67
66,8,3,16,36
67,67,40,41,1
68,57,33,48,64
69,42,47,2,41
70,41,14,61,23
71,63,56,46,56
72,42,61,4,60
73,27,41,11,16
74,26,8,43,42
