6
Grid:
20,20
....................
....................
....................
....................
....................
....................
....................
....................
....................
....................
....................
....................
....................
....................
....................
....................
....................
....................
....................
....................
Agents:
10
0,13,19,11,3
1,4,8,8,4
2,15,15,12,4
3,10,4,8,15
4,19,19,4,3
5,12,14,18,6
6,1,11,11,9
7,12,11,0,10
8,4,0,5,7
9,16,1,18,12
