2
Grid:
60,60
........@.....@....@......@...................@......@......
....@.........................@.@.....@@@..........@..@.....
...@..@.......................@...@......@.........@..@..@..
......@.@@.......@...@....@............@......@....@........
...@@@.....@....@.....@..........@...@.........@..@..@@.....
@.....@....@..@.........@.@..@....@.......@.................
@...................@.................@..@...@..........@.@@
..@......@........@.........@...........@.@..@.@.....@..@.@.
.@@@...............@............@....@@...............@.....
...@.....@.........................@......@..@........@@.@..
@.................@.@...@..@...............@@.@.............
.........@....@..@.@..@@.@.....@.......@.@........@....@..@.
...@.......@..........@.@..@.......@......@.....@...........
.....@...@@.......@...@.@.....@@..........@..............@..
...@...@..@.....@@@...@@................@..@......@..@......
...@@.@@...@................@.@.......................@.@...
.@.@.....@...........@.....@@.@...@..................@.....@
..@..@..@.........@.....@.@...@...@..@.@.....@..@@..@.......
@..@.@.............@....................................@@..
.@@..@....................@@....@.....@...@...@@.....@@.....
...........@.@.@.......@...@....@..@...@....................
.....@..........@....@..@..........@.....@@.................
@.............@@@.....@@.......@...@........@....@@.....@...
.............@.......................@...@....@.....@..@....
....@....@....@.............................................
@.@@..........@.@@.........@@..@..............@.@...........
@...@..@........@..@....@@..............@........@...@......
........@@.@.....@......@.....@...........@....@@.@@......@.
....@.....@..@...............@..........@.@........@....@.@.
@..........@..@@@@@.@..@..@..........@......@...............
..@....@..@....................@.@..............@.....@@....
..............@....@......@...@....@@.....................@.
..........@.......@..@........................@...@........@
..@....@...@..@..@...........@...@...@........@...@...@.....
....@..........@....@........@@@...@.@..@...................
.........@@..@@....@....................@@.........@.@......
..........@....@@.........@................@........@.......
@@......@.@...............@.@.@@...@........................
............@.........@.........................@.@@.....@..
.........@........@..@...........@@........@....@....@@..@..
@..@...@...@.@@@..@...........@...@...............@....@....
...@.....@...@............@..........@.@.........@.@..@.....
@.......@@@........@..........@....@....@...@@..............
....@................@.@...@....@..@@@.....@....@@...@......
...@..@.@.....@..........@@...@...................@....@....
.@..............@@..............@......@................@.@.
...........@..........@.@........@..........@....@........@@
....@...@......@.@....@.@......@@......@...@@@@.@.......@@@.
...........@@.@......@..............@@............@.......@.
...........@...........@.@.@.......@.........@@...........@.
...........@....@@@........@.............@..@...............
.........@......@.............@.....@..@.........@........@.
..@...............@.......@@..........@@....@...........@...
..@...@.@........@@..........@.@.......@...@..@.............
.@..@...@..@..@@..........................@@......@@........
.........@...@..@.@...................@@......@.@......@..@.
..............@.......................@.@@.......@......@@..
................@@....@.......................@........@@...
..@@.......@......@.......................@.....@.....@.....
@..@......@.................@@...........@....@......@......
Agents:
60
0,37,11,44,9
1,25,5,35,34
2,18,42,13,45
3,49,36,41,21
4,38,23,23,23
5,5,2,48,22
6,22,48,38,33
7,24,47,58,6
8,37,29,21,3
9,52,47,13,20
10,8,21,48,43
11,15,23,58,14
12,46,54,8,29
13,17,29,52,57
14,54,33,18,38
15,9,38,55,20
16,32,0,37,13
17,19,10,28,22
18,50,14,58,21
19,57,50,21,17
20,36,21,0,33
21,50,51,24,12
22,52,40,54,19
23,3,49,39,16
24,41,59,11,53
25,2,4,3,20
26,49,55,50,25
27,55,54,36,57
28,42,20,29,13
29,6,35,50,34
30,7,49,44,35
31,39,45,22,39
32,14,37,44,43
33,9,41,56,4
34,57,19,35,44
35,40,17,29,19
36,44,54,56,30
37,32,55,47,41
38,24,59,23,24
39,26,36,4,1
40,26,5,50,14
41,52,9,27,13
42,35,28,49,33
43,11,24,11,24
44,14,55,40,35
45,32,37,46,51
46,43,0,19,8
47,13,1,50,4
48,11,44,2,31
49,31,21,32,33
50,52,21,59,49
51,19,44,11,56
52,19,55,47,7
53,22,59,51,33
54,30,43,55,25
55,9,2,15,47
56,56,30,25,25
57,25,44,17,17
58,26,2,10,4
59,46,2,35,35
