1
Grid:
70,70
...@........@.@........@@@..@.@@.....@@....@..@@..@...@....@......@..@
.......@.....@@@...........@@.@@....@..@.@@......@......@.@.@@.....@@.
............@@..@..@.@....@.@............@..@.....@@...@.......@..@...
@@@..@...@@...@.@.....@.@.@@@............@@@.@...@@..@@..........@...@
@........@@........@.........@...@@.@.@...@...@@....@......@....@.....
.....@.......@.......@...@@.........@..@@@@@.@...@@..@.@...........@.@
..............@@@..........@..@@.@.@................@...@....@@..@..@.
.....@.@...@@....@.....@.@..@.@@......@..@@.@...............@.......@.
..@....@..@.@@@@@.@..........@..@@@.@@.@@@@...@@....@.@....@..@@..@.@.
..@.....@..@...@@.......@@...@@...@...@@......@......@....@@.@...@....
..@......@.@.@@...@..@.@..@....@......@.@..................@@..@.@...@
..@.........@.....@.......@..@......@..@@...@...........@..@@....@....
.@..@.@.......@..@.@.@...........@@...............@......@......@...@.
.@...@.....@......@..@....@............@........@@@.@@....@..@@....@@.
@....@........@@...@.@..@@...@@.....@@@...@.@..............@..@@...@.@
@@.@.@.......@@...@......@.@..@.....................@@.@.......@..@...
@@..@....@@..............@@....@...@...@.@.........@...@.@.@@@@......@
.............@@......@@..@.@...@..@.@@.....@@.......@........@......@.
..@.@@..@.@.........@@.....@........@..@...@@@..@...@...@.@.@.........
..@@..@.......@.@.@.@.@@...........@....@@@......@...@...............@
@@..............@......@.@........@......@@@.@.@..@....@..@.@..@....@.
@.@.@...@.@@...@.@....@.@......@...@@@@...@@.@.@.@...@.@.....@@@@.....
.@.....@@....@.@@....@...@.@....@....@....@@.......@....@......@..@...
....@...@@@.@....@..............@....@..@....@@.....@...@...@@........
..@.@.....@.@.....@@...@......@@...@..............@.@.@...@@.......@..
...........@.@...@@@@..@....@..@@....@..@@.....@.........@..@.....@@..
...@....@...@@..@......@..@..@..@....@...@.....@.......@.@.@.@...@....
..@.@..........@...@.@......@...@..@@.....@@....@...........@.@@@..@@.
...@.@.....@...@@......@.....@.....@......@..@@...@.@...@..@...@......
..@...@@.@@.......@....@.......@.@...@...@.........@@...@.............
@..@...@...@@@@.@........@........@...@@@@@.....@.@..@@.@@.@@@........
..@....@.@@...@@.@@@...@.@.@.@@.@......@@...@@..@@...@......@@........
.@.@..@..........@..........@@..@@..@.@..@..@..........@.@..@.........
..@......@...@@....@.@..@@...@......@.....@.@@....@..@.....@@.....@.@@
..........@.@.@@....@..@.....@@.@..@......@....@....@@..........@@....
.........@.@.@.@@..@.@...........@.@..@.@..........@.......@@...@..@.@
@@.@.@@@.......@.@...@..............@@@...@@.....@...@....@@.....@...@
...@@.@...@...............@....@......@.....@...@@..............@@..@.
....@....@....@..@....@.@@................@.@@..@.@@@...@@....@@......
....@@@..........@...@..@......@.@.....@.......@.@.@.....@@....@..@@.@
..@......@.@..@.....@.@....@.......@.@@@...@..@...@..@....@.@@........
.@.@.....@......@..@......@@...@..@@.......................@.........@
.....@..@.@.@@.@......@...@@.....................@......@.@.@.@..@@...
.@@...@.@.....@......@@@...@.@@........@....@......@........@........@
.@....@@..@@...@.....@@.....@@@..@...........@@@.......@....@.........
...........@..@...@....@........@@.@.....@@...@..................@....
@.....@...@@..........@.......@.........@.@...@...@.........@.......@.
@@..@.@@.......@@.@..@...@.........@@.@...........@.@..@...@.@..@@....
@..@@.@@.....@.@@.@@..@.@.........@.@@........@@..@@.@...@..@.@..@.@..
....@...@.@..........@..@@..@..@.......@@@@@.@....@...@..@.@@.........
..@@@.@.@@.@................@.@@.@.....@.@@@@..@..@.....@..@.@@.......
@..............@@.@@......@....@.............@....@@.@@..@.....@.@..@.
..@..@...@@.@.....@...@@....@........@@......@..@.@...@@@.@@....@@...@
@@..@...@@..@..@...@@........@........@@.@@@@.@..@.@@.....@.@.@......@
@@.@.....@@...........@..@...@.......@....@@@.....@..........@........
.@@.@.@..@..........@@@@.....@..@..@...@...@....@........@......@.@...
....@@@@.......@..@.@...@.@@@...@......@..@...............@..@..@@....
.@..............@....@.@..@............@..@.....@@.....@@...@....@...@
.....@....@..@.@..@.@...........@.@@.....@@........@@...@......@....@.
.......@.@...@@.....@...@@@...@....@...@@..@.@.@..@@.@..@......@......
..@.@........@..@.@.........@@..@.@....@@@..@@.........@.@@@@@......@@
..@.@.........@.@...@.........@@.@@................@.....@...@..@.@@..
.@.@@.@...@.....@...@..@.@......@....@...@.@.@..@@......@....@.@.@....
.@.......@.@..@.@........@.....@......@..........@....@..@.@.....@....
....@@.@@@.........@.......@...@....@@.......@.@@..@...@@.............
...@.....@@.@.......@@..@.@@..........@........@@@@...@@.......@.@..@@
.....@.@......@...@@...@..@.......@.@.@@....@.@..@.@.@..@@..@........@
@.@.@.@.@...@.......@@@...@.@......@.@@....@....@.....................
..@.........@..@.......@...@..@............@@....@....@....@...@....@.
..@@...@..........@@@......@.@......@@..........@..@......@....@......
Agents:
60
0,69,11,40,51
1,3,59,31,56
2,17,29,11,19
3,46,49,62,13
4,20,59,45,27
5,69,16,12,55
6,56,30,41,42
7,32,9,40,28
8,46,2,61,27
9,45,8,19,29
10,43,68,10,24
11,68,6,24,21
12,56,55,19,65
13,26,7,49,64
14,64,62,22,64
15,6,17,40,4
16,64,18,24,25
17,33,27,69,69
18,20,49,14,18
19,64,54,12,42
20,29,61,49,27
21,25,48,23,2
22,50,7,24,42
23,63,35,61,38
24,32,61,17,38
25,23,14,38,65
26,35,2,5,64
27,13,37,35,42
28,60,15,0,34
29,5,19,57,61
30,51,22,59,48
31,60,42,58,49
32,48,2,14,28
33,37,28,17,17
34,54,28,61,7
35,11,24,25,1
36,25,68,42,51
37,65,1,20,26
38,31,34,22,34
39,22,5,24,68
40,28,54,69,34
41,47,57,0,9
42,57,0,23,29
43,45,30,47,12
44,25,9,47,32
45,54,56,40,19
46,45,59,64,68
47,13,19,2,29
48,13,13,63,43
49,25,7,52,63
50,12,62,63,8
51,20,3,3,7
52,58,17,16,49
53,69,50,17,1
54,23,20,29,25
55,24,49,40,5
56,40,1,4,69
57,31,24,16,13
58,2,1,43,53
59,23,5,38,41
