4
Grid:
20,20
.....@..........@.@.
...@...............@
.........@..........
...@..@........@....
........@..........@
.............@......
.@.....@.........@..
...........@........
...@....@.....@.....
....................
@...................
.@..................
.......@.@..........
@..@@.......@.......
......@......@......
.........@.......@..
@..@..........@....@
@...................
...@.....@..........
.................@.@
Agents:
25
0,7,0,8,12
1,1,14,9,8
2,15,15,16,8
3,19,15,7,8
4,16,17,5,18
5,4,13,9,15
6,0,13,7,5
7,1,4,11,14
8,11,5,10,2
9,18,14,6,13
10,13,19,17,5
11,1,5,1,16
12,5,12,2,17
13,15,18,18,13
14,16,2,1,0
15,9,7,3,2
16,5,18,6,19
17,17,6,17,17
18,1,18,2,1
19,19,13,11,6
20,0,3,18,12
21,0,14,2,18
22,2,5,15,19
23,2,14,16,16
24,2,3,3,10
