0
Grid:
60,60
@.....@..@@.@@.@@.....@@@...@@@@@....@....@...@@...@.@@@....
@@@@.....@@.@@.....@...@..@.@.....@.@@..@.@@..@.@.......@...
.@@@.@.@....@..@.@..@....@.@......@...@.....@.@@....@..@..@.
...@@@....@......@...@@.@@...........@@..@@.@.@@.@.@....@.@.
@..@@..@....@...@.@@@..@.@@@@.@..@..@.@..@....@....@@...@...
..@@...@.@......@.@@...@....@............@@@@@.......@.@.@..
@@...@@...@@@.....@.@@@..@...@@.@.......@@...@@....@.@...@.@
@..@.@.@.....@@.@..@.....@...@.@..@.........@.@.@@@@...@@..@
.@.@.....@....@@.@.....@.......@.@...@..@@....@.......@...@.
..@@@@.@..@......@@..@.....@...@@...@@.....@@.....@@........
..@@..@...@..@.....@......@@@.@.@@..@..@.@@..@....@.@@..@@.@
....@........@....@.@@.@..@@.....@...@@.@@....@...@.........
@...@.@.@........@@@@...@..@@@@...@@.....@@@@.@..@.@...@@...
.@..@.@@@........@@...@..@.........@...@..........@.@......@
@.@@@.@.....@.@...@.....@.....@.....@........@...@.@@.......
......@.....@.........@.@@@@@.@@..@..............@.@....@.@.
.....@..@......@..@..@..@.@.....@.......@@........@@....@...
@@@..@.....@@...@...@..@....@.@.....@..@...@@.@.@..@@...@.@@
@.@...@@....@@....@.@@...@....@@.@.@...........@..@..@....@.
.@...@@....@@@.@@..@............@.@.......@@............@...
@......@.@@@.@.@...@@..@.@.......@...@..@..@.@@..@..@@.@@..@
......@...@...@....@..@.........@.@.@....@@...@...@.........
@...@...@..@.......@..@@...@@........@.@....@....@@..@@...@@
@.....@..@....@...@..@....@@@............@.........@.@...@..
.@.....@.....@.@..@...@.@.....@.@...@.@..@.@@@......@...@...
@@@.........@.@......@....@@..@.......@.@..@....@.....@..@..
..@..........@..@.@...@...@.@..@.@.@...@.@.@@...@..@@..@@...
.....@@...@.@.@@....@@..@...@...@@........@..@.@...@...@@@..
...@........@........@@@......@...@@@..@.@@.@..@...@...@....
.@.@..@@@.......@.@@@@..........@...........@...@..@..@@.@..
......@@@...@@..@.@@..........@..@..@..@@@.@.@@.@@@.@@.@@...
.....@@...@...@.......@......@..@@..@.@.......@@.@@.@@@@.@.@
........@..@....@.@......@@.....@....@@@...@.......@....@@..
@.....@........@.......@@...@@@...@.@..@...@@...@.@.@.......
.@@....@....@@..@..@..@@@...@.........@@........@......@..@.
...@.@@@...@...@.....@....@.....@@@@..@...@@...@.@@@.@.@..@.
..................@.@...@.......@.@............@....@......@
...@@...@@..@......@....@.@@...@..........@@....@..@@@@..@..
....@..@..@@@@..@...@@...@@...@.@@..@..@..@...@.@.@.@.@....@
.....@.@@@...@..........@@..@.@@.....@@....@..........@@@..@
@...@@...@..@..@@@....@............@...@@....@@..@@...@.@..@
@.@@@.@....@.@..@.@.@..@.@.@..@....................@.@.@..@.
.@..@..........@....@.@@@.@.@.........@@.@............@.@..@
..@.....@@@.@............@@.@.@@@@@@@...@@.....@@@@.@..@@.@.
@.........@.@....@@@............@.@.@.....@@.....@.@..@.@...
.@.@@.....@.......................@@.@@@@.....@.......@.@@@.
..@.@...@.............@@...@........@...@@.@..........@@@...
.@@........@..@.@..........@...@......@@@..@..@@.@.....@@@@@
...@..@.@.....@@@..@...@@..@......@.@..@@@.....@...@.@....@@
..@..@.....@........@.......@...@.@@@..@..@.@@@..@...@...@..
...@..@......@..@..........@..@@...........@@..@..@@..@....@
..........@....@.....@@.@..@@..@.@@@..@.@@@@@.....@..@@.@...
.@.@.@..@...@.@.@@.......@.....@...@.@...@@.........@@...@..
@....@.@.@@@@.@...@..@..@..@...@@....@....@...@.@@..@@@...@.
@...@.@.......@@...@.@@..@..@.....@.....@@.....@........@...
..@......@.@@@.@.....@@@..@.....@.@........@...@.@..@..@@...
@...@...@@@..@.@...@..@@.@......@..@.@.............@@@.@@.@@
.@@.@@.........@.................@...@@..@@.........@@.@@...
@...@......@@.@....@...@@@....@......@.@..@@@.....@.@.......
.@..@.@.....@..@...@....@..@@@@...@@@...@@@.@@..@...@...@@..
Agents:
85
0,56,50,34,10
1,37,32,39,22
2,55,38,33,49
3,55,10,38,15
4,23,13,4,32
5,22,15,55,46
6,55,45,25,16
7,7,33,25,31
8,50,25,35,29
9,41,9,57,43
10,5,54,53,39
11,9,22,23,24
12,1,18,49,10
13,47,54,49,17
14,51,11,2,22
15,42,32,14,11
16,4,47,19,23
17,23,31,57,31
18,20,31,59,59
19,29,43,17,54
20,43,39,32,53
21,0,11,3,33
22,50,46,24,19
23,5,33,41,29
24,27,0,9,56
25,53,28,54,16
26,29,35,16,43
27,28,2,53,4
28,46,16,56,18
29,54,33,38,45
30,22,12,23,3
31,34,27,39,35
32,48,35,3,28
33,4,5,17,14
34,21,55,6,28
35,25,4,58,21
36,47,28,33,13
37,25,46,37,40
38,4,31,25,59
39,3,0,3,1
40,10,58,39,26
41,21,47,24,47
42,0,33,25,47
43,30,37,27,13
44,45,51,33,18
45,56,48,54,49
46,9,24,15,59
47,15,21,29,25
48,50,8,25,3
49,29,50,39,53
50,8,52,33,46
51,14,16,3,53
52,5,47,25,5
53,2,53,30,3
54,25,58,16,19
55,52,39,6,36
56,58,46,44,21
57,43,59,4,31
58,42,44,50,37
59,40,21,4,57
60,0,3,58,41
61,36,39,7,36
62,43,20,46,13
63,58,16,37,58
64,39,2,49,18
65,59,25,11,12
66,27,30,16,48
67,7,15,46,37
68,4,17,20,31
69,50,38,57,40
70,17,53,2,8
71,11,44,31,44
72,35,56,26,25
73,6,42,36,36
74,47,26,43,6
75,37,46,43,4
76,32,48,51,1
77,21,35,36,29
78,48,21,34,52
79,23,10,57,27
80,15,15,38,2
81,25,20,45,32
82,58,13,7,40
83,22,55,44,48
84,35,2,55,58
