3
Grid:
20,20
..@.........@..@....
@....@.....@...@....
@@.....@@..@.@......
.@.@..............@@
....@.@.....@.@.....
...@.@@...@.@....@..
.......@....@@..@...
...@.@............@.
.....@..@...@.......
....@.......@..@....
.....@....@..@....@.
...@@.....@....@....
..@@................
....@@.............@
......@..@.@.......@
.@@@.....@@.....@..@
.@.....@....@.......
@@....@.@....@.@....
...@.........@......
@....@....@......@@.
Agents:
30
0,3,2,14,14
1,4,16,16,18
2,12,11,8,16
3,17,18,10,8
4,8,15,2,10
5,18,16,7,6
6,14,15,9,3
7,8,1,12,14
8,19,15,10,4
9,10,14,12,8
10,12,17,18,15
11,18,9,4,13
12,16,15,0,13
13,8,3,1,14
14,6,17,7,9
15,10,7,13,13
16,5,11,17,19
17,5,15,1,9
18,2,16,12,13
19,2,12,3,12
20,14,0,13,10
21,13,17,10,16
22,0,6,11,19
23,16,0,6,3
24,17,5,11,14
25,2,14,16,9
26,11,11,6,14
27,10,6,18,6
28,6,6,9,8
29,9,16,16,11
