6
Grid:
20,20
..@........@.@.....@
....@.....@.........
......@.......@.@...
..@...@....@...@....
...@...........@...@
.@....@@...........@
............@@.@...@
@.....@.@.@@.@...@..
..@@................
..@@..@.@....@......
..@....@@.@.....@...
....@....@@..@......
.......@............
.@@.@..@@@.......@..
@@......@..@.@......
@..@.@..@....@...@.@
..@..@..@@@.........
....@..............@
..........@........@
.@.........@@......@
Agents:
25
0,8,13,19,18
1,6,9,5,13
2,12,3,8,17
3,13,11,9,0
4,10,17,15,12
5,3,3,17,17
6,9,5,13,5
7,7,5,12,10
8,3,10,10,3
9,10,15,5,12
10,4,16,0,1
11,6,4,13,18
12,13,14,13,10
13,1,9,18,3
14,12,5,1,3
15,12,1,5,11
16,5,15,11,17
17,18,12,11,11
18,7,15,12,18
19,1,17,17,18
20,19,9,8,12
21,10,3,7,9
22,9,9,4,10
23,15,15,2,12
24,17,8,5,17
