0
Grid:
70,70
...@...................@..................@@...........@.@....@.@@....
..........@................@.......@..@.@@..........@.............@...
..@..@@.............@.......@.................@...........@..@@.......
@...................@@....@...@........@................@.@......@....
.....................@............@.......@......@..............@.....
.......@.....................@..........@.....@...............@....@..
..@@........@...........@..........@......@..................@........
.@@...@.............@@..@..........@.....@.......@..@@..@..@.@..@.....
...........@........................................................@.
...@......@..@....@...............@........@....@...@....@...........@
.........@.....@............................@.......@.................
@........@.....@........@..........@...@.@.....@.....................@
@.....@...........@...................@................@..............
@......................@........@.........@..........@@..........@....
.............@.@..@.......@.....................@..@................@.
......................@.@.@.......@@.................................@
...........@........@......@.......@.....@.................@.........@
...............@...@........@..................@.......@............@.
......................@.....@..@.@.....@..@..@...@....................
.................@.@.................@............................@...
......@.@...............@@..........@......@............@..@........@.
@...........@.....@.........................................@....@....
.....@..............@....................@..........@.................
......................@@.....@.....................@.@......@.........
@..@....@..............@...............@............@................@
.............@.......@.............@...............@..................
.........@.......@.........@..........................@@..@..@....@...
......@...........@....@..@..@....@......@@....@........@...@.........
..........@..........................@........@....@...............@..
.@...@.....@...@.@.@............................@.............@.......
...................................@....@...........@.......@@........
..........@.............@....@.@................@.....................
..........@............@............@..@...........@.....@.......@....
..........@........@@..@....@.....@...@.........@.....@..@...@.@...@..
..............@...........@................@......@......@...@........
...........@...@@.@..@..@..........................@@.........@.......
........................@...@........................@...............@
...........@......@................@.........@..@.........@...@.@.....
.....................@.......................@..................@.....
..........@........@..@.@......@@.@........@.........@................
...........@.@.@...........................@..@......@...@............
...........@@......@................@......................@..........
..............@....@....@........@................@................@..
..................@.....@.......@.........................@...........
.@........@..............@.............@..@....@@@....@..@......@..@..
......@..@.........@...................@......@......@................
................@....@.......@...@.....@..................@@..........
@.....@....@.............@....@...@.......@@@.@..........@......@.@...
............@@..............................@.......@.................
.@...@.@..........@@......................@.........@....@........@@..
...@.............@.........@............@..@..........@@@.....@.......
@..@.................@....@....@@..@...@...................@........@.
..@.@.@..@............................@@................@.............
....@..@..............................................@@.@............
.......@..............@..@....@.......@......@..@...........@....@@...
......................@.....@.@@......@..............@.@...........@..
..@....@........@..........@.........@.....................@..@.......
........@.....@................@.........@..........@.................
...@............@.............@....................@..@.............@.
....@..@@...@..........@...........................@...@............@.
......@...@....@..........................@....@..@...................
.........@.....@..................................@........@..........
.....................@..@.....@........@....@.............@.@@..@...@.
......................@.......@...@...................................
..............@.....................@..........@....@....@........@...
...@...@.....@.....................@.....@.......@@............@......
..............@...........................@..@......................@@
.......@......@.......@..@...........@.............@@........@...@....
....@.........................@.......@..@.....................@......
.....................@.......@..@.....................@..@...........@
Agents:
60
0,59,17,28,40
1,52,18,0,67
2,7,32,24,57
3,1,67,61,48
4,41,53,20,22
5,67,32,17,31
6,4,63,43,10
7,34,65,46,14
8,12,3,64,16
9,8,7,63,3
10,29,66,52,1
11,39,50,64,1
12,68,59,7,5
13,41,9,49,30
14,22,56,51,29
15,1,25,24,38
16,62,4,5,41
17,62,52,55,49
18,8,42,19,29
19,17,1,34,24
20,32,17,59,26
21,52,22,38,19
22,3,49,23,31
23,16,46,34,34
24,12,27,9,36
25,27,11,53,40
26,63,20,40,32
27,68,56,58,5
28,57,32,31,17
29,9,17,66,44
30,62,8,69,14
31,2,8,6,54
32,10,19,63,13
33,66,35,11,48
34,59,28,16,67
35,33,21,54,44
36,37,2,15,47
37,7,19,40,45
38,5,38,63,63
39,33,46,34,1
40,43,44,57,1
41,68,51,4,55
42,10,42,17,14
43,53,22,34,46
44,54,55,0,16
45,36,14,1,50
46,7,66,17,61
47,3,43,60,24
48,19,64,11,8
49,38,66,31,64
50,49,47,47,56
51,37,69,18,62
52,47,41,36,25
53,53,66,35,19
54,49,38,10,41
55,54,33,57,21
56,44,18,27,49
57,10,21,44,60
58,35,44,41,9
59,50,4,8,67
