0
Grid:
70,70
@.@@.@..@..@@......@@.@@....@..@.@@@.....@....@@....@.@...@..@.@@.@...
.....@.........@@@..........@..@@.@.............@..@.........@.@......
@.@..@@...@@@......@@........@@.@...@..@@..@..@.....@..@.@..@......@@.
@...@@...@.@@...@...@@...@@@......@@@..@@@..@....@..@@@..@.@......@.@@
.@.@@....@...@....@..@..@.@@..@..@....@@.@@@..@.....@.@@............@.
@@@..@..@...@@.......@...@@...@@..........@......@.......@....@@....@.
@@.........@.@@@......@@..@...@....@..@..@.........@@..@.............@
.@.@...@@..@@.@@@...@.@@......@..@.@.....@...........@....@..@.@@..@@.
..@@.@.@@.......@.@@..@@....@.@..........@.@...@....@.@..@@.@..@..@...
@@..@.....@.@@@.......@@..@.@@.@....@.@@.@..@....@@.......@@.@..@.@@..
........@......@........@......@@.@...@@.@......@@.@@.@......@.@......
.....@............@......@..@...@...@@......@...@.....@..........@....
@.@.@.@...@...@@.@@@...........@....@.@@@@@.@..@.@......@.@...@@.@@...
....@..@.....@.@...@.@..............@@@@.@@...@.@..@.@..@@.@@@.@@.....
@......@.@.@.@@...@@..@.@@..@@...@@...@.@....@.@.@@...@.....@.@.@.@...
.@@@@@......@@...@.@@...@.@...@.@..@..@....@...........@....@..@.....@
..@@...@.@@.@.@...@....@.....@......@.........@...@......@@..@@@.@...@
@......@..@..@...@.@.@......@....@..@..@.....@.@..@.@...@..@...@..@..@
@@@..@...@.........@@@...@.@.@@.@@...@...@.@..@@@.@......@@.@@@....@@@
......@.......@.........@....@.@@@.@.@....@....@...@........@....@....
.......@...@......@@@.........@.@@.@@@@..@....@.@@@.@....@...@........
...@.@.......@.....@@..@.....@......@..@.@@.@..@@.@@..@..@@.@@.@......
............@...@@..@.....@.....@..@@..@@...@@.......@...@....@@@..@.@
.@@....@@.........@....@...@....@......@.....@......@@....@@.@@.@@...@
...@.@@....@@..@@........@....@.@@@@........@...@.@......@......@@.@@@
...@@.......@.@@.@@...@@.....@....@@...@.....@.@..@..@...@..@@...@@@@.
....@@..@.@.....@..@.....@@.@.@@@@..@..@.....@@...@...@......@......@.
.@.@@...@@...@......@.......@.@...@..@....@.@..@...@.@.@.@.......@....
..@.@....@....@....@..@....@..@..@.@@@.@@@...@.......@.@...@@@..@..@.@
....@...@.@...@.@.@@....@........@@@.@.....@@@.@...@@@...@.@@.@@.@.@.@
.@@.@...@.@.....@..@..@@.@@............@......@@....@.@@..@.@.@.@...@.
@.@.@..@....@@@.....@...@.....@..@.@...@..@...@....@.......@@.@..@@.@@
@.@.@...@@.@@.@...@.@.........@....@.@@..@...@.@.....@........@.@@..@@
....@...@@....@...@..@..@@.@.........@.@..@..@@@...@@.@.@.@..@..@...@@
..@@....@@.........@.@.@..@...@..@.@.........@@....@....@@@...@.......
....@......@@..@..........@@.@@@@....@@.......@.@...@...@@.@@@........
@@...@......@.@@..@...@@.....@.@@....@@.@.@.@..@.@...@@...............
....@..@....@.@....@@....@@....@@...@.@..@..@..@............@.....@...
@.@..@@...@....@@.@.@@.@.@@.@.@@.@.@.@..@@.@@.........@...@@...@@.....
@@@....@.....@...@...@..@.@@.....@......@..@...@@.@@.@.........@......
....@@@...@@@....@.@@.@.@...@.......@@.@....@.....@...@.@....@@..@@.@.
.@@@....@@..@.....@@.@.@.......@.@.@@@.@@.......@..@..@@......@..@..@.
@@@....@.@.@.@....@.........@@.@@...@@@@.@....@.@.@....@......@.......
...@....@......@.@.......@@.@..@......@@.......@...@..@.....@.........
.............@..@@...@.@.....@.....@..@...@....@.@@@.@........@...@...
...@@@@.@..@.....@....@...@.@..........@@..@.@..@@@@@@@.@...@..@....@.
@........@@....@.@@.@......@..@.@@..@......@...@..@.@@@.........@.@...
...........@...@...@.@@@.@@@.....@....@..@...........@.@..@@.@...@...@
..@.....@....@.@..@@.......@.....@@.........@..@.........@@.@......@@.
....@.@...@..@...@......@...@@......@...@@@..@..@@@@...@@@....@@.....@
...@@...@@.@@@.....@......@@....@.@.....@@..@..@@@.@...@..@....@....@.
...............@......@..@...@...@.....@.@@...@.............@......@.@
@....@..@....@.@...@.@@@.....@@......@@@........@............@....@.@.
.@....@@@..@.@..@@......@@...@............@..@..@..@....@@.......@.@..
......@..@....@.....@.@@@.@.@...@..@.@..@.@.@..........@.@@....@@.@.@.
@@.@.@.....@..@@....@...@.......@@@...@.@.....@@.....@@....@..@.@...@.
@.......@@.@.@.@.@.@..@@..@........@@.....@.@@.....@......@...@@..@.@.
@.@....@@@....@....@.@...@.@@..@..@.@....@.@@......@..@..@.@.@.....@@@
@....@.@..@.....@@.@..........@....@.@...@..@.@.@@@...@.....@...@@.@..
...@...@.@.@.@....@..@.@...@......@..@....@@.....@....@.@..@@@@....@.@
@....@........@...@@.....@@.@@@.@@.@@.@@.@.....@@.....@.......@.@..@..
@@@..@...@.@...@..@..@.@...@.@.@@....@.@..@@.@.......@@..@@@.@..@.@..@
.@@.@.@..@@.....@.@.......@.....@.@....@..@......@.@..@@.@.....@.@@.@.
...@.....@..@...@@...@@.......@....@......@.@.@...@..........@...@.@.@
@..@...@@..@.........@....@.....@...@....@....@...@@.........@@.@.@.@.
...@........@.....@......@.@..@....@...@.@..@.......@@@..@..@....@....
@........@@....@.@..@.@.@..........@@.@....@@@....@......@..@.@..@@...
...........@.....@..@..@@.......@.....@.@....@@...@.@@.@.@@.....@.@@.@
....@@...@..@.@....@@@.......@....@@.@@....@.....@@@@....@...@.@...@.@
@...........@...@@.@...@...........@..............@@@@....@.@@.@@@@@..
Agents:
55
0,9,60,23,17
1,32,42,17,43
2,59,44,38,68
3,17,64,25,13
4,9,21,27,21
5,60,9,28,20
6,58,24,59,31
7,66,4,31,5
8,16,24,59,5
9,39,38,42,27
10,29,54,14,65
11,16,39,2,48
12,60,2,65,15
13,63,26,52,26
14,65,61,55,7
15,58,59,48,46
16,20,58,42,19
17,36,24,62,46
18,45,55,24,40
19,11,52,23,36
20,52,14,54,47
21,16,37,53,43
22,49,20,50,61
23,10,19,42,65
24,33,66,47,44
25,9,57,64,42
26,58,63,1,9
27,59,39,1,49
28,7,46,39,30
29,2,4,2,1
30,43,20,2,65
31,61,46,62,36
32,9,48,0,68
33,9,27,1,56
34,8,36,26,48
35,36,67,53,33
36,2,24,56,37
37,67,5,31,53
38,10,5,69,48
39,46,7,48,42
40,51,17,47,51
41,63,13,45,61
42,6,39,59,57
43,19,45,66,19
44,11,49,62,47
45,45,13,5,16
46,4,15,48,12
47,30,51,6,67
48,49,22,57,64
49,53,21,49,52
50,44,67,12,24
51,54,36,58,32
52,53,66,53,66
53,16,34,5,35
54,26,57,65,1
