0
Grid:
70,70
......................................................................
......................................................................
......................................................................
......................................................................
......................................................................
......................................................................
......................................................................
......................................................................
......................................................................
......................................................................
......................................................................
......................................................................
......................................................................
......................................................................
......................................................................
......................................................................
......................................................................
......................................................................
......................................................................
......................................................................
......................................................................
......................................................................
......................................................................
......................................................................
......................................................................
......................................................................
......................................................................
......................................................................
......................................................................
......................................................................
......................................................................
......................................................................
......................................................................
......................................................................
......................................................................
......................................................................
......................................................................
......................................................................
......................................................................
......................................................................
......................................................................
......................................................................
......................................................................
......................................................................
......................................................................
......................................................................
......................................................................
......................................................................
......................................................................
......................................................................
......................................................................
......................................................................
......................................................................
......................................................................
......................................................................
......................................................................
......................................................................
......................................................................
......................................................................
......................................................................
......................................................................
......................................................................
......................................................................
......................................................................
......................................................................
......................................................................
......................................................................
......................................................................
......................................................................
......................................................................
Agents:
55
0,48,8,54,28
1,55,7,38,42
2,34,0,64,20
3,27,30,9,62
4,49,38,67,16
5,33,43,28,20
6,1,7,33,55
7,0,62,24,38
8,43,1,30,55
9,0,21,25,37
10,4,39,18,1
11,25,46,42,15
12,29,18,19,67
13,2,54,13,48
14,49,10,37,20
15,54,28,69,60
16,30,24,26,7
17,42,2,2,28
18,52,26,65,44
19,33,64,63,49
20,53,1,23,28
21,30,57,55,44
22,36,37,33,20
23,41,62,67,65
24,64,19,20,20
25,42,14,20,55
26,30,21,21,14
27,24,9,22,1
28,52,8,13,65
29,48,15,34,68
30,67,43,67,34
31,50,38,30,15
32,54,5,63,3
33,13,47,40,67
34,34,68,58,43
35,10,17,54,5
36,38,5,37,60
37,37,2,16,69
38,8,37,49,23
39,9,61,31,8
40,46,10,46,56
41,59,29,69,20
42,37,39,38,25
43,67,8,55,69
44,69,33,51,35
45,19,43,52,27
46,47,17,65,50
47,66,9,18,15
48,20,62,64,35
49,3,31,18,44
50,24,64,48,69
51,27,66,31,26
52,9,25,35,52
53,46,24,32,4
54,53,21,36,43
