1
Grid:
60,60
...@................@..@.@.....@@....................@..@@..
...@@..................@......@@..........@@@.@...........@.
.........@@..........@.@@.............@................@....
.......@@.@.@..@....@.....@...@..@@@....................@...
...@..............@....@@..@.....@.......@.@................
..@..@.....@....@..@....@......@............@@.....@....@.@.
............@................@.@..@....@...............@....
..........@........@.......@......@........................@
.@..@......@....................@.......@...............@@.@
............@.....@@...@..@@@..@@@.@.@.@...@...@@....@...@..
@..........@.@...........@.....@.@......@.@@...@..@@@......@
......@.@.@@.........@.@@.......@.......@..@.@.....@.@@@....
.....................@....@.................@...............
@.........@........@........@@.........@...@..@.@...........
.@@.......@.....@....@@.......@....@...@..............@.....
...@.@.........................@@...............@.@.........
@.....@...@.@...@....@..............@...@..@...........@..@.
.@.....@..@...............@......@...@@@....@@.@............
@.......@@.....@.@...@....@.........@.@............@....@...
@.......@......@..@.@...@.@......@........@.@..@........@...
@.........@.............@...............@.................@.
......................@......@...@...@.@.......@.........@..
...@................................@.@.......@.@...........
................@..@@...@...........@........@............@.
...@.@@....@......@...@@.@.@..............@..@.......@......
..@.......@....................@.........@.........@.....@..
.............@..@..@........@...........@.@.@.....@....@....
....@@.....@..@...........@..@.....@....@.@@....@@......@.@.
.....@.....@...@.....@..........@......@....@..............@
..........@@@....................@@......@..........@....@..
..@..........@..................@@....@@..@.....@.........@@
@.@..@.....@.......@@@....@........@......@.....@@@.@.@.....
.....@......@...@......@.....@...........@..@......@.....@..
...@..@....@.........@.@...........@.@..............@.......
........@.....................@.........@.@.....@.....@.@@@.
..........@...@.................@...@.....@...........@@....
@.@..................@@@...........@....@..@........@....@@.
.......@@......@..........@..................@....@.......@.
.................@.@................@.@@@....@..@....@...@..
......@..@......................@....@......@......@...@...@
.....@@@......@.@..@........@........@...............@......
............@.@.......................@...........@....@@...
..@....@@...@..@..@....@...................@............@...
...................@@......@@......@....@...@..@..........@.
...........@...........................@....................
..........................@...@.................@...........
........@.@...........@..@@...@...........@..@....@.........
....@..@.......@..@...............@.@..@...@......@.........
@.......@.@...........@@......@...........@.................
.....@..............@...@.@..@..............@@@........@..@.
........@.@.@....@..............@....@.@..@.....@...@...@...
@.......@@.......@..............@......@...@@...............
@..@@.@..............@.........@.....@....@....@@@.@.@@....@
@.@...@......@@....................@........................
.....@...........@..@......@.@@.............................
................@......@..........@.....@...........@.......
.......@..@........@.........@...........@.@...@@.@.@..@@..@
...@@.@@..@.................@.@.....@...@........@.@........
@..@.@........@....@..............@......@@..@@.....@....@..
@........@....@.@....@........@..........@...............@..
Agents:
30
0,21,16,1,40
1,45,23,18,39
2,21,10,46,49
3,34,6,54,56
4,25,9,51,34
5,40,31,28,53
6,33,32,2,11
7,21,34,21,11
8,31,55,32,22
9,48,52,4,17
10,18,2,25,3
11,26,2,44,37
12,7,8,14,33
13,41,41,23,33
14,0,11,22,39
15,1,27,25,24
16,59,52,16,4
17,40,46,53,57
18,10,58,19,38
19,53,15,49,32
20,11,59,43,16
21,2,16,52,41
22,1,36,51,48
23,35,40,49,51
24,30,51,26,58
25,55,29,6,58
26,57,17,49,7
27,18,47,57,31
28,57,19,37,5
29,24,44,50,43
