7
Grid:
20,20
..........@.........
....................
........@..@...@.@..
................@...
....@...@.@..@......
.........@.@..@@..@.
......@..@........@.
..@......@......@...
..........@...@.....
....................
........@@.@........
....................
....................
.......@............
...........@........
...................@
.....@.............@
.........@...@......
................@...
......@@..@@.@.@....
Agents:
15
0,6,11,19,3
1,10,6,16,10
2,0,5,15,12
3,8,9,16,12
4,10,13,18,2
5,0,0,4,5
6,4,2,8,4
7,1,15,9,1
8,10,18,4,3
9,12,8,2,18
10,11,1,17,8
11,0,12,16,13
12,9,13,6,13
13,10,14,12,16
14,18,14,6,8
