2
Grid:
70,70
..@..@.@.....@.@.@......@...@..@@@...@@......@..@...@..@@.@.@.......@.
@.@.....@...@@.@.@@@.@@....@....@...@.@...@@.@....@@...@...@.@.....@..
@............@..@....@...@@.@....@..@....@...@..........@@...........@
....@@@..@@.......@@..@....@...@...@@...@....@....@.@@@@@.@@....@@@@@.
......@....@@.......@@..@....@.......@.@@...@..@@...@.@@..@.@.@...@...
......@.@...@@.........@....@.@.@..@.@@.@@.....@.@.....@...@...@....@.
.@.@......@.@@.@.@..@..@@.........@@..@@.....@@@@.@@...@..@..@...@@...
.@..@....@@@.....@....@@....@.@.@@....@@..@.@@.@.@....@...............
..........@...@@....@..@..@..........@....@.....@@..@.@...@.@.@.@.....
.@....@..@@...@......@..@...........@@.@.....@.......@.@@.@@....@...@.
@...@....@.....@@@.@@..@.........@.@......@@....@@.@..@...........@.@.
...............@.@..@@...@@.@.@..@@.......@..@@...@.......@@.@.@@.@.@.
..@.@..@...@@@..@.@..@..@@@.@.....@@....@@.......@..@@......@@.@.@....
...@.@@@....@..@@..@....@@.@..@@@.@......@.....@@@.@@@.@.....@..@...@@
......@.....@@......@@@@..@....@...@.....@.@....@...@@.@.@.....@.@..@.
............@.@@...@@.@.....@.@@@.@.......@@..@@.....@@.@..@....@@@..@
@.@......@@@................@.@....@.......@@.....@.@@.@@..@@....@....
@@@.@@.@....@.@@@......@.@@..@..@..............@....@..@.@@..........@
..@.@............@......@.@@.@.@.......@.@.@.@@....@.@..@....@........
@.@@@...@....@..@...@...@@@..@@@.@@.....@.@...@@..@.@.@...@...........
@.@...@.@@.@.@......@.....@@..@.@......@...@..@@@.@@........@..@...@..
..@.@....@@.@.@....@@......@...@@....@.@@@@..@.@@..@..@@....@.@.@@@..@
.@......@@..@........@.......@...@.@...@@.........@.....@.@.@.@@.@....
...@@@..@@........@@@.@@..@.@........@..@@..@...........@@..@........@
.....@.....@@@..@..@..@@.......@........@@.@..@...@..@@..@..@.....@@..
....@...@.@..@.@.@@.@.....@.@.@........@@@.....@..@.....@..@@@......@@
@@..@..@.@...@.@@@.@.........@.@...@....@@..@.........@.......@@.@..@.
..@.......@@@.......@.@.@@@@@@@...........@.@.@...@...@@@.@...........
@@@.@.@..@@....@@...@...@@.@......@@..@...............@@........@.@...
...@@@@.......@..@...@@...........@....@..@....@..@@@.....@@.......@.@
.......@@..........@@..@.....@.@....@..............@........@......@@@
.@...@...@..@@@@..@..@......@@.@@....@..@..@.@..@@@...@@.@.@...@@..@..
...@@.....@.@...@@@...@..@..@..@@@@.@..@@@..@@@....@.@@@........@...@.
.@..@.@@@..@..@....@....@@..@..@.@....@.@.@....@..@....@.....@..@.@.@.
.@.....@..@....@...@....@...@....@.........@@.@.@...@@.@..@..@.@..@..@
@..@@..@..@..@...........@...@............@.....@@..@......@..@...@...
@@@..@@.@@.@@.@.@.@@.........@.....@.....@@.@.@@@.....@@.@.@..@@@.@@@@
.@@.@.......@@@.@@....@.......@.@.@@.@.........@.@@...@.@...@.....@.@.
....@@....@..@....@.....@..@....@@@...@@@...@@.....@........@.@....@..
.@.....@@..@@.@.@.........@.....@.@@....@...@....@@.....@.@@@..@..@.@.
.......@@@...@..@...@@.......@.@@....@....@..@..@.......@.@.....@.....
..@@..@..@..@...............@@....@.@@@.@@..@...@@@@@.@.@.@.@..@..@@@.
.@...@..@......@....@.@.........@.@@@.@..@....@..@.@...@....@@....@.@@
@.@@...@@@......@@..........@@@.....@...............@..........@@@@...
@....@.@..@@@@@...@.@.@..@@..@..@.........@@........@..@.........@....
@@.@@...@.@...@..........@..@..@..........@......@...@@....@..@@.@@.@.
@@..........@....@........@...@@@.@@@.@..@...@...@@..@.......@@@@@....
.@@......@@...@.......@..@..@@.....@....@.....@@..@@.@@......@@.@.@.@.
.......@...@.@@..@.............@@@.@@@@..@.......@@...@@.@..@.@..@..@@
@..@@..@.@..@...@......@@...@..@..@..@@.@.....@..@......@.....@..@....
..@...@.@..@@....@..@@.@..@......@........@@...@..@.......@....@@.@..@
.....@...@..@@.@@....@...@...@.......@.@.@....@@....@.@.@.@.....@.....
...@......@......@@@.@...@.....@.....@@...@....@....@@......@.@@......
@..@@..@..@@@..@.....@@@.@....@.@..........@@..@...@@@..@@@.......@...
........@..@@@.@..@..@..........@@..@.@..@.@........@..@..@.......@.@.
.@@....@@..@..@..@...@......@..@......@........@....@...@.@....@......
...........@..@...@@........@@.....@..@.@@...@@.@@....@....@..........
@@@..@...@.....@...@..@...@.@............@...@@.....@@.....@.@...@....
..@.@@....@.@..@.......@@...@.@..@@...@...@..@@@..@@@....@....@@@..@..
.@....@..@.@.......@..@@......@...@.......@@......@@..............@.@.
.@@@..@@@....@@....@....@..@..@...............@...@..@...@.@@...@@.@@@
..@@@@..@...@......@.@.@...@@............@.@....@........@@.@.@@...@.@
..@.@..@@...@.@@@........@@...........@...@@@.........@@....@@@.@.....
@@.....@..@@@@.@..@.....@..@.@...@....@@@....@@@@@..@@.@.@....@..@....
.@.@.@.@.....@.@.....@@.....@....@...@...@..@..@.@..@.@.@........@..@.
.......@@..@...@.@..@@.....@..@@@.....@......@....@@......@.@..@.@@...
..@....@.@...@.....@@@..@....@@@@..@@...@@@.....@@..@....@...@.@.....@
.@..@@.@.@.@..@.@.@....@@...........@@......@.@.@.@..@..@@..........@.
.@.@@.....@.@@..@..@.@...@...@..@..@@....@.@.......@.@..@..@@.@.@@@.@@
.....@@..@....@...@@.@.@@.@.....@.@..@.@..@.@....@@..@.......@.@.....@
Agents:
80
0,59,60,9,13
1,32,15,43,57
2,26,11,26,10
3,6,27,19,39
4,38,23,19,49
5,16,26,29,11
6,26,21,9,41
7,46,67,14,4
8,51,65,66,28
9,20,58,57,6
10,40,22,0,64
11,15,27,8,44
12,52,9,51,20
13,58,43,42,21
14,24,69,23,7
15,25,52,28,60
16,14,54,62,37
17,7,64,67,21
18,27,59,0,66
19,38,28,21,34
20,32,57,33,32
21,61,15,46,55
22,11,2,34,20
23,13,42,48,1
24,6,62,32,59
25,33,22,38,63
26,13,46,6,11
27,50,45,42,12
28,65,26,1,40
29,63,41,62,11
30,23,30,32,20
31,62,18,44,62
32,30,39,67,26
33,64,35,10,62
34,18,35,45,36
35,62,53,7,61
36,14,60,8,31
37,4,46,43,12
38,43,44,64,27
39,7,15,19,63
40,19,51,19,51
41,36,39,62,19
42,31,53,26,48
43,19,21,39,29
44,23,50,6,64
45,69,15,0,36
46,51,62,25,66
47,39,15,14,51
48,11,3,57,57
49,35,24,39,47
50,50,24,64,30
51,49,45,2,35
52,69,48,26,61
53,2,24,60,33
54,3,34,61,52
55,15,21,18,37
56,33,63,64,38
57,36,24,18,10
58,6,6,11,18
59,17,50,55,68
60,32,6,35,8
61,40,33,14,37
62,18,64,22,30
63,41,47,29,64
64,30,22,58,21
65,16,13,38,53
66,41,27,19,69
67,59,4,48,66
68,69,31,14,62
69,49,18,26,36
70,18,55,30,24
71,18,44,35,55
72,6,68,64,19
73,14,62,47,57
74,8,39,30,17
75,16,21,25,38
76,31,38,24,30
77,21,59,32,56
78,63,23,42,2
79,35,60,69,57
