6
Grid:
20,20
...@@.@@.......@..@@
@....@@..........@..
.@@.@....@.....@.@..
....................
...@...@............
....@.........@@....
....@.@........@....
..........@.........
.....@........@.....
......@...........@.
..........@.....@...
..........@.@.@....@
@....@.@....@.@.....
....@.@.........@...
.@.......@@......@..
.....@.....@...@...@
.@..................
....................
......@.......@.....
..@......@.@..@@....
Agents:
25
0,5,5,8,0
1,16,2,0,12
2,1,19,18,15
3,17,7,12,4
4,3,9,18,16
5,9,8,7,11
6,3,5,13,15
7,5,0,0,17
8,7,17,14,8
9,19,1,9,10
10,19,7,8,17
11,8,0,5,11
12,8,7,6,9
13,18,11,15,9
14,15,0,15,10
15,14,14,9,19
16,7,2,16,0
17,14,8,3,8
18,9,1,12,15
19,10,14,4,1
20,17,5,15,4
21,18,4,1,10
22,1,14,3,9
23,2,14,6,16
24,18,16,2,8
