5
Grid:
20,20
....................
....................
....................
....................
....................
....................
....................
....................
....................
....................
....................
....................
....................
....................
....................
....................
....................
....................
....................
....................
Agents:
25
0,18,16,2,10
1,19,10,11,7
2,19,12,19,8
3,17,7,15,5
4,2,8,3,4
5,16,15,1,1
6,6,16,18,13
7,14,6,15,8
8,1,8,8,8
9,0,17,16,0
10,4,5,2,12
11,13,13,3,13
12,11,8,9,15
13,14,1,0,17
14,5,13,16,8
15,10,19,1,8
16,10,16,4,1
17,12,15,13,14
18,9,8,9,17
19,7,1,2,15
20,18,13,19,6
21,8,17,8,3
22,3,3,1,5
23,5,7,8,14
24,2,2,8,4
