0
Grid:
60,60
..@......@...@.@.......@@...@...@..@.@@...@.....@....@.@...@
....@......@...@..@.......@................@@.@.....@...@...
....@..@@@......@...@@....@@@@........@......@...@......@...
...@.....@......@.@@..@...@...@....@@..@....@@.@.@@@.@..@@@.
.@...@...@@............@.......@.......@....@.@.....@.@.....
..............@........@.....@...@...@.@....................
...@..@......@.....@.........@.....@....@@..@@...@@..@.....@
.@.........@@........@.@.@@...@@@.....@......@.............@
..........@.............@.....@......@......@@@@@..@@@@.....
@.......@..........@....@....@.......@...@@..@..@...@.......
@...@..........@............@.........@@.@.....@...@........
@...@.......@....@@.......@..@..............................
........@@.@...@...@...........@....@...@.@@...........@....
...........@........@...@...@.......................@...@..@
@..@...............@..@.....@......@@..@..@.....@......@....
....@..............@.@.@....@......@.@.....@......@.........
@......@.@...@.@....@@..@......@......@@.@@@..@.......@..@..
...............@....@.@..@....@...@....@.@@....@.@.@@@....@@
.......@....@...@..@.@...@.........@...@.@@@.....@..........
........@....@....................@@@@........@..........@..
@........@.@.@@.@@.@.@....@@......@.@...........@...........
..........@.@.@.@.@.@@.....@.....@.@.@@...@@....@...@......@
.....@....@.@.@..@.........@..@........@.........@.....@....
..@...................@....@......@......................@@.
.@@..@.@@@..........@..@.@@.....@...............@........@..
@...@.........@...@.......@@@......@..@...@@.@...@....@.....
..@.@...@...@@..@.@..@......@@@@.@........@.@....@.@.@..@..@
.@..@..............@@.@@......@@.....@..@.@...@@.@..........
.....@.@...@@.@..@.@....@...........@....@@.......@.@.@@...@
....@@....@......@.@.....@@...@..@@@..@...@.@...@....@....@.
.....@...@.@.........@@.....@..@.@................@.@.@.....
......@.@@.........@..........@...@@.....@.....@....@.@....@
...@....@...@....@.....@@..........@......@....@@...........
@......@.@..@@..@..................@.........@.@..@.....@...
@.....@.@.......@............@......@...........@...........
...@.@........@@...@@....@..........@...@.............@.....
.@@..@...@.......@.@..........@.....@@.@.@.@.@...@...@...@..
..@.......@......@..........@...................@..@..@@....
.........@...................@@......@..........@@..@......@
.@.@.........@........@....@..........@@@...@...@.........@.
@......@.@....@@@...@.......@..@...@......@..@.@.......@....
..@..@...@....@.......@..........@@.@..@..@.....@@@@........
..@......@...@....@@.....@@...@......@...@....@.@..@....@.@.
.....@@..........@.........@@...@..........@@@.@............
.@..@..@.@....@.@..@...@...@.@.......@...........@.@..@.....
..@..............@@........@@.............@...@............@
......@@......@@........@.@......@..@@.......@.@...@@.......
.@.@..@..@.....@@...@..@...................@..@.......@.....
......@...@..@.............@...@...@@.@...@...@.@.@@....@.@.
...@..@...@@.....@.........@....@.........@.@@..@..@........
..@........@.......@........@...@...@@......@.......@.@...@.
.............@....@.@.................@..............@.@....
...@.....@@...@......@..@@.@....@.....@@......@@......@.@...
@....@.@...@..@....@.@..@........@......@.......@@..@.......
.@......@.@......@..@...@.@.@@......................@.@.@.@.
..@@........@.@...@....@.@....@.....................@.......
...........@@..@.....@@........@.@.@.....@..@.@........@@.@.
.@@.@..............................@.....@@......@....@.....
.......@......@................@.@..@@@@........@.@...@.....
............@..@@.....@.@..@...@..@....@@...@............@..
Agents:
40
0,26,35,5,1
1,36,59,20,5
2,40,33,8,39
3,7,53,13,15
4,50,40,42,20
5,35,4,1,34
6,58,19,46,29
7,31,51,44,45
8,12,45,6,30
9,34,53,48,2
10,23,10,27,33
11,20,25,45,57
12,26,54,21,57
13,25,44,18,14
14,19,59,54,48
15,12,24,17,18
16,47,44,38,40
17,46,32,41,58
18,46,59,9,55
19,17,56,38,24
20,13,12,1,38
21,41,15,50,5
22,17,36,58,52
23,30,41,59,36
24,0,43,56,5
25,35,30,7,53
26,12,41,15,24
27,53,55,47,49
28,35,51,11,55
29,27,11,5,2
30,17,13,46,20
31,33,58,3,31
32,5,12,53,53
33,59,49,28,29
34,12,14,10,21
35,13,10,52,13
36,28,31,34,4
37,24,4,31,10
38,8,16,8,32
39,20,5,42,38
