0
Grid:
60,60
..................@........@................................
.................................@.................@........
............................@............@...@..............
...@.................................@.....@...@......@.....
....@....@.@......@................................@.@......
..@...........@..............................@.........@....
.................@..................@.......................
................................................@...........
.............@.................................@............
..@.......@@.............@........@.........................
..............@......................@...................@@.
..@..............................@.................@........
...................................@......@.................
.............................@..............................
..........................@..@........@.....................
.@...............@........@.....................@...........
..............@.@....@...........@...@.......@.......@......
......................@.@.......@...........................
......@.................................@...................
....................................................@.....@.
.....................................................@......
......@...@....................@...............@............
...........@@.@......@......................................
...................@........................................
..................................................@.........
.....................@.@....................................
.........@..................@...@.............@..........@..
.........................@...@..............@...............
..................................@.........................
..@...........@.....@...................@.@...............@.
.........@....................................@.............
.......@.............@.................@......@.......@.....
.......................@....................................
.........@....@.............................................
...........................@......@.......@.................
.......................................................@...@
.@@..........@..............................................
...@.........................................@..............
...........@....@...........................@@..............
.....................@...............@.@....................
.....@................@..........@.................@........
...@......@...............@.@...............................
................@..............................@............
@@..........@..............................@...............@
.................................................@..........
..............................@..........................@..
.....@.................@..............@............@........
.........@.......@..@......@..........@.......@.............
.........................................@....@....@...@....
...........................@........@.......................
......@.....................@............@...@..............
..........................................@.......@.........
...@.................@.................................@....
..........@.......@..@......................................
...............@..@..................@......................
...................@..........@........................@....
..@..........@.......................................@......
.....................@.................................@....
...............@........@................@.........@........
...........................................@................
Agents:
65
0,14,25,51,25
1,24,54,0,23
2,0,0,47,40
3,18,2,8,42
4,52,8,16,34
5,39,40,12,59
6,13,47,21,30
7,8,41,27,37
8,13,7,56,28
9,24,6,38,12
10,26,17,52,34
11,50,43,33,10
12,26,58,29,5
13,53,29,31,31
14,33,57,11,55
15,33,2,26,39
16,47,47,25,14
17,12,53,58,1
18,15,23,38,28
19,21,15,45,21
20,15,53,42,31
21,0,38,55,13
22,58,2,34,28
23,58,16,45,18
24,46,4,6,38
25,43,56,53,43
26,45,41,58,6
27,19,57,0,30
28,34,40,52,48
29,27,2,43,10
30,7,49,56,6
31,28,55,16,30
32,35,37,24,6
33,53,26,40,32
34,35,14,15,25
35,25,50,42,38
36,46,8,49,23
37,51,32,47,52
38,16,12,43,22
39,45,24,17,13
40,59,37,11,28
41,42,29,35,42
42,13,36,54,1
43,16,6,57,27
44,28,14,39,18
45,19,35,26,19
46,56,19,40,47
47,7,26,0,52
48,25,5,17,54
49,2,21,20,9
50,9,32,29,55
51,41,31,20,12
52,38,53,0,26
53,10,36,23,7
54,49,46,41,50
55,41,21,21,52
56,55,2,22,39
57,2,30,51,19
58,6,58,36,18
59,41,59,6,39
60,20,46,23,51
61,58,20,11,7
62,55,49,38,29
63,54,26,38,3
64,1,25,22,32
