0
Grid:
60,60
....@.......@......................@..@.........@@..@..@.@@.
....@@.....@.......................@.....@...@........@...@@
@....................@..@@@...@.........@...................
..........@@........@............@..@@.......@..@..@........
....................@.@.........................@......@@...
...@@............................@...@.@.............@......
@.@..........@...@..........@............@........@....@@.@.
.@.........@.........................@........@.....@.......
.@.................@@.............@.........................
...@...........@.....@..............................@.......
.......@.....@..........@..@@....@.....................@....
.......@..........@.@.......@..@@............@..............
...................@..........@.....@...........@....@@..@..
..@..............@....................@......@.....@.....@..
................@..@.......@.......................@.......@
...............@............@...................@.........@.
..........@..............@....@@........@....@......@.....@.
...................@....@.@.............@...@..........@...@
....@.@...@..........@.....@......@.........................
...........................@.....@...@.@...@.....@..........
.@.@..@....@@..@........@................@@..........@......
..@........@...@..@.............@.......@......@.....@.@..@.
.@.................@.@.@.....................@..............
@..@....@.......................@..@....@.....@.........@..@
.........................@.......@......@.......@.........@@
.......................@..@..................@........@.....
@......@..@...@..@....@.@..@..................@....@....@@.@
.........@......@@..@.@........@..@.........................
...@@.......@.@......@........@....@........................
.@................@........@................@...............
.@........@...............@......@.....@....................
..@.........@........@........@........@....................
.......@.....@..@.............@..................@......@...
.............................@....................@.........
.............@....@..........@.......@......................
...............@..........@..........@....@...............@.
.....................@...@.....................@........@...
......@......@@....................@.....................@@.
.................@....@........@.........@..................
@..@............@....@...@......................@.........@.
....................@.@......@.@............@.........@@....
.@........@........@.................@...@..................
...........................@................@...............
.@...............@...@..........@@...........@.........@....
.....@...@..........@......@...............@.....@..........
...@.............@@...........@...........@.................
.............@.......................@..@............@@.....
..........@...@...@................@....@...@..@............
...@...................................................@....
.....@...........@.......................@...@...@..........
..................@............@...@..@....@................
........@.................@............@.........@..........
.......................@@........@......@...................
......@..@@............................@.@..............@...
................@............@............@.........@.......
........@.@.@..........@............@.........@@....@.....@.
...........@.....................................@.....@.@..
.........@...............@....@.........................@@..
.@.@.....@@@.........@..........@...........................
........@...................@..@...........@......@..@......
Agents:
70
0,59,13,19,11
1,35,46,35,5
2,47,58,28,36
3,42,10,38,9
4,3,32,38,23
5,43,38,24,17
6,57,20,58,30
7,46,59,25,38
8,51,29,32,21
9,37,20,28,24
10,4,36,34,4
11,48,29,56,47
12,41,36,27,27
13,41,46,33,40
14,6,32,22,4
15,59,54,31,19
16,45,0,39,49
17,56,15,44,52
18,49,14,13,40
19,3,18,54,19
20,27,30,5,7
21,7,20,7,9
22,56,16,30,46
23,43,49,58,46
24,27,44,25,10
25,58,22,47,50
26,24,6,23,50
27,4,11,35,35
28,4,30,15,32
29,33,49,8,31
30,24,30,12,58
31,7,2,26,5
32,39,23,4,16
33,17,46,48,15
34,8,17,7,38
35,21,20,50,12
36,36,39,56,21
37,49,10,54,11
38,27,0,30,28
39,2,33,23,47
40,50,45,10,10
41,44,37,1,28
42,57,7,8,42
43,13,56,33,2
44,57,18,59,36
45,27,59,57,44
46,19,40,45,1
47,9,4,19,21
48,27,11,48,10
49,14,7,8,28
50,44,44,4,17
51,32,51,10,18
52,19,24,56,35
53,41,23,20,17
54,21,52,44,56
55,54,51,1,15
56,39,22,38,44
57,18,2,12,31
58,25,9,31,3
59,32,11,27,37
60,33,56,48,22
61,19,8,36,30
62,0,22,1,16
63,18,43,7,29
64,5,5,44,36
65,48,49,51,1
66,15,34,9,33
67,56,34,15,53
68,5,0,41,38
69,59,57,24,10
