1
Grid:
60,60
.@......@..@.@.....@..@..@..@..@.........................@@.
.................@...........@...@@.@...@....@@........@@@..
..@............@.@...@@...@........@.............@.......@@.
..........@........@.@..@...........@.@@..@@@.......@.......
....@..@..@....@.@...@@..@.........@@..@..........@@@....@..
.@...@@....@...@.@...@@....@....@@....@.......@@......@@...@
...@...@....@...@@.......@.......@.....@...@................
.............@........@...........@...@@..........@@.....@@.
..@......@.@...@..@........@....@...@......@.........@......
...@................@.....@....@....@@@.....@...@@....@.@...
.....@..@@@..@.@..@@...@.......................@....@......@
@...............@........@........@........@......@..@..@.@@
........@@..@....@.@.............@@.@@..@@..@.@...@@@......@
..............@...@.......@.......@.@...@..........@..@..@..
.@.@@@.......@....@.@@@..@.@@...@...@........@...@.@@.@.@...
@...@.@@...@...................@.......@@@@..@...@........@.
...@.........@..@............@.@..@@.@@......@@@....@.....@.
.@...@........@.........@@........@@.........@..@...@..@.@..
......@....@.@.@............@......@.........@...@@..@@..@@.
@....@...@...................@..@..@.....@.@.......@.....@@.
.@.....@@...@...............@..@.....@........@.@...@@......
..@...@.....@@@.@....@.....@....@.....@@@.....@..@..........
.....@.....@..@........@.@.....@....@..........@.......@@...
........@...@..@@.@@...@.......@.......@......@@...@........
@.@.......@@........@.@@....@.......@..@@..@....@.....@.....
.@..@..@@@@@..@...@.....@...@...........@...................
.@......@.@...@....@.......@.....@........@@.....@....@@@.@@
..@..@...............@........@..@.@.....@.....@...@...@.@.@
..@..........@.........@..............@@........@........@@@
@.@.........@..............@...@.@....................@@....
....@..@...@....@...@...@.@............@...@.....@..@.......
...................@......@...@......@.....@..........@@....
@.@@@..@.@.....@@.@......@@..........@.@.@......@.@@........
.......@.........@.......@..@@@..@......@...........@.......
..@@.....@.....@@....@....@..@..@......@.@.@.@...@...@......
.@...@......@.........@@..@...........@..@....@............@
.......@..@.....@...........@....................@...@..@...
.@..@..@.....@..@@@@.@...@@.....@.......@...@.@.............
.@......@..@.........@.@@@@@......@....@.......@..@.@....@..
.@.....@.@............@..................@......@.@......@.@
.................@@.....@........@.......@@.........@...@.@.
@.@.......@.@.@......@.@..........@@.@.....@.....@......@.@.
.....@.....@......@..@.......@...@.................@..@.....
...@...@...@....@..@@..@......@.....@@......................
..@.....@.....@.....@.......@...@..............@.@...@@@...@
.......@@.@@..@.@@...@........@..@@@...........@...@........
@.....@...........@.@.....@@....@..........@...@.@.@..@@....
..@.......@@....@.....@@.@.....@.@.......@..@@...........@..
@.@@@.@......@...@..@...@.@..@.........@.......@...@.@....@@
..@.@@@......@.@@......@@.@...@......@..@.........@.........
.@....@@@..........@.@..........@...@@.......@.......@.@@@..
...@.......@.....@....@...........@@..@...@....@...........@
.@....@...@....@.....@...................@.........@@..@..@.
..@....@........@..............@....@.............@.........
.@...@@..@.....@.@.@.@...@........@...@...@...@..@..........
....@..@...@.............@..............@......@..@...@....@
.@.@@@@@@@.@...@..........@...@...@.@.@...@...@..@@.@......@
............................@...@...@.@@....@@...@.@.....@@@
.......@..@.......@......@@....@..@...@.....@@.......@......
..@......@............@...@....@@@......@..@...........@.@..
Agents:
65
0,14,14,32,24
1,6,2,7,49
2,4,38,13,35
3,43,29,8,16
4,38,14,40,20
5,7,55,35,50
6,10,6,25,3
7,17,2,47,46
8,23,6,30,3
9,29,37,3,55
10,37,31,58,57
11,3,18,35,37
12,50,10,41,52
13,32,43,8,21
14,2,34,50,12
15,40,8,3,26
16,58,24,27,18
17,59,16,48,43
18,57,17,15,50
19,48,55,22,22
20,7,32,43,34
21,29,42,21,43
22,46,19,36,31
23,49,9,5,8
24,11,7,25,56
25,24,8,47,40
26,5,45,54,22
27,48,33,28,24
28,56,55,11,12
29,12,32,37,50
30,15,2,6,58
31,7,53,57,47
32,40,10,8,13
33,7,6,31,59
34,9,12,40,1
35,48,41,48,48
36,49,8,35,34
37,23,13,36,42
38,53,52,2,5
39,23,32,36,8
40,23,30,58,14
41,59,12,26,53
42,34,14,37,48
43,28,24,44,48
44,43,34,44,21
45,16,27,35,48
46,1,4,14,35
47,40,43,6,53
48,56,39,3,33
49,9,43,42,7
50,1,19,10,38
51,9,42,7,41
52,38,37,29,8
53,53,27,0,35
54,35,53,24,24
55,38,45,12,1
56,51,55,38,53
57,58,48,36,41
58,34,13,21,5
59,51,19,56,35
60,35,51,53,55
61,50,16,13,48
62,27,0,44,16
63,17,49,46,35
64,14,37,51,27
