1
Grid:
20,20
....................
.@..................
.....@.@............
.......@....@.......
..@............@....
....................
....................
...@...........@....
...@................
.........@..........
....................
.@..................
....................
....................
......@.............
...@................
.@..@............@..
....................
...........@.@......
...................@
Agents:
25
0,5,8,0,0
1,13,1,0,6
2,5,19,11,12
3,3,10,9,2
4,0,6,19,7
5,8,8,11,7
6,18,17,7,19
7,12,19,6,18
8,1,18,16,14
9,17,0,18,17
10,0,9,17,18
11,11,14,3,5
12,17,1,4,12
13,13,6,15,4
14,7,7,6,6
15,13,11,10,5
16,15,19,18,12
17,10,7,9,11
18,11,13,14,11
19,11,10,2,0
20,13,18,5,7
21,16,6,18,15
22,14,19,11,18
23,9,0,16,7
24,1,5,5,13
