0
Grid:
60,60
............................................................
............................................................
............................................................
............................................................
............................................................
............................................................
............................................................
............................................................
............................................................
............................................................
............................................................
............................................................
............................................................
............................................................
............................................................
............................................................
............................................................
............................................................
............................................................
............................................................
............................................................
............................................................
............................................................
............................................................
............................................................
............................................................
............................................................
............................................................
............................................................
............................................................
............................................................
............................................................
............................................................
............................................................
............................................................
............................................................
............................................................
............................................................
............................................................
............................................................
............................................................
............................................................
............................................................
............................................................
............................................................
............................................................
............................................................
............................................................
............................................................
............................................................
............................................................
............................................................
............................................................
............................................................
............................................................
............................................................
............................................................
............................................................
............................................................
............................................................
Agents:
80
0,44,53,35,45
1,51,6,46,40
2,12,39,54,34
3,17,59,31,31
4,7,52,54,8
5,54,4,16,26
6,43,35,2,9
7,21,26,38,1
8,0,56,35,12
9,40,49,6,50
10,19,9,12,44
11,48,23,9,34
12,11,43,23,34
13,18,34,47,25
14,32,48,50,9
15,59,56,49,29
16,28,11,24,39
17,26,34,3,6
18,8,12,33,3
19,10,37,56,59
20,9,1,56,23
21,33,6,59,18
22,44,4,53,16
23,24,12,1,27
24,10,47,12,35
25,10,4,25,31
26,13,50,43,15
27,11,35,58,27
28,5,27,43,54
29,54,29,47,12
30,20,43,47,52
31,26,18,28,18
32,53,57,18,55
33,35,32,36,25
34,8,46,18,38
35,17,48,24,36
36,45,3,22,26
37,40,17,53,39
38,36,41,29,20
39,39,7,54,2
40,19,6,44,49
41,23,44,19,6
42,38,54,11,6
43,43,37,49,57
44,0,51,19,29
45,29,41,19,25
46,18,40,24,42
47,16,25,52,20
48,34,14,20,55
49,12,46,22,43
50,28,51,23,59
51,3,24,30,55
52,29,22,31,16
53,18,10,27,34
54,10,53,40,49
55,59,23,54,45
56,47,47,53,58
57,10,14,5,23
58,19,41,34,2
59,40,58,55,56
60,14,57,8,50
61,31,17,8,49
62,17,36,45,50
63,29,5,7,44
64,46,14,43,27
65,42,21,20,5
66,28,52,33,59
67,38,27,18,7
68,2,59,58,30
69,15,16,7,56
70,27,6,13,5
71,51,5,55,52
72,53,30,12,26
73,30,1,52,41
74,6,53,55,57
75,34,13,46,44
76,31,30,23,52
77,19,46,52,22
78,7,53,2,52
79,52,13,36,16
