2
Grid:
70,70
@@.@.@...@..@@.@..@.....@............@...@..@.....@.@@@..@@.........@.
.@....@...........@.....@@...@.@.....@........@@.....@.@..............
.@@.....@........@@.@....@.@.@@....@.....@.@.@..@..@.@...@@@..@@.@..@.
...........@@@@.........@.........@..@.@.@.@.....@..@..@.......@......
.@.@..@@.....@......@.@@@.....@..@....@.@..@@.@.....@..@.........@@.@@
....@@....@...@@@@......@.@@..@.............@@..@....@...@@.@..@.@@@@.
....@...@@.@.......@@..@.@..@.....@@...@....@..@@....@@....@....@.@..@
@..@@.....@..@......@.@...@...@..@.@...@....@........@......@.........
......@..@..@..@..@....@...@....@.@@....@..@......@.@.........@..@....
........@..@@..@@....@.@.@........@.@.....@.....................@..@@.
@..@@.@..@..@..@@..@.@...@@.....@...@........@........@@...@@.........
....@@..........@.@..........@.@.@@....@@@....@......@.@@.....@.@@.@..
..@@...........@..@..@...@.......@@@......@.......@.@.....@....@....@.
.@..@.@.@.@......@@.@....@..@.@.....@...@@.@@@.@.@...@..@...@@...@.@..
@.@...@...@.....@..........@@...@....@.......@..@.@.@...@@............
.@@...@......@@@......@.@@..@@@..@@...@..@....@...@.....@......@......
@..@.......@....@@@.@@...@......@...@@@.@@.@.........@......@@........
.@.....@@@@..@.@@..@...@.....@..@.@..@....@.@.....@...@@........@@...@
...........@....@..@...@.@..@@@..@......@..@...@.......@@..@@..@@@...@
.....@...@.@...........@......@..@..@@.@..@.@....@...@.@@@.........@.@
...@............@.....@....@..@...@........@.@.........@@....@..@.@..@
..@.....@....@..@...@...@....@......................@@@......@@.@@.@..
@..........@.@...@.......@.@...........@@...@@@.@......@..@..@@@.@...@
.@@..@....@@@.@@....@.....@.@..@@.@....@..@......@......@......@@.@@@@
......@...@@@....@.......@..@.@.@..@@.......@..@...@....@@@.@.@.......
.@..........@..@@..@...........@.....@@..@...@@....@@.@@..@...........
.......@.@...@..........@.........@...@@....@.@..@@.......@@..@..@@...
.@....@......@..@.......@.....@....@.@..@@..@.............@.......@..@
@......@....@...@@........@.....@@.@...@.@.......@....@@@..@@@@....@..
@......@@.@.....@.@....@......@@.@.@..........@@...@......@.@@.......@
......@.............@@.....@@..@..@.@@......@@@.@..@....@.@...@..@...@
.........@..@..@...........@@.@@.........@.@.@....@....@....@.......@@
@.....@...............@@..@..........@....@............@..@........@.@
.@..@...@@@@@........@.....@....@..@.........@@.@....@.........@..@...
.@.@.........@.......@.@.@..@.@@..@@@.@.........@@.@....@..@...@......
.........@.....@..@.@........@...@@@....@.@..........@.@......@@..@@..
@.@.@.@@..@@@@.....@......@@...@.....@..@...@@.@...........@...@@@.@..
......@@@@..@....@..@......@...@@...@@......@.@..........@@........@@.
@......@....@..........@..@...@.@...@.@........@.....@.@....@.........
....@...........@...@@....@..@.@..@.@..@@...@...@....@..@.....@......@
.@.@.@.@...@..@.......@.@..@....@@..@........@.@..@@...@..@....@......
....@@@....@@....@..@........@@.@..@.@...@@.@.@.@@....@.....@@@.......
.@........@.@...@@.........@..........@.......@...@.@....@..@..@.@.@..
.....@........@.....@@......@@.@@@..............@@...@..@.@...........
....@...@.....................@@....@@........@................@...@.@
@...@.......@@@...@@.@..........@...@@................@@@.@@...@......
@@.@..@.@..@..@@@....@@..@@.......@@@.......@@.@..@................@@.
.........@........@.@@....@@.@.....@@........@.........@.@@@..@.......
.@.@....@...@...@.@...........@......@..................@.@.@.........
......@..@...@.@...............@........@..@.....@@..@@..@............
....@....@@......@@.@..@@...............@......@.......@...@....@...@.
..@.@...@.@@@.........@............@@@.@...@..@..@.@........@...@.....
............@...@@..@@..@@@@.@.....@..@@.@..@.....@...@@@....@..@.....
.....@@...@..@...@.......@@.@...@.@.@...@..@........@@.....@@@@.@@....
.@.@..@.......@.......@.....@..@..@.@@...@....@..@.@@.@......@@....@..
.@.@..@..@.......@..@..@.@....@@@..@@.@............@.......@......@..@
...........@@@...@..@..............@@..@@@....@@@........@@.@.@.@@....
.@..@...........@.....@..........@.@.@.....@..........@@@.....@.@.@...
..@.@..@.....@..@@.......@.....@.@@.........@.@@.@.@.@........@..@...@
@.@@@...........@@......@.@.@@.....@..@@.@@...@.........@....@........
...@.@@...@......@.@..@......@@...@.@..@...@....@..@................@@
........@.@.@........@@...................@@.@.@........@.@...@...@...
.@...@...@..@.@.@@.....@.@@@......@@.@.@..@.....@@@@.@@..@............
@.@@@..@.@.@...@@.@.........@..@.@..........@.@.....@.......@.@.......
.@@..@..............@@@@.@......@..@.@...@...@.@......@@.@...@........
...@.@....@.....@.@.@......@....@.@@.@.@............@......@.......@.@
...@...........@........@@....@@.@...@@..@....@...........@........@..
...@.@@...@@...............@.@...@.@@.@.......@...@...@@..@..@.@@....@
@.@..@......@..@...@@..@...@@..@.......@..@.@.....@..@@.@.........@...
..@..@......@..@@@..@.....@.@.@.@...@..@...........@.................@
Agents:
85
0,38,35,36,49
1,31,8,10,50
2,26,35,37,25
3,16,67,49,2
4,50,41,26,10
5,8,59,18,1
6,50,46,8,3
7,57,21,63,37
8,15,20,64,26
9,61,32,42,30
10,24,50,20,25
11,68,68,66,54
12,27,11,68,62
13,18,31,12,55
14,21,32,68,30
15,3,9,9,3
16,47,7,29,63
17,9,46,41,66
18,48,44,54,64
19,15,36,2,24
20,7,6,19,46
21,64,18,28,66
22,32,48,59,32
23,59,67,51,66
24,29,21,54,68
25,27,25,35,64
26,69,24,36,1
27,7,9,44,53
28,56,5,39,6
29,42,53,44,15
30,65,14,39,17
31,61,13,27,21
32,50,50,2,12
33,19,52,38,29
34,66,63,24,48
35,8,22,14,55
36,24,15,43,25
37,36,30,67,14
38,47,69,68,58
39,18,12,39,9
40,16,19,57,13
41,37,5,51,17
42,49,14,7,19
43,23,23,8,63
44,10,50,3,38
45,26,3,29,2
46,28,6,54,29
47,1,36,33,33
48,12,4,15,51
49,1,54,33,61
50,42,26,67,44
51,28,42,44,2
52,34,53,5,46
53,67,42,17,2
54,29,6,32,16
55,15,60,27,42
56,13,63,36,50
57,69,0,65,1
58,4,57,64,28
59,37,65,29,48
60,42,32,51,44
61,37,60,16,68
62,56,50,47,65
63,43,55,3,29
64,18,32,64,65
65,22,19,23,38
66,5,1,52,18
67,49,68,16,7
68,42,8,27,57
69,59,32,27,49
70,1,22,29,13
71,43,17,53,8
72,35,51,37,10
73,34,0,21,32
74,28,25,39,15
75,27,60,49,25
76,6,18,15,43
77,11,48,55,18
78,5,19,47,10
79,28,57,55,57
80,43,40,30,18
81,53,38,4,49
82,18,24,10,17
83,34,24,67,37
84,49,36,28,38
