2
Grid:
70,70
............@......@.................@...@............@...............
....@...@....................................@.......@................
......................................................................
..............................@....................@.............@....
...........@........@...........................@.....................
..@............................................@....................@.
............................................@.........................
...............@.............................@.......@................
..........................@...........................................
.@.......@....@..........................@.........................@..
@.....@..........@.............@...........................@@......@..
.........@.@....................................@.............@.......
.............@.....@......@......@......@......@......................
..........................................@...........................
@...........................................................@........@
.............................................@.@............@.......@.
...@..@..........................@.................................@..
...............@...................@..................................
................................................@.....................
@..........................@........@...@.............................
.........@....@..@......................@.............................
.@................................@.............................@.....
......@.....@......@..........................@.@..............@......
............................@........@................................
............@..@............@.........................................
........................@@@@..........................................
.........................................................@............
.....................@..............@..@.....@........................
@...@...........@........@...@.................................@.@....
..............................@....@..................................
............................@...................@.........@...........
........@...........@.................................................
..............................................@@........@.............
..................@..........@................@.......@...............
..............................................@.......................
..............@..@.................@..................................
...@............@..................@....................@..........@..
..........................................@...........................
.....................................@..................@.............
.........@.............@.............@@..............@...........@....
................@..@...@.......................@......................
...................@..........................................@.......
...............@.........................................@............
.....@..@.......................@.@.....................@....@........
......................@....@@..................................@......
.....@.........@.........@.....................@...............@......
.@..........................................................@.........
.........................@.............................@..............
........................@...............@................@.......@....
.............@@....@.....................................@............
............@.....................@.....@.......................@....@
.......................@...........@.........@....@....@........@.....
..........@..@........@..................@.......................@....
...........................@.@.....................@...@..@...........
...............................................@..@...................
.....@...........@............@.@............@...................@....
....@...@.......................................@.......@.@...........
................................................................@.....
.@..............@.................@................@..................
...@.........................@@@.........................@.....@......
............................@...........@......................@......
..@.......@...@...@.@....@.........@...............@..................
.............................................@..........@...........@@
......................................@@..........@..............@....
.......@...................................................@..........
.............@..@.........@...@.......................................
.....................@....@..........@.............@..................
......................................@...............................
......................................................@........@......
.........@...................................@..@.....................
Agents:
50
0,47,43,19,33
1,49,55,33,42
2,33,47,41,54
3,41,22,66,6
4,51,26,43,66
5,12,62,43,28
6,60,66,65,66
7,64,35,16,25
8,58,8,36,26
9,17,38,6,7
10,57,54,31,19
11,7,40,66,8
12,49,8,43,50
13,16,21,1,67
14,18,24,6,21
15,3,21,7,25
16,50,7,47,4
17,31,12,57,18
18,48,44,5,53
19,33,5,7,20
20,14,50,66,63
21,2,60,8,29
22,19,13,67,36
23,38,45,41,32
24,9,8,13,30
25,55,64,0,9
26,47,62,63,69
27,67,41,26,63
28,65,19,29,6
29,4,2,8,67
30,7,57,42,29
31,58,39,3,12
32,15,56,62,53
33,3,45,30,11
34,30,43,48,26
35,5,52,40,61
36,40,26,64,58
37,37,59,33,47
38,26,58,66,65
39,10,42,26,21
40,14,64,0,35
41,35,55,29,12
42,29,38,50,22
43,14,6,54,33
44,1,11,11,16
45,43,15,47,26
46,1,50,13,8
47,67,8,45,51
48,27,62,39,12
49,15,36,12,8
