9
Grid:
20,20
..........@........@
..................@.
....................
...@.........@......
@@..................
.........@..........
.@..................
....................
....................
....................
....................
........@...@.......
....@.@.............
...@................
@..................@
....................
................@...
.........@..........
.@.@................
....................
Agents:
25
0,17,11,14,17
1,15,15,5,5
2,0,1,9,14
3,11,5,4,8
4,5,0,5,2
5,7,13,2,1
6,13,8,5,15
7,3,10,15,12
8,15,12,15,17
9,16,8,17,11
10,11,10,14,5
11,17,14,12,11
12,19,10,16,7
13,15,10,4,5
14,13,9,13,6
15,16,13,11,16
16,13,4,11,14
17,16,18,7,3
18,18,6,13,12
19,10,16,19,9
20,18,8,12,2
21,5,19,16,12
22,10,8,14,13
23,0,9,16,18
24,1,1,3,17
