1
Grid:
70,70
@.@.@........@..@.@@.@.@......@...@.@@.@...@.@..@@@.@....@....@.@@.@..
.@@...@.@.............@@@.@..........@..@..........@.@@...@.@...@@@.@.
...@...@.....@..@@.@@.@..@.......@@..........@@@...@@@@.........@@@...
@..@@@...@.....@...@@.@............@@....@......@@@..@.@@.......@...@.
.@@..........@..@.....@@......@..@.....@.@..@.@@@...@.@.....@.....@...
.@...@..@@@......@....@.....@@.............@...@.@..@........@..@@@...
..@............@.........@@.@......@.@.@...@..@@@.@...@@..@@@..@.@.@@.
.@@@....@...@.....@........@@.@@@..@@@....@....@@@..@..@.@......@...@@
.....@..@..@@@..@@..@@.@..@@....@...@@@...@....@@...@.@@...@....@.....
@....@......@....@.....@@@...@....@.@....@@.....@@........@@@@.@......
..@@@..........@@....@....@..@@.......@@@@.....@@@....@@@@..@..@.@..@.
..@@..@..@.@...@.....@@.@@.........@.....@.@@..@......@..@.@@..@......
....@..@.@.@@@@@..@..@...@@..@.....@.@....@@...@.@..........@.........
.@....@@@@....@.@..@@.@..@....@..@.....@.@@........@@....@...@.......@
..@..@.....@.@.........@.@.@.@@....@......@....@..@.@...@....@.@....@.
...@....@..@@.@...@.@........@@@.......@@......@.@...@@.@@.@.....@@@@.
..@....@.@@.....@@......@@...@.@...@.@.....@@....@@...@..@....@@@...@.
......@....@.@...@........@....@....@....@...@@.@......@..........@..@
.@.............@..@............@@.@...@@@............@.@...@@.@..@..@@
@....@.@.........@..@...@@.@@@@...........@.@...@@@....@@...@@@.....@.
@@.@.@@@@.@...........@@@....@...@@..@..@....@@...@..........@...@..@@
.@.@@.@....@......@@..@@.@...@....@..@@.@.@@..@......@..@..@....@.....
.@@@..@@.@...@...@......@........@@....@..@.@...@.....@....@..........
.......@.@...@..@..............@.@......@@@.@..@...........@.....@.@@.
.@....@.@.@.....@.@@@@@....@...@@@.....@.@....@....@.@.@...@.....@.@@@
@@@.@@@@..@.@@........@..@@..@....@@........@.@.@@.@...............@.@
.@.....@@.@....@@.@.@@....@.....@.@....@.....@@@....@...@.@...@...@..@
...@@.......@..@..@@.@.....@...@@...@.......@@..@.@.......@.@@@.......
...........@@......@..@...@@.@...@.@...@@@...@.@.....@...........@...@
..@..........@@.@.@@@@....@...@....@.@..@.....@.....@@..@@...@.@.@.@..
@....@...@@@..@.@...@.....@..@@..@@.@@......@..........@...@.@...@...@
....@.@.@........@....@@.....@@.......@@...@....@@@..@...@..@@........
@.@...@.@...@.....@.@.@..@....@..@@..@.....@@.@...@..@@..@@@......@@..
...@@........@....@@....@...@....@....@...@.@...@@@@.@.@..@.@@@.......
.@.@@.@....@.@.@.@@.@.........@...@..@@..@..@.@..@@@.....@...@........
...@..@.@.@@...........@@.....@.........@.@.@..@..@@@@....@@...@..@...
....@.@.@....@.........@@...@.@@@.........@@......@.....@..@...@@.....
@.....@@@.@..@.........@.....@@..@@...@......@..@.@@........@.......@.
..@..@.@...@...@...@..@...@..@....@..@@@@..@...@..@..@..@.@....@@@...@
@.@@..@@@@@.@..@.@......@..@..@.@@..@.....@@@...@@@@.@.@@..@@.@......@
.@.@...@....@...@@@..@..@......@@.@@......@@.@..@@@.@@.........@..@...
.....@.@.....@@..@@.@@.@.@....@@.@.@.............@@........@.@@.@...@@
.....@.....@.@@....@........@@.@....@.@@.@.@....@..@..@.@.@....@......
@.@..@.@@..@..@.@....@..@.@....@@..@.@...@......@@....@@.@...@.@@@..@.
@.@..@.@@.@@....@@@@.@.....@@@@@......@.@@....@........@@@.@@@..@.@...
........@@@..@.@..@@@.....@@..@.@..@@..@.@@....@.@....@.......@@...@..
@.@.@@......@@........@@@.....@@..@.@.........@@@.@@....@@....@..@...@
@...@@...@@...@....@@.@..@@.@......@@....@.......@...@@@@...@...@.....
.....@@........@.@...@.@@.@@..@.@@....@...@.......@.....@.@..@...@..@.
.@..@..@.@..@.@.@@........@@...@..@...@@..@..@..@..@..@@@@..@@@@.@..@@
..........@..@.@.....@.@.....@@..@..@...@...@............@..@@.....@..
....@........@.....@@....@.@.@@....@...@..@...@..@.....@..@@....@@....
.......@.......@@@..@.@@@........@.@.@.@@..@...@@.....@@..........@...
..@@@.@.....@....@@@.@...@.@@.@@........@.....@..@@@..@.@........@....
........@.@.@@....@@...@..@...@@.@.....@..@........@..@......@.@..@...
........@@.........@..@@.........@@.@....@.@@@.@.........@.......@.@@.
.....@@..@.@.@...@....@@.....@@@@@...@@@@..@.............@..@.@....@..
.@.........@........@.....@...@@..@..@@..@.@...@.@...@..@..@@..@@..@..
......@@....@...@@@.@@.....@..@...@@@..@..@@..@@@.....@.@.@@..........
.....@...@.@......@@@@.@...@@...@.....@.@@.....@...@.@.@.....@@....@.@
...@@........@..@.@...@..........@..@..@@........@..@@.@......@...@@..
....@@.@......@@.....@.........@..@.@..@@@.@..@@...........@@.@@.@.@..
.@...@@..@@....@....@.@.@......@...@..........@...@..@....@...@@@...@.
.@@@@.@.@..@..........@@........@@.@@@.......@.......@@.@..@...@.@@...
...@......@@.@...@@@@.......@..@.@@.@.......@...@..@.@.@.@.......@@...
....@.....@.@@@.....@@........@@...@....@..@..@@.@....@@..@...@@...@..
@..@...@.@@@....@....@...@.@.@.@........@@......@...@...@@@..@.@@...@.
@@........@@@@..@......@@....@.@@..@@@@...@..@.@..@@..@......@..@..@@.
.....@@.@..@.....@...@..@....@..@.@............@......@.@.@..@.@...@.@
...@.@@@.......@.@.....@@@@......@.....@.@..@...........@@.........@@@
Agents:
55
0,41,44,50,20
1,11,34,58,2
2,32,10,36,9
3,53,57,1,32
4,64,59,1,48
5,68,45,19,46
6,60,12,57,52
7,26,59,1,30
8,25,63,40,13
9,4,42,10,45
10,48,4,22,25
11,46,3,53,5
12,43,62,40,47
13,11,5,61,24
14,29,3,36,53
15,1,33,22,40
16,66,18,41,40
17,60,37,22,63
18,26,28,2,12
19,24,34,8,53
20,63,43,35,20
21,54,60,22,69
22,53,22,19,26
23,18,12,20,39
24,68,50,43,29
25,34,56,60,51
26,49,67,54,2
27,1,15,55,52
28,17,42,14,36
29,20,63,66,43
30,11,27,22,64
31,51,11,37,28
32,47,44,43,69
33,15,10,14,21
34,18,0,35,36
35,7,21,24,15
36,63,14,69,59
37,12,3,41,67
38,57,29,9,3
39,27,8,6,20
40,17,15,62,65
41,15,0,17,28
42,50,48,53,1
43,48,25,52,19
44,40,69,53,23
45,9,43,6,33
46,34,24,31,36
47,37,49,37,59
48,59,50,20,51
49,63,10,30,45
50,49,6,24,3
51,47,7,9,2
52,56,10,14,38
53,15,48,8,58
54,17,23,54,15
