2
Grid:
60,60
...@........@...@...........@@.......@..@..@....@...@@.@....
..@......@.@.@@....@..@.@.......@...@.@@....@......@@.......
....@......@@........@@......@........@.....................
@.......@........@.@........@.@.@.........@..@............@.
...........@@......@.....@.........@....@........@@....@.@..
.@........@..........@@.@...........@.@.....@...@...@.@..@@@
@.........@@.@@....@.........@@.@.@......@....@..@.@........
.@.@..........@@.@....................@...@....@...@...@....
@....@....@........@............@@.@.@@....@....@...........
@.@.....@...@@..@@@.......@.........@.@...@........@........
...@...@...@.@....@....@......@..@.@...@..@...........@.....
...@@...@.......@...........@.....@..@......@....@.......@..
.......@.@.@....@.@.....@@...@.@........@.....@...@.........
..................@......@.@......@.@@@.....@........@......
@......@@.@@....@.@...........@...@..@.......@.@@...........
.@@..........@@@.@.@....@......@.@..@.....@...@...@...@.....
.........@....@@.........@@....@..@.....@......@..@...@.....
.........@@.......@...@...@@........@@@@.@.....@@.......@.@.
........@.@.@..........@..............@.....@.........@.....
.........@...@@@....@...........@.....@...@......@..@.......
.........@.@........@...@.@.@..@...@@@@.........@...@...@...
...@...........@.@@.@@..@........@.....@....@....@.@...@@...
.......@..........@....@@.......@.......@.......@........@..
..@@..........@.@.@...............@.@.@.....@....@@...@@@...
@@........@@@...@............@..@...........@..@.....@...@.@
@.............@.@@........@@.@...@.................@........
.@...@@..........@........@.............@@..@..@.@.........@
...@........@....@..@....@.@..@...@.@..@..@.@..........@...@
.......@...@.@...........@..@..@..@..@....@.@..@.....@......
...............@.@......@.@....@.........@...@@.@@@..@......
..@..@@...@.......@..@..@@..@.....@.....@......@....@.......
....@.@..@.@@.@@......@..@.........@...@...@@.@..@@@........
@....@..@......@.............@@.@.@..@.@....@.@..@..@..@...@
..@...@.....@..........@...@...@.......@........@........@.@
...@.........@...@.@.@.......@............@.@....@....@.....
@.@.@............@...@..@..@@............@..@...@.....@@.@..
...@@@.@.@.......@.@..@@........@..@..@.......@@@...........
@......@@..@.@...@@..@@.@@....@.@.....@.......@.@...........
.........@..@...@..@..@.........@....@@...@.@@......@.@...@.
........@.@@....................@..@..@..@@..........@......
@..@.......@......@..@@.........@...@...@...................
......@.........@........@...@@...@......@@.@.@...@....@....
@..@@.........@.@............@@..@..@@....@@........@@@.@..@
@...@@..@.@..@...........@.@.@...............@..............
..@.@@........@...............@.........@....@..............
.....@.@...@....@.@.@@.....@...........@...@........@.@@@..@
.@..@....@.......@.@..@.....@@.............@...............@
.@.@..@.....@@......@@.@@.........@@....@...@.@.....@.......
..@...@..........@...@..........@......@...@@.@.@....@......
...@....@.@.......@.....@........@.......@......@@.....@.@..
................@.....@....@.@.@..@......@@..@..............
.....@.....@@.@.....@....@......@.@....@.@...........@..@..@
...@..@.......@....@..............@......@..@.....@.@.......
.......@.@..@..@....@@......@@....@.@...@@@......@.@.......@
..@.@....@@....@.......@..........@@..@@.........@.@@...@...
@@@..@........@......@@..@.....@@.@..............@.@........
..@@.@.....@...@..@...@..@..............@.....@..@...@.....@
......@...@@.@.@........@.....@@...@......@....@@......@@@..
......@...........@@.@...@.....@.................@....@..@..
.....@.@@.....@.........................@.@........@........
Agents:
35
0,49,23,20,0
1,32,10,41,8
2,54,8,16,38
3,37,4,49,23
4,35,51,47,42
5,34,7,25,4
6,30,50,27,11
7,41,17,43,28
8,13,17,48,30
9,37,58,34,25
10,4,27,13,48
11,54,3,14,15
12,8,41,26,48
13,56,8,36,52
14,57,29,42,12
15,20,45,56,27
16,12,55,11,46
17,25,28,39,44
18,48,30,9,56
19,0,38,0,38
20,46,33,25,21
21,5,26,45,23
22,11,50,44,23
23,9,32,39,6
24,43,52,34,41
25,41,4,19,58
26,53,11,26,14
27,11,38,56,26
28,10,20,33,41
29,50,51,14,59
30,21,25,10,10
31,30,38,42,39
32,53,56,16,22
33,21,23,0,5
34,23,39,43,30
