9
Grid:
20,20
@...................
....................
............@...@...
..@.@...............
....................
................@...
....................
.............@......
................@...
.............@....@.
..@.................
........@...........
.........@.@........
....................
............@.......
..................@.
....................
.................@.@
..@.................
..........@.........
Agents:
15
0,3,14,1,14
1,2,4,14,17
2,12,13,18,15
3,17,13,0,6
4,6,14,9,16
5,1,6,5,8
6,4,10,3,0
7,12,8,1,3
8,17,7,11,16
9,15,14,16,17
10,14,8,10,5
11,13,8,10,9
12,7,16,15,11
13,16,6,7,10
14,5,5,6,2
