8
Grid:
20,20
....................
....................
....................
....................
....................
....................
....................
....................
....................
....................
....................
....................
....................
....................
....................
....................
....................
....................
....................
....................
Agents:
15
0,10,7,13,13
1,5,14,17,0
2,7,19,2,3
3,8,19,14,7
4,5,12,18,1
5,0,3,11,3
6,18,13,5,5
7,4,1,8,14
8,13,1,13,11
9,7,1,18,11
10,15,9,5,8
11,9,12,13,4
12,7,10,10,16
13,2,16,8,4
14,11,3,4,2
