0
Grid:
70,70
.@.....@.......@..................@..@.........@.@@...................
.....@...@.....@..........@.@...............@@........@.............@.
...@.........@......@......................@@.......@......@..@.......
.......@..............@.@.@.........@.......@...@@..............@.....
@..............@........@.......@@..............@@...............@....
...@...................@.............@.................@.......@......
........@....@......................@....@....@.......................
...........................@.......................@................@.
@@...@.........................@....................@...........@.....
.......@@...........@........................@.......@................
...........@@...@.....@........@...........................@.@.@......
@.....@.............@..................@..............................
@.@........................@.@@........................@..............
........@....@...@....@............................@.......@.......@@.
..@...@........@.........@...@..............@...@....@............@...
....@@..@...........@..........@......................@...@@..........
.........@..@..............@.....@....@..@...........@..........@@....
.......................@...@...................@...@..@...............
....@.................@..............@........................@.......
....@.....@..........@...................@...........@..@....@@.@.@...
........................................@@.........@.....@.........@@.
@..@................@...@.....@...@....@.......@....@......@..........
@...@.......@............@...@..@....@....@.@............@......@.....
..........@......................@...........@....@......@............
.................@........@..........................@.............@..
.@...........@...@......@..@@...........@......@.............@........
............@@.@..@...............@.....@......................@..@...
.........@...@.@@......@..................@......@..@@....@...@......@
......@...@......@@.........@....@........@@......@..@.@........@.....
.............@.............@..@...................................@...
.......@....@.......@..@.@............................@............@..
.....@..@...@....@......@...........@...@.........@.................@.
.......................@.....@..@..........@..........@........@....@.
.......@..........@.....................@.@...@.............@........@
.....................@......@...@......................@.......@......
...........................@.......@.....@..........@.................
.....@.......@.....@.........................@............@.......@@.@
.........@...@.............@..........................................
..@.@....@.................@..............@.........@......@@.......@.
....@..............................@....................@...@@........
.....................@...........................@.@..............@...
........@..@......@.......................................@..@......@.
...@........................@...............@............@............
......@.............@.....................................@.@.......@.
.....@....@@@.............@.......@..@....@..........@.......@@.......
.............@.......@.......@@......@..........@..........@@.........
...@...@................@@.......@.............@@........@.........@..
.....@.......@...........@.......@.....@..@...................@.....@.
..@...............................@.....@.@............@@..@.@........
........................@...........@.@..@............................
.@......@@......@.@......@............................@...........@...
..........@..................@.......@......@@........@...............
.........@.....@...............@@........................@@....@......
........@.............@.........................@......@.............@
..................@..@@......................@............@@..........
.@..........................@@.........@............................@.
....@......@................@.........................@..@...@........
........@@@...................@.....@@.....@....@...........@@..@.....
........@@.............@....@@............@.....@....@@@....@.@.......
..@...........@...............@....@@........@.....@..................
............@...............@@....@...@@.....@@....@..@.@...@.........
................................................@............@...@....
...@@.............@.........@..........@......@......@................
.@......................................@....@....@......@..@.......@.
.......@.....@....@.....@.@.........@.....@.........@.@...........@...
@@..............@.....@.........@....@............@...............@...
@......................................................@..@.......@...
............................@................................@........
..........@..................@..............@@...@................@..@
...@...@.........@................@.....@....................@.....@.@
Agents:
85
0,16,36,61,35
1,2,63,27,54
2,63,46,41,39
3,67,3,24,31
4,54,38,32,13
5,30,59,16,30
6,58,37,55,67
7,51,17,60,24
8,21,58,18,57
9,47,27,18,42
10,38,40,21,33
11,21,68,23,28
12,69,2,18,46
13,9,1,8,30
14,19,25,54,33
15,54,41,15,64
16,49,22,37,46
17,8,49,66,61
18,4,55,48,51
19,2,45,40,54
20,32,55,18,40
21,26,10,31,21
22,20,31,34,59
23,41,65,15,18
24,47,65,35,44
25,0,21,41,17
26,40,33,24,38
27,37,68,43,69
28,32,50,15,47
29,18,59,28,7
30,36,21,26,54
31,45,32,26,26
32,65,24,68,34
33,40,23,65,18
34,44,28,22,21
35,59,58,1,58
36,35,9,1,69
37,11,19,39,16
38,50,30,48,52
39,19,13,46,14
40,55,21,41,42
41,55,44,36,44
42,18,39,42,37
43,62,23,4,22
44,12,1,30,51
45,8,8,58,27
46,54,9,12,25
47,0,23,21,7
48,8,42,48,24
49,32,52,55,9
50,67,43,14,22
51,67,18,68,33
52,17,1,69,37
53,4,14,52,54
54,35,1,62,41
55,31,16,39,43
56,5,16,15,37
57,50,19,48,7
58,45,33,55,45
59,0,3,26,39
60,34,41,54,66
61,30,66,26,19
62,58,15,26,58
63,12,35,38,34
64,41,19,60,27
65,26,69,6,21
66,9,46,18,15
67,8,7,17,34
68,67,64,14,69
69,43,53,43,55
70,64,44,11,14
71,61,8,10,69
72,34,61,29,50
73,61,12,49,52
74,6,33,31,34
75,42,64,61,19
76,54,46,46,52
77,41,34,68,6
78,16,59,47,2
79,1,22,6,4
80,53,11,28,8
81,60,6,43,53
82,6,3,67,32
83,11,38,6,57
84,36,6,40,38
