2
Grid:
20,20
....................
....................
....................
.......@............
...@...........@....
....................
....................
..@..@..............
..............@.....
..@.............@...
................@...
@@.@................
.....@............@.
...@.......@........
....................
...............@....
....................
....................
....@...............
..@................@
Agents:
20
0,16,19,3,13
1,17,19,7,15
2,8,3,4,18
3,12,6,14,3
4,8,16,17,2
5,14,15,7,10
6,10,0,7,6
7,4,14,14,16
8,6,16,0,0
9,11,12,2,1
10,3,9,7,16
11,8,8,10,0
12,12,8,3,15
13,14,16,14,4
14,11,18,19,4
15,7,13,11,12
16,12,0,16,15
17,11,13,7,0
18,8,13,5,1
19,2,13,16,3
