2
Grid:
60,60
.@...@................................................@....@
.@......................................................@...
...........@...@...........@................................
.@............................@.............................
.............@.....@......@..@.@.....@...@..................
.................................@.............@............
.....................@......................................
................@.............@.@.@.........................
..........@...........................................@.....
...@....@...................................................
...................................................@........
........................@....@.....................@@.......
.....................................@.......@...........@@@
.........................@.....................@........@...
....@........................@@..@........@.................
................@.........@..............@..@...............
..............@........@....................................
......................................@.......@..........@..
......@....................@.......@..............@....@....
..........@..................@......@.............@.........
.................@.....@..@....@............................
........@..........@........@...............................
....................@........@....@.....@.....@.............
............@...............................................
...................................@...............@....@..@
....@...........................@...........................
...................................@@.......................
.........................@@.................................
...@.....@..@...................................@.........@.
.@.....@@...................@...............................
.......@..................................@.................
................@.....@......@..................@...........
....@......................................................@
.........................@..................@.........@.....
............@.......@@...@@............................@@...
..@.................................@............@..........
......@.......@.................@...........................
...@@..................................@..@.................
.......................@.........@..........................
.@.................@.........@........@.....@......@.@......
.@....................@............@........................
.....................@........@............................@
..........@.................................................
........@..@.......@...........@.........@....@.............
........@......................................@........@...
.......................@........................@...........
........@......@............................................
........@..............@....................................
............................................................
........@.........................@.........................
....@......@.......................@........................
...@.@......................................................
........@....@..............................................
.............................@@........................@....
...................................@........................
.............@.....................................@...@....
..........................................@.................
...............@..........................@....@............
.....@@.....................................................
........@......................@............................
Agents:
60
0,58,52,59,38
1,3,38,9,31
2,14,12,25,31
3,28,45,55,4
4,2,17,50,14
5,22,57,48,27
6,9,23,26,22
7,34,35,12,32
8,4,22,21,0
9,32,26,42,46
10,28,55,37,32
11,11,32,44,45
12,27,45,17,4
13,27,9,3,40
14,50,49,46,51
15,48,48,24,36
16,18,8,54,56
17,55,26,27,54
18,19,2,22,19
19,13,24,18,31
20,6,25,24,12
21,57,35,55,59
22,50,8,6,0
23,41,52,34,51
24,11,28,37,12
25,19,14,5,30
26,59,32,23,1
27,23,8,3,6
28,26,41,57,18
29,44,43,5,54
30,17,53,10,48
31,27,33,42,7
32,8,20,34,0
33,39,31,31,28
34,28,1,31,51
35,19,3,48,39
36,58,36,3,7
37,42,18,30,40
38,3,35,6,46
39,57,21,30,59
40,29,34,7,22
41,48,45,35,15
42,45,47,37,0
43,0,38,8,49
44,18,29,22,21
45,6,13,34,5
46,58,23,12,54
47,27,29,46,22
48,4,15,47,1
49,12,40,19,41
50,0,18,53,18
51,4,51,45,52
52,12,19,52,11
53,10,50,22,10
54,58,25,29,27
55,40,42,46,27
56,55,5,19,12
57,4,33,53,39
58,32,19,59,0
59,40,52,3,4
