1
Grid:
70,70
.............@.....@@.....@......@......@....@............@...@.@.....
..................@..@........@..................@@...................
..@.............@.@.....@.......@...........@........@....@...@.......
......@....@......@.@........................@........@.@@............
.........@@...@.....@...@..@............@......@.........@..@...@.....
....@..@...........@.............@.@.@@.@.@..........@........@.......
.....@@..@.@....@....@.@.......@...@.......@........@...........@.....
..@...@.@..@..............@............@.......................@@..@.@
...........@...@@..@...........@.......@@@@......@@...@..........@..@.
.@.......@..@........................................@.@..@.....@.....
..@@....................@.................@......@.....@.......@@.@.@.
.....@@.@....@..........@......@.....@..@.@...@.....@..@..@.....@.....
.....@..@......@..@...@@....@........@....@...........@........@@@.@..
........@.@@.....@....@.@......@....@.....@..@......@.@......@........
......@@...@@..@..@...@....@.@....@.......@@@@...@...@.......@.@.....@
.....@.@..........@.....@......@........................@............@
.@.....@...@..@..@@.....@@........@@..@.............@.......@......@..
........................@....@.............@.....@@...........@...@...
.@@......@.......@........@....@.@.....@....@.........@...............
@.@....@...@@@..........@..@..@..@..@............@.@@....@...@..@..@..
..........@.@...@..@...........@.....@...@........@.@............@....
..@@.....@...@..........@.............@...@..@.......................@
....@..............@.@..............@.....@..@.........@@.@......@....
.....@...@...........@...@.........@......@.@@.@.@..@..........@...@.@
.@...@..............@..@...........@.........................@...@.@@.
...@...@@....@....@............@......@...@.............@...@.........
....@...@@@@.............@.......@......@.......@....@..@......@..@.@.
.@.....................@........@@.@..........@...@....@..........@@..
.@........@.@....@@..@@.@.@.....@.......@@...@.....@...@@...........@@
.....@.@....@..........@..@......@...........@..@....@................
....@.@.........@.......@...@@......@..@.........@.........@@@........
..@.@@@..@...............@.@..@..............@@...@......@.@.@...@.@..
......@.....................@.@......@.@...@...@.@@.......@....@....@.
......@@...@..@..@..@.....@.......@.........@...@@.......@..........@.
...................@..@..............@...@@......................@....
..@...@..@............@................@.....@.......@...@.@..........
...........@..........................@@@..@...@..@....@........@.....
..@....@.......@......@...@.@............@.........................@.@
.@..@...............@@.....@..........................@.....@.........
...............@...........@........@@......@..............@@.........
.@.@.@@.@......@.@..............@@............@..........@.........@..
..@.@@.....@....@.@@................@.....@.....................@..@..
.....@.@.......................@....................@.........@...@..@
@...........................@....@.....@...@..@.@........@......@.....
......@..@...@..@......@........@.@....@..........@@.@.........@....@@
@......@@.@.@.....@....@.@....@..@................@....@...........@..
....@.@@@..@...@.@..................@......@.......@..@.....@.@.......
@..........................@..@....@...............@...........@@....@
...................@.........@........@@@.............@.@.@...........
...............@.......@.......@@..@...............@..........@...@..@
.......@....@.........@@....@...@.@.......@......@.@@...........@.....
@........@....@.....@.....@@....@@....@.@.............@....@.........@
.......@.......@@..............@....@@...........@..............@.@...
@.........@.@.......@..........@....@........@@.......@...@....@...@..
.......@@....@.....@..@@@@........@......@@@.@.....@....@.@...........
........@.@.....@..........@.....@@@....@..@..@......@.......@.......@
.@.@...@..@...@..................@.....@..@.....@......@..........@...
.................@......@......................@......................
...............@....@........@....@...@@@...........@......@....@.....
............@.......@.......@..@.@....@.......@..@....................
.......@..@.@@@...@@.....@......................@...@.................
@....@.....@...............@..@....@.@..@@............................
.............@...................@....................@...@....@.@...@
.........@.@..@.....@@...@.@.....@.........@@.......@.@...@..@........
...@...............@..................@...............@.@..@...@@..@..
.......@@......................@................................@.....
....@...@......@........@...............@@..............@...@.........
........@.....@...........@...........@...@......@....................
.@..........@........@........@..@.@..@..@.@.@.....@......@.......@...
@......@.@......@...........@...@..............................@....@.
Agents:
50
0,10,47,37,45
1,51,57,62,46
2,49,11,3,50
3,6,18,55,13
4,11,39,69,13
5,12,10,57,44
6,3,21,23,20
7,57,36,40,19
8,2,54,58,8
9,30,1,47,7
10,27,18,36,63
11,16,58,10,43
12,45,65,48,59
13,48,59,29,56
14,30,2,19,26
15,23,58,27,47
16,46,68,6,61
17,42,0,28,16
18,42,46,65,24
19,4,35,37,55
20,62,47,15,63
21,36,27,33,31
22,52,25,42,59
23,10,33,3,66
24,31,8,1,27
25,65,18,58,23
26,42,15,64,10
27,10,12,38,14
28,69,23,14,4
29,50,0,11,59
30,67,69,61,28
31,60,3,53,43
32,11,30,12,35
33,28,50,67,21
34,21,18,29,22
35,65,53,31,14
36,15,22,33,62
37,42,34,39,11
38,62,60,44,42
39,26,38,62,9
40,3,24,45,26
41,27,26,20,56
42,36,62,5,57
43,35,38,27,37
44,67,35,60,50
45,29,1,19,38
46,55,48,47,16
47,14,57,60,40
48,37,29,59,3
49,19,40,56,40
