1
Grid:
60,60
.....@.@..@@....@@..@.@.@......@.@@@...@@..@.@.......@...@@.
..@.@@.....@.@.@@....@.....@@@@......@@@..@...@..@.@.@@@...@
..@..@........@@.@...@......@....@@........@...@...@..@.....
.......@.....@..@..@@.@.@.........@.@.....@@..@@@@.@..@@@@@.
@@@..@.....@......@..@.....@@..@.@....@@.....@.@..@.@.@.@...
.@@.@....@@..@@.......@@@@.@...@@.@....@.@..@@@........@@...
@..@..@......@.@....@..@.@......@......@@..@.@@....@@@@@....
...........@.....@@.@@@........@.@...@...@..@.@.............
..@@..@.@.@....@.....@..@.@..@..............@......@.@.@@...
.......@...@..@..@@.@.......@...@@..@@...@.@..@...@......@..
..@@....@...@.@@.@.@.@....@..@....@.....@....@.@.@.@........
@....@.@@.........@.......@@@...@...@...@..@@.@..@@.@...@.@.
.@.....@..@......@@...@.@......@@.@.........@@@@..@..@.@.@..
..@@@...........@..@@......@.@.....@...@..@.@..@@...@....@..
..@@.....@@..@...............@....@@....@@.....@...@..@.@.@@
..@....@.@....@...@@@@@...@@.@.......@@.@.@......@......@...
@..@.@@.@@......@.@@.@@.@......@.@.@.....@..@.@.....@.@..@@.
....@@....@..@..@..@..@@..@.@....@..@..@.@...@.@.....@@.@@..
.@.@......@....@.@.@........@...@..@.@@..@..@..@.@@.@@@.....
.....@.@......@.@..@...@....@@@.@.......@.......@..@....@...
.@.@@.@.@@@@@@@@..........@@....@@@...@...@....@...@@.......
..@.......@@.....@...@@..@..@@@.@..@@.....@@........@@...@@.
.@...@....@@....@.@.@@...@..@...@@.@....@......@.....@.@....
................@..@.@.....@@......................@....@@.@
........@..@.@........@.@...@@.@..@..@.@..@@..@....@..@.@..@
@@...@.....@@@.@....@@..@@..@@.@@....@.@.@..@@@.@..@..@@..@@
@.@@@@@...@.@.@.@......@.@.@.@@..@..@@@@....@..@..@.......@.
@.@...@...........@@.....@@.@@@.....@...@.@.@....@....@...@@
............@@@.@.@....@@@@@...@.....@...@...@..@......@@..@
..@@.........@..@@@@@...@@@@.@...@.....@@..@.@..@..@@@.....@
...@.@.@..@....@....@..@.@@@...@..@.@@....@......@.....@....
..@..@....@@..@.......@@.@....@.@@@..@...@@...@@@....@.@@@..
...@..........@@......@..@......@..@@......@...@..@@.......@
.@..@.@.....@.@@...@.@........@.@..............@@@..@..@.@..
@.@.......@..@...@@@.@@.......@..@....@.@@@@...@@.@...@.....
@...@@...........@.@@.@..@.@.....@@...@@.@...@@...@..@..@.@.
.@...@.@.@.....@@@....@@@....@..@......@@..@.@....@...@..@@@
....@..@.@.@@..@@@.........@.@.@@@@....@@..@..@@.@.@@..@@@..
....@@.@..@........@.@@....@...@.....@..@.......@..........@
@@@....@@....@.@...@..@@..@.@........@...@...@...@@.@......@
@....@@..@.......@........@@....@....@.@.......@.@.@@@@@...@
....@.@@....@...@.@@...............@..@......@@..@.....@..@.
........@...@...@.@......@@.@...@...@@..@@..@@..@.@...@@@@.@
.@@.@.........@@.....@.@.@....@@.@.....@@@@.@@....@.......@.
.....@@.@.....@....@...@.@.@..@......@@........@.@@....@.@@.
..@.....@@@@@.....@.@@.@..@@..............@.@@...@...@@.....
.......@@.@....@...........@.@@..@.@@.@........@....@..@@@.@
.......@..@@.@@..@....@...@..@@........@..@..@@@............
@@@@...@@..........@@@.@........@.......@@.@..@.@........@.@
..@@.@.@@@@....@.@...@.@.@.....@@...@...@@......@.@.@..@.@..
.....@...@....@@..@@....@....@..@................@..@@.@...@
.@.@.@...........@.................@@.........@.@.....@..@@.
.....@......@.@..@...@.@..@@...@.@.....@@@..@.@.....@..@...@
......@.@@..@@......@.....@.@.@.......@.@.@..@..@.@......@.@
.......@@....@.@.@@.........@..@@...@.....@..@.@........@...
.@.............@@@..@.@.@@...@...@@.@@.@..@.....@....@.@@@@.
@....@@@.@@..............@@........@.@..@@@@.......@......@.
..@...@..@..@@.@.......@.@...@@.....@.@@.@@@.@.......@......
.@.@@.@@@@.@....@..@....@....@..@.@..@...@.@@@..............
...@@....@@....@..@.@....@.............@......@@...@.@......
Agents:
60
0,8,41,31,40
1,32,26,34,45
2,50,50,29,7
3,28,35,23,40
4,52,50,9,22
5,54,26,2,39
6,24,14,56,8
7,42,29,55,9
8,12,52,45,17
9,31,39,59,45
10,36,47,36,47
11,58,54,4,24
12,28,39,5,51
13,52,36,5,20
14,37,22,25,10
15,23,36,2,37
16,19,3,35,15
17,6,30,29,36
18,58,2,43,10
19,14,12,22,19
20,49,43,17,46
21,13,23,21,18
22,0,23,33,20
23,58,5,56,48
24,51,0,45,43
25,14,33,4,25
26,9,15,43,51
27,32,23,9,39
28,36,36,21,48
29,35,9,11,37
30,2,16,2,16
31,45,33,16,55
32,25,47,46,5
33,27,24,31,6
34,27,41,35,12
35,17,29,37,24
36,21,45,11,38
37,54,51,38,35
38,41,57,51,38
39,19,47,13,15
40,37,25,44,24
41,24,23,26,7
42,6,44,6,44
43,47,51,41,44
44,59,24,17,49
45,39,25,38,14
46,52,25,11,41
47,38,49,50,16
48,11,47,10,6
49,22,30,30,40
50,52,11,1,12
51,47,6,40,23
52,31,51,56,31
53,39,9,46,25
54,4,7,7,38
55,28,19,4,53
56,38,12,28,3
57,0,15,13,59
58,5,53,45,39
59,54,44,2,58
