4
Grid:
20,20
....................
....................
....................
....................
....................
....................
....................
....................
....................
....................
....................
....................
....................
....................
....................
....................
....................
....................
....................
....................
Agents:
30
0,2,18,6,5
1,8,10,16,0
2,9,6,3,10
3,5,7,10,1
4,5,2,2,8
5,10,7,3,7
6,2,13,19,16
7,3,0,13,1
8,19,2,18,2
9,3,10,11,4
10,14,2,8,6
11,16,13,4,18
12,14,18,16,14
13,3,17,4,17
14,14,14,10,6
15,3,7,3,1
16,16,5,7,16
17,17,4,4,19
18,19,11,14,7
19,9,17,17,7
20,14,13,1,16
21,0,8,17,13
22,12,18,18,17
23,6,6,15,3
24,10,16,5,5
25,6,10,4,5
26,2,19,19,9
27,1,14,2,3
28,15,10,6,3
29,0,3,12,17
