2
Grid:
60,60
.@..@......@..@@...@.@@.......................@..@......@..@
@.@@@....@......@@.....@@....@.........@..@....@@.......@..@
..@.@....@..@......@...........@.@........@.................
...@..@...........@........@@.......@.@.@@..@........@...@..
....@..@...........@.@..............@......@@............@..
......@..@.@.@@.......@......@.......@@....@.@.@.......@....
...@.@.@...@.@....@.......@.@@@..@....@..@..@..@@.@@@.......
.....@.........@.......@............@...@@@....@........@...
..@.@.@@..@.@....@@@@@.......@@...@......@...@......@..@....
..@..@@.....@......................@.@......@...........@...
.....@.....@@......................@.@...@...@........@.@...
..@...@.@....@.@@.....@@......@..@@...@..@...@...@.......@..
.....@.@@......@...@@.....@..@..@..@..@..@@@.@@@@.@...@....@
@.@@...@@..@.........................@.@..@.@..........@..@.
.....@...@.......@@...........@........@.....@....@........@
.........@..@........@.......@.@..........@..@..........@...
@......@.@............@...@....@@............@..@@..@.@..@@.
.@.@..........@.@....@...................@@.....@........@..
....@...@...............@..@......@.@@.@@...............@...
..@@@.@...@.......@@@.@...@...@@...@@..@.@........@@........
.......@...@.........@..........@.@@..@.....@..@........@..@
.............@..@.@@.@..@.....@@...@.....@.........@....@.@.
.@..@.@..@.@..............@@@.......@...@..@....@.....@...@@
........@@@.@@.......@...@.@@....@.@@@@.@@.......@.@@@.@....
.........@@....................@...@..@.@@........@......@..
.......@..@...@...@.@....@......................@.@..@@@@@..
.....@..@.......@......@.@.@..@........@...@..@...@.......@.
@.....@.@@.......@......@....@.......................@..@...
.@..@....@.@...@..................@..@..@@...........@......
....@@....@.@............@@....@....@....@......@...@@@.....
@...@......@......@@.....@.@......@..@.@............@.......
.@.......@@.......@..@..@...........@.....@...@.......@.@...
.@...................@@.........................@....@...@..
@......@........@@..@@@..@@...@@.....@@......@@.......@.@...
......@...@...@....@.......@......@....................@..@.
.........@....@....@..@.............................@..@...@
@.@....@@...@@..........@..@...@..@......@.@...@.......@@..@
.@.............@@@........@.@.@.....@..@...........@........
..@....@......@..@@.@@.......@.@....@.............@.@.......
.@..........@......@....@@@.@@..@.@........@.@..@@.....@....
.@@...@........@@...........@..@......@@...@....@......@....
...............@@.....@.@.@...............@@.....@.....@.@..
......@@.@.................@......@....@.@.........@@.....@.
@@.......@.............@..@..@...@@@......@@....@..@........
....@..@...@...@......................@@....@@....@...@..@.@
..@.@................@@...@......@.....@..@@@....@@.@.@.....
..@....@....@....@..@@@.@........@...@....@...........@...@.
..@.....@@....@@.@............@....@.@....@..@.@...@@....@..
@........@....@..............@..........@.@...............@.
@..@.......@..@@......@@...@.@..............@..........@...@
@@@.@........@.......@...@..@........@...........@...@...@..
@.@......@....@.@..@...........@.@@....@@.......@..........@
..@...........@....@..@.@...@.......@..@.@.@@...@........@..
........@.....@....@..@.............@...@....@@...@..@......
@...@.@.@..@..@..@.........@..@...@...@........@@.@......@..
.@..............@@.................@........@.......@......@
..@...@.......@...............@...@....@....@.......@....@..
.@..@.......@.@........@.....@@....@@........@@............@
@..@..@@........@..@.@.........@....@...@.@.......@.@...@...
......@...@....@.....@.@.............@..@@........@.........
Agents:
80
0,42,18,6,46
1,28,51,55,26
2,12,28,16,55
3,42,0,50,34
4,32,30,52,33
5,17,46,14,58
6,56,33,16,59
7,28,22,15,57
8,4,35,19,57
9,34,15,50,11
10,43,38,0,34
11,37,56,50,33
12,40,58,22,29
13,4,5,55,58
14,7,11,50,51
15,30,33,38,59
16,0,9,1,33
17,37,52,46,8
18,6,27,4,30
19,51,20,28,51
20,39,39,54,32
21,45,3,30,22
22,18,31,20,5
23,1,12,10,46
24,31,47,15,8
25,55,32,37,12
26,30,28,11,51
27,7,14,49,5
28,37,38,40,45
29,32,33,18,30
30,50,43,9,38
31,26,53,26,37
32,59,47,37,54
33,17,17,43,50
34,16,1,39,39
35,12,1,0,41
36,46,1,16,16
37,53,58,2,50
38,38,1,37,35
39,2,17,41,46
40,7,30,46,32
41,21,38,15,4
42,20,36,34,31
43,6,12,39,44
44,8,24,41,41
45,12,44,11,12
46,29,38,59,2
47,15,41,51,10
48,53,29,35,7
49,42,5,14,31
50,20,39,26,49
51,54,49,28,19
52,41,8,48,3
53,46,52,20,52
54,14,21,49,2
55,27,40,58,48
56,35,16,20,27
57,48,10,5,35
58,22,29,42,29
59,50,7,23,19
60,35,54,19,53
61,31,23,45,32
62,1,25,35,40
63,55,14,5,1
64,15,3,2,52
65,54,22,18,32
66,17,23,54,43
67,9,51,15,30
68,3,59,49,31
69,46,53,32,41
70,8,0,11,37
71,6,21,20,50
72,15,22,20,37
73,25,12,27,30
74,21,32,42,23
75,42,25,24,25
76,15,51,46,15
77,52,34,59,59
78,58,43,35,33
79,37,42,22,5
