1
Grid:
60,60
...@......@....@.@....@...@......@@.@..@.....@...@.@..@..@..
..@.@...@......@...@..@..........@.@@....@................@@
@..@................................@.@..@@.....@.....@...@.
@.....@............@.......@....@.....@...@@@............@@.
........@....@@.........@..@@...@.....@.....................
@@.......@......@......@.....@@.........@.............@.@...
@@@@@.............@........@...........@.......@..@@..@...@.
........@..@.@@.@........@.....@@.@..............@.........@
.@.@@@....@.@@...........@.........@.........@.@.......@....
........@@.@....@.@@......@....@@..@...@.@.....@....@.......
@......@..@.@@@..@...@@....@..@..@...@.........@@.@@........
..@..................@@@.@@.@@@..@.....................@.@..
..@.........@.....@.@.@@@..............@@..@....@@.@..@.....
.............@.....@.......@@.@@.@....@..........@........@.
..@.......@...@......@.@.@.......@....................@.....
..@.................@......@...........@....@@.....@@......@
......@...@...@@.....@.....@...@..@@.@.@.@...@...@@@@@....@.
..........@@...@......@...@.......@......@@.......@.....@@..
.@..@@@@........@...@....@.@....@..@............@@......@@.@
.......@..........@...@......@@...@.@.@...@...@..@..@.......
.@...@......@.@@@.......@.....@....@...@.@...@.@@...........
..@.@....@.@..........@......@@@.@.@...@..@.....@.@.........
...@@@....@..@...@.@..@.....@.@.........@...........@.....@.
..............@......@......@........@@.....@@@@....@.......
.....@......@.@....@.@.............@.............@..@@......
.@.....@........@..@...@.@......@...@@..@...@...@.@.@....@@.
...@....@....@.@@.@.......@....@....@..@@...............@...
@.......@..@...@...@.......@.....@....@.@......@.........@..
..@......@.......@..........@.@@.....@...@..@.........@..@@.
....@..@...@@.@..@........@....@.@.@.....@@..@...@.@.@.@@@@.
...@.@..@.......@........................@.@@..............@
.....@.@....@.@........@.......@..@...@...................@.
...@@.......@@.@.........@..@@......@..........@.@......@...
@@@...@..........@@.....@.....@.....@..@....@......@....@@..
@@..........@...@.@................@...@..@....@@...........
@@......@.............@.....@.@@@...@....@........@.........
.@......@...@...............@..............@....@..@@.......
............@.....@@@.@.....@........@@...@.......@.........
@...@....@.@..@@@@..@.@..@....@@.@....@@...@@.@@@...@.@.@...
..@...@.@............@@...@.........@..@@@..@....@....@.@...
..@........@........@.......@.@@@...................@.......
.....@...@.@.......@..@....@........@@.@.@..@@..@.....@...@.
.@....@.@.@................@.@.@@@.......@.....@..@.@@....@.
..@.@.......@@....@....@....@..@@.......@......@...@.@......
..@..@..@...@..@@@......@@.....@.............@@@...@.@..@...
......@...........@..........@....@@.@...@@..@...@....@.@...
............@.....@.........@......@.....@......@.@.........
@.......@..........@....@@..@..@......@..@..@@@..@.@........
...@...........@.@...........@.....................@........
.@........@......@..............@.@@@@...@...@...@........@.
.............@...@..@........@.@.@.......@..@....@..........
@.......@...@.......@.@..@................@@......@.....@...
....@.........@...@.@....................@.@.@.....@.....@@.
..@.@................@@@....@@@.@.@....@.............@@.....
.....@..@.@.@.............@.....@.....@@..@........@.....@..
...@......@...@.....@.......@...........@..........@......@.
....@........@..@...........@..@.@@.....@.......@.@.....@..@
@.@...............@@..........@....@.@...@............@.....
.@@....@....@@@..@.@@.@.@.......@..@.@.......@@....@..@.@...
..@@........@@.........@...........@.........@.........@....
Agents:
60
0,3,55,44,36
1,37,51,19,45
2,2,45,24,45
3,5,8,12,29
4,44,26,16,26
5,53,42,53,38
6,48,34,36,11
7,57,48,25,30
8,32,8,14,15
9,49,50,28,20
10,12,17,22,7
11,20,3,34,13
12,20,42,16,56
13,52,21,2,20
14,0,59,0,59
15,55,8,52,50
16,32,21,25,43
17,20,19,19,25
18,43,42,14,13
19,38,50,0,40
20,56,0,25,49
21,14,28,46,24
22,42,20,32,17
23,30,58,13,39
24,16,23,58,50
25,25,53,25,35
26,46,40,21,36
27,2,35,52,5
28,27,12,2,27
29,58,15,41,7
30,7,18,36,47
31,56,22,7,7
32,28,29,20,20
33,12,3,45,25
34,42,56,20,46
35,24,0,5,18
36,30,19,54,31
37,49,11,55,32
38,8,20,0,11
39,26,14,31,8
40,25,54,0,13
41,5,10,8,50
42,14,24,58,59
43,28,43,46,31
44,2,13,50,47
45,28,56,33,11
46,31,20,54,29
47,45,22,31,25
48,40,19,0,20
49,58,25,3,15
50,23,26,49,54
51,46,58,25,9
52,57,27,13,26
53,7,47,39,23
54,52,42,22,20
55,57,33,56,7
56,24,2,16,54
57,48,18,24,7
58,58,16,5,51
59,50,57,31,22
