5
Grid:
20,20
....................
....................
....................
....................
....................
....................
....................
....................
....................
....................
....................
....................
....................
....................
....................
....................
....................
....................
....................
....................
Agents:
15
0,18,14,10,12
1,9,1,19,4
2,1,17,16,1
3,19,17,7,13
4,15,6,13,17
5,16,0,10,4
6,12,8,19,16
7,0,1,18,19
8,14,14,14,11
9,5,19,0,7
10,7,14,14,1
11,10,0,3,4
12,11,17,12,13
13,19,8,13,13
14,2,8,2,10
