1
Grid:
70,70
......................................................................
......................................................................
......................................................................
......................................................................
......................................................................
......................................................................
......................................................................
......................................................................
......................................................................
......................................................................
......................................................................
......................................................................
......................................................................
......................................................................
......................................................................
......................................................................
......................................................................
......................................................................
......................................................................
......................................................................
......................................................................
......................................................................
......................................................................
......................................................................
......................................................................
......................................................................
......................................................................
......................................................................
......................................................................
......................................................................
......................................................................
......................................................................
......................................................................
......................................................................
......................................................................
......................................................................
......................................................................
......................................................................
......................................................................
......................................................................
......................................................................
......................................................................
......................................................................
......................................................................
......................................................................
......................................................................
......................................................................
......................................................................
......................................................................
......................................................................
......................................................................
......................................................................
......................................................................
......................................................................
......................................................................
......................................................................
......................................................................
......................................................................
......................................................................
......................................................................
......................................................................
......................................................................
......................................................................
......................................................................
......................................................................
......................................................................
......................................................................
......................................................................
......................................................................
......................................................................
Agents:
40
0,12,9,26,13
1,24,14,33,7
2,25,29,34,61
3,0,22,6,42
4,28,59,54,49
5,36,8,35,49
6,24,5,67,6
7,69,42,31,58
8,59,52,3,65
9,57,54,39,29
10,55,12,56,15
11,49,18,51,41
12,36,49,30,21
13,33,26,47,18
14,27,55,38,1
15,52,44,40,6
16,60,12,21,0
17,50,47,48,19
18,52,9,35,15
19,16,23,40,43
20,16,58,0,2
21,8,31,49,52
22,64,18,40,20
23,9,21,47,50
24,20,24,28,62
25,28,4,64,26
26,6,27,11,32
27,24,11,1,38
28,34,6,33,21
29,62,21,50,36
30,59,1,9,3
31,31,50,19,0
32,25,49,68,9
33,15,56,30,15
34,61,50,45,35
35,6,49,66,67
36,35,34,18,45
37,38,66,14,60
38,4,17,36,1
39,24,17,5,38
