2
Grid:
20,20
....................
....................
....................
....................
....................
....................
....................
....................
....................
....................
....................
....................
....................
....................
....................
....................
....................
....................
....................
....................
Agents:
15
0,13,8,15,9
1,14,4,19,12
2,18,8,16,1
3,11,9,19,2
4,8,18,11,11
5,16,11,6,4
6,10,0,8,10
7,10,11,12,7
8,0,17,16,8
9,3,18,13,13
10,17,17,15,8
11,13,10,15,4
12,7,4,13,1
13,16,10,10,7
14,7,6,15,14
