4
Grid:
20,20
.@.@@........@.....@
@.@..........@@.....
@....@.@............
.....@........@.....
@......@@...........
.....@@.............
........@.....@....@
....@@.......@...@..
..@@........@.......
.......@...@@.@.....
.@....@...........@.
..............@...@.
@...................
..@@..@....@...@....
....@.@.....@..@....
.@.@.@.........@....
.....@..............
...@...@............
.....@........@....@
.@........@.........
Agents:
10
0,1,17,18,16
1,16,16,7,10
2,10,5,10,8
3,5,7,8,19
4,12,19,15,10
5,4,16,19,19
6,3,18,10,4
7,2,1,10,11
8,4,3,11,8
9,18,13,4,3
