2
Grid:
70,70
...@....@.@@@@.....@@.@@@..........@...@@..@.........@...@@@.@.....@..
..@................@...@..@.@@...@@@..@@@....@.@.....@....@@.....@@@.@
@@@....@..@.@@.@@@@...@@........@...@...@@@..@.@..@..@..@@@...@@@@....
@@...@.@@...@.@@.....@.................@.......@......@...@@......@...
@@.@@.@.@.@..@.@@@.@@@..@@.....@.@.........@.@@.......@............@.@
@@@.@.......@...@..@.........@@..@...@......@....@.@@.......@.@.......
..@@@......@.....@.@......@@.@@..@....@...@.@@..@....@..@........@@..@
.@..@.@.....@..@...@..@@......@@..@...@...@........@....@@@..@......@.
.@...@.........@@.....@..@@@@...@@@..@@...@.@.....@@@.@@.@@@...@......
@...@@@@..@@@....@...@@..@...@@..@.....@.@@...@..@@........@....@@....
@......@....@@....@..@@.@.@@@.@@.....@.............@.@...@@.@@..@@..@@
....@....@@.@@....@@..............@.@.@.@.@.....@..@...@..@@...@@.....
@@.@..@@....@@..@..@....@....@...@@..@@.@@@...@..@......@..@....@....@
...@..@@...@.....@.@@....@@.@....@....@.@..@@.@.....@..@@.....@@...@.@
.....@....@@..@.......@.....@@.@@...........@@.@.@@...@@....@...@@..@@
........@@.@..@.....@...@@.....@..@@.@..@.@......@@@.@@@.....@..@.@.@.
.@..........@...@.....@@......@.@.....@........@@....@..@.@@@...@.....
..@@@...@@@......@...@@...@...@@@........@.....@.....@@......@...@.@@.
@..@......@@...@.@..@.........@......@.@@....@@@.@@.......@@@.....@..@
...@.@...@@....@...@.......@.......@..@.@@..@@@...@@.@@..@....@.@.@..@
.@.....@..@@...@...@@.@.....@@..@..@@@@....@@@......@...@..@.@@@..@@.@
...@.@..@@....@.@.......@..........@.@.@.@.@@..@....@....@@........@..
.@....@......@@@..@@@.@@.@...........@..@@..@@.@....@.@@.......@@..@.@
.........@...@..@.@.....@@..@@.@...@@..........@@@..@..@......@..@....
.@@.@......@.......@....@..@.@.@..@@....@.@..@.....@..@@@..@....@@.@.@
@@@@...@@...@..@.........@....@.@.@@.......@..@...@........@@@........
..@.@......@@.@..@@@..@@.@......@.@@.@.@@..@.@...@@.....@.@.....@@..@@
........@......@.@.@.@@..@.....@..@@.@.@@.@...@@...@.@@............@@@
@.......@@............@..@....@..@@...@.@.@@..@@...............@@.....
@....@@.....@@....@@@@@@@..@.@.@.@.@@...........@@........@.@.@.......
.@.......@......@....@..@.......@.@.....@.@..@.@.@..@@.............@@@
@....@.........@......@.....@......@...@..@........@..@....@@@..@@....
....@@....@..@@.....@@.....@@@.....@.@......@@.@@.@.@.@...@..@@.....@.
..@.@@...@....@@....@.@@........@.......@....@.......@....@...@...@@@@
@@.@......@.@@.@@........@@@.@@.@.@.@@@.@..@@..@.@...@@..@@..@...@....
.@..@.@@.@@..@..@..@@...@@.......@.@.........@..@@.@.@.....@..........
......@...@.....@..@.@@@.....@...@@.....@@.....@...@.......@.@@.......
.@..@.@....@....@..@.@...@...@@...@@@@......@@@...@..@.......@@.@....@
...@......@@@..@.@....@.@....@@..@...@@@..@...@...@.@....@@..@@@......
.@.......@@@......@...@..@............@..@........@.@.@@@..@...@.@.@..
@@.@....@..@@....@...@.....@@...@...@@@...@..@@...@.....@....@...@....
...@...@.@...@@@@@.......@....@..@......@......@..@..@@.@.@.....@.@@@.
@..@@@@@@.@...@.@@.@@.....@.......@..........@@...@@@.......@..@@@.@..
.@...@.....@.....@..@@.@...@.........@.@@..@@@.@.@@..@@...@...........
.@...........@........@...@..@.........@.....@@..@@........@...@......
.@....@.@.@...@.@....@@@.@..@......@.@.@...........@..@.....@@........
@@@.....@..@..@....@..@.@..@@....@@.......@@....@....@@.......@..@....
..@............@......@@.........@@@@@@..@@..........@..@@....@...@.@.
@@.@.........@@.@.@.....@..@@.@.@........@.@.@@.......@....@.@..@.@...
....@.@...@....@...@@@@.........@...@..@......@..........@....@.@@@@@.
..@.....@...@..@..@@@....@......@@......@...@..@.........@........@@@@
@..@.@..@@@..@...@.......@@...@.@@.........@........@@..@...@..@.@...@
@.@...@.....@@..@.@...@.@..@..@@...@.@....@.@@.................@...@.@
....@...........@.....@.@@..@@..@.......@@.@.@.@.@....@..@@..@..@.....
.@@.....@....@.@.@.....@...@...@.@..@@..@@.@..@..@...@@....@.@...@....
.....@..@@@.@@@.@.@.......@.@@.@.@@..@.@.....@...@@.....@.@..@.......@
...@....@@..@@.@@...@...@.@.@.@..@@.@.......@.@...@..@@@............@.
.@...@@.@@...@@.@.@@..........@@.@..@...@......@...@@..@...@@@@..@@..@
.......@@@@@........@....@.@..@.@.......@.....@.@....@.@.@@.@@..@.....
.@.@@..@.@@...@.....@........@..@@@..@@@.@..@@@.@..@@......@.@.@.@@.@.
.......@....................................@.............@....@......
...@...........@.@........@....@...@..@@@@.....@...@@........@.@@.@...
@...@@.@......@..@@......@.@...@.@@@........@..........@....@@.@.....@
...@...@@...@....@@..@@@......@@.@@......@....@@@..@@@.........@@...@.
@.@@@.......@....@...@.......@.............@......@.@.@..@...@@@@.....
@@....@.......@.@@@..@.@.@.@..@@@@..@@@....@@.@............@..@...@@..
.@....@..@.@..@..@@....@..@@@.@..@....@.@@.@@.@..@@.@@..@..........@@@
.@.....@..@@@.@@.@@...@@...@..@.@.@..@..@.......@@@....@.@.......@.@..
..@.@@.@....@@...@@.@..@@......@.....@@@.....@....@....@...@..@@.@..@.
@.@....@@......@....@.@@.@@@...@...@.@@..@@..@......@..@..@....@..@...
Agents:
85
0,34,60,26,7
1,41,44,22,65
2,11,49,68,30
3,20,3,28,14
4,8,9,50,62
5,57,26,41,26
6,30,19,52,26
7,21,69,39,61
8,7,44,9,23
9,28,69,34,67
10,36,14,54,12
11,55,41,40,43
12,50,9,24,53
13,50,52,6,9
14,66,3,31,2
15,36,27,66,36
16,32,65,19,7
17,36,69,59,22
18,63,28,62,24
19,55,4,21,45
20,3,33,52,8
21,64,45,46,4
22,55,17,13,13
23,58,13,62,2
24,29,47,67,60
25,45,5,3,25
26,42,2,27,29
27,29,40,67,29
28,7,29,24,6
29,5,7,61,21
30,29,50,39,49
31,37,38,26,47
32,51,58,22,57
33,58,21,33,7
34,29,59,17,0
35,42,15,34,21
36,35,61,4,66
37,48,23,67,68
38,40,15,62,16
39,41,20,56,48
40,61,10,50,14
41,39,24,50,42
42,37,14,27,6
43,40,47,31,13
44,57,49,2,9
45,11,20,6,52
46,32,41,45,38
47,66,62,56,62
48,17,12,38,65
49,24,52,60,51
50,61,37,27,24
51,62,54,12,58
52,59,60,42,42
53,24,49,43,36
54,9,16,45,18
55,46,40,1,42
56,52,50,12,61
57,13,34,39,35
58,53,14,0,5
59,19,65,62,68
60,28,56,29,68
61,49,28,42,18
62,61,68,40,22
63,19,60,28,28
64,50,34,43,51
65,9,1,11,21
66,31,53,31,53
67,25,49,28,19
68,22,8,33,33
69,39,64,56,18
70,43,61,1,9
71,58,15,45,68
72,49,52,66,34
73,29,9,60,59
74,32,34,61,60
75,12,5,44,48
76,58,34,17,62
77,63,60,14,16
78,41,34,63,36
79,17,50,52,40
80,59,18,68,54
81,41,12,36,24
82,2,69,6,31
83,16,54,9,19
84,9,3,31,30
