2
Grid:
20,20
........@...........
@.@.........@.......
..................@@
...........@........
.....@..........@...
@.........@.@@......
...@@...........@...
....................
..@.......@.........
.....@...@........@.
......@@.@....@...@.
.@..........@.......
.................@..
......@.............
..............@.....
...................@
..@.....@..........@
.@...........@......
....................
....@.........@...@.
Agents:
15
0,4,15,6,7
1,10,19,2,12
2,7,11,17,7
3,7,2,15,10
4,6,2,19,11
5,5,8,11,2
6,12,18,14,1
7,6,19,8,1
8,4,10,6,12
9,3,2,0,11
10,18,17,12,8
11,8,17,9,4
12,4,17,13,15
13,8,5,13,17
14,5,11,1,4
