3
Grid:
20,20
....................
....................
....................
....................
....................
....................
....................
....................
....................
....................
....................
....................
....................
....................
....................
....................
....................
....................
....................
....................
Agents:
10
0,19,18,10,17
1,0,13,0,18
2,11,8,11,12
3,9,10,2,16
4,0,5,18,13
5,11,19,13,5
6,7,5,2,6
7,4,2,11,18
8,15,17,13,12
9,12,11,10,6
