1
Grid:
60,60
....@..............@.............@.@........................
..................@......@.@....@..................@.......@
...........................@................................
.................................@........@.................
...........@.........@......................................
................................@..@..........@@............
...............................................@..@.........
......................@...@.......@...............@.........
.....................................................@......
...............................................@............
............................................................
......................................@...........@.........
.......@...................................@@..@.....@......
........@@.........................@...@.................@..
..............@.............................@@......@.@.....
.........@...@....................................@.........
.........@...............................@..@..@............
.@..........................................................
...........@..@.............@...............................
.......@.......@@..........@....@...........................
..........................@......@....@.....@...............
..............................@.......@.....................
..............@.........@..........@........@...............
......@..............@.................@@..@@.@.......@..@..
....................@.......................@...............
...................................@...............@........
.@....@....@.........@.........................@............
..............@.@...........................................
@.........@...............@...........@.....................
............................................................
.....@........................@....@.....@@..@..............
............@........................................@......
......................@.....................................
........@.@.................................................
...........................................@.....@..........
..@.@...........................@..........@........@.......
...@..................@...................@.................
........@..................@....@@....................@.....
............@..........@....................................
.@...@@................@...@................................
.@.@..@..@@........................................@..@.....
...................................@.........@........@.....
..............@............@................................
.@...........................@..............................
..........@.......................@.@.......................
.....................................@.@.@......@...........
...........@................................@......@........
................@.....................................@.....
......................................@.....................
...................@........................................
...........................@...............@................
............................................................
.......@..............................@................@....
@..........................................@.........@......
..............@..........................@.@.......@........
.......................................@..........@........@
...........@...............................@................
......................................@.....................
@............@............@......................@..........
........@.....@.......................@.....................
Agents:
70
0,16,23,57,35
1,17,26,36,51
2,34,12,59,27
3,41,20,23,34
4,20,7,5,15
5,2,25,51,52
6,27,4,42,8
7,39,28,35,55
8,43,0,13,26
9,59,36,30,33
10,48,50,36,20
11,47,29,46,15
12,52,23,12,4
13,22,15,20,29
14,16,28,50,5
15,45,27,20,36
16,32,24,21,6
17,30,52,49,57
18,52,2,42,20
19,3,55,33,54
20,41,51,57,41
21,23,48,31,49
22,37,29,34,6
23,31,56,15,43
24,45,18,15,48
25,11,10,41,17
26,51,3,51,34
27,12,25,10,57
28,35,48,41,43
29,33,11,53,36
30,49,25,55,45
31,3,52,50,19
32,21,35,4,57
33,52,3,19,42
34,33,47,18,9
35,36,40,56,5
36,56,4,59,30
37,55,56,29,42
38,27,59,15,38
39,52,22,1,4
40,51,26,10,9
41,30,57,34,4
42,16,34,47,19
43,35,29,14,29
44,11,5,40,37
45,16,3,24,8
46,29,52,23,5
47,5,15,18,48
48,47,31,18,20
49,27,1,55,24
50,37,28,50,25
51,22,58,2,19
52,42,31,5,16
53,13,47,46,23
54,7,16,43,0
55,57,36,54,1
56,55,10,14,30
57,19,22,55,0
58,55,6,41,16
59,35,46,4,49
60,59,23,37,23
61,51,28,23,24
62,30,32,34,18
63,10,4,25,26
64,58,40,9,33
65,8,56,44,49
66,31,50,33,27
67,45,23,56,2
68,3,31,21,44
69,15,45,16,14
