1
Grid:
70,70
@@.....@@..@@......@......@.@@..@.@.....@.....@@.@.@.@...@...@@......@
@@..@@..@@..@..@.@@@...@....@......@....@....@.@....@@......@.@@.@..@.
....@.......@.@.@@@.@@.....@...@@...@..@.....@.......@.@.@@...@......@
.@..@.@..@.......@.@..@...@.@...@.@@......@@@.@....@..@.....@.........
........@@...........@@.......@.@...@..........@...@.@...@...@....@...
......@..@.@.@.....@......@.......@.@.@.@.......@@@..@@....@@.........
.......@....@...@...@.@..@...@@....@@..@..@@..........@@.@..@......@.@
@.....@.@...@...@...@......@.......@..............@.....@..@....@.....
...@...@..@....@......@.@@....@...@@......@..@.@.@...@........@..@..@.
..@.@.@...@@......@....@@....@..@...@....@..............@....@.@...@..
.@@............@.@.@@...@.@...@.@.............@.................@.@@..
@.@@@..............@...@@...@.@.......@.......@...@@@@..........@..@..
..@..@@.@..@.@@...@@@@.@...@@.@@..............@............@@.........
.......@....@..@.........@@.@.............@@...@..@......@@.@......@..
.@.....@@@......@....@.@@......@@.@..................@..@...@..@.@..@.
.......@...@@@..@.@...........@..@.........@@.@..@..........@....@..@.
........@...@@@.@........@@.......@@...@@....@.....@....@...@...@.....
........@.@........@...@.@........@..@@@.....@..@.@..@..@.@..@.@.@....
@....@.......@..@@@.@......@....@.@.......@..........@.@......@..@@...
...@....@.@.@...@.......@@@@...@..@.@@.....@@..@..@...@@..@.@.......@@
...@...@......@@..@.@...@.@@@...@...@............@.....@..@......@.@..
...........@@.@@........@............@.@..@......@@...@@@@.....@.@.@..
....@@.................@..........@.@.@.......@@@.....@...@.@....@@.@.
....@@@..@.@@..@....@.@.....@@..@..@.@.@.@@.@.@.@@.....@.....@..@...@.
.....@.................@...............@..@..@.@.@@...@.@....@..@@@@..
.@.....@.......@......@@...@.@...@.@......@@.@@@......@.....@.@....@..
........@..@............@@......@@@.@..@..@@.......@.........@.....@..
........@...@....@...@....@@....@...@..@...@.@.@...@..@....@....@.....
................@@..@@....@...@.........@...@.@.@@..@.@..@..@...@.@@@.
.....@......@....@.@..@..@.@.....@...@..@.@@.@............@.@.@@......
...@...@...@@..............@@.......@@@......@......@.@...@...@@.@.@..
..@.....@.@...@.@@..@....@@........@...@...@..@@.....@.....@@@........
..........@@@..@...@......@...@...@..........@.@...@..@.........@@....
.@.@..@@@.@....@@..@...............@....@.@@@....@..............@.....
.@@...@....@@..@.......@@....@.............@@@..@.@.................@.
@@.....@.@..@..@@@....@@.@..@@..@..@.@....@@.@...@..@.@.....@....@@.@.
@@..@..@....@....@@.....@@.........@...@.......@@..@......@@.......@.@
@....@@..@.....@.@.@.@.@.........@@@..........@....@.@.........@......
..@.@@.@..@@............@...@@.@.....@..@@..@@....@......@..@.@....@@@
.@...@@..@....@.@..@.......@@.@....@..@..@..@...........@.....@..@@..@
......@@@@....@@..@.@..........@....@.@.@..@....@@..................@.
@........@@.......@..@..@@.....@@........@.....@...@.@@...@..........@
@....@.@@@...........@..@....@...@.@..@.@@..@.@@......@...@....@...@..
...@@...@@@..@.@@...@........@.@..@@....@.@.....@...@........@.@@.@.@.
...@@.....@.@@.@..@...@...@..@....@.....@.@@..@.@.@@..@.@...........@.
@.....@...@.@..@....@.@.@.....@...@.....@@....@..@.@.@..@......@@.....
@.@...@..@..........@...........@@..@.@...........@...@@.@........@...
...@.......@@...@.....@.......@@.....@..@.@@......@...@.......@@@.....
.........@..@.@..@...@@.....@.@@.......@........@@@@..@@..@..@......@@
.@..@@.......@..@@....@.......@.@.@..........@@.@..@@..@.@....@.......
......@...@.....@@.............@@....@.........@.@.@...........@.@@..@
@@.......@........@.@@......@@@......@.........@....@.@.@.....@@@.@...
.@@...@@@@@....@.@.@.....@.@..@......@@@......@.@...@.@..@..@@..@.....
.@......@.......@@@.......@@...@@......@.@...@...@......@@....@.......
..@..@@..@..@@..@.@...@...@@.................@....@@.@.@@.....@.......
.@.@....@....@@@...........@.......@.......@.@.@.@...@.@@......@.@....
@@..........@...@.@.@..............@.........@.@@..........@.....@..@.
...@...@..@.@@.....@...@.....@.....@...@.@....@......@..@@@@.@....@.@.
.....@.@.............@@......@............@...@....@......@@.....@....
....@@.....................@.@...@....@..@..@..@@.@...@...@@@....@@@..
.....@@...@...@......@@.....@.@........@........@.@........@.@@.......
.@@....@@.@...........@..@@@.@.@......@...@...........@.@..@@@........
..@..@......@@...........@@.@..@......@.@...........@....@...@..@.....
....@.........@@..@....@@@.@@@......@.@..@@..@...@..........@........@
...@..@.@.@@.....@..@...@...............@....@......@.@@..@.@...@@....
..@...@..@.@..@.@.........@@@...@.......@..........@.@.....@........@@
...@......@@@@.......@....@.@..@..............@@.....@........@.......
@......@......@.....@@@.@...@@................@.@....@.@@.@@@..@.@@...
.@..@..@@@.....@....@.@@..@.....@@........@@.@.@@..@.....@.@@.......@@
@............@...@.@....@..@...@@.@.....@.@..@.@...@.@......@@..@.....
Agents:
50
0,14,17,22,52
1,55,21,39,24
2,29,6,41,19
3,19,52,51,4
4,6,38,41,36
5,10,59,67,35
6,49,43,36,42
7,69,8,13,10
8,48,2,68,66
9,57,0,28,31
10,9,28,43,38
11,58,37,34,18
12,2,61,7,30
13,56,40,43,53
14,50,21,26,26
15,20,12,47,14
16,40,29,6,64
17,33,11,18,58
18,54,3,62,44
19,27,50,64,43
20,33,29,61,49
21,66,61,33,5
22,63,39,32,31
23,36,60,60,51
24,34,40,57,32
25,8,27,57,60
26,22,57,49,18
27,3,52,27,34
28,69,18,53,69
29,55,54,51,60
30,27,46,39,52
31,33,5,10,50
32,52,68,2,6
33,3,37,24,14
34,69,25,0,3
35,65,18,25,24
36,27,67,62,49
37,0,45,29,0
38,50,18,47,19
39,27,38,37,16
40,37,56,52,26
41,65,60,18,51
42,8,54,21,52
43,56,37,7,9
44,26,28,30,30
45,37,40,34,8
46,7,26,42,22
47,51,7,13,30
48,10,55,19,57
49,0,37,23,57
