0
Grid:
70,70
.@........@..@..@@.@.......@@@....@.....@..........@...@....@@........
....@..@@@.@......@........................@@...@@..@..............@..
..............@....@.@...........@.....@.............@.@...........@..
........@..@................................@.......@..........@.@....
.........@.....@....................@.......@......@..@..@@....@.@...@
@...@.@...........@@...@........@........@.@.....@.............@......
@..............@.............@......@.........@..@.......@...@......@.
..................@@...........@.@.....@..................@....@......
...@@..@.@@......@.....@...@....@@.@....@..@@........@................
@@....@....@@..@..................@...@...............@..@..@....@.@..
@@.......@........@................@....................@..........@@.
...@............@..........@..@@@.............@.@.............@..@@...
....@.........@....@......@..@......@........@............@@.........@
.@.................@.@....@................@.@......@...@.......@.....
@.....@...@.....@...@....@...@......@............................@....
..@...............................@.......@.......@....@...@...@@..@..
@...@...............@....@.....@....@..........@............@.@.......
...@@@.....@...@......................@...............................
...@@.........@...@...@@.@........@.@.@..@.............@..@..@....@...
...@....@....@.....@.....@@@........@.............@...@..@....@.......
..@.@..............@...........@..@...@@.....@.........@...@...@......
......@@..@...............@...@...........@..@.@.@.........@..........
.........@....@.........................@...@.@..@....................
@..@@.@.@............@.....@.....@...@..@....@........@.........@..@..
..@..................@......@@..@............@.@..@..@................
.@.........@.....@..@..@..............@......@.............@......@@..
...@........................@......@..@.@.......@....@..........@.@...
@.......@@.@........@..@..........@..@..@...@.......@......@..@...@..@
...@..............@..................@....@..........@................
.@.@@.@....................@..........@..@.............@.......@......
@.....@@@@.....@...............@..@..@.....@@.....@....@@....@........
..@..............@......................@@........@@...@.@@...........
.@@..........@....@.......@....@......@...@..@.@......@.....@...@@....
.@..@..........@.......@.................@.....@.@....@.@@.......@.@..
.@..@.........@.....@@............@............@.........@.........@..
..@...@...@.........@.............@@..........@....@.....@.....@......
.@@....@......@...@..@.........@.....@............@.@..............@..
.@.............@...................@.@............@.........@....@..@.
.@@...............@.@...@....@..@..........@......@...@@.@..@.@.......
@.........@..@@.@..@.@..@@...@.@..........@@..........@@.....@..@.....
...............@......@@............@....@..@...@.@....@.@...@....@..@
..@@..@........@........@.....@.@.@....@@.......@.........@.........@.
..........@...@............@..................@@...........@@.........
......@.....@....@.@..@..........@...............@..........@.@.@.....
..........@......@@@...............@...@..@.@@@..@...@@.............@@
.....@..@....@.@@..@.@..@.@.............@.........@...........@.......
.@...............@...@@...........@..@..@.@@......@.@@...@............
..........@..@...@...@....@....@...@....@...........@.......@@.....@..
@.......................@...@........@..@........................@@...
......@....................@...@....................@.@...@.......@...
.@.......@......@..@............@......@.........@@.....@....@........
......@...@......@......@........@...............@.@..........@.@.....
@.......@@...........@@.........@.@..@.....@.@..@.@...@.@........@...@
.......@...@................@...@...................@..............@..
...........@@..@@.....@..............@..@.@.@...@..................@..
.....@....@.....@....@....@.....@.....@..@...@....................@...
.@.....@.....@....@@..@...@......@....@.@.........@@.......@.....@@..@
................@...........@...@@..................@....@........@...
.@..@@....@...........@.........@.@@@..........@.............@.@...@..
...@.@............@....@.....@......@..........@.@.........@.@...@.@.@
........@....@...@..@....................................@...@........
@........@...@@...@...@....@..@.@..@......@...@......@..@....@........
..........................@.@...@................................@.@.@
......@.....................................................@.@......@
........@.@....@...@...@............@............@.@..................
......@@.@..........@....@..@.....@...@...........@....@.@.@@@....@...
@.@...@...@...................@......@....@.............@....@........
@...................@@..@....@...@..@@................@.@......@......
....@.......@.@.........@........@..@................@@........@..@...
.@@....@..................@........@..........@..........@.......@@...
Agents:
50
0,14,69,62,10
1,15,0,26,27
2,29,13,28,10
3,50,27,21,60
4,61,36,37,43
5,63,19,51,58
6,23,22,36,22
7,18,26,15,49
8,46,60,57,41
9,60,46,45,56
10,36,69,8,54
11,62,51,15,38
12,41,5,51,28
13,14,44,55,18
14,26,69,23,51
15,47,50,55,3
16,63,58,43,30
17,39,7,44,16
18,59,34,5,61
19,44,47,51,5
20,17,24,4,28
21,27,51,43,51
22,65,24,58,14
23,54,58,43,3
24,23,25,60,39
25,10,63,33,58
26,49,29,68,65
27,20,18,50,52
28,10,44,22,25
29,13,17,4,19
30,9,63,16,37
31,42,42,65,27
32,29,58,50,45
33,56,10,29,20
34,36,11,11,44
35,15,13,68,35
36,29,11,66,53
37,41,10,51,4
38,56,16,69,40
39,20,1,66,27
40,59,38,44,43
41,40,0,26,41
42,24,69,20,67
43,34,69,51,31
44,14,33,34,61
45,9,23,23,19
46,65,65,64,25
47,26,43,33,60
48,21,11,46,27
49,33,38,35,12
