0
Grid:
60,60
..........@.......@@..@@...@..@...@.......................@.
..........@......@@.@..@......@...........@@....@...........
.........@.....@...........@....@.@....@@....@.@@......@....
....@..@....@.......@..............@.@.....@........@....@@.
......@...........@.....@.....@....@@...@........@.......@..
............@........@.....@.............@............@.....
.......@..............@..............@......@.......@.......
@................................@@.....@.........@....@.@@.
.........@........@....@.....@......@.@.........@.....@.....
..................@.......@..@......................@.......
........................@.....@@...@......@...@.....@.......
..@.@...@................@@@...@...@.....@.......@.......@..
@........@.....@.............@.@...@......@.@..............@
...........@.........@.@@...@@@..@@............@...........@
......@..........@.@.....@..@.......@....@....@...@.@.......
..........@.................@.........@...........@...@....@
.........@...@@.........................@.@........@@.......
..........@...........@...@@...@.@...................@......
........@..................................@..@......@......
..@@.....@......@.........@......@..@...@@....@............@
...@@..@.@...@..@..@.....@....@@.......@.@......@@....@@..@.
..@.....@.........@...@...@.......@..@.@@....@.....@@.......
...@....@.....@.........@...........@.......@...@.......@...
.@........@.....@.@....@........@.@.@........@.......@......
.......@..@.........@.....@.....@....................@@@@.@.
...@@...@....@.........@..................@..@@@...@........
.....@@......@............@@.........................@......
...............@....@.@...@.....@.@..@..@......@.@..........
........@.........@.........@......@........................
......@.....@..........@....@.................@.............
.........@.@......@.....@@.........@..........@.....@.......
...@.......@.....@....@..........@@...@@.....@.@@...@...@@..
.......@..........@......@.@......@.....@..@...@@.....@.....
.......@.@....@...@.@..@.........@.....@....@............@..
....@....@.@..@..@....@.........................@....@..@@..
@...@@.......@..@.@....@.@......@.....@................@..@.
..@...@..@............@@..........@.................@.....@.
.@.....@@...@......@.@@..@@.@.......@.@......@.@....@.......
@........@@@......@.@.............@...@.....@.............@.
.........@...................@@.....@...@..@@..........@....
........@.@.@.........@.@........@................@....@....
........................@@........@@....@@...@..............
@.....@.........................@@..@...........@....@..@...
....@@.......@..@....@@@...@...@@...@.@....@..............@.
.......@.............................@......@......@..@@....
@@.....@.......@..@...........@@.......@@.......@.@.....@...
.......@......@.....@.......@.....@......@.............@....
..@........@.........@..@....@..............................
....@.....@.......................@@..@..................@..
.@@.@............@@.....@..@.@..@...@@......@..@............
....@.......@.........@...@...@@..@.......@.........@.......
.....@@.@......@......@...@....@......@....@.@............@@
............@.@...........@....@....@...@..@...@.@..........
.@......@..................@.@.@@...@...@...@@...@.@......@.
................@........@@@........@......@....@@..........
@...@.....@.@.@@....@@.................@..@.....@.@.........
.........@....................@.....................@@....@.
....@...@........@.@..........................@....@@.......
.....@@.@.......@...............@....@..@@.........@.......@
........@@...........@.@@.@..@..@..@..........@........@....
Agents:
80
0,53,25,6,54
1,44,34,47,34
2,2,21,8,28
3,17,32,39,27
4,15,37,10,59
5,9,53,18,20
6,11,55,54,12
7,56,34,44,12
8,27,48,56,10
9,47,23,40,15
10,10,34,51,57
11,4,17,38,55
12,3,47,18,50
13,1,28,3,24
14,45,33,40,13
15,52,34,35,42
16,54,38,19,21
17,23,37,34,46
18,57,50,17,16
19,12,10,14,12
20,24,52,36,54
21,28,45,7,24
22,41,5,43,24
23,40,30,58,13
24,54,8,49,10
25,23,27,0,53
26,16,0,1,16
27,18,26,22,7
28,23,49,33,49
29,9,22,43,26
30,41,53,52,55
31,0,53,59,7
32,21,54,18,33
33,52,22,33,22
34,8,17,2,57
35,6,9,2,53
36,39,31,21,47
37,33,37,53,16
38,9,24,14,27
39,20,56,38,22
40,43,29,51,48
41,27,23,56,7
42,17,41,48,31
43,42,5,5,10
44,3,48,36,27
45,29,1,45,42
46,29,2,53,26
47,8,56,30,16
48,18,36,10,9
49,21,14,20,52
50,10,21,39,57
51,9,32,10,51
52,13,16,59,14
53,48,3,27,8
54,9,9,22,5
55,36,10,22,32
56,39,3,16,21
57,13,17,35,30
58,58,7,44,26
59,1,32,19,52
60,7,7,48,24
61,18,55,15,21
62,45,23,3,39
63,38,6,11,38
64,7,12,4,27
65,12,56,8,42
66,32,9,25,35
67,52,46,8,50
68,13,10,41,38
69,42,26,33,51
70,51,20,27,59
71,8,7,38,32
72,44,57,57,45
73,22,4,15,36
74,15,2,47,36
75,20,36,20,6
76,25,5,22,58
77,57,39,27,21
78,15,25,52,30
79,25,2,29,41
