3
Grid:
20,20
....@...............
..@.@.....@.........
......@.@.@.@..@....
..........@......@.@
....................
......@.............
...........@.@...@@.
..@@...............@
.@.@.@@@............
....@............@..
.@@....@..@.......@.
.......@.@.@........
.@..@...............
.............@..@.@.
..@.........@@....@.
.......@..@@@...@.@.
....@.........@....@
@........@.......@@@
.............@......
...@................
Agents:
10
0,4,3,12,17
1,4,19,15,19
2,17,10,13,7
3,11,16,0,5
4,18,1,11,1
5,16,7,2,16
6,3,0,5,2
7,6,8,12,0
8,14,6,13,5
9,9,7,17,5
