1
Grid:
70,70
.@.@.........@..@@.......@.@...@@.....@@.@@.@.@.@....@....@.@@..@.@@..
...@@@....@...@.@@....@@..@..@...@.@@@.@...@..@.@...@.@.@@.@@.........
@@.....@.......@..@@.@....@......@.@........@.@@.@........@.@...@.....
.@@@.@...@@@.@..@.@@..@....@@.@@@..@@....@@@....@....@.@....@..@..@..@
.@.@@....@..@.@@.@..@........@@..@....@@@.@@...@@@....@@...@@....@....
..@.........@.@.....@....@.@.@...@@@.....@@@....@..@.@..@..@@..@.@@@.@
.@......@@@...@@.@..@...@..@.@.....@.@..@..@@..@........@@....@..@...@
.....@...@@..@........@.......@..@......@......@.....@.@.......@....@.
..........@@......@.@.@.@...@@@@..@@@..@@.....@..@.@...@.@.........@.@
.@..@.....@.......@...@..@@...@@.....@..@...@.@........@...@.......@..
...@...@.....@@@@@@@@.........@@............@...@.@.....@.@...@@@..@@@
..@.......@..@@.@@............@@.@@...@.@@.@........@......@...@..@...
@@...@.@@@@.@@@..@@@.....@...@..@@......@..@.....@.@....@.....@@......
.@.......@.@....@@@.@..@....@@@...@@....@......@@......@.........@.@..
..@.......@@..@@.@.@@.@...@.......@..@@...@.@.@..@.@.@....@.....@...@.
.@......@@@@................@..@@@...@.@........@@.@..@@@.@.@.@.......
@..@.@...@@...@....@.@..@...@@.@..@...@..@...@..................@..@..
@.@.@@@..@.@.@@.@.@..........@..@.............@.@........@............
........@..@....@......@....@@...@@.@@.......@....@.@..@.@....@.......
.@.@.@.@.@.@....@........@@.....@..........@.@....@..@...@@@...@@@@.@.
.@.@..@....@@@....@...@......@@@@..@..@........@..@.......@@@.@..@.@..
.@....@..@..@.@.@.@.@@...@@......@..........@.....@@..@@.@.@....@@....
@.@....@@.....@....@.@@...@..@..@.@@..@....@........@@@....@@.@....@@@
@....@@.@........@.@@@..@@..@...........@.@...@.@.@@.....@.......@@..@
..@.......@..@..@.@.........@....@@......@.........@@@.....@..@@@..@@.
@...@@...@@.@..@.@.@@...@...@...@.@@.@@...@.......@.@..@.@...@...@@.@@
..@...@..@@@@....................@.....@...@.@.@.........@...@...@....
...@@@@.....@......@...@@@@..@@.@...@@@...@....@@@..@....@..@...@@@...
.....@.@.........@....@@.@.@.@@...@.@...........@.....@@@.....@.@.@..@
..@......@....@.@......@@.....@@@.@.@@....@@...@.@@..@@@...@@@@.......
.@.@......@..@....@@....@..@..@.@.@.........@@...@..@.@...@.@...@.@...
.@@..@..@..@@.@......@.@....@.......@.....@....@..@....@@.@@........@@
....@@...@..@@..@@@.....@..@..@..@.@.@@@.@@@.@..@...@...@.............
.................@@@..@.....@@..@@....@@@.....@@...@.....@....@...@...
.......@...@@...@@..@.@@..............@...@....@.....@.....@...@...@..
....@@..@@.@.@...@@..@@.@@.@.@.@@@.@@@...@....@....@.@@..@.....@@....@
...@.......@...@.@........@.@@..@@@@...@......@@.@@@..@.@@@.@@........
..@...@...@..@.....@..........@@...@@..@..@@.............@...@.......@
@@..@@....@..@.......@.@....@......@@.....@.....@.@...@.@.@@.@@.......
.@..@.....@@..@@.@@.....@....@.............@@.@.....@..@.@...@@...@@.@
............@...@..@..@@@..@@.......@.@@.@.@@@.@@@@.@...@...@....@...@
...@@.@...@.....@......@@@....@..@..@.....@...@.@...@..@.....@........
@@@....@....@@..@@@@.....@..@..@@@@@..@@@...@..........@.......@....@.
.@......@..@....@@.........@.@.@@@.@.@..@..@..@@@@..@..@.@...@..@@@@..
@@@..@.@.@..@@......@..@.@....@..@.....@@@....@@.@....@.@........@.@.@
.....@.@........@@..........@..@.@..@.@..@.@...@@.............@@@.....
...@..........@..@.@.@@.......@..@@@.....@.@@@@@@@..@..@..@.@.@@@.....
@.@.@...@@..@..@@.....@@.......@@...@.......@@....@@@...@..@.@.@.@@..@
.@@@@....@...@.........@.@....@@.@.@.@@.@..@..@....@...@@.....@@..@@.@
.@..@@.@..@.....@@...@@.@@.....@@@..@.@..@....@.@......@@@@@.@.@...@..
@@...........@@......@...@..@@@....@.@...@......@.@.....@@.......@....
.@@....@@@.@..@..@.@...@........@....@.....@.......@...@...@@......@..
............@.....@@@......@@.@....@......@..@@....@..@@..@.....@@....
........@.@@.@@....@..@..@.........@.@.@@.....@.@@.@.@........@.....@.
..@@.@...@.@....@.@..@.@.........@.@..@..@...@@@...@...@.@........@..@
@..@.......@.@..@....@@@...@.....@.........@...@.....@..@...@@@@.@....
...@....@.@...@@@.@@...@.@@@..@@@....@@@........@@@..@.@...@...@......
...@.@@@.......@..@....@@.@.@@@.@...@..@...@@@@@..@.....@......@@..@.@
.............@..@.@.@....@...@@.........@.@@@.@......@.....@.@...@@@..
...@@@..@.....@@........@@....@.@.@@.@..@...@...........@.@.@....@@@@.
..@....@...........@...@..@@@...@@.....@..@.@.@.....@.@@....@@......@.
@.....@@@..@..@......@..@................@@@.....@@.@@@..@...@.@..@...
.@......@.@.@....@@..@..@......@@.@.......@...@.....@.@@.......@@..@.@
.@@@..@..@...@......@@..@.@@.@.@@.......@.............@@@@......@.....
@....@.@.@......@..@...@...@.@.@.@.......@..@@@..@....@.............@@
.@..@@.....@............@....@.@.@..@..@@...@@.....@@.@@@@...@........
.@......@..........@.......@@.....@.@...@...@@....@@....@@..@@.@..@@@.
.@.@@..@.@@.@@@....@@...@@.....@.....@...........@@.@@@@@.......@.....
...@..@@..@@....@...@@..@....@.......@@@..@.......@.@@....@...@..@..@.
@.@..............@.@.......@...@......@@@@...@@.@@@...@@.@.@...@......
Agents:
40
0,6,51,8,44
1,8,58,67,57
2,55,29,2,66
3,58,35,19,44
4,32,23,5,24
5,43,44,69,33
6,33,61,23,44
7,17,22,65,26
8,19,47,63,30
9,3,21,23,12
10,23,12,42,53
11,55,2,33,60
12,60,69,48,68
13,2,14,53,26
14,48,26,63,36
15,60,58,38,66
16,44,36,44,60
17,17,23,22,3
18,14,56,32,22
19,39,7,33,0
20,26,53,18,53
21,15,7,66,54
22,62,29,12,57
23,33,31,60,30
24,4,67,33,44
25,56,28,29,5
26,2,31,2,29
27,52,52,61,4
28,69,47,57,52
29,31,34,15,22
30,37,54,26,5
31,5,22,1,6
32,55,37,17,68
33,55,17,11,54
34,33,64,42,41
35,58,58,42,57
36,38,32,29,4
37,19,6,25,2
38,27,18,16,56
39,63,28,55,58
