0
Grid:
20,20
....................
....................
....................
....................
....................
....................
....................
....................
....................
....................
....................
....................
....................
....................
....................
....................
....................
....................
....................
....................
Agents:
20
0,13,18,4,15
1,16,0,16,10
2,11,10,1,18
3,2,0,1,12
4,9,0,8,9
5,15,7,15,0
6,14,10,9,8
7,15,11,2,5
8,13,0,6,16
9,4,13,12,14
10,17,7,5,13
11,11,11,16,7
12,18,15,18,2
13,1,8,5,5
14,11,18,4,1
15,6,19,16,0
16,1,15,7,4
17,2,17,16,6
18,17,19,8,12
19,10,18,6,10
