2
Grid:
60,60
..........@@................................................
....@...............................................@.......
................@................................@..........
.............................@@..................@..........
............................................................
.......................@.....@........................@.....
..................@..........@........@.....................
....@.........................................@.............
..........................@.................................
.....@....@@...................@.....................@......
........................@.............@.....................
........................@.........................@......@..
@........@..........@..........@.........@..................
.......@....@....................@....@.....................
............................................................
...................@...@...............................@....
...........@....@..............@............................
..@.........................................................
...............@.@..........@...........................@...
................@@...................@......................
............................@..................@............
.................@.@....@......@...........................@
.................@....@..................................@..
.@..............@............@.....@................@..@....
...@.....................................@..............@...
....@.......................................................
....................@.......................................
......@...................@...@.........@..@.@........@...@.
.............................................@..............
............................@.......@................@......
......................................................@.....
................................@.......................@...
.............................................@....@.........
...........@..............@..................@...@.......@.@
........................@................................@..
....................@...@.................@.................
......@..............................@......................
...................@............@..............@............
...@..................@.....@...@...........................
...............@..........@.................................
.........................@.......@......@@...@..............
.....@@.......@...@...........................@.............
.........@...........................@..@.........@.........
.................@..........................................
..............@........................@...........@........
.......................@...@............@...............@.@.
...@...@@.............................@@....................
........................................@......@............
...@..............................@...@........@.....@......
..........@...................................@......@......
....................................................@.......
............................................................
............................................................
......@..............@.........@.@.........@.........@......
....................@.........................@....@......@.
..@.........@.....@@..@.....@..............@................
................................................@..........@
........................@..................................@
.................@.@........................................
...............@...@..............@..@@.......@....@........
Agents:
45
0,44,48,7,1
1,5,19,43,49
2,15,22,56,40
3,13,0,38,52
4,31,50,56,52
5,46,16,54,37
6,46,13,15,9
7,48,41,33,33
8,29,22,46,53
9,4,51,55,16
10,4,46,29,22
11,31,9,15,15
12,9,25,49,5
13,29,45,8,19
14,11,19,26,38
15,48,55,27,51
16,33,14,5,18
17,10,54,3,32
18,18,48,22,9
19,1,24,40,53
20,2,34,23,54
21,42,39,2,45
22,44,8,38,53
23,22,59,4,15
24,12,52,31,28
25,44,19,33,40
26,35,58,49,14
27,50,3,20,6
28,50,6,17,56
29,21,1,46,30
30,5,56,1,51
31,40,34,30,44
32,31,35,19,19
33,3,16,38,34
34,19,8,38,6
35,45,18,45,11
36,14,57,7,40
37,26,30,59,14
38,40,20,40,36
39,22,11,39,28
40,7,55,7,13
41,11,14,46,47
42,38,12,50,25
43,3,14,23,39
44,57,25,23,6
