0
Grid:
60,60
..@.@@.....@....@..@@.......@@..@@.@...@@@....@....@@@..@.@@
@.....@..@@@.@....@@@....@@...@@@...@.@........@...@.@@@.@@.
..@@@....@@@...@.@....@@....@.....@@@.@@.....@........@.....
..@@....@@@..........@@.@...@..@.@.........@.....@..@..@..@@
@.....@........@.@..@.@@.......@.@..@.........@..@@@.....@..
...@.......@...@@.@...@@......@@@.......@.@@..@@.@.@....@@@.
.....@...@@...@..@@@@..@......@.@@..@..@..@...@..@..@.@.....
@....@.@@............@@@.@@.....@.@..@@..@@@.....@@.@@.@...@
.@.@.@.@@.@@..@.......@@.@...@...........@@@@@.@.@...@.....@
.........@..@@........@....@.....@.....@@..@.@....@@.@.@....
.......@@....@@.....@@.......@@.@@@.@.....@.........@.@....@
.....@.....@...@@.@..@......@@@...@..@..@..@@...@.@.....@...
@..........@.....@.@.....@...@..@..@....@@..@.....@@@..@@...
@...@.........@@........@..........@.@@.@@.....@..@@..@.@.@@
..@@......@@....@.@@@.@.....@..@.@.@@.....@.@.@.@@.@@.@....@
..@....@......@@...@.@...@.@.@..@......@.@.....@@@.@.@.@....
@@..@.@@@......@..@.@...@..@......@...@.....@@.@.@.......@..
...@....@....@@.@...@.@...@................@.@.@.....@...@..
..@..@@@.@.....@@@..@...@.@@.@.@..@..@.@....@..@.........@.@
.......@@@@@..@..@....@............@..@@@...@.@.@..@.....@..
.....@.......@@@@.@@@.@@@...@....@...@@..@.....@@@@@.....@.@
.............@...@.....@..@.@.@@.@...@......@@@......@......
....@....@...@....@......@@.@...@...@@@........@@....@..@..@
...@@@@@@....@..@......@@...........@..@...@..@@@........@..
...@...@.@...@..@..@..@@.@..@@......@@..@....@.....@..@@...@
.....@..@..........@...........@@.....@....@....@...........
@..@.....@@@.@........@...@...@...@......@......@...@.....@.
.@.....@..@.@..@...@..@.@....@..@....@.......@@.....@@....@.
...@.@@.......@.@.@..........@............@....@@....@...@..
.@.....@.@@.....@..@@@@..@.@....@..@........@.@.@....@......
@@@@@...@.@@@..@...@.@..@......@@@.@@..@@..@.@@.@...@.......
....@@..@....@...@....@@@..@..@.....@.@........@@.@..@.@....
..............@....@....@...@@..................@...@.@..@..
....@.@...@@........@@.@.@.....@@@....@..@..@@....@...@.@@@.
@.@.@@.@....@.@.....@...@...@@.@.@....@@@..@..............@@
@..@....@@@............@.@.@@....@@@..@@.@.@......@.....@.@.
.....@..@.@...@@@@...@@..@@@..@@@...@..@.....@.@.@@.@..@.@@@
@.@..@@.@....@...@.@..@.......@@......@..........@.......@..
@...@@@..@.@@@.@.@......@.@......@..@.....@@.......@..@@....
...............@.........@.....@.@@.......@@@..@@......@..@.
@...@@....@@@.@...@..@@.@.......@.........@@.......@...@@@.@
........@...@@@........@...@.....@.@.......@.@..@..@....@...
@......@......@..@@..@.@.@....@@.....@....@.....@...@@@.@@@@
..@@.@@..@..@...@@...@@@@.@.@..@.....@.....@@.@......@..@.@.
@..@....@@..@@.......@......@...@.@@.....@.....@......@.@@@.
@@.@..@....@....@@...@..@.@.@@..@@.........@@...@...@.@..@..
.@@@.......@.@......@.@.......@.....@...@@....@@...@....@@..
.....@........@....@.@..@@@..@.....@.....@.@@@@..@...@....@@
......@..@..........@@....@@@.....@...@@@@@.@@....@.@..@@...
@..@.@@@@............@@.....@.....@@......@.....@@@...@....@
.....@@.@...............@..@.@.@@@.@.@.........@....@......@
...@@@.@.@.......@.@.@@@...@@@@....@.@.@.@.@....@.@..@..@@..
@..@.@@....@........@...@@...@@..@@.@..@.@....@@..@@........
.@....@...@@@....@.@..@@..@...............@....@@.@......@.@
@.@.@@.....@@.@...@..@@@@@.@..@..............@..@..@.@......
@@@.@@.@...@.@.....@...@.@@@.@.@......@...@..@@.@@@.@...@@.@
@.@@.....@..........@..@..@...@.@@......@@...@.....@.......@
.@.....@.@.@@@..@.@......@....@@@@.....@.@..@...@..@.@...@.@
.......@.@..@@@@...@@...@.@........@.@.@.@.......@..@..@.@@.
.@..@@.@.@@.@.@....@@@.@@.......@@@@...@.....@..@@@.......@@
Agents:
40
0,31,39,37,50
1,33,15,17,41
2,9,10,41,28
3,27,36,54,58
4,22,40,50,54
5,38,31,37,9
6,9,0,6,7
7,48,32,49,11
8,50,15,49,37
9,47,51,21,51
10,53,39,47,7
11,48,43,50,53
12,32,35,29,45
13,55,44,25,12
14,29,59,20,40
15,11,47,23,56
16,8,57,30,54
17,47,54,44,4
18,52,27,35,53
19,12,57,11,23
20,24,58,56,10
21,54,42,33,9
22,37,12,0,3
23,20,30,31,20
24,22,43,33,59
25,4,10,25,57
26,8,38,32,37
27,32,56,12,6
28,20,2,37,4
29,14,12,7,54
30,31,35,22,45
31,10,57,30,6
32,55,22,29,57
33,22,6,15,35
34,25,25,16,10
35,53,36,13,21
36,46,14,54,36
37,54,28,25,18
38,33,2,41,6
39,15,3,17,35
