2
Grid:
70,70
......@...@@..@@@@..@....@..@@..@.@..@@..@.@..@..@@@@....@.@.....@....
...@.@..@@.@.@.@...@......@..@@..@....@@....@...........@.@@..@.@.....
@.....@@..@....@@....@.@......@....@.@.@.....@@...........@.@.@@...@.@
@@........@.@.............@....@.@..@@.....@.@@...@..@....@...@.....@.
.@@.@.@@@..@.@.......@.@...@@.@@....@.@...@.....@.........@....@.....@
.@..@@................@.....@@.......@.....@@.@..@.@..@....@.@....@...
@@..........@......@.@.@@..@@...@.@@@...@....@@@@...@.@@@@....@@......
..@@..@..@@.@......@@@@...@@.@...@..@@@@.@.....@.........@@@........@.
.@@........@@...@@@...@@.@.......@@@@@.....@@..@@@...@...@@@.........@
............@.@....@...@...@..........@@..@.@..@..@...@.@..........@.@
@........@...@......@@.........@.....@...@.......@..@...@@....@@@.@..@
.@@@.@..@......@...@.....@....@..@..@...@......@@....@.@...........@..
.@.....@....@@..@@...@..@...@........@......@....@@...@...@...@.......
....@@@@....@.@........@@..........@....@......@..@@.@...@@......@....
.@...@..@...@...@...@@.@.@@.@..@@.@....@@................@.@...@.....@
@@...@....@.....@@@@.@.@..@..@....@.@...@..@..........@@@@.@..@.....@@
......@.........@.@@@@..@.@@..@@...@...........@.@......@...........@.
@@.@@.@..@...@..@@@..@...@........@.@.@@@.@....@.@@.@@@.....@.....@...
..@.....@...@@...@...@@@@....@..@.....@..@.@......@.........@........@
@...@..........@.........@.......@.@..........@.@.@.....@@@.....@.....
.......@..@.@........@...@.@........@@.......@...@..@.@.@@....@....@.@
@.@@@.@......@....................@.....@.@@.@.@.@........@.@...@@....
...@.@..@.@......@..@...@@.....@.......@...........@.@......@.@..@@...
@..............@.....@..@...@@..........@.@@@..@...........@..@@@..@@.
........@....@.@@......@........@.@@......@......@.....@@.@@..@.......
....@...........@...@........@.@.@........@....@@.@.....@..@...@.@@...
.@.....@..............................@@..@@.@....@..@@.....@...@.....
......@..@.@......@..@..@............@...............@@......@..@....@
.....@...@.......@.@.@@.@..@.....@......@.......@..@...@.@@........@@.
.....@@@...@...@..........@......@......@@........@..@@@..........@...
.@....@.....@.......@..@.@.@.............@..@.........@..........@@...
.@...@.@.......@...@.....@@@.@...@.........@..........@@@@..........@.
.@@....@......@.....@@@@..@@..@.@.@...@...@@.@.......@@...@@...@@.@...
.@....@@@.@..@@..........@.@..@..@.@.@.@.@@.@.@...@...@.@........@.@..
......................@..@..@@@.@.@.@.........@..@.................@@.
..@...@........@........@.....@@......@..@@....@....@.@.@.@......@....
...........@...@@..........@@.@..@@......@....@@....@.@......@..@..@..
@.@.......@.@@........@...@.......@@@...@@..@@@.....@......@.......@..
........@....@.....@......@.......@@.@@........@.@..@...@@@...@..@....
@.@..@.....@.@..@.@@.@..............@...@.@.........@...@.@.@.@.......
@.@@...@@@.@...@......@..........@@@..@@@...@@.@..@...........@...@...
@@..@.@.@.@@.....@@@@..@.@.......@..........@.@.....@......@@......@.@
...@.....@...@....@..@....@....@@.@....@.@@.@.@....@....@.............
.............@...@..@....@....@.............@@.......................@
............@........@@.@.@@..@.........@.................@......@@...
..@.@..@......@.....@.@.........................@....@.....@...@.@@...
...@@..@...........@.....@..@.@....@.....@@...@.@@.@..............@@.@
..@..........@@@...........@.....@.....@..@.......@.@.@..@.......@...@
.@.@.........@.........@@..@...@........................@..@.@..@.....
..@......@@.@@.........@....@.@..........@..@.@..@@...@........@.@@.@.
@.........@..@.....@.........@@...@..@...@..@@@.@...@@.....@@@......@.
@....@..@@@.@......@...@....@.@.......@@@...@..@....@..@..@..@@....@.@
.@....@.@.....@.....@@.....@@@@.....@..@..@....@@@..@@.....@......@@@.
.....@..@@........@@@.......@..@..@...@.@.@......@.....@.......@.@..@.
..@@.....@......@....@.......@@.......@...@.@...@@...@........@..@...@
..............@........@@...@@..@..@.@.....@@.........@..@..@....@.@@@
.....@@........@@.@.@.......@.......@@....@..............@@....@@....@
.......@.@@.@....@.....@....@.@.@@...@@@@.@..@........@....@@.@...@..@
@...@..................@.............@...@....@..@.@.@..@....@..@.@@..
......@@....@@@...................@.@.@@@....@@@..@@..@@.@@.......@..@
@......@.....@....@..@..............@...@@.....@...@.........@.....@.@
.@@@...@..@..@@.......@....@...@@.....@...@..@......@....@..........@@
..........@@.@....@..@.........@..@....@...@..@.@.@@...@......@@....@.
..@.@...@........@...@..@.@@...@....@..@.........@.....@........@...@@
@@..................@@.........@@..@....@....@..@.@@..@.....@....@@.@.
.@@....@....@.@..@....@..@@......@@@.@..@....@@..............@..@@....
@........@.............@.@.....@.@...@..@..@@..@@..@@..@..@.......@..@
@@.@..@..@.......@......@.@.@..@...@.@@...@.@.@@...@@...@...@......@..
...@....@..@@.......@@...@@............@@.@..@...@..@.....@@.@.@@...@.
@@@..@@.......@....@.@....@..@...@..@.......@@@..@....@..........@..@.
Agents:
70
0,64,17,35,50
1,28,6,53,58
2,9,17,61,56
3,49,53,19,16
4,67,36,16,54
5,69,28,62,59
6,5,31,56,35
7,63,60,33,64
8,20,29,39,64
9,7,18,24,26
10,42,25,45,11
11,45,11,40,13
12,32,56,9,45
13,58,33,15,39
14,25,9,54,63
15,69,23,69,38
16,10,65,19,14
17,32,10,25,12
18,0,26,18,6
19,40,30,67,54
20,20,32,68,50
21,23,1,3,47
22,21,69,41,15
23,69,60,41,66
24,47,41,57,46
25,54,24,23,52
26,61,58,11,31
27,65,63,15,45
28,20,51,17,63
29,32,40,48,11
30,50,25,68,31
31,66,67,32,3
32,52,55,54,40
33,55,20,22,56
34,40,12,47,0
35,57,31,54,13
36,34,59,30,2
37,34,35,30,18
38,38,55,55,66
39,19,11,36,36
40,36,59,49,35
41,0,53,24,27
42,20,66,29,36
43,2,1,39,61
44,39,51,29,46
45,35,48,41,36
46,28,31,36,38
47,17,67,51,65
48,33,4,9,16
49,48,6,54,24
50,53,24,65,48
51,19,65,0,3
52,23,16,34,17
53,10,38,26,30
54,38,39,12,30
55,16,11,56,46
56,11,66,29,60
57,68,4,30,3
58,42,69,6,65
59,60,66,39,28
60,52,25,61,63
61,33,31,49,11
62,23,34,63,32
63,49,43,0,60
64,28,18,11,13
65,37,66,69,41
66,44,54,41,65
67,3,35,69,59
68,35,32,18,37
69,47,21,8,50
