1
Grid:
70,70
@....@....................................@........@..................
..@..@@..@.........@..@@....@..................@......@............@..
.@.....@.........@..@.@........@........@.........@@.......@.........@
......@....@.@.......................@.@...@.@.@...@.....@.......@...@
...............@...@.................@..........@.....@.....@...@.....
...@........@......................................@...@..............
........@.@.......@........@....@.........@@......@@..@...............
@...@...@.................@@........................@.@.............@.
@....@.....@.....@...@...@..............@.....................@.......
..@.......@.......@........................@@....@....................
..............@........................................@..@...........
.....................@...................@......@.....................
...@...@..............................................................
............@..............@..............@..@@.......................
......@.@@..............@...................@.@.........@.............
......@............................@.....@........................@...
.........@...........@....@..........@.......@...@........@...........
.@.@@....@..........................................@.....@........@..
..@......@......@................@@................................@..
....................@..............@......@.@.@.@........@............
.....@......@........@.....@....@.......@...............@............@
.........@...........@..........@...................@.@..@..@.........
.@.............@....@......@@...@..@.........@.....................@..
..@@@....@@............@..@........@.@............@.@.................
.....................@@.............@................................@
..@...@.............@......@......@.....@.............................
.....@.@..........@.................@.............@....@...@..........
..........@.@.....@.......@....@.@............@......@.....@...@......
.@...@.........................................................@......
@....@..@........@.....@..@.@.....@@......@.@...................@.....
..............@..................@....@...........@...................
...............@....@.@.....@...............@...@.........@...........
.............@..........@.......@..............@@...............@.....
....@.........@..........@.@..........@...........@........@..........
.............@@.@..@.......................@@...@......@...@@.@.......
.....................@.......@.........................@............@.
...........................@.....................@..@.......@.........
...........@...........@.......@............@...................@@....
......@..........................@.............................@..@.@.
.........................................@..................@.@.......
.@..........@@@.....@.................@.@.@.........@...@.............
....................@........@@..@.......@........................@..@
@...........@.........................@....@...........@..............
..@.....@..@...................@.....@.......@@@@.......@.............
...........@.............@..@...@..................@......@...........
...@......@........@.@.................@.......@@.................@...
.....@.@......................@@.....@.....@...@......................
....@.....@..............@.@....................@.............@@.@....
........@...................@................@....@....@....@........@
........@...........................@............@...................@
@.@.........@.....................@.......@.....................@.....
..@...@.....@.@............@..@.......@..@..@.....................@...
.....................@@..@..@..@......................................
....@...@.@...@....@.........................@..@.....................
....@......@.........@......................@..@@.......@.............
.@.............@.....@.......@.....................@......@.........@.
......................@.........@@....@..@......@..@..@..@.....@.@....
....@.................@....@..@....@@.@.........@...........@.........
............@...........@...@....@...@.....@......@......@...@........
......@...........................................@..........@........
.....@..................@...@...@@..................@.....@...@@.....@
.@.................@....@....@.@..........@...........@........@...@..
....@...@.......@...........@@..................@.....................
..........@@..@.@...........@..@...........@.....@.......@............
@.........@.......@...@...@..@............@..........@....@.......@...
.@.......................@@...@.....@........................@@....@..
.......@........................@.@...........@@.................@.@..
......@.@.@......@.......@.....@..................................@...
..@.......@.......@..........@...............@....................@...
..@....@....@..........@@.@...........................................
Agents:
80
0,62,33,0,66
1,50,4,69,40
2,61,45,39,54
3,61,10,47,47
4,65,45,62,69
5,49,34,49,34
6,31,49,18,1
7,42,23,30,40
8,44,2,50,21
9,8,47,1,57
10,68,0,34,32
11,46,48,27,65
12,53,2,1,48
13,52,59,39,12
14,39,26,17,20
15,39,42,61,52
16,52,63,26,45
17,8,24,32,11
18,50,46,67,68
19,43,41,12,41
20,3,40,61,58
21,6,28,25,64
22,13,61,49,51
23,6,12,60,21
24,52,62,46,68
25,56,1,58,13
26,21,59,57,1
27,62,1,13,37
28,43,20,7,21
29,6,22,41,15
30,65,58,4,56
31,66,49,26,41
32,14,19,47,68
33,35,13,16,66
34,66,22,22,21
35,27,4,24,62
36,45,13,37,30
37,66,23,19,12
38,28,16,20,59
39,30,47,36,34
40,60,60,41,68
41,6,6,66,27
42,3,48,27,21
43,2,48,12,60
44,3,22,25,10
45,35,50,42,35
46,44,17,23,18
47,31,51,65,22
48,6,64,55,20
49,26,63,38,36
50,15,29,38,16
51,34,52,23,65
52,62,39,33,53
53,43,26,17,18
54,2,38,47,38
55,68,6,45,65
56,42,8,53,61
57,16,57,13,14
58,10,17,57,14
59,19,5,22,68
60,39,65,40,46
61,38,49,13,13
62,62,46,27,5
63,10,36,8,53
64,21,26,62,1
65,11,30,57,53
66,26,24,27,48
67,50,65,3,55
68,55,33,22,62
69,5,46,5,28
70,31,6,0,29
71,47,6,22,48
72,18,24,60,10
73,8,67,36,41
74,47,39,15,53
75,52,67,36,2
76,10,28,56,6
77,12,31,5,62
78,39,13,57,31
79,46,66,46,44
