9
Grid:
20,20
....................
....................
....................
....................
....................
....................
....................
....................
....................
....................
....................
....................
....................
....................
....................
....................
....................
....................
....................
....................
Agents:
20
0,1,4,1,0
1,12,14,2,8
2,3,11,10,0
3,14,18,18,15
4,17,3,15,6
5,7,16,16,15
6,19,11,4,14
7,17,7,18,5
8,10,12,16,4
9,16,14,5,15
10,10,6,0,3
11,12,16,9,4
12,18,12,2,19
13,0,0,14,9
14,9,16,7,16
15,8,18,4,2
16,0,18,7,11
17,14,19,3,2
18,7,19,10,3
19,7,12,3,17
