1
Grid:
70,70
..@.@@..@...@......@@....@...@............@...@@......@@.......@@.....
..@..@....@.@.@....@.@.@@...@....@...@...@.@...@..@.....@..@.....@.@.@
@............@....@...@.......@....@..@@...@....@@..@.@@.....@.@@.....
.@.......@@............@.....@.@.@.@....@@@.....@@...........@.@..@.@.
..@.......@@....@..@@@....@..@..@@..........@.........@...@....@...@..
.....@.....@.@..@.......@@.@....@....@.......@...@.@@.......@@..@..@..
...@....@.....@...@@@..@.@......@...@....@........@....@@.............
.@.....@....@....@.@@.....@..@...@............@@.@.....@.@.@.@...@....
..........@@.@.@.@.@.@...@@@.@...........@.@.........@.@.......@..@...
.....@...@@@....@..@.@.@.......@.@.@.@@......@..@...@.....@.@..@@@....
@.........@.@@.....@.@....@@......@....................@@........@....
@...........@@.@....@.@..@...........@.......@..........@@.@..@@.@....
...@..@@...@...@..@......@.@......@@.@..@.......@....@.@...@.....@.@@.
@@..@..@....@.@.........@@..@..@.....@.......@...@@...@@@@@.......@...
..........@.@.@..@..@@@.@........@.......@@......@..@@..@.@.......@@..
@....@@@...........@..@...@..@..@.@..@...@..@@.@...@.@...@@.@..@.@...@
...@.......@....@.......@............@@.@...@@@@....@.......@....@.@@.
..@@.@@...@.@..@......@@...@....@....@.@@.@....@.@@..@....@.....@@....
...@..@@..@@@.........@@...@.......@.@.@.........@@....@.@..@......@..
.....@..@.@........@.@.@@...@@.@...@...@...@......@..@........@.@..@..
.....@......@..@........@.@...................@.......@..............@
...@......@...@...................@@....@....@...@.@...@.@@.@..@@..@..
...@.....@@@@@.@......@@.......@@.....@..@....@......@.@.............@
......@.....@.....@...@.....@...@.@@.....@.@...@.@@.@...@.....@...@@..
.@.@..@..@@@.....@..........@...@....@.....@..@.......@.....@.@.@@...@
.....@.@....@@.@@..........@.@...@..@....@...@....@@..@.@..@.......@..
.......@....@....@.@@.@...@@....@...@.......@....@..@.....@........@@.
.@.@.......@...@..@........@..@@..@.@@@.........@....@.@.....@@.@....@
@....@...@...@....@.....@.@.........@@@...@..............@......@@@..@
.........@@.....@....@.@....@.@.....................@@....@...@...@...
@.@..@.@........@..@@........@@..@.......@@....@...@..@....@@.@...@...
.@@..@.@@......@..@...@....@@.@...............@.......@...@.....@..@@.
..........@....@@.....@@....@@.@....@.....@.......@.@...@@.@....@.@...
....@.............@.......@.@.@@@..@...@..@.@.@.......@.@..@....@.@...
@...@...@............@........@.@.@.....@.@...@.@.@@.@................
...@.@........@@...@.....@..@@..................@..@..@...@..@@.@@....
.@.......@.@........@.........@.@@@...@..@@.........@.@@@....@..@.@...
.....@.@@....@....@....@...@.@.....@.@.....@.....@......@...........@@
@...@...@....@....@@@@...........@@.@.@@..@..............@..@......@..
@@.....@....@@@....@.@.....@....................@@@@.@.@...@.@....@...
................@......@@.@.@....@..@.@.......@.@............@@@.@.@..
@.....@@.......@@........@....@@....@@.........@..@.......@@@...@.....
..@.@....@..@@....@..@.@.....@...@@@.@.@...@..@.....@.@@..@.....@.@.@.
....@@..@.@.@.....@@@.@.@.@.@..@..@..@..@.@@.@.........@@.@.@.@.@@....
..@..@..@..@@@.@@...@..@..................@........@.@...@@..........@
...........@...@........@...@...@..........@@....@....@@...@.@...@..@.
...@............@.@.........@@.....@@...@....@.@@.@@...@........@@@...
.......@..@...@.@.@@@....@@.@.@..@.@@.@..@@....@@......@.@.......@.@.@
........@....@@.....@.@..@..@.@....@..............@.@.@....@@@.@....@.
..@@.@@..@...@.@.@.@..@@.......@@....@..@@.@......@.@..@@..@@...@.....
....@..@...@@@.....@.@.@@..@...@..@.@....@...@@........@..@.@@..@@.@..
....................@...@......@....@@................@...........@..@
..@@@.@@.@@....@@.@.@@@....@@.....@................@.@.....@..@.@..@.@
..@@..@@@@.....@.........@.@.@.@@.@....@@....@..@...@..@@..@........@.
...@.....@..........@@..@.@@................@.....@@.............@....
@....@..@...@...@......@..@@@............@@..@.......@@..@....@.....@.
....@.@..@.@..........@.....@.........@..@..@.....@...@..@...@@..@....
.@.......@@.@..@...@.@..@.............@...@@@...@..@.@...@.@........@@
@.@............@.@.@.@..@.@.@...@@.@@.@.@....@...@....@.....@@....@...
@...@@..@@.@.@.@....@@..@........@.@.@.........@@......@@....@........
@.@.@.@.@@......@..@.....@..........@.....@....@...@..@..........@.@..
......@..@..........@.@.@@@.@.@....@..@.....@@@@.....@..@.....@.@.....
..@..............@@....@........@@.@.....@@.@..@..@.....@.......@@.@..
.@..........@@.@@....@@.....@......@...@@.@....@......@.@.....@.......
@......@@.@...@.........@.@.@.@@.@...@.@.............@.@@...@..@.@@.@.
.@.@..@@@@.@......@...@@.........@.......@@@...@@.........@@.@@....@..
....@........@.....@@.@..@.@........@@@.@@...@.......@..@@...@...@.@@.
@.@....@@....@.....@...@..@..@.................@..@.....@.....@....@.@
.@..@...@@.........@@....@.....@.@@.........@.@...@.....@....@....@.@.
.......@@.@....@..........@...@..........@@.@.@...@....@......@@......
Agents:
45
0,3,62,8,50
1,62,53,62,58
2,58,42,48,24
3,3,5,29,32
4,11,33,10,51
5,37,16,36,31
6,43,30,2,66
7,16,34,66,43
8,1,4,34,5
9,13,16,66,3
10,12,12,32,33
11,30,25,44,4
12,52,37,0,1
13,62,59,68,55
14,25,58,63,32
15,31,29,31,29
16,3,30,18,25
17,49,10,49,62
18,64,69,66,49
19,61,58,23,45
20,39,42,64,67
21,45,19,41,53
22,51,44,51,21
23,50,57,22,20
24,51,48,15,18
25,61,54,51,18
26,5,46,15,13
27,10,57,11,18
28,30,40,7,66
29,25,3,19,37
30,21,13,8,3
31,64,44,53,58
32,30,63,7,13
33,13,60,20,39
34,8,23,65,28
35,67,37,25,65
36,19,52,37,64
37,48,40,54,63
38,54,54,33,11
39,48,5,44,22
40,29,7,17,24
41,63,10,51,30
42,25,47,26,37
43,51,41,54,40
44,20,17,51,14
