1
Grid:
70,70
.......@........................................@.....................
............................@.........@........@......................
....@@.....................@.......................@..................
................................................@..........@..........
..@...........@.@..@.......@............................@...@.........
....@.@........................................@......................
@...........................@...@..................................@..
........................@..@.............@.........................@..
....@......@.....@.......@.....@.......................@..............
...........@.......................@.............................@....
.....@.......@..............@.........................................
............................................................@.........
...............@..................@...@.@...@.......@.................
...............@....................@.................................
@........@.....@................................@.....................
.............@@......................@..@.............................
.......................@...@...................................@......
..................................@..........................@......@.
...........@.........................@@...............................
......@...........@.........@..............................@..........
................................@....@..........@..................@..
.....................@..@..............@..............................
..@..........@...............@@...............................@.......
.......................@.......................@......................
......@...@........@.@............................................@.@.
...............................@......................................
..............@..............@......@.................................
................@....@................................................
.....@...........@........@.....@@...............................@....
....@.@..............@.......@......@..@....@.........................
.@.@.........@.....................@@..................@..@....@......
............@............................@..@.........................
......@........@......@................@........@.....................
....................@........@.....................@.................@
..@............@......................................................
............@.......@............@...@....@.........@......@..........
..........................@..........@......@.........................
......@..................................@.........@..................
.....................................@...@.................@..........
.......................................................@@....@........
.....@.........@.............@..................@.....................
....@.....@...........................................................
@..................@.@.............@.........@........................
..............@...................@..................................@
...................................................@..........@.......
.....@..........@.....................................................
....................................@...............................@.
@..................................@..@...............................
.............@.@.....@...............@................@.@.....@.......
........@..........................@..................................
.....................@..@.................@...........................
.........@..........................................@.......@....@....
............................................@.......@.........@@......
...........................@.....@....................................
......................@..........................................@....
..................................@...................................
...............................................................@......
........................@............@................................
..........@................................@..........................
.@............@.......................................@...............
....@..........@..............................@.......................
..........@.....................@@.......@....................@.......
.@.....@....................@.....@..@..........................@.....
.......................................@.@....................@.......
..@...............................................@...........@.......
@...................................................@....@.........@..
....................................................@......@@.........
.@............................................................@.......
.....@..............@.@.......................@.........@@............
.............@................@................@......................
Agents:
85
0,63,42,33,10
1,49,31,17,66
2,52,17,59,7
3,40,45,44,25
4,25,15,69,33
5,32,23,69,3
6,33,44,28,7
7,55,47,46,44
8,10,23,58,51
9,49,34,43,7
10,31,40,23,62
11,47,46,28,55
12,58,36,25,60
13,26,68,4,63
14,43,21,19,29
15,35,56,48,59
16,35,62,3,40
17,9,12,7,60
18,31,7,23,52
19,36,30,15,50
20,56,14,62,66
21,14,68,51,31
22,7,40,7,20
23,15,34,45,30
24,33,11,29,69
25,63,29,24,13
26,11,8,28,57
27,53,6,38,0
28,28,3,8,12
29,18,27,14,41
30,42,11,52,53
31,57,6,63,24
32,29,41,66,63
33,34,42,68,4
34,16,3,43,58
35,57,19,12,61
36,55,22,52,24
37,31,60,3,44
38,28,56,5,44
39,52,8,39,43
40,63,6,59,30
41,50,1,62,4
42,28,24,56,47
43,48,32,29,1
44,12,22,39,62
45,36,45,53,15
46,26,8,25,1
47,39,36,16,30
48,5,42,26,10
49,18,30,57,65
50,23,44,55,12
51,44,58,54,61
52,25,19,14,46
53,45,38,45,37
54,45,31,61,23
55,44,33,34,39
56,24,33,62,45
57,13,23,18,68
58,60,33,25,49
59,14,61,3,2
60,24,25,62,26
61,56,8,61,27
62,7,23,13,1
63,20,62,18,2
64,50,10,27,44
65,59,26,60,19
66,0,18,7,66
67,32,62,15,10
68,45,8,21,53
69,49,10,46,56
70,56,50,0,0
71,47,2,38,20
72,21,63,68,13
73,65,16,0,15
74,45,42,1,53
75,6,68,25,33
76,37,11,20,28
77,2,17,31,0
78,17,53,26,23
79,50,34,58,28
80,43,67,10,27
81,32,64,55,24
82,60,68,0,2
83,57,5,9,43
84,12,13,18,12
