0
Grid:
70,70
@.@@.....@...@@.....@.........@@@@.@@.@.......@...@@@@@@....@@...@....
..@.@....@..............@.@@@..@.@.@.....@@.@...@.....@@@...@..@..@@@.
.@@...@...@@@....@@.....@.@@...@@.@..@@....@.......@.@......@........@
.@...........@........@..@@....@.@....@..............@...@...@@....@..
.@..........@......@@...@....................@.....@....@@....@.@.@...
......@@......@........@...@.@@....@@.@@..@..@..@..@..@@....@.........
.@@@..@...@@....@.@......@.......@....@......@.@.@........@.@..@..@@@.
..@@.@..@...@...@@@@@..@...@....@@...@..........@......@....@.@@.@@...
...........@..@....@@.......@....@...........@.........@.@......@....@
......@@.@..@...@.@.@..@.......@...@......@.......@.@@.@.@...@.....@@.
.@...........@...@.......@@.@.@....@...@.....@...@...@.@....@@....@@..
..@..@.......@...........@@..@@@.......@..@@@.@....@...........@@@.@..
...................@..@.@@.......@..@..@...@.....@.@.....@@@.@@......@
.........@.@..@@....@@.@.@.@.@.....@@...@......@................@..@..
@....@.@...@.........@.....@.@.......@@.@...@@...@..@.@.@@....@.......
........@..@@@@.@..@@..@.....@........@...@@@@@....................@..
..@@.@.@...@@..@@..@..@.@@.@@@@.@.@.@...@.........@....@.@..@.....@@.@
............@@.@............@@..@.@@.@...@...@......@.......@@@..@@.@@
.@........@@.........@@...@.......@.@.@@....@@@....@.@.....@@...@.....
.@@.....@....@@..@.@....@.............@....@......@..@....@......@....
@@.....@..............@.....@....@......@@@.......@@..@.@.....@...@@..
.....@........@..@......@...@.....@....@...@@....@..@@@@.@@.....@@....
@@......@..@@.......@...@...@........@....@...@...@....@@.........@...
@@@..@....@...@.......@..@.@@.....@...@.....@...@@.@..@.......@@...@@.
..@..@@...@@.@...@.@.@@..@...@.@...@..@...@.....@.....@....@...@......
@@.........@..@..@@@......@.........@...@......@...@.@..........@...@.
...@@@@..@.....@...@.@..@@.....@@@..@...@.@@...@.@.@@@..@.....@...@...
.@.............@...@..@.@.....@..........@.@....@...@....@..@...@....@
@....@@...@...@..@.@@@..@........@@.....@..........@......@........@..
..........@.@..@..@..@@..@......@.@.@...@@.........@.@...@...@..@.....
.@..@...@.@....@..@.......@........@.....@@@.....@@@...@......@@....@@
..............@@.@.@.@....@@...@@@..@....@...@.....@.........@......@.
....@..@.@.........@...@@@....@....@.......@.@.@.@..........@.....@...
............@@..@...@....@.......@...@..@.....@@..@@@...@....@..@..@..
.........@..@...@...........@...@....@@.....@..@....@@.@@..@@.....@..@
...........@@......@...@.@.@@.@..@...@.@.@.....@......@..........@.@@@
.@...@....@@...........@......@@..@.@...@@.@@@.@.@@@@.........@@@...@.
..@.@...@.@..........@@@@@....@.@.@......@..@@.@..@..@...@....@..@@...
@.@....@.@@....@.......@.....@.........@......@.@......@......@....@@.
@...@...............@.......@..@...........@@..@............@..@@@...@
@........@@.@.@.....@@..@@...@...@.@@.@.@.@...@@.............@@@@...@@
...@....@....@@.@@.............@..@...........@...@.....@....@@@......
........@@..@..@@...@......@@@.@.@..@........@..................@....@
.......@..@........@@@@......@@@@@.....@..@....@...@..@........@.@.@..
...@@...@..........@@...@......@....@.@@......@..@...@.......@..@@.@..
@.....@.@....@@....@.....................@..@....@.....@@....@....@@..
.@.@.@....@..@.@....@....@..@@.@@.@....@.@......@...@@...............@
.@@.@.......@.@...@..@...@@...@@.@..@...@.@.............@@.@.....@....
......@........@.@...@...........@@....@@.....@......@@...............
.@.@@@..@@....@@.@......@............@.@@..@...@.....@@....@.....@..@@
.@....@@..@@..........@....@.@.....@.....@......@....@............@@@.
.......@@....@..@@@.@@...........@......@.......@...............@.....
@@@..........@....@@..@@@@..@.....@@.@@.................@.......@@..@.
@@..@@..@@.@@@.........@.@.@...@..@@@........@@..@........@@......@...
...@...@..@.......@@........@...@.@@..@...@...........@...@.........@.
...@.@..@..@.........@@@@....@@.......@............@.@..@.@...@...@..@
...@@@...@...@..@.......@@.....@.....@.....@..@...@.@...@.............
...@@...@.@..@....@....@@......@....@...@..@@@..........@..@.@........
.@@....@.......@.@.@......@.@@......@..@.....@....@...@@@....@..@.....
...@....@@.@.@@.@....@..@......@......@..@@@.@.@..........@..@.@...@..
..@...@.....@.......@....@.....@@.@.@@...@@.@......@.@...@..@@......@.
.....@............@.@@@.@@.@.@@.......@.@.............@.@....@..@@..@.
@.@@@........@...@.@.@.....@......@.........@.....@@..@.@.@....@......
....................@.@..@..@.............@......@@@.........@..@@....
....@@....@.......@...............@@..........@.@.@.........@.@.......
.@@......@...@..@@.@@......@..@.@....@.@......@.........@.@....@......
.......@.@@..@@..@.@..@....@@@........@.@@.@......@...@.....@.@@......
@..@......@.............@....@.@........@....@...........@............
.@..@@@.......@@.@..@@..@.....@@@@@@.......@...@@@.@.........@..@@@..@
.@@@.......@...@..@...@@@@...........@...@.....@@.@.@...........@.@@.@
Agents:
60
0,8,44,28,38
1,19,6,37,55
2,8,2,67,39
3,30,12,69,61
4,2,35,15,4
5,12,54,66,47
6,30,45,7,34
7,27,12,11,14
8,22,10,31,47
9,57,67,11,47
10,25,48,41,0
11,62,67,6,26
12,68,16,61,67
13,33,27,45,65
14,17,51,5,41
15,3,14,9,38
16,14,69,48,35
17,64,45,11,61
18,47,15,0,1
19,15,26,66,45
20,51,23,14,17
21,4,14,34,54
22,49,45,36,37
23,4,18,43,34
24,37,48,3,36
25,42,13,56,28
26,67,23,63,45
27,2,39,13,65
28,55,12,9,14
29,24,66,61,44
30,1,46,4,32
31,65,25,41,32
32,24,37,43,56
33,5,43,4,49
34,47,60,27,13
35,53,51,14,25
36,33,60,47,32
37,28,66,33,49
38,14,50,51,43
39,65,67,48,41
40,24,28,5,59
41,48,23,2,28
42,0,48,47,28
43,68,68,31,66
44,54,46,38,66
45,40,55,10,20
46,67,54,64,32
47,22,63,66,52
48,15,48,36,0
49,59,12,62,38
50,65,60,11,49
51,49,6,17,63
52,64,6,66,31
53,42,42,52,54
54,68,42,50,24
55,24,45,39,25
56,38,6,16,52
57,54,48,19,9
58,38,35,3,24
59,51,36,52,30
