1
Grid:
60,60
.........@.....@..@.......@...@@.@...@@@..@..@..@....@....@.
@@......@.@..@..........@.@......@..@.@..............@...@..
..@.@....@.@...........@.@..@@.......@.@@@.@......@......@..
....@..@.......@...@...@.@......@...@@.......@.@....@.......
...@...@..@@..@...........@@@....@@..@........@...@..@...@.@
.@..@...@@..........@..@.@.@......@..@......@@......@...@.@.
.@..@.@@@.@@....@.@........@..@.@........@@.......@....@....
@..@@.@..@.@@.....@..@........@......@.........@....@..@....
....@@@@....@..@..@@...@.......@..@@....@.@......@.@..@.....
@.....@......@...@@..........@.......@..@...............@@..
@.@@....@..@......@.......@.......@..@..........@@@.........
.@.......@......@.....@@....@@.@.@..@@@@..@.....@........@..
....@@....@..@@@.@.....@...@....@.@.@@...@..........@....@..
.@..............@.@@...@...@.@.@.........@@.@.....@.@@@...@.
......@..............@@......@.@@........@..@.@.....@.....@.
.@.........@...@....@......@..@@@@...@..@..@..@@..@@..@.....
.@.....@..@....@..@@..@.@.....@.@.......@.@................@
@.@.@..@@@..@@.@.@...@.......@...@.@...@....@...@.....@@..@.
.@@@.@..@...@.......@.....@.@......@...@.............@......
@.@.@.....@.....@...........@..@............@..@@....@..@...
...@....@...@.........@.@..@.@.@.@....@........@...@@@....@.
........@@@..@...@..@...@...@@..@.@@.@@..@....@..@@....@.@.@
....@...@.....@@....@.....@.@.......@.@.....@.......@@.....@
.@@.@...@...@....@...@.@@@...@.@@.@@........@..@....@@....@.
...........@.@.@.........@......................@....@....@@
..@.@.@......@....@..@.....@..@.@.@@...@.@...@...@@...@..@.@
@...........@...@....@@@.@@.@.@.@....@...@@@...@..@..@...@@.
....@@.@...........@..@.....@.@.@.......@..@.......@...@.@..
.....@..@@..@@.....@.@@......@.........@@....@@..@..@@.....@
....@@..@@..@..@...@.@......@@.....@@....@@...............@.
...@.@..@..@.@@..@..@@@@.....@........@......@........@@....
.......@.....@@.@..@.......@...@.@@.@.@..@.@..@.@.@..@.....@
......@...@.......@@....@......@..@....@.....@...@.....@.@@.
..@...........@.@...........@..@.....@....@...@.....@.......
..@..@.@.@@.@.@....@@...@..........@....@..........@.@..@..@
@.@@....@...@...@....@....@@..@............@....@.@..@.@....
....@...@..@..@...@......@........@@......@.....@.@....@....
...........@............@..@.@..@@..............@..@.@..@...
....@.............@.....@@.@..@@..@...@........@...@@..@@@..
.@@@...@.......@@............@...@..@@........@.@.@........@
.@.@..@.@..@@........@@...@..@@........@.....@@.@..@@..@...@
.@.....@@...@.@.....@@......@.@.@.......@.....@.@@...@......
.............@............@.@.....@.@.....@..............@.@
.@.@.@.......@.@...@@...........@..@@...@@...@@.......@@...@
@.@.@..@.@..@..@...@...@......@@.....@@....@....@..@.....@..
......@...@@..@....@....@..................@.@.............@
.....@@@@.@.@.@................@.@...@.@.......@...@..@...@.
@.@.@...@@.....@@.@..@.@.@...@...@.........@.......@..@@.@@@
@...@.....@....@@....@..@.............@@.@..@..@.@.....@....
.@.....@.@@....@.@.....@@..@@.@...@@.....@@.@..@@.......@...
.@.@@......@.....@....@..@.......@.@@.@@...@.@.@.@..@...@@..
...@......@@.@......@.@.@...@@.@@...@..........@..@....@.@..
..@@....@@@...@.....@............@.@..@..@......@..@..@@@...
..@.@...@@....@.......@..@..@@......@..@..@...@@.@.@.......@
............@..@..@.@@.@..@.@@@...@......@@..@...@...@......
..@@...@....@@@.@@....@....@@..@..@......@@.............@@..
.@.@.@...@..........@.@..@..@@@............@.@..........@...
@@@.......@.....@.....@@......@@.........@.....@@....@.@..@.
.......@.....@.@..........@@...@@.@...@@@...@.@.@...@@@.....
@...@....@......@@...@@..@.........@.@.....@@.....@.@@......
Agents:
65
0,13,14,41,44
1,3,38,41,15
2,34,0,8,46
3,34,39,20,7
4,34,38,17,32
5,5,19,24,38
6,33,11,20,41
7,25,16,13,25
8,18,33,37,13
9,38,32,55,11
10,38,28,43,39
11,26,51,2,22
12,14,28,46,19
13,27,8,30,9
14,10,16,22,39
15,56,0,10,55
16,3,50,2,20
17,40,54,57,44
18,57,9,52,26
19,12,49,50,44
20,7,39,52,37
21,35,31,47,53
22,0,6,1,18
23,33,43,41,17
24,44,55,7,56
25,57,43,46,30
26,10,57,47,37
27,8,16,34,34
28,17,59,17,46
29,20,18,35,14
30,20,7,41,0
31,28,47,10,47
32,48,32,28,42
33,59,56,57,17
34,15,13,28,58
35,16,47,37,45
36,15,18,27,48
37,49,29,52,24
38,49,40,58,59
39,51,12,42,31
40,29,49,5,41
41,2,12,21,5
42,43,48,1,20
43,25,52,51,18
44,28,48,44,25
45,54,22,54,22
46,24,29,51,44
47,2,1,41,51
48,33,9,24,20
49,58,19,17,24
50,49,5,16,49
51,7,49,31,30
52,14,2,19,46
53,43,27,42,16
54,28,4,59,12
55,36,3,8,44
56,29,51,20,18
57,29,27,56,53
58,53,41,42,18
59,51,0,13,5
60,34,21,6,28
61,40,20,17,5
62,4,22,48,57
63,46,18,18,34
64,55,53,36,9
