1
Grid:
60,60
..................@..........@.............@.......@@.@...@.
....@.....@@@.....@.@.......@....@....@..............@......
...........................@........@.....@.................
..............@................@...............@....@.....@.
................@......................@@@.....@...........@
..@........@...........@...@...........@...@.......@@.......
..........................@.....................@..@........
...........@.....@....@......@..@@.@................@.......
...@...........@.......................................@....
...@..........@..@......@......@................@...@.@@....
...............@...@................@.............@..@......
...............@.....@.............@........@......@.@.@....
.......................@@.@.........@.@.@...........@@.@....
.@.@..........@@..................@.@........@.@........@...
.....................@...............@@...@.........@.......
....................@.......@.........@....@......@.........
...@.@.@...........@.......@....@...............@...........
.........@..............................@.............@.....
................@......@..@..........@@.......@.........@..@
.@.@........................@.....................@.....@..@
..@...................................@.....................
...............@......@...@.@...@...@.@...@.................
............@...@.....@......@..............................
..............@......................@......................
.@........@.....@..@@..@...@...@...............@...@........
...........@................@@..............................
.......@.@.......@..@............@.......................@..
..@.@...@...@.............................@....@...........@
....@.@@@@.@................................................
............@.....@..............@..........................
.............@...@..@@....@.@...........@...............@@..
......................@......@..@.....................@@....
......@.........................................@..@........
.@....................@...................@..@@@...@........
@..............@.....................@..................@..@
.......@..........@...........@@.........@..........@.......
.........@...........@..............@...................@...
........@.................@....@@...............@.......@@@.
..@@.....@.............@...........@..........@@.@..........
@......@.......@.............@...@.....@...........@..@..@..
...............@...............@..@....@..........@@....@...
....@.....................@..@.....@............@...@.......
.@@.......@.......................................@.@......@
.......@@...@@@................@.@.@@........@..............
...@......................@...@.............@............@..
....@........@......@@..@.......@.......................@...
....@.............@..........@............................@.
........@..........@.@......@...........................@...
.............................................@..@..@........
.@............@........................@..@.@..........@.@..
............@............@................@..@...........@@.
.@..@....................@........@.......@@..@.............
..@.............................@.............@.@......@..@.
.........@.@....@..@@.......................................
........................@.............@.......@.@...........
....@...@..................@....................@...........
......@...@....@.................@@@.....@.@....@...........
..@.....@.............@...........................@@....@...
....@.@@@..............@...@...................@............
@...............@...................@...........@...@.......
Agents:
60
0,59,14,2,17
1,11,45,18,3
2,25,41,40,52
3,53,29,42,27
4,2,0,1,30
5,36,14,5,56
6,8,5,11,47
7,56,26,31,53
8,33,58,23,31
9,47,40,32,37
10,58,15,43,5
11,18,12,8,2
12,5,31,9,43
13,2,43,46,19
14,6,8,51,24
15,43,42,37,54
16,42,58,10,29
17,40,7,26,29
18,6,57,4,2
19,9,9,42,36
20,24,55,23,24
21,27,55,25,39
22,30,44,33,7
23,57,29,14,58
24,56,59,32,10
25,39,53,10,33
26,39,10,59,44
27,22,54,0,11
28,21,6,31,24
29,23,58,37,46
30,45,26,56,37
31,51,50,13,51
32,31,49,40,41
33,14,59,50,0
34,47,10,36,32
35,4,6,16,10
36,19,47,49,19
37,44,23,43,16
38,6,58,35,0
39,1,41,19,42
40,27,13,17,12
41,17,59,44,42
42,46,6,1,55
43,0,30,55,37
44,34,21,22,42
45,32,26,52,9
46,33,4,8,36
47,53,7,25,45
48,29,56,45,18
49,11,29,4,33
50,49,32,30,58
51,50,35,36,24
52,16,18,39,44
53,10,58,17,46
54,59,25,37,53
55,56,4,19,33
56,59,38,45,16
57,32,31,22,19
58,2,8,47,3
59,58,17,19,36
