0
Grid:
60,60
.................@@.@..........@...........@@...@..@@@......
..................................@.......@...@.....@..@..@.
.......................@....@@...@...........@..@.......@...
....@.....@......@..@..@........@...@......@@............@..
@..........@........@..........@....@......@..............@.
@...@....@............@..@..@....@..@....@......@...........
....@.@................@..............@..........@.....@...@
...@....@@...............................@........@.......@.
..............@.......@.@.....................@.....@.@.....
.............@..@....@.@.....@.....@......@@...@.@@......@..
.........@@..........@........................@.............
......@..@..@.....@...@......@....@......@...@..............
@.@....@............@...........@@....@.@.@@.............@..
....@....@.......@.........@.@.....@.........@..@...........
@.@.@..........@@@......@@.@.....@........@..@..............
...@..@.......................@....@......@.............@.@.
....@.........@@.......@......@.@.@...@.......@...@..@.@....
.@.@@.@............@..@.....@......@......@....@........@...
...@.@@.....@..@.@.......@..........@..@.......@@...........
@.........@...............@....@.....@.@....................
@...@@@....@.............@...............@@@................
...@........@..@..@.@...........@.........@.@...@.@...@....@
....@.........@.............@.....................@.........
.......@............@...@..........@.....@@.@...@@.......@..
...............@............@...@.@..@......@.......@.......
...............@............@........@....@............@....
.............@.....@..........@......@....@..............@..
...@.................@....@.....@@.@.................@..@...
@.............@..@...........@..@.@.@...@.@..@..............
@....@...............@....@...@@..................@.....@@..
.@@....@@.@.@.........................@........@@.........@.
.@@@...@.....@.....@@.....@..........@.@.@.........@........
.@.@@..@......@....@...........@.......@.....@......@@......
......@...............@.@...@..@....@@......@........@.@....
@....................................@.......@..............
@..........@....@..@......@.....@...@.@.......@..........@@.
...@...............@...@.@......@..@......@.....@...........
@@....@..@...@.@............@...................@...........
..................@....@.@@.......@.@@...@..@@...@..........
...@............@.@...@........@...@..........@.............
.@.@@.........@.@....@@.@.@.@....@..@.....@..@...@.@@.@.....
..@...@...@@.........@...@......@..@...@.........@@....@....
......@........@...@..@.........@......@....@.....@...@.....
@.........@..........@.@@.@@.@...@.@..@.......@.@.......@...
.@.@......@...@.....@..@@...........@.....@..@.@.@....@..@..
..@....@.@.............................@.....@.@............
....@.@.......@...............@...@...@.....@@....@.........
..@@.......................@...@.@..@..@.@............@@....
..@...@..@@..@........@.@.......@.............@@.......@....
......@....@...@.@......@........@......@.@...@.............
@........@....@.@........@..........@.............@.....@...
..@.....@.........@.......@.@.@.............@....@.@........
.........@...........@.........@.....@.....@@.........@.....
..............@....@............@.@....@.@...............@..
...........................................@@.....@...@...@@
................@@........@@.....@@.....@...@.........@.@...
...@...@..@...@.@......@.@.......@...@......@......@........
............@@@.........@......@.............@.....@@.....@.
@...@..............@@..@......@........@@@..........@.......
...........@@@....@@....@.....@.................@...........
Agents:
60
0,6,30,47,19
1,23,3,5,31
2,8,49,57,5
3,12,27,20,57
4,36,26,39,33
5,43,11,54,39
6,39,59,1,35
7,39,58,25,30
8,33,48,4,17
9,45,25,46,46
10,26,40,33,51
11,13,23,10,54
12,58,15,29,12
13,42,57,53,16
14,5,43,8,31
15,35,28,10,35
16,8,15,50,57
17,58,49,57,55
18,13,56,15,59
19,1,32,18,51
20,8,50,20,18
21,37,41,0,33
22,36,27,8,19
23,35,12,40,13
24,28,2,32,32
25,28,26,45,35
26,49,45,56,43
27,5,56,58,50
28,24,10,3,11
29,28,54,57,32
30,39,30,51,42
31,27,37,51,14
32,27,17,22,22
33,21,30,14,3
34,1,40,18,41
35,13,8,7,47
36,6,7,19,2
37,52,17,12,5
38,10,6,31,4
39,19,35,0,11
40,20,47,42,56
41,6,15,54,42
42,27,12,44,6
43,26,26,1,12
44,38,14,47,22
45,29,59,37,10
46,50,57,50,24
47,1,15,2,30
48,48,12,23,13
49,29,25,13,47
50,32,56,19,49
51,49,16,6,37
52,18,10,4,22
53,44,33,17,45
54,10,52,15,50
55,16,40,51,55
56,10,5,44,12
57,14,8,35,48
58,46,58,16,10
59,38,7,27,31
