1
Grid:
20,20
...@.......@.....@..
.@...@...@..........
......@@...@........
@..........@...@....
.@@@.....@.......@.@
..........@...@@..@.
...@...@.@.@........
..........@@........
.....@......@.@@..@.
.....@......@.......
.......@...@...@@.@.
........@...@.......
.@..@......@@....@..
...@...........@@...
.@@.......@.........
@.@.@.....@.........
....@.@@............
@.@@.@@..@.@@..@...@
.....@@..@@.@.@..@@.
............@.....@.
Agents:
30
0,12,7,15,19
1,14,18,4,14
2,11,6,6,18
3,15,12,16,2
4,8,6,8,3
5,5,8,9,13
6,2,8,11,5
7,10,17,16,0
8,11,19,11,16
9,18,15,0,13
10,18,8,5,9
11,17,4,2,0
12,6,8,18,1
13,3,7,2,18
14,15,13,18,15
15,8,7,19,1
16,5,19,16,9
17,6,17,11,13
18,4,8,10,4
19,9,19,16,12
20,4,11,2,4
21,9,9,11,2
22,19,3,12,9
23,17,17,10,5
24,11,17,18,4
25,1,7,9,3
26,19,7,2,15
27,8,0,4,8
28,0,15,9,16
29,13,9,1,8
