0
Grid:
20,20
@........@..........
...........@........
...........@.@......
.@..........@....@@.
@..@................
...@...@...@.......@
.....@..............
........@...@@..@...
......@.@.@...@.....
.......@....@.......
.@...@..............
.@@.................
...@......@..@.@@@..
...@..@...@.........
@.@.......@.........
...@...............@
.@.@.....@....@.....
.@.@...@......@..@..
.@........@.....@...
..@..@........@....@
Agents:
15
0,11,19,15,0
1,18,2,0,19
2,14,13,2,6
3,18,18,2,18
4,17,9,15,5
5,5,18,14,9
6,17,15,18,17
7,13,13,4,17
8,0,16,1,14
9,4,17,5,4
10,5,8,10,12
11,7,10,4,14
12,17,19,0,17
13,11,18,7,7
14,6,7,7,2
