1
Grid:
70,70
....@...@..@.@..@.@..@.....@@.@.@........@.@................@...@....@
.@.@.....@.......@................................................@...
......@.@...........@.....@...@....@@@.....@....@@.@.................@
................@@........@...........................................
...@...........@@..@....@...@...@......@...............@..............
..@....@.............@@....@..@...@.@.@...@.@.........@...............
...........@....@.@.@..........@.@.@@..............@.@...........@....
.@..@.....@...@@@@.@@....@........@...@....@.........@..@@.......@....
.@@....@..@...@.@...................@@@.@......@@.@....@.....@........
@.........@@....................@..........@..@@......................
................@.....@........@@.......@................@......@.....
............@...........@.......@....@...........@@@....@.............
.@.........................@...............@@@........@.......@.....@.
....@@...@..@@...@.....@....@..@............@@..........@.@..........@
@.@........@.@..@............@................@.@..@@...@.....@...@...
@..@.@.@..........@..@.@.....@...@...@..................@......@......
..@.......@.........@@.......@......@........@@....@.@....@@..........
....@.@...@....@.......@...@...@.......@................@@.......@@...
.........@...@..............@..........@....@..........@.......@....@.
................@.@.......@.@............@.................@.@@.......
........@@.@...@..@............@........@..@.......@.........@........
...@@......@.....@......@..........@...@...@@....@...........@........
..@..@@......@@....@.....@.@........@@.............................@..
....@.........@......@...@@..............................@.....@......
.@......@......@..........@.......@....@.@.................@.@........
....................@.@..........@..@....@@.............@@....@..@....
..@.@...........@........@.............@................@........@....
.@......................@@@...........@....@....@.@@......@@....@@...@
@......@...@.@........@@....@...@......@.@............@............@..
..........@..........@.@...@...................@@......@..............
.....@....@..@...@..@...@@....@...@..........................@......@.
.@..@....@.........@..@....@................@...........@.......@.@@@@
..@...........@...@.....@.@@.@..@........@.........@@@@@..............
.@@.............@..................@............@........@@@@@........
..........@.........@...@..@@..@.......@..@..@.....@.....@@@...@......
..@...@........@........@...@......@......@...........@........@......
......................@@............@@..@..@....@......@..........@..@
.@......................@.......@....@@..@@............@....@.......@.
@....@@...@...................@...@.@@..........@.....@.@@@........@@.
....@..@.......@...@...@...@@...@...@........@.........@@......@......
.@......@........@........@....@....@..@..................@.......@@..
..@.@.@.....@............@...........@...........@...............@....
.......@.@........@@.@........@..@.@.....@........@..@..@@@...@@......
....@.@..........@....@...............@@..................@.....@....@
@.........@.....@.............@.@@.......@....@........@..@.....@.....
..@..@..@...@.@..............@.......@..........@......@....@..@....@.
..............@.....@....@..........@..........@......@......@...@..@.
.......@..............@....................@........@...@.@......@....
.@.......@@....@@.@................@...@..@@..........................
@........@.@.....@.@...@....@@....@...@....@@.......@.@........@.@....
....@.....@.@....@.......@@...@..@.@.@....@....................@@...@.
.....@.@..@@...............@.....@......@...@....@..@.................
.....@@............@..@......@.............@..@@@.......@.@......@..@.
......@@@........@....@..@..@.@...................................@...
...........@@..@......@........@.@.@................@....@..@@........
@.....@.@..@...@........@..........@@.......@....@....@....@..........
........@....@.@.........@@..@..........@....@............@..@@.......
.......@.................@.......@....@..@.@.@..................@.@..@
.......@..@.......@.........@.@................@......................
..@..@@...@........@.@..@..@....@..@.....@..@..........@....@.........
......@............@......@....@.@.....@.....@.....@.@......@.......@.
.@.....@..@@............@.....@.@@..@............@................@...
.@..@...@.....@..........@.....................@...@......@@........@.
.....@.................@............@..........@.....@.....@....@..@..
.....@.....@........@.@..@.......@.........@...@........@@........@...
........@...................@.................................@.......
.......@.....@...@.@@....@................................@........@..
..@.......@......@@............@...@.....@......@...........@..@@.@@..
........................@.@..@.........@...........@.....@............
....................@.......@........@@@....@@......@.@...............
Agents:
60
0,62,31,16,62
1,39,26,52,36
2,28,26,38,49
3,16,55,15,15
4,28,46,37,4
5,43,67,67,22
6,59,58,49,45
7,36,41,8,41
8,7,7,54,18
9,46,41,59,17
10,40,23,33,67
11,67,69,65,13
12,30,29,50,41
13,1,18,42,39
14,18,56,54,7
15,55,63,56,34
16,7,23,39,43
17,34,29,33,47
18,5,1,5,25
19,27,14,17,1
20,40,43,61,64
21,41,51,64,51
22,65,67,6,67
23,18,21,62,41
24,50,45,68,65
25,48,44,35,14
26,36,29,41,21
27,18,64,4,7
28,23,15,10,33
29,2,12,63,14
30,7,47,37,17
31,1,45,45,42
32,13,25,7,45
33,52,24,9,26
34,41,30,13,2
35,58,58,33,14
36,63,4,57,59
37,69,67,50,15
38,6,9,35,56
39,47,2,27,30
40,45,59,12,18
41,63,46,13,35
42,52,33,34,17
43,29,8,46,59
44,43,44,39,33
45,47,25,49,57
46,48,53,23,51
47,19,5,63,29
48,31,59,36,17
49,22,23,64,54
50,3,6,55,41
51,41,29,63,68
52,0,50,13,0
53,48,13,53,50
54,37,0,64,18
55,36,17,19,12
56,62,50,67,68
57,66,43,25,17
58,50,66,68,12
59,53,32,36,10
