1
Grid:
60,60
............................@@.@...........@.....@..........
.........@.....@................@.........@@@.@.....@@...@..
....@........................@.@@...@......@................
@........@.....@..............@..............@....@.........
...............@..............@.@.@.....@.@.....@...........
.........@......................@...@..................@....
.................@...................................@..@...
...@.....@................@..........@.@..............@.....
..............@....@.@...@......@...@............@..........
.............@..........................@...................
.......................@@.@...@@....@............@..........
......@...................@.............................@...
@....@.......@..@.........@....@........................@...
...@....................@...................................
.@................@@.....................@........@.@..@....
..........@............@........@...................@....@..
........................@@.@......@.........@..@@...........
..........@..............@........@..........@....@.......@@
.....@....@..........@.......@..............................
@@.......@.........@......@..@@..@...........@..............
................................@..@.....@........@.......@.
.....................................@@............@.......@
.................@..@.......@.........@.....@......@...@.@..
..............@....@...@@.....@.............................
...@..@...@..@.......@.........@.....@...@@.................
....@.@...............@.@........................@@.......@.
..@..................................................@.....@
.....@.......................@..@....@....@.................
............@@.@..@.@.....@...........@.............@.......
.....@..................................@@...........@...@..
....@......................@@...@...............@...........
..@...@...................................@...........@.@.@.
...@..............@.@...@@......................@@...@......
...@.....@...............@..........................@.......
@............@................@..@.....................@....
..........@...@..@...........@....@................@........
.............@..................@.................@.......@.
.....@.@..@........................@......@.@....@...@@.@...
.............@..@....@...@.@..........@..@..................
.........................................@...........@..@...
.@........@.................@......@@.......@......@.....@..
....@...@.@.....@...@......................................@
......@........@..@.....@.@..........@....@..........@..@...
@............@.@.......@.................................@..
..@.....@........@........................@@.........@.....@
..............@................@.@.......@.@.......@@.......
..@.........@.....@..................@......................
.......@...............................@...@........@.......
@.@.....@................@.@...........@........@@..........
@...@......@.....@............@@................@...........
..........................................@..@.....@........
.......@......@...................@.....................@@..
@.................@...........@...................@.....@...
...@............@.@....................@...@................
@.............@................@..@...@................@....
@........@.@................@......@............@.@@.......@
........@..@..@.........@...@.@.............................
......@......@.......................@@.........@@.@........
.@.......@.....@.....@.....@.@............@...............@@
..@.@..@.......@............@@......@......@.....@..........
Agents:
45
0,56,50,25,43
1,22,11,56,19
2,26,22,26,31
3,37,3,14,28
4,56,31,52,47
5,47,10,7,47
6,33,59,23,48
7,43,9,13,55
8,17,2,48,26
9,14,48,34,44
10,32,19,3,33
11,27,58,18,59
12,57,58,21,28
13,54,5,39,24
14,8,54,56,18
15,59,47,23,15
16,53,27,7,55
17,11,28,21,32
18,25,0,6,34
19,46,33,19,11
20,54,52,1,47
21,43,14,13,4
22,33,36,11,39
23,49,57,4,37
24,41,29,41,54
25,35,8,7,18
26,17,3,51,8
27,44,27,40,26
28,24,38,9,15
29,8,50,42,29
30,22,52,17,30
31,10,45,28,24
32,6,15,53,4
33,58,53,58,56
34,13,17,51,49
35,15,41,7,45
36,36,12,14,43
37,25,21,57,57
38,9,57,33,4
39,32,47,51,28
40,13,29,55,43
41,11,44,49,13
42,9,8,43,34
43,44,57,51,41
44,35,7,7,58
