2
Grid:
20,20
.@..................
.................@..
.......@...........@
...@....@.........@@
...............@....
................@..@
....................
@.......@.....@.....
@......@............
@.................@.
................@@..
......@.......@@....
................@...
....................
.......@@...........
.@...@..............
@.........@...@...@.
............@.....@.
.....@.@...........@
.........@..@....@..
Agents:
10
0,1,8,15,16
1,12,0,7,10
2,14,0,2,17
3,9,4,0,19
4,9,7,1,4
5,9,1,4,2
6,13,14,9,9
7,10,13,18,15
8,15,3,2,15
9,0,16,6,13
