2
Grid:
70,70
@.@....@...........@.@@@.@@...................@.@.....@...@......@....
@..@@@@..@..@..@......@@@@.....@...@....@..@@.@..@@.@...@.@.@@..@...@.
.@@.@.....@..@....@@..@..................@..@...@.@..@@.@..........@@.
....@@@...@.@@@...@@.@@...@..........@....@....@@@@.@................@
@..........@...@.@...@..@@@.@...........@@.@....@...@......@.....@..@.
.@@@.........@..@@@.@@@@......@...@.@.@@.@@......@@........@....@.....
@@@@@.....@....@...@..@..@.@.@...@..@.@...........@..@@....@..@.......
@.....@.......@@.......@..@....@..@.@..@..@@.@.............@@@..@....@
........@.@....@@@...@..@..@...@...@.@....@.....@..@...@..@....@......
.@........@@.@..@......@.@..@.......@...@....@.@.....@....@@..@.@.@.@.
...@..@@.........@..@.@@..@...@..@.@...@@@....@.....@....@@...........
@...@.....@.@@@.........@@@....@.@.............@....@..@@...@@@..@.@@.
@........@.....@......@@.@@........@..............@.@..@..@@.........@
.@.........@@@.@.@....@...@..@...@........@..@...@.@@.@...@.@.@.......
@..@......@@@@.@..................@......@@..@@@.@.@......@@@..@.@..@.
.@@.@......@......@...@@...@.....@...@.....@.....@@...@@....@.....@.@.
.@@......@@@......@.@..@.........@........@.....@...@.@..@......@@....
.@.@......@@.......@..@.@@....@......@........@@.....@.@@...@..@....@.
.@..@........@.@.........@.@....@......@....@...@............@........
...........@..@.@@.............@.@.........@.@@..........@..@@@..@..@@
@.@@.@.......@.......@.@@@.....@.@.@....@.@.@@.......@.....@..@.......
.@.........@...@..@.@@...@.@@.......@.............@.....@...@........@
.@.@@......@..@@@@..@.@@@....@@.@.....@.@@...@..@....@@@....@.@@......
.@@....@....@@.@....@..@..................@........@..@@..@.@...@.@...
.@.@....@.......@..@.....@........@..@.....@..@...........@.....@.....
...@..@......@@..@..@.....@.@......@@.@@...@..@@......@.@@...@.@...@..
.@....@.@..@..@....@..@.....@.@@...@.....@..@......@@@...@...@@@....@@
......@...@.....@@.....@....@...@.@......@...@.@..@...........@.......
@......@.@....@..@.....@@.@....@..@...@.....@.@@@......@....@@@..@@@..
.@.......@...@...........@.@....@...........@@.@.@.@.@...........@@@..
.............@...@.@.@......@.@..@.....@....@...@.............@.......
.@.......@......@@........@.@@.............@................@..@@@...@
......@...@.@....@.....@..@..@..@@..@@.....@@...@@.@@....@.......@..@.
...@....@......@@...@@..@............@@.@.@@..@..@..@..@..@..@........
..@@........@..@...........@......@....@.@......@...@..@....@..@......
...@.@.....@...@..@.@......@.....@....@...@...@......@.@.........@....
@...@....@..@..@.........@.........@.........@@..@.@...@..@....@...@..
..@@.@.....@........@@....@@..@......@..@...........@@@..........@.@.@
....@..@..@@......@......@..........@.@.....@.@.@.@..@@@.......@......
........@..@......@@..@....@...@.......@@...........@.@@@@.@@...@.....
......@..@...@..@.@@.@@....@.@@.....@.....@.@.......@......@@...@.....
@..@..@.@@........@.....@.....@.@@.@@.@@........@....................@
..@.@@...@@@.......@..@@@.........@..@.@@..@..@..@@...@@..@@..........
.....@..@@...@..@.@@........@@.@.@@.....@@....@.........@...@.......@.
@.....@............@.@@..........@..@.....@.....@@..@@......@....@....
.@@@..@@..@@..@...@...@.......@....@...@.@..@...@.@..@..@.....@.......
.@...@....@.@.@....@..@..@@@...@........@.........@......@.@........@.
..@..@.............@.@....@..@@......@...@.@@.@..@......@..@.....@...@
....@..@...........@.@..@....@......@.......@..@......@.....@@....@@@.
.......@@@.......@......@@.@...........@...@@...@......@@.@.@.@..@....
.@...@........@.......@...@...@@.@.@.@...@.@......@....@@....@.@...@@@
....@@..@...@@....@.@..@.......@.......@.@@.............@@.....@@...@.
.@..........@...@.@.....@@........@@..@.......@..@.......@@...@@...@..
@..@........@@@....@.@....@@....@.......@...@.@@..@.......@.........@.
@...@...............@@..@...@@@...@@.@.@@..@.@.....@@@..@.......@..@..
....@.......@...@.@...@@...............@@..@.....@....@@@@@.....@....@
..@@.@..@.@@......@@...@...@.@.@..@@@....@..@.......@..@.........@....
..@....@...@@.@@............@..@.@...@.@@@@....@@..@@.@...........@...
@.@......@.....@@...@.........@........@.....@..@@...@@..........@.@..
@...@@..@@.@@...@...@........@@.....@@.......@@@....@@.@@..@........@@
...@@.....@...@.@..@..........@...........@..@....@.....@.@@..........
........@..........@@..@@..........@..............@......@.....@..@.@.
.@......@.@.@.@..@@...@...@@...@..@.........@......@....@.@....@..@..@
@@@..@@@.@..@..@@....@..@@....@..@@...@..@.........@.........@.......@
....@.....@.......@.@..@@@.@..@.....@...@.@@@..@....@.......@..@.@...@
.@.....................@@........@..@.....@........@..@.....@....@.@..
......@.@...@.....@@..@.............@..@..........@@.....@.@..@@@..@.@
@...@.@@....@..@@@....@@..@.................@.@..@..@.@..@@@......@..@
.@..@.@@.........@@.@@.@@....@...@.@......@.........@@.@.........@....
.@..@.@@........@...@....@@..@...@....@....@@....@......@@...@......@.
Agents:
65
0,45,19,68,60
1,50,15,13,48
2,47,23,29,12
3,19,44,19,44
4,0,60,40,54
5,30,68,1,29
6,27,8,24,52
7,59,7,22,33
8,37,0,60,15
9,11,18,24,41
10,7,51,38,16
11,43,3,7,7
12,47,6,63,55
13,6,7,0,12
14,12,48,44,56
15,25,59,25,59
16,22,42,45,25
17,6,37,41,63
18,5,33,41,23
19,45,46,11,20
20,48,35,66,21
21,58,42,56,48
22,29,43,21,30
23,48,45,18,57
24,3,23,29,37
25,11,64,15,35
26,3,38,22,10
27,0,63,33,57
28,53,23,22,0
29,56,48,36,39
30,52,23,27,13
31,58,17,45,23
32,65,38,26,48
33,39,42,5,24
34,62,0,21,46
35,44,12,9,19
36,47,33,60,54
37,29,36,26,59
38,48,27,25,19
39,35,50,7,57
40,62,25,23,38
41,42,47,66,17
42,50,34,68,67
43,25,30,42,42
44,45,0,40,14
45,50,57,59,17
46,16,19,39,50
47,63,19,40,68
48,2,51,20,7
49,48,32,64,14
50,5,65,63,46
51,42,13,6,24
52,63,53,47,47
53,11,39,24,29
54,36,34,32,13
55,61,51,49,16
56,55,11,63,17
57,25,1,60,28
58,2,7,48,42
59,62,35,25,45
60,69,45,11,48
61,36,43,20,66
62,6,8,58,60
63,29,15,65,3
64,34,9,65,48
