1
Grid:
20,20
....................
....................
....................
....................
....................
....................
....................
....................
....................
....................
....................
....................
....................
....................
....................
....................
....................
....................
....................
....................
Agents:
20
0,5,2,16,11
1,13,17,10,3
2,17,3,11,5
3,5,13,2,11
4,12,4,13,19
5,18,19,18,4
6,5,11,3,16
7,4,15,15,4
8,17,12,8,4
9,8,0,14,18
10,16,6,17,8
11,14,16,6,0
12,13,8,4,9
13,4,17,2,2
14,13,4,8,15
15,15,11,9,6
16,5,9,9,0
17,8,2,6,19
18,7,12,9,11
19,8,13,15,16
