7
Grid:
20,20
....................
....................
....................
....................
....................
....................
....................
....................
....................
....................
....................
....................
....................
....................
....................
....................
....................
....................
....................
....................
Agents:
25
0,3,8,12,9
1,19,12,0,4
2,6,1,3,7
3,1,15,16,3
4,19,11,15,7
5,15,6,5,5
6,5,12,7,16
7,6,0,10,11
8,19,5,3,11
9,14,3,7,1
10,0,15,0,3
11,2,0,7,13
12,6,2,3,14
13,9,7,1,13
14,15,15,7,11
15,4,19,12,14
16,13,19,0,12
17,5,15,17,2
18,12,9,13,13
19,11,17,17,8
20,4,18,2,6
21,17,17,0,14
22,11,15,17,13
23,3,3,19,19
24,0,18,11,13
