1
Grid:
60,60
.....................@.......@.......@................@.....
............................................@...............
....@..@.......@............................................
....................@..........................@............
..........................@.................................
.@...............@..........@.@.............................
......................@..@..........................@.......
.@.........................@...............@.........@......
.@...@.............@..............@.........................
................@.............@..........@..................
...............@.@.............@............................
..@......................@................@......@...@......
...............................@..@...................@.....
...................@...@............@.......................
..............................@..........................@..
......................@.............................@.......
...@.......................................@................
.......................@....................................
...........................@.......@....@.@.................
...@................@.......@....@@................@........
..........................@.................................
..................................@.@.......@......@.......@
..........@............@..@.................................
.......@.........@....@.................................@...
.........................................................@..
......@.....................................................
.......................@............@.......@...@.....@....@
.....@.@..............@.....................................
.........@........@..@.....................@..........@.....
...................@.@...................................@..
......@...@.......................@....@....................
.............@...................................@..........
.........@................@.........................@.......
..............@.........@...@....................@..........
............................................................
.@...........................................@..............
.....@......................................................
...@......@......................@@.........................
.........................................................@..
......@...........@...........................@.............
@............@...@..........................................
.....@...............................@......................
.............................@..........@...................
......@................................@.........@.......@..
.............................@.@......................@.....
.....@.......@..........................@.......@...@.......
..........@.................................@...............
.................@..........................................
.............................@.........@.@.............@....
...............@.....................@..@..@@...............
..........@...........................@.....@...............
............@...............................................
........................@...........@...........@.....@.....
......@....................................@........@.@.....
...................@@....................@.........@...@....
......@............................................@........
...........@...............@................................
.............@.@..@.........................................
..@..........@@.....................@...............@....@..
................................@..........@@...............
Agents:
50
0,31,21,49,1
1,39,30,16,23
2,47,19,0,57
3,20,23,55,16
4,41,56,35,9
5,17,59,46,46
6,22,31,43,12
7,3,18,38,15
8,5,41,36,59
9,52,39,55,43
10,24,2,35,39
11,14,34,45,37
12,34,16,25,12
13,44,5,54,25
14,38,11,40,33
15,35,20,19,12
16,48,59,13,30
17,20,38,18,56
18,31,37,13,28
19,7,24,8,12
20,0,15,3,55
21,13,1,59,38
22,7,21,50,12
23,33,45,44,11
24,20,28,52,49
25,38,49,24,38
26,41,52,19,14
27,57,36,33,39
28,15,13,34,10
29,44,3,25,46
30,38,35,15,1
31,17,5,40,14
32,42,3,0,45
33,58,48,54,11
34,16,28,56,4
35,34,27,59,5
36,39,8,31,33
37,49,13,27,26
38,27,12,40,45
39,43,59,43,11
40,45,10,19,26
41,33,46,16,29
42,38,56,15,37
43,2,43,33,18
44,22,18,40,4
45,52,3,59,19
46,45,24,51,41
47,58,7,56,22
48,37,5,17,31
49,38,29,15,46
