7
Grid:
20,20
....................
....................
....................
....................
....................
....................
....................
....................
....................
....................
....................
....................
....................
....................
....................
....................
....................
....................
....................
....................
Agents:
30
0,15,16,2,19
1,5,6,15,4
2,8,0,3,18
3,8,3,18,4
4,9,1,4,15
5,10,0,2,2
6,2,11,15,7
7,11,19,15,1
8,13,18,18,14
9,14,10,12,18
10,5,14,6,8
11,6,18,9,4
12,5,7,11,2
13,6,11,2,14
14,1,1,0,11
15,10,9,1,10
16,17,16,10,11
17,8,16,7,7
18,7,16,1,7
19,4,6,12,7
20,3,7,18,8
21,9,17,13,19
22,9,8,17,19
23,12,13,16,16
24,19,15,17,12
25,19,13,10,5
26,4,5,11,10
27,7,0,9,15
28,9,6,1,0
29,1,0,8,7
