2
Grid:
70,70
.@..@..@....@.@...............@.....@......@.@...@..........@.@.....@@
.@....@.@@...@@....@....@......@.@......@....@.....@@.........@..@.@@.
..............@.@@@..@............@.@...@...@@.......@@.@..@@....@.@..
@....@.......@......@.......@...@@..@..@.@..........@........@.......@
.@........@...@.......@.....@....@....@.........@.@@..........@...@@..
.@@.............@....@@.@......@.@.............@.@.......@............
@.........@@...@.@....@..@.............@.......@@...@..@...@......@@@.
.....@@...@@..@......@.......@.@.....@..............@.@@.@@.....@...@.
@.@.@..@....@@@.@..@@@....@..@@..@..................@.@.@.@.....@..@..
@....@............@.@@..@..@@.............@...@...@@...@.@....@.....@.
.@@.................@....@......@.......@..........@.........@@.@@.@..
........@.....@........@..@...@...@......@@.....@.@@...@.@.....@@.....
....@..@@.@.......@.@....@@.........@...............@...........@...@@
..@....@.@...@@@.....@.@.@@...@..@..@..........................@...@..
@..@..@...@........@.@........@@............@.@....@..@...@@..........
....@...............@....@@.@......@@........@@..............@@.....@@
@.@......@....@.@..@.@.....@.....@......@@@.@@.....@..@@@@.@..@......@
@.....@....@...@.........@..@................@.@....@....@@@.@@.......
@......@.@..@......@......@.........@........@.....@@......@...@.....@
.....@@......@..@........@...@.@.....@.........@..@@..@...............
...@@@@@....@..@.............@..........@..@..@..@........@.......@@..
..@..@..@@.....@...@.......@@........@@..@..@.....@........@.......@..
............@..@.......@...........@.........@............@@.@.@......
...@..@....@........@.@@...............@.@...@......@.....@.@@...@....
..@@...........@@@.......@..@....@.@......@..@........@...............
.........@..@.@......@.@.....@......@.........@....@.....@@..@.......@
..@..@..@....@@@..@.......@......@..@........@.@@.@@..@...........@@..
....@.@...........@....@....@..@...............................@@.....
@.@@..@@......@@.....@@.....@...@.....@..@.....@@......@...@......@...
...@.@....@..@....@...........@.........@.@.@.@..@@..@..@....@@.......
......@..............@@....@.@.@.......@.....@@@.....@...@....@@..@.@.
................@.@..@.....@.......@.@.@..@..@....@..@................
.@.@...........@..@............@......@......@.......@...@............
..@.@@...........@@.@..............@............@@..@.@.....@.@...@...
.@.............@@..........@.@@..............@.@..........@........@..
.@.@.....@@@..@....@..........@@@...............@@.@...@.....@....@@..
...............................@......@.@@..@.......@.@.....@.........
@....@.....@......@...@@......@......@.@.@.....@@.@......@..@.........
....@..@..@......@.@....@.@............@.........@....@..........@.@..
@.@..@....@.@.....@.@...@..@@....@..@.@.@...@..@@@.......@@...@.....@.
.@.........@..@@........@@......@.....@..@.@.@.@....@..@@@..@...@..@..
..@....@@..@....@.......@.....@..........@.....@............@.@.@.....
.@.....@@@......@.@............@.@....@........@....@.....@.....@...@.
.@............@......@..@...@........@......@@.@..@.....@..@..........
....@.....@.........@.................@@@...............@@..@....@@@..
.....@..@.........@.........................@@@..@@..@.@.@@...@@......
@@.......@.@@@..@.......@@....@..@...............@.@@...@..@....@..@..
....@.......@.....@...@.......@.......@.@@@........@@..........@......
....................@........@.@..........@....@...........@.......@..
...@..@............@.....@@.@..@@......@..@....@.........@..@@........
@...........@@.....@....@...@@...@@...@........................@......
..@.@.@@..@@....@.....@@....@@......@..@.......@@.@.........@@..@.....
....@.....@....@....@@.....@..@@..@.....................@...@......@.@
..@..@.@.....@@.@...@..@@...@......@@......@.@...@...@@...@...@.......
..@............@@..@....................@....@...@.....@.....@...@@...
.......@............@.....@@....@.....@@.@@.............@......@@.....
...................@..@........@.....@......@.......@...@..@.....@.@..
@....@..@.........@.....@@.@......@.@......@....@.@..@@@..@@@...@@....
..@....@..............@.@.@..........@...@.....@.@...@....@.....@..@.@
.@..@.@.@.@@...@@...@.........@@....@.......@.@@...@...@...@.@@.......
...@....@.@@..@......@.........@.............@@......@@.....@....@.@@.
.....@..@.@..@..........@.@.....@........@......@..@@....@....@.@.....
@.............@.....@@..@....@.........@...@......@@.@....@.....@.....
@.....@.....@@.@..@.@.@@.@@.........@@..@.......@@....................
@......@@........@..............@.......@.............@....@...@....@.
.........@........@......@.@..@.@....@..@@.....@...........@..........
..........@...@..@....@.............@....@@..@..@.....@.@@.@..........
@....@...........@.....@..@@.....@...@@....@....@@..........@...@.....
....@............@........@.@.....@..@.....@....@@.@..@.@.@.......@.@.
......@@....................@.............@.@..........@..............
Agents:
60
0,4,40,20,17
1,65,10,1,21
2,37,20,64,9
3,61,53,19,18
4,49,0,34,0
5,19,36,45,9
6,2,48,67,36
7,47,43,2,48
8,54,56,41,31
9,54,39,19,7
10,61,63,8,60
11,64,20,34,22
12,5,5,7,51
13,58,27,26,53
14,35,28,9,31
15,8,53,68,11
16,60,62,51,55
17,39,37,9,47
18,58,40,52,42
19,36,25,64,10
20,21,69,22,24
21,43,17,51,19
22,26,1,54,50
23,13,35,24,29
24,15,44,49,16
25,5,32,7,65
26,18,42,23,16
27,65,22,63,53
28,35,60,18,22
29,58,54,32,0
30,38,21,15,38
31,69,23,50,65
32,45,41,52,64
33,0,34,68,52
34,15,43,63,35
35,27,39,9,14
36,61,66,61,0
37,42,35,31,55
38,5,46,31,11
39,68,3,35,17
40,10,58,36,3
41,48,5,16,30
42,16,37,38,34
43,13,61,69,54
44,60,26,20,55
45,49,15,53,1
46,67,24,46,8
47,22,1,51,67
48,44,54,53,59
49,14,17,15,65
50,8,8,54,27
51,64,15,41,25
52,19,8,57,7
53,50,49,30,25
54,62,56,13,68
55,7,48,52,26
56,27,55,22,0
57,68,18,56,4
58,13,3,21,13
59,50,40,64,66
