0
Grid:
60,60
.....@......@....@@....@........@@@..@.@..@.....@@..@.@.....
.....@@....@@.............@..@.@.@....@...@.@.@@.....@..@...
@..@@.......@.........@.@@@..@@@....@..@.@....@@.@..........
..@.@....@@..@....@....@...@.@........@........@...@.@......
..@@.............@..@......@......@......@@.@...@.@.@.......
...............@.@@.@.........@...........@.........@.......
@......@....@....@.......................@....@.@..@.@.@..@.
.......@......@@.@..@.@........@..@.....@.@@........@.@...@.
@......@.@....@@..@..@.@..@..........@.....@........@...@@..
@...@...........@..@@@...........@....@.....@..........@....
.......@@...@..@..@.@...@@.........@@@@.......@....@...@....
....@@..................@...@@.@........@.@@@...@......@.@@.
...@.@.....@..@........@.....@@.......@.@..@....@.....@@....
@.@..@@........@@...@........@@@..........@.@.......@.......
.....@....@@....@.......@.....@.....@.@@.......@.@....@...@@
..........@@@@..@.......@.....@...@@...@.....@..@@..........
....@@........@.........@....@......@.@....@...@.....@.@....
..@..@.......@@....@...@.....@.@@@.........................@
..@@....@....@.....@@.@.....@........@.....@...@.@@.@..@@...
......@@.......@.@@...@.@.....@..............@...@@.....@@@.
...@@@......@.....@..@....@.@..........@.@....@..@....@@..@.
@.@@..@..@@.@@...@@..@@.@@..@@.....@@.........@.............
...@........@...@........@.......@@.............@@..@......@
..@..@@..@.@..@...............@........@.@..@...@.@......@..
............@............@..@........@...@....@.............
.........................@......@..@@@.@...............@.@..
................@.@@@....@@............@..@.@@@.@@@..@.@.@..
@..@@@@..@...@............@....@....@@...@.@@.......@....@..
......@.@..@.@.@..@..@@......@..........@.@........@.......@
...@...........@...@.......@.@.......@...@@.@...@@.@........
............@...@..@..@...@.@......@......@........@@..@.@..
.......@......@@@.@......@........@......@..@.@.....@.......
@.@..@......@...............@...@.@@.@..........@...@...@...
..@.............@...............@.............@@@....@..@...
@@..@@....@...@....@..@@...@......@..@........@@@..@........
@.....@..........@...@@@.......@...............@@..........@
@..@.............@...@@@.@........@...@.....@......@........
.......@........@@@.@..@........@.@...@@........@....@@...@.
..@...@.....@...@.............@.....@........@...@......@...
......@.@....@.@.@.@.....@@@...............@@@@........@.@..
......@@...................@...@....@......@@@...@.@..@.....
.@......@.........@..@@@....@.........@..@@..@........@.@...
.@.......@...@....@.@...@.@..@.......@.@.@...@..@...........
..........@...........@@..............@...........@...@@..@.
.....................@.......@.@.@............@.@..@........
....@@.@....@.........@...@...@@@....@.........@............
.....@......@..@.@.........................@..........@@.@..
.@............@....@.....................@.............@....
........@..@...@............@......@....@...................
........@.....@.............@@.....@@.....@..@..@.......@..@
.@.....@.@............@....@@.....@.......@@@@@........@..@.
...@@..@.@@@..@....@...@.@@............@..............@..@@.
.....@....@......@@.....@.......@..@...@........@...........
...................@.....@.........@..........@....@......@.
...@......@...........@..@..@....@..............@...@.@..@..
..@..@@.@.@@@@....@........@@....@....@.....@...@...........
@......@..@.....@@...@....@@@......@.@....................@.
.@.@.@...@..@....@.@.@@.....@...@..@..@..@@..@......@..@...@
..@...@..@....@...@....@.........@.@...........@...........@
@...@...........@....@...@.@...........................@..@.
Agents:
45
0,14,43,15,55
1,22,46,16,10
2,51,42,57,36
3,41,26,54,23
4,49,41,23,35
5,58,30,22,5
6,49,33,33,39
7,57,43,26,30
8,33,13,23,27
9,58,44,38,17
10,19,21,17,15
11,47,36,15,17
12,53,54,32,20
13,21,7,41,17
14,39,22,9,17
15,58,10,55,7
16,45,49,48,48
17,13,32,48,46
18,9,30,35,49
19,45,29,23,0
20,4,10,36,41
21,10,50,7,50
22,4,38,47,26
23,27,30,14,13
24,54,4,52,31
25,5,13,2,44
26,47,37,36,16
27,31,51,20,37
28,58,51,23,15
29,35,42,53,44
30,0,26,7,18
31,34,49,54,16
32,12,21,45,8
33,50,51,58,30
34,14,35,16,25
35,57,48,53,47
36,43,14,49,10
37,45,59,25,27
38,44,32,38,35
39,59,17,43,33
40,35,18,45,41
41,55,17,24,30
42,10,27,20,59
43,50,37,40,24
44,3,37,40,41
