2
Grid:
60,60
.@@.@....@.......@......@....@@.....@@@..........@@@.@......
@@.@........@@.@.@@..@@....@@........@@...@...@...@......@@.
..@............@.@......@..@..@.........@...@..........@....
..........@.....@..@.................@.@..@...@@.@....@@.@..
..............@......@.@...@......@......@..@..@...@..@.@@..
@............@...@.@...@..@@.....@@..@..........@@........@.
....@...@@.........@......@.@.@........@@......@....@.....@.
@...@..............@.@.@...@@.@....@............@@.@......@.
.@@..@.@...@...@....@.....@.@@...@............@@@..@......@.
.......@@@.....@..........@@...........@....@@......@@@....@
.@@.....@.@.........@.@.@.@..@@......@.@.@...@.....@....@...
@.@..........@..@.....@..............@...@...@..@@.@....@..@
..@...@.@.@@.@.......@@......@..@@..@..@@.@........@.@.@@.@.
.@........@.@.@.....@...@.@...@..........@........@.....@.@.
@............@..@@....@.....@.........@@..@.....@.....@@@...
......@.......@.@...........@.@.....@@@.@..@.@.....@........
...@..........@.....@....@..@.......@..........@........@@..
.@@..@..@.........@......@.......@.......@..................
...........@....@.@..............@.@.....@..............@...
@...@....@....@.@.@......@.........@......@...@........@.@..
@..@...@.@..@@........@.@...@.........@......@.......@..@..@
..@..@.....@.......@....@...@.....@..@.....@....@......@...@
..@......@....@...@@...@..........@.@.....@..@......@..@..@.
.@@...@....@..@..........@...@.......@.@......@....@...@....
@.@....@............@.....@@.....@..@....@........@@@.......
.@.....@.@.......@@...@....@@..@..@@......@@.......@.....@..
...@...@..@@....@.@..........@.@@..@.@..@....@@..@........@@
....@.................@.................@......@..@.....@...
...@........@...@...............@....@.@.@@..@..@.@........@
@...@........@...@...........@...........@..............@...
....@......@.@....@.@.....@@.................@.@.......@....
.....@..@..@.@@....@.@.........................@.@.......@..
..........@@...........@......@..@........@..@.......@......
...@@@.....@.....@...@@..@@@..@.......@.@.....@...........@.
.@..@.@....@..@...@..@@...@@....@@.@............@@...@@....@
@...........@.......@@@.@....@.@.@...........@..............
......@@.@..@@.....@........@@@.@@........@@...@@..@@.......
@.@@.@..@...@.@....@...@@.@@.@...............@...@.@@@......
....@.......@....@@.@........@..........@..@.@.@.....@......
.........@@.....@......@.@.......@..@.@...@.....@...@.....@.
.....@.............@.@.@.@........@......@..@.@.............
...@.@..@..@.......@....@....@.@.@.@.@......@.@@....@.@.....
.....@.@....@....@.....@..@@...@...@....@.....@..@....@.....
...@@.....@.......@.....@........@....@........@............
.@.........@...@.....@...@@..@..........@...@..@@.@.........
..@.@....@.........@@....@.@...@@@.........@.@...@..........
..@...............@..........@..@.@.@..@.......@............
........@.........@@...@@...@.@@.........@......@.....@..@..
..@..........@....@.....@..@@................@..@.@......@@@
......@@...@........@..@...........@@.....@......@....@@@...
......@........@@......@...@@@.............@...........@....
@.....@.........@.................@......@....@..@@...@.....
...@...@..@....@......@.................@.....@@.@@.@.......
...........@...@..@......@.....@....@..........@........@...
.@..........@@@.....@..@..@..@...@.....@........@...........
...............@@....@.....@@.@..................@..........
.......@..@........@@.@@.......@.@..@@...@@..@@..@..@.......
.@...@.@.................@..@.........@..@......@......@@...
..@...@........@@..................@..@@..........@.....@...
...@..@@.....@.........@....@@..................@....@.....@
Agents:
70
0,37,37,14,19
1,29,2,46,10
2,53,21,41,55
3,38,48,4,12
4,59,12,26,20
5,13,43,41,48
6,31,6,57,51
7,16,12,41,21
8,22,28,38,39
9,1,48,20,21
10,33,7,38,27
11,6,7,10,55
12,31,10,33,7
13,46,59,49,32
14,54,47,24,12
15,59,19,17,29
16,58,7,25,59
17,35,46,45,21
18,47,17,22,57
19,46,25,20,1
20,3,53,59,17
21,26,0,31,50
22,0,28,12,23
23,15,31,37,33
24,16,1,1,56
25,36,59,20,8
26,17,26,14,30
27,43,11,16,23
28,8,9,4,38
29,10,18,16,45
30,26,36,59,52
31,41,43,19,54
32,26,9,45,18
33,7,17,33,19
34,55,14,15,48
35,23,21,43,59
36,56,0,14,45
37,18,29,20,47
38,26,15,18,2
39,0,3,0,3
40,29,45,5,31
41,41,22,28,22
42,6,33,17,6
43,4,0,32,5
44,8,37,19,23
45,14,45,45,14
46,1,31,50,37
47,39,57,45,48
48,36,1,21,50
49,3,17,11,33
50,5,43,55,14
51,52,38,39,28
52,42,55,23,35
53,17,22,48,6
54,6,56,9,31
55,2,4,38,36
56,2,34,39,13
57,6,46,25,5
58,6,10,27,18
59,41,1,37,43
60,28,54,45,23
61,35,3,51,26
62,27,27,50,25
63,7,26,28,1
64,18,49,6,3
65,28,21,6,22
66,55,19,30,46
67,27,5,42,18
68,43,22,22,46
69,28,5,54,42
