1
Grid:
60,60
............................................................
............................................................
............................................................
............................................................
............................................................
............................................................
............................................................
............................................................
............................................................
............................................................
............................................................
............................................................
............................................................
............................................................
............................................................
............................................................
............................................................
............................................................
............................................................
............................................................
............................................................
............................................................
............................................................
............................................................
............................................................
............................................................
............................................................
............................................................
............................................................
............................................................
............................................................
............................................................
............................................................
............................................................
............................................................
............................................................
............................................................
............................................................
............................................................
............................................................
............................................................
............................................................
............................................................
............................................................
............................................................
............................................................
............................................................
............................................................
............................................................
............................................................
............................................................
............................................................
............................................................
............................................................
............................................................
............................................................
............................................................
............................................................
............................................................
............................................................
Agents:
75
0,34,9,34,51
1,4,12,58,44
2,49,12,55,46
3,1,47,26,50
4,25,37,7,27
5,32,39,29,12
6,25,44,13,27
7,45,40,32,10
8,54,28,32,34
9,50,19,5,51
10,43,8,58,54
11,52,2,40,56
12,38,43,46,7
13,9,10,28,23
14,10,36,16,10
15,54,31,7,14
16,4,3,57,18
17,15,30,17,16
18,36,3,18,39
19,55,31,13,34
20,55,54,23,3
21,35,12,14,19
22,23,0,29,36
23,24,22,34,25
24,35,13,36,29
25,59,11,52,24
26,30,19,26,58
27,39,25,8,46
28,16,2,41,5
29,33,5,23,37
30,2,50,17,36
31,36,49,22,10
32,42,0,9,12
33,35,22,36,7
34,29,15,1,59
35,4,50,24,3
36,32,18,31,34
37,23,49,51,19
38,38,37,48,26
39,19,46,18,49
40,34,56,2,20
41,36,42,34,20
42,1,44,18,21
43,13,34,2,57
44,29,49,31,47
45,29,4,39,14
46,17,46,19,8
47,30,22,58,39
48,25,1,2,30
49,53,19,36,6
50,9,9,48,42
51,38,12,28,52
52,55,50,24,23
53,53,37,49,27
54,23,55,6,28
55,46,15,39,48
56,15,39,24,11
57,13,59,38,54
58,59,50,19,10
59,58,40,8,22
60,2,29,33,29
61,20,43,51,15
62,49,19,6,9
63,31,46,59,3
64,9,16,47,53
65,12,17,0,1
66,53,15,21,59
67,46,27,48,58
68,4,48,57,24
69,48,33,54,44
70,56,36,46,13
71,11,34,26,8
72,3,13,0,16
73,48,37,40,2
74,33,30,34,48
