2
Grid:
20,20
.............@......
...........@......@.
..........@.........
...........@........
.......@............
....................
....................
....................
......@.............
..........@.........
............@..@....
....................
@...................
@...........@.@.....
..............@.....
........@..@........
....................
...@.........@.@....
....................
....................
Agents:
30
0,5,17,8,11
1,0,9,10,18
2,15,2,12,5
3,7,10,7,1
4,19,3,18,7
5,10,17,9,7
6,5,19,2,19
7,14,3,10,8
8,1,13,15,12
9,14,9,0,14
10,18,1,15,16
11,5,3,16,6
12,12,15,16,13
13,10,2,8,16
14,15,7,3,0
15,13,5,14,16
16,10,11,10,19
17,0,2,9,8
18,15,9,6,15
19,13,2,5,0
20,1,5,7,6
21,15,12,16,3
22,4,1,17,7
23,3,19,19,17
24,9,4,16,18
25,18,16,8,7
26,18,19,4,9
27,6,1,1,9
28,14,12,10,4
29,9,11,3,17
