7
Grid:
20,20
.............@......
............@.@..@..
.....@.........@@...
.@@.............@...
...............@....
...@........@.......
@........@..........
............@......@
....@@........@@....
...............@....
@........@....@.@...
..............@.....
....@.@...........@.
...................@
.............@@.....
........@..........@
................@...
....................
.@..@...............
.@....@.............
Agents:
25
0,19,18,5,7
1,15,0,5,0
2,5,13,12,10
3,15,9,17,13
4,4,17,16,9
5,1,2,18,9
6,10,13,17,5
7,11,0,11,0
8,11,18,13,17
9,9,10,4,8
10,3,8,15,7
11,19,10,3,5
12,6,4,7,10
13,2,3,1,1
14,10,2,18,12
15,11,16,3,13
16,5,2,13,4
17,0,4,16,17
18,0,11,4,0
19,2,6,18,11
20,13,7,4,13
21,16,4,3,15
22,7,16,17,2
23,9,6,13,9
24,9,5,19,17
