0
Grid:
60,60
.........@.@.............@@...............@...@..@......@...
........@.............@.........@...@.......................
@..@......................@.....@.........................@.
..@.@.............@...@..........@..@......@................
......@.......@...@...@.@@............@@..@........@........
........@.....@.....@..@..............@..............@....@.
...@..@.............@....@....@..............@.........@....
@...............@........@............@...@......@..........
..........@.....@...@....@.................@................
..@..@@....@...@..........@........@@..@@...............@@..
...@.@......@.........@......@.............@................
....@.......@...................@.....@.................@...
@..@.....@.....@.........@..@@.........@..@........@.@.@....
..@...........@.@..@.........@..............@@......@......@
......@.@.....@.....@.@.@..@..@.................@...........
...........@....@.....@...@..........@...@@@............@...
.@@.................@......@........................@@.@.@..
........@..@...........................@....@.@.@.....@.....
.........@....@..@..................@..............@........
@....@...@.............@@.......@.@...@...@@..........@...@.
@......@..........@............@@.@.@..@.....@.@..@.@.@.....
...........@.@..@.....@..@......@@....@.........@...........
.......@.......@@..@...@...@@.@........@.@.@...@............
......@.@.........@........................@...........@.@..
.......@..@........@..@..@..@................@..............
....................@......@.....@..............@....@....@.
...@.@.@...................@.....@......@......@.@.@.@......
..............@...........@.@..@..@@................@..@@.@.
...@....@........@@@.@@..............@.........@@........@..
....@.......@@@......@.........@.................@......@@.@
..@....@..@........@@...@......@..........................@.
..............@.....@......@.......@....@.@@.....@...@..@...
......@.@.@.......@.....@@....................@.............
........@....@..@@..@........@@......@@@.....@..@@..@..@....
..@...@.........@.....@...@........@@.@.......@............@
..@..@....@....@.........@..@@.........@......@@.@....@@.@..
@@............@.......................@..@..................
....@..@...@........@..@......@..@..@......@@.....@.@.......
............@.....@@.@@..@.@.@...............@@...@....@..@.
..............@..@.@.@...@.....@@@....@...@..@@....@@.......
@.......................@......@...@........@..........@....
.....@.@...@..@......@..@....@............@...@........@.@..
.@..@.@.........@.@@......@....@..@........@.@......@@@.....
@........@.@........@.....@@...@.@@..............@..@...@.@@
..@...@@..@@.@........@..@........@.......@.@...@.@.....@...
..@..@@..@...@.........................@......@@@...@.....@.
................@...@...............@........@...@..@.......
@................@.@........@............@.@@.@.............
@.......@.......................@.@........@.@....@.........
......................@.@......@...@..@....@..@@.@...@@@..@@
.................@.........@@@.@.....@....@........@........
...@.@.......@......@...@......................@............
.@.@.................@......@.....@.........................
@...................@.@.......@.@.....@....@...@.....@..@..@
...............@.@...@@@...........@................@.......
...........@...@...@..@@.....@....@.........@.......@.......
......@..............@......@.................@.............
..........@....@@.@...@...@......@......@...@..............@
.@@..@@.......@.@.@........@.......@.........@.......@@.....
...........@......@.......@..@...@.@............@.........@.
Agents:
65
0,12,52,56,10
1,3,40,29,58
2,39,28,29,19
3,49,25,2,40
4,15,59,0,32
5,0,44,14,58
6,45,59,50,52
7,36,15,31,1
8,13,28,4,28
9,4,55,31,0
10,25,32,8,27
11,18,10,14,16
12,24,41,0,13
13,54,33,57,8
14,48,28,54,41
15,25,8,10,18
16,19,20,0,52
17,10,31,50,2
18,6,13,21,4
19,40,12,57,3
20,53,27,32,53
21,42,49,1,13
22,4,17,50,32
23,43,55,13,26
24,21,29,25,3
25,4,54,36,9
26,1,34,40,16
27,4,26,24,5
28,56,17,49,25
29,5,1,53,14
30,50,4,11,43
31,8,44,54,25
32,44,54,37,54
33,48,22,13,21
34,2,5,48,21
35,29,10,51,28
36,1,56,13,47
37,29,30,39,28
38,1,47,34,7
39,51,29,29,39
40,47,50,57,24
41,15,15,2,55
42,5,39,7,29
43,16,23,51,10
44,7,52,2,48
45,40,19,22,11
46,33,32,0,47
47,19,21,32,39
48,53,15,46,53
49,59,53,43,46
50,52,5,32,31
51,36,59,19,12
52,57,25,15,18
53,15,18,40,11
54,9,20,52,11
55,16,18,2,7
56,29,28,15,8
57,24,37,50,13
58,17,22,47,33
59,49,6,13,32
60,3,9,20,30
61,19,19,35,6
62,24,9,39,36
63,57,29,16,40
64,28,30,31,33
