2
Grid:
70,70
@@@.@..........@.@.@.......@.....@@......@.@.@@...@@.@.@.........@....
...........@@..........@@@....@@..@....@....@@.@..@..@................
...@.@@.......@.@..@...@.....@............@@@.......@..@.@.@.@@....@..
...........@..........@.@.......@...@..@..@.@@@@.@@@....@......@..@...
....@...@.@@......@@@.....@@@..@......@.@@...@@..@.@...@.@.@.....@....
....@.......@@..@..@......@...@..@@...@....@.......@.........@....@.@.
....@@.........@....@.....@.@@@...............@@...@...@.@...@.......@
.@.@@.@@..@@....@@@@@@..@.@@......@....@........@.@..........@..@.....
..@@........@.@.......@@@...@.....@@.....@.......@..@.@@....@.........
....@.....@....@......@@.....@.@..@@.@....@@@@......@.....@....@.@....
@..@@@.@@.......@@.....@...@....@...@.@......@........@.@..@....@.@...
...@.@....@..@..@.@@@....@.@.......@.@.@@......@....@.@......@......@@
.@..........@.@.@....@..@@...@...@@........@@....@..@.@@.@.@..........
@........@..@@@@.....@...@.@@.@.@......@.@.@@.@.@@.....@...@...@.@..@.
......@@.@.@.@..@......@@@@..@@@@@...@....@.@.@.......@.......@.@.@...
.@....@..@.@........@@@.@......@@..@@.....@@..@..@........@......@...@
..........@...@.@@.@@...........@.@...@....@...@@.@......@...@.....@..
..@....@.....@.@...@.@..@.@.@..@..@...@@....@.@..........@@.@...@.@@@.
@.@....@.@@...............@..@.@@@....@..@@....@..@...@....@@.........
..@.............@........@..@@........@....@..@@..@.....@...@@..@.....
...@@.@.....@@.@......@@@........@.......@..........@.@.............@.
@@............@.@.....@...@..@.@..@....@@...@...@..@.@@......@......@.
......@...........@@@.........@.......@...@.........@.@...........@...
..@..........@......@.@.@....@@..@.@.@.............@@.@.....@.@...@@..
.@.@.....@.@@.@..@..@@..@..@....@..........@@............@@.@@.......@
.@@........@@@..@.@@....@.@.......@..@@...........@@.@...@.....@..@...
@@...@....@@@......@...@@....@@........@...@...@...@..@@....@.....@.@.
.@....@@.@..@.@..@@.........@.@.@.......@..@.@.....@@.....@...@......@
@@..@.@@.....@....@@.@..@..............@@..@..@..@@..@.......@...@@...
..@...@......@@....@................@.@.@....@.@...@..@......@@@.@@...
@........@....@@...........@...@.@...@......@.@.@....@....@@...@...@@@
@...@@@...@.@............@.@.........@.@...@..@@..@@...@@..........@..
@....@..........@....@.................@..@@.@...@........@@.....@...@
........@@...@@@...@....@..@...........@...............@........@@.@.@
......@..@.@....@..@....@..@...@......@.@.....@@.@.@.@..@@.......@.@.@
@@.....@....@......@@@...@......@...@.....@.@...@......@........@...@.
.......@@....@....@@........@@..@@....................@..@@@..@.@@.@..
@.@.....@....@.@....@.@....@.@@...@...@..@.@..@........@..@.@..@@@...@
@.@.........@..@@........@.@..@@...@....@@.@...@........@...@.....@...
....@......@..@.@.@@...@.........@....@......@.......@@.@.....@..@...@
@...@.@..@@@...@.@@.@..@......@...@.@....@...............@........@.@@
@@..@......@..@@.@@..@......@......@@@...@...@....@..@.......@@.......
.....@@..@......@...@............@.........@@...@@...........@@@..@...
@.@.@.@......@.....@..@@@@...@..@.@@....@@....@@............@@@.@.@.@@
......@.@..@........@....@....@@......@.........@.@@@..@.......@......
@..@@@@.@........@.......@....@@...........@@.....@@@.....@@..........
...@.....@..........@.@@.......@.@@..@.@.....@..@.......@@.....@@...@.
....@.@..@....@@..@@......@@..@@.@@..@..@...@.@.@@...............@....
....@@..@....@@..@@...........@@@@@.....@.......@........@@........@@.
.....@@..@.....@.@....@.@.....@...@.....@.@@..@......@.@..@@@.....@...
..........@......@.@.....@@@...@......@@.@@..@..@@..............@.....
@..@.@@..@..@.@..@..@.....@............@...@@...@..........@.@...@....
@@..@@.......@.@@@.@@@....@........@...@............@@..@..@....@.@..@
............@...@.......@.....@@.@....@........@...@...@......@.@...@.
....@......@...@@.................@.@...@......@..@...............@@..
..@.@@@.@.@@........@@@@.......@.@@.@..@@...@.@...........@...@.@.....
....@.@.@............@@@@....@..@.@.............@....@@..@...@@....@..
.....@.@.@....@......@...@.......@.....@@........@.......@.@@@...@...@
............@@@...@..@..@...@@.......@.@............@...@...@.@@..@...
.....@..@@@.@...@.@........@@.......@......@...@.......@@..@....@.@@..
@........@@@...@@..@.......@..@..@@......@.....@.......@@......@@..@.@
.....@@................@..@.....@@@@..@......@..@.@@..@..@@.....@.@...
..@..@...@@..@.......@.@....@..@...@@.@.........@.......@.@...........
@..@...........@.@@...@.@..@..@..@.......@...@.@.......@.@.......@@...
.@...@..@...@@.@........@.@.....@.@..@@.......@@..@..@..@@...@......@@
@..@.........@@............@....@..@.....@......@@@@...@......@@......
.....@.@..@.@......@..@...........@...@@@@....@@.@.@......@@....@.@@..
..........@@..@..@..@...........@.@......@...@@......@@...@.........@.
......@...................@..............@............@@.......@..@@@@
.@.....@....@..@...@.@@........@....@.......@.......@..@....@..@....@.
Agents:
60
0,15,37,16,4
1,29,67,28,55
2,29,23,42,68
3,69,46,15,67
4,50,32,19,11
5,2,15,56,52
6,41,58,40,14
7,30,49,66,13
8,9,49,55,41
9,10,57,29,39
10,38,32,43,53
11,18,14,63,26
12,36,31,49,39
13,3,61,26,44
14,45,45,66,31
15,66,31,0,52
16,4,36,20,69
17,35,5,16,23
18,17,63,54,28
19,42,15,35,10
20,15,63,21,55
21,31,33,51,66
22,57,35,30,65
23,27,50,3,10
24,5,54,51,34
25,10,10,25,8
26,17,59,4,3
27,57,26,45,18
28,68,27,34,8
29,61,69,48,61
30,13,4,31,52
31,17,17,12,35
32,14,22,25,35
33,16,25,6,34
34,52,2,17,56
35,43,37,18,14
36,58,65,33,58
37,1,37,21,8
38,0,7,26,46
39,65,6,33,41
40,45,53,62,11
41,28,58,47,61
42,64,3,60,23
43,42,57,42,22
44,60,54,58,36
45,36,53,0,23
46,3,65,44,37
47,14,8,60,51
48,50,50,6,9
49,2,7,22,43
50,36,49,20,49
51,26,62,48,52
52,38,3,31,60
53,69,37,25,31
54,41,31,47,63
55,30,55,1,52
56,22,62,60,32
57,40,65,10,68
58,26,35,7,35
59,58,22,41,69
