3
Grid:
20,20
@...................
..@.............@...
....................
...@................
.@..................
.........@..@.......
...........@........
...........@.@......
..@.......@.........
....................
............@.......
....................
...............@....
....................
....................
..@..@..............
.........@..........
....................
.................@..
...........@@.......
Agents:
30
0,8,3,4,4
1,7,10,10,5
2,0,5,4,10
3,19,3,12,9
4,13,1,11,4
5,8,18,13,5
6,13,3,17,13
7,17,10,3,0
8,2,9,16,12
9,3,11,3,10
10,9,18,6,2
11,13,10,8,5
12,18,19,11,1
13,12,2,3,17
14,16,4,19,17
15,1,5,11,8
16,4,4,3,19
17,3,1,12,16
18,4,10,3,18
19,16,2,6,10
20,13,16,17,16
21,8,5,13,19
22,7,4,2,4
23,12,8,2,1
24,6,9,1,8
25,13,9,12,1
26,10,16,4,15
27,12,0,9,19
28,12,17,18,10
29,7,8,14,15
