9
Grid:
20,20
.....@..............
.@..................
....................
................@...
.....@....@.........
....................
.@...@..............
..@.........@.......
..................@.
....................
....................
....................
.....@.........@....
..............@.....
.....@...@..........
...@................
............@@@.....
....@...............
....................
....................
Agents:
10
0,1,4,7,16
1,6,19,1,3
2,5,9,14,13
3,15,0,1,16
4,9,18,18,14
5,9,0,3,11
6,13,7,9,6
7,14,2,17,6
8,12,2,0,0
9,9,11,2,10
