2
Grid:
60,60
...................@.......................@............@..@
..........@........@.....................................@..
..................................@....@@.@.................
.@.@.....@..................................................
.....@...@..........@...........@..........@..............@.
..........................@.................................
......................@.....................................
............................................@.@.............
..............@........@...................@................
.......@...............................................@....
.........@....................@.........@...................
...@.........................@..............................
.......................................................@....
..@....@......@.@......................................@.@..
.......@..@.................@...............................
......@................@..........@.....@........@..........
..................@.......................@..........@......
...@.......@.....@..........................................
............................................................
@..............@.@..........................................
.@@......@..........@.......................................
........................................................@...
.................................@......@..............@....
...........................@.............................@..
...............@.........@..................................
...........@............@.......................@...........
.......................@..................@...........@.....
.......................@..@....@........@.@.................
..@.......@....@............................................
.............@..............................@...............
...................................................@........
@..........................@.........@......................
.............@........@..................................@..
........@......................@@......................@....
@.......................@...................................
......@.....................................................
.......@.......................................@............
.........@.........@.................................@......
..@...................@.............@.......................
...................................@.@.@...@................
.....@..@...............................@.@.@...............
....@@...................@........@...@....................@
............................................................
.....@.........................@..........@..@............@.
............@..............................@.@......@.......
.................@......................@...................
.@.....@....................................................
.....@.........................................@......@.....
..@.........................................................
............@.....@....@........................@...@...@@..
............@.....@....@..........................@...@.....
..........................................@...........@.....
....................@.......................................
..........................@.......@@.....@..............@...
...............@.................................@@.........
.............@................................@..........@..
....@.......................................................
................................@.....@.....................
......@..................@....................@.............
.....@...@..........................@@......@.@..@.....@....
Agents:
35
0,1,17,42,24
1,24,53,25,50
2,27,46,56,8
3,28,52,51,43
4,25,29,13,31
5,15,18,14,4
6,19,2,54,17
7,21,22,20,47
8,3,51,27,19
9,12,14,45,30
10,16,0,51,31
11,11,11,4,47
12,52,15,45,9
13,27,52,14,23
14,28,46,46,18
15,56,0,47,11
16,39,8,9,27
17,43,41,21,37
18,55,35,11,15
19,1,20,26,10
20,56,25,16,20
21,39,41,32,47
22,4,4,56,25
23,50,47,27,0
24,24,46,25,54
25,1,5,35,19
26,36,26,3,41
27,35,16,2,59
28,0,10,59,30
29,2,23,52,56
30,49,32,25,13
31,6,40,22,18
32,55,12,14,36
33,39,22,14,6
34,55,37,11,35
