2
Grid:
70,70
.....@@.....@..@............@.....................@...........@.......
........@.@@............@......................@...@.@....@...........
.@.@.......@............@@....................@................@......
.@.....................@...@..@........@.......@.....@....@...........
.@..@.....................@...............@.@.....@...@...@..........@
..............................@......@.........@@....@.........@......
.@@..................................@@..................@..@.....@...
.......@...........@.................@..........................@.....
.....@....@.@.@...........@.............@...................@.......@.
...@.........@...................@.....................@.........@....
.@.....@.......@...@...@......@..@.....@...........@@..@@..@....@.....
.@.....@.....@..................@.......@...@.........................
.........@..................................@..........@.............@
..........@..@...........@............@.@.........@..........@........
..............@.....@@...@....@.....@....................@.......@....
..@..@@..............@..............................@..@....@.........
...........@..@.@...........@.....@........@......@...................
....@...............@@@.@..........@..............@.@...@..........@@.
...........@.....@.....................@.......................@......
.................@...................................@....@.@.@.......
...............................@........@..@.@.@....@.........@.......
.......@.............................................................@
...............@.....@.............@..............@........@@@......@.
@@@.....@...@.......@.........@..@............................@.......
.@...........@@......@@....@..................@........@.@............
..............@............@......@.......................@.@....@.@@.
@..........@..............................@.....@...........@.........
..@@......@......@....@......@.....@.@................@.........@...@@
@....@..................................@......................@......
@......................................................@..............
.@.......@...@....@.......@............@.........@...............@....
...@.@@...@........@...@.............@..............................@.
..@......@..........@.......@..@...@............@.@..@.........@..@..@
.........@@......@...@.......@.................................@..@...
............@.....@.@........@.@......@.@...@.....@..@.........@....@.
.@......@....@...@................@.@.....@...............@...........
..........@...........@.............@.@..@..........@..@..............
..@.....@.@..@......@.@...................@........@.@...........@....
............................@.....@@..................@...............
.@...@..@..........@................@..........................@......
..............@.@.......................................@@............
.@.........@...@..@..@....@..........................@..@..@..........
.............@.........@....@..........................@..@...........
.@@@.............................@.......@............@..@@...........
...@........................@...........@......@........@..@..........
.@.....................................@..............................
.@....@......@....@...@........@........@.......................@.....
.....@..@......@....@........@........@..@.............@.@.....@.@....
........@.......................@.....................................
@...@..@.@....................................@@@....@.........@......
....@@....@............@...@....@........@.@.@@....................@..
....@.@.@............@.........@....@@....@.@.........................
......@..@.@..@....@..@....@.@.@............@........................@
..........@.................@................@.@.....@...@.........@.@
@..........@......@...................@.........@..........@.@........
.................@................@.....@...............@........@.@..
........................@.............................................
....................@@.@............................@.....@.........@@
.@.....@........@@......................@...............@....@........
...@@..@.@@@@..........@....................@@........................
.................@....................@...............................
....................@.............@..@.......@........................
.............................@..@.................@.......@@...@......
......@...............@..@.................@......@......@@@..........
...@..............@.............@.......................@.@..@........
.........@...........................@.@....................@......@..
......@..@............@.....................................@..@.....@
..........@..@...............@..@.............@.....................@.
.........@.@.@..........@@..@......@........@......@...@..@...........
....@................@..........................@...@@................
Agents:
65
0,13,18,46,9
1,60,36,27,16
2,26,46,9,57
3,6,3,66,64
4,19,36,9,14
5,48,25,8,47
6,0,68,45,4
7,14,7,35,35
8,20,54,44,63
9,0,58,4,56
10,29,47,64,66
11,42,40,55,23
12,69,26,15,48
13,41,20,29,65
14,24,36,13,6
15,67,11,23,59
16,39,4,35,19
17,40,35,31,48
18,54,46,47,59
19,55,41,32,59
20,9,48,12,48
21,28,15,58,25
22,52,15,14,54
23,26,35,56,66
24,34,37,19,46
25,35,38,29,54
26,69,35,7,57
27,46,19,37,40
28,35,46,41,27
29,47,49,4,2
30,12,12,27,39
31,28,59,25,40
32,28,9,28,30
33,0,23,7,44
34,37,64,61,50
35,67,54,55,9
36,11,4,60,2
37,28,20,43,18
38,69,8,30,8
39,68,6,43,20
40,36,15,67,18
41,56,63,66,18
42,56,16,35,67
43,68,49,33,4
44,37,11,59,36
45,34,11,66,62
46,67,51,43,26
47,7,50,23,38
48,48,63,64,5
49,48,26,14,47
50,11,0,40,36
51,48,24,22,2
52,50,16,69,11
53,56,61,45,24
54,49,27,12,23
55,28,66,9,28
56,68,4,60,59
57,67,53,59,50
58,6,5,33,33
59,64,0,68,50
60,6,47,39,21
61,12,18,17,9
62,30,5,56,0
63,27,52,5,3
64,4,56,11,17
