1
Grid:
60,60
....@..@.@....@.@..@@.........@@.@.@.......@.@.@.@...@..@..@
..@...@...@@@....@.....@...@..@....@...........@@....@......
..@....@.....@..@...@@..@@..........@.@.....@...@.....@..@..
.@........@..@...@....@....@@.......@@........@..@@@.@.@@.@.
.@..............@.............@.@..@........@........@.@.@..
.@@..............@...@.@....@......@@..@...@@..@@..@.@......
@.@.......@@@@@@...@@...@@@....@.....@@@@@.@...@...@......@.
....@@@..@.@..@.....@@..@@@....@@...@.@.....@.@..@.@.@@@....
@@........@........@..@@@........@.@..@@.....@.@.......@.@..
@@.....@.@.....@....@@..@............@...@.@..@.@...@..@.@..
.@...@...@@.....@..@.@.@.@@.@........@...@@@...@......@.....
@@...@@.......@@..........@.@@.@.@@.@.@.....@.@.......@....@
@.@.@.@.....@@@..@@@.......@....@@.....@@....@..@..@@..@..@@
@...@.....@.......@.@.@@.@@.@@..@...@.@....@..@@.@@...@...@.
...@...@@.....@@...........@@.........@@.@@..@.......@@@....
..@.@.@...@...@....@@....@........@@.@.@.....@.@@..@......@.
..@.@..@@.@@@@.........@@.@@......@..........@.@..@@...@..@.
@..@.........@..@.@@@..@.@@.@.@.......@.@@....@.@.@..@@.....
....@@@@......@..@...@......@@@@...@..@.............@.@@.@.@
..@.......@.....@........@@.....@...@@..@...@@.......@@.@@@@
...@....@....@@...@....@@.@@.............@....@.@..@@......@
........@@@.@.@.@....@@..@@.@@.........@......@..@.....@.@..
.@....@@@.....@.@@@...@.@.@....@..@.....@...@....@.@........
.......@..@....@.@@...@.@......@.@...@..@........@@.@..@.@..
@...@.......@.@..@.....@....@.........@.@..@..@.@......@@..@
..@.@.....@.......@...@.....@..@..@@......@@.......@........
...@@..@.@.............@.@......@@..@........@@@.@..........
.@..@...........@.@@.@..@@.@.@@@..@@@.@..@............@.....
@.@....@...@@@.....@.....@....@.@...@.......@.@.@..@..@@....
@@...@@.@.......@@.@.@.......@@.....@...@@..@@...@.@.@...@..
..........@.@...@....@@.@.@.@@..@.@...@...@..@...@..@..@.@..
@...@..@@@....@.@@@@..@......@.@...@......@.@.@........@@..@
......@.@.@.@@.....@@.@.@@.@@@..@..@..@@.......@......@...@.
.................@...@@@@.....@@..@......@..........@....@..
.@...@.@..@.@....@...@....@@@..@@@...@....@...@@.@..@.@..@..
..@.@@..@@...@.@.......@@......@@.@@.@@......@...@.@@...@.@@
.....@@@@.@@..@......@.@...@.....@@...@.....@@..@.@@........
.@@..@@.@.....@@..@.@....@..@..@..@..@......@.@......@.....@
.....@.@......@.@....@@...@.@@@...@@...@....@@.@@.@.@.@@@.@.
...@...@........@.@.........@....@.@@.@.@@@@..@..@..@@....@.
....@..@..@..@@..@..@@.@....@@...@@.........@..@..@..@..@@..
....@.@.@...@.@@.@..@@.@....@@...@..@@@..@.....@@.........@@
.....@...@.....@...@.......@@@@@@@.@..@..@@.@......@@..@.@@@
@...@..@.......@..@@..@@@@......@.@..@.@.@...@@...@.@..@....
.@...@...@@.@@@.......@@....@.@...@....@@....@.@.@@@...@....
...@@.........@....@..@....@@@..@@....@....@....@...@.......
.@...@....@..@.@@....@.@...@..@@.@..@@......@@...@@@.@.@..@.
...........@....@@..@....@.@..@@.@.....@@.@...@@..@.....@...
...@...@....@@.@@.@@@.@@..@.@.@.......@..@..@....@..........
@.@@...@@....@.@.@..@.@@..@@@.....@.@..@.@.@..@@.....@@....@
......@...........@@@.@.......@@.@..........@..@..@.........
.@...@..@@@.@.@.@.@..........@......@.@@..@.@...@...@....@@.
.@@.......@@.@.@.@......@.@.@@.@.@@..@.@.@...@@....@@@@..@@@
....@..@.@@......@.@....@@@...@.@...@.@.....@@.@.....@..@@..
@..@...@@.....@.@.@......@@.@.........@...@@@....@..@@@@....
@.......@...@.....@...@...@@.....@.@@@.@.@..@..@...@.@@.....
@@.@@....@.@.@.......@...........@........@@.@.@.@@@...@.@@.
@@@@@@..@..@....@.@@.@............@@..@.@.@..@@...@@........
@...@.@.....@....@....@..@..@.@..@....@..@@@......@@..@...@@
@@..@......@@.@....@..@.@@...@.....@@..@@.......@.@........@
Agents:
80
0,49,45,54,23
1,57,28,37,11
2,14,35,37,13
3,29,4,20,38
4,25,55,28,27
5,27,57,50,51
6,33,55,11,39
7,8,30,36,20
8,49,33,6,53
9,39,14,51,21
10,20,0,42,23
11,53,6,40,12
12,59,7,47,48
13,35,7,14,52
14,24,10,43,43
15,55,4,43,10
16,29,47,17,12
17,1,59,56,40
18,47,21,43,58
19,58,14,20,16
20,42,23,27,6
21,4,18,50,41
22,19,19,39,27
23,34,22,40,3
24,34,8,6,32
25,13,24,7,18
26,8,36,24,9
27,26,43,7,57
28,8,49,38,12
29,31,6,4,33
30,22,55,42,8
31,54,23,56,26
32,4,37,27,49
33,26,10,10,40
34,51,47,19,39
35,31,36,36,13
36,30,6,54,11
37,13,35,39,48
38,50,48,33,50
39,4,24,51,26
40,32,23,48,29
41,35,57,6,8
42,7,42,15,9
43,1,9,59,34
44,13,9,52,16
45,57,58,58,57
46,51,20,6,17
47,18,37,9,11
48,45,24,33,38
49,52,47,51,3
50,4,6,45,53
51,18,41,49,10
52,52,40,21,50
53,1,14,47,1
54,47,44,10,33
55,27,52,16,40
56,23,34,10,7
57,22,21,50,38
58,47,15,36,46
59,40,31,54,10
60,17,6,2,4
61,31,15,25,6
62,39,29,12,49
63,56,18,7,29
64,43,14,38,51
65,5,18,52,55
66,37,32,10,17
67,16,37,24,25
68,55,40,2,41
69,31,13,36,16
70,30,15,24,52
71,27,10,51,33
72,15,24,37,27
73,23,46,42,45
74,35,18,8,34
75,47,9,55,28
76,9,44,15,38
77,4,9,21,53
78,0,36,47,59
79,18,56,45,41
