3
Grid:
20,20
.@........@.........
.........@..........
....................
....@.....@.........
.........@..........
..@.................
....................
..........@.........
....@...............
....................
.............@......
@.@.................
..@...@.............
....................
....................
...............@....
..........@.......@.
......@@............
.........@..........
....................
Agents:
15
0,5,16,3,16
1,11,4,16,15
2,5,3,11,14
3,14,15,1,16
4,2,14,3,11
5,17,19,11,1
6,9,17,5,14
7,18,14,12,11
8,7,9,14,17
9,12,14,18,12
10,11,5,9,12
11,3,6,19,3
12,10,6,6,8
13,1,13,5,8
14,7,19,10,5
