3
Grid:
20,20
.@.........@........
.......@...@@...@@..
...........@........
.@.....@@.@........@
...@@.@.............
............@.......
..................@.
@...................
@.@..@@........@.@.@
.@@..........@.....@
..............@.@...
....@@@....@@.@.....
....@.@.@...........
.......@..@.........
@.............@.....
.@..................
.......@..........@.
...@.............@..
@......@@....@......
.....@...@..@...@.@@
Agents:
15
0,15,2,19,10
1,11,2,14,8
2,8,14,2,7
3,19,3,13,9
4,12,11,3,18
5,12,14,4,16
6,4,9,1,6
7,8,10,1,8
8,19,0,9,16
9,19,6,2,0
10,16,12,12,12
11,16,6,12,15
12,4,12,10,18
13,18,18,13,12
14,15,16,18,14
