2
Grid:
60,60
@.@@......@@..............@...@....@..@.......@........@.@..
..@@@....@@@.@.@......@@.@...@@.@.........@.@......@.@..@..@
@@.......@@@@@..@......@..@.....@@.............@...@..@@....
...@.....@.........@...@@...@....@.@.@.......@...@....@.....
....@.....@@....@..@....@....@...............@....@@...@.@@.
..........@.......@..@.......@..@..@@......@.@..@...@.......
........@.........@..@..@....@.@......@.@..@.....@.......@@@
...@.@@....@...@...@........................@.@...@@@.....@.
......@...@...@........@.@.@.@............@.................
@...@.....@@..@..@.................@@...@..@....@.@@........
..@@............@...............@.@.@..@........@......@.@..
.@....@@..@@....@@........@.......@...@.@.........@.......@.
................@@..@.@.............@.....@..@........@.....
..@@.......@@....@..@.@.@..@@.....@............@.....@....@.
...........@..@......@@@....@.@..@....@......@.@.@@.........
@.@..@..@@@.@..@........@.@.....@..@@@@...............@..@.@
...@.........@...@.@@..@.@....@.....@...@.....@..@....@..@..
..@.@@@...........@@.....@......@......@@@.....@@.@.........
.......@@@.....@.....@.@....@......@...@@..@......@..@......
...@..@.@.@.@.......@@...........................@@...@..@..
@.@@.........@........@......@@...@.....@....@...@.@....@...
@@......@@...@@..@.....@.....@........@.....................
..@@.@.....@.@@........@........@@...........@....@.........
.....@.@...@.......@.@.......@........@@@..........@....@@@.
..........@@.@.@@.................@@...........@............
..@.@...@.......@@..@@.@...@....@@.@.....@........@.....@...
..@.@.@....@@....@...@..@@..@............@.........@........
.@..@....................@..@..@...........@..@........@@...
................@.@@......@...@.@.@.....@...@@....@@..@@....
..@..........@..@@...........@@.@..@..@.....@@@..@..........
@...@@..@..@..@.@..................@.....@@......@..@@...@..
.....@@.......@.@.............@.@@@.@...@.@@...........@....
......@....@.....@..@.......@....@.@....@.@@.........@......
..@.@.@@...............................@....@.@.@@.....@....
......@......@..@...@.......@.@........@....@@..............
...............@..@@....@.......@..@......@...@@..@..@......
..@.....@............@...@....@.@@.....@....................
.........@........@...@....@........@.@..@........@@........
.@...@.......@..@............@@@.....@.@.@.....@............
....@.@..@.@..............@@..........@....@.@......@..@.@.@
....@..@...@.@.@....@.@@...............@.@@.....@..@.....@..
......@..@...@@@...................@...@@...@.@..@..@.......
.@@.....@.....@@..@.@.....@.@...@.@..@.@......@@@.@..@...@..
...@.......@.@..........@.......@.............@.....@..@..@.
..........@..@...@....@..@...@................@.......@.....
.......@.@.@....@@.......@.@........@.@.@...@.....@..@.@...@
..@...........@...................@.@....@@...@@@@@@.@@..@.@
..@................@......@........@............@..@@.......
...@.@@........@.@.@........@...@...@.@..................@..
.@......@.@.@...............@.@...@.@........@...........@..
....@@...@.@......@...@...........@.....@....@......@@@....@
.....@..@.@..@.......@.@.......@....@...........@@....@..@..
...@..@...............@@..@..@...........@......@.@.......@@
@......@@...@.@@@..@.......@......@..................@.@..@.
....@.......@...@@.@.........@.@...........@@..............@
@@........@....@.......@@@@@..@..@@.................@@......
.@....@...@........@@.......@........@.......@..@.....@.....
...@...@@@@.@........@......@.@..........@.......@.......@..
@..........@...........................@...@@.@@@...........
..@...@@....@....................@..@.@....@......@...@...@.
Agents:
60
0,24,50,59,31
1,1,41,51,51
2,54,42,13,26
3,58,2,52,19
4,53,33,1,43
5,22,22,51,17
6,52,21,59,15
7,27,30,26,42
8,14,36,58,10
9,27,44,28,20
10,20,7,17,9
11,5,38,35,23
12,36,50,16,47
13,4,46,40,40
14,1,14,22,44
15,20,55,8,59
16,23,28,10,44
17,21,32,18,30
18,28,9,24,9
19,13,50,39,17
20,43,47,47,17
21,21,55,46,45
22,15,40,18,16
23,30,54,50,56
24,36,16,17,53
25,41,10,54,22
26,50,8,10,56
27,58,7,33,41
28,31,8,22,24
29,53,23,1,40
30,0,31,47,53
31,59,59,56,36
32,12,58,33,9
33,22,48,8,18
34,18,58,35,11
35,49,46,56,33
36,7,16,7,7
37,24,6,26,19
38,59,26,12,18
39,19,14,42,38
40,33,13,48,24
41,38,12,40,2
42,34,41,33,31
43,15,50,35,16
44,48,22,23,48
45,42,16,17,11
46,35,37,36,37
47,6,50,27,29
48,21,4,10,15
49,42,25,51,14
50,10,4,34,47
51,23,34,54,18
52,12,44,28,23
53,26,59,21,57
54,20,9,49,14
55,23,50,23,8
56,35,59,4,41
57,56,55,38,27
58,28,2,20,15
59,23,41,7,39
