2
Grid:
70,70
......@@.@....@..@.@@...........@...@@.@@.@....@.@.@..@@..@.@.........
.@@.......@@...@.@@@.@.@.@....@.@@.@@..@..@..@...........@.@@...@@@@@@
..@.......@.@.@.@......@...@...........@.............@...@....@@..@@.@
@....@..@........@@@.@@@@@...@@...........@.............@...@@....@@..
...@...@....@@..@...@.@...@...@@...@....@..@.............@..@.....@.@.
...@...@..@@.@.@.@.......@.@....@.......@.@.@..@........@@.....@@.....
@..@@...@.....@@..@@.@.@.@.@..@..@..........@.@...@.....@....@...@...@
@..@.@.@@........@..................@...............@.@@.......@....@.
..@..@............@..@....@...@.......@.@@.@.@.@@..@@....@@...........
..@.....@@.......@.......@@.@..........@@@.......@@.@@.........@@@....
...@......@...@..........@@..........@..@.@..@......@@....@..@........
@....@........@...@..@..........@@..@.@.....@@@@............@.........
....@..@.@...@.@.@.......@@@......@...........@@...@@@@.....@@........
..........@....@.@..@.@...@@...@..@@.........@...@.@........@........@
.....@.....@@...........@...@.@.......@..@.@........@.............@...
@.@@.@........@......@@...@..@@...@....@@.@.......@@........@.@.......
@........@...@.@@.@....@.........@....@@...@@.@.@...........@@..@@..@.
...@@.@..@........@...@@@@....@@...@.@.@.........@@....@...@@.....@..@
.@@...@...@....@..@@@.......@..@.@.....@..........@..@..@.....@@.@...@
.......@.@@......@.@.@.........@.....@........@@..@@@.@..@@@..........
@.........@.@.............@...@@....@@...@@.....@.@@.........@...@@.@@
....@..@...@..@...@.....@..@.@.@.........@@...@..........@@.@@.@......
.@.....@.@...@@...@@....@.@.@....@..@@@..@..............@..@.@.@......
.@....@...@.......@....@.......@@@.@...@@.......@.@.@.@@.@....@....@@@
.....@.....@...@....@.@@.@....@@@....................@.....@@...@.@...
....@...........@....@@.....@@.@@@.@.......@..@....@...@.@.......@....
.....@.................@..............@...@...@@...............@......
@.@@...@@.......@.............@.@..@@.....@@@.@...@....@@..@.@@....@@.
.@...........@.....@@...@...@@@..........@.@............@@@.....@@...@
...@......@..@..@...@@@..@.@.....@..........@@@@@.....@.@.@@......@...
..@.....@...@...@.@@@.@@.....@..@.@...@.@......@.@@..........@@......@
.....@.....@..@...@..@.............@@....@.....@...@....@..@@..@.@....
..@...............@..........@......@@....@.@....@...@..@@.@@...@@...@
.@..@.@..@..@......@....@@@...@..@..@..@..@.@@........@.....@......@..
@..@.....@@...@....@........@......@@....@...@....@....@@........@@...
.@....@.@@.@@..@@......@...@...@...@......@........@.....@@..@...@....
........@....@........@..@...@@@...........@@...............@...@....@
....@..@.....@.............@@.@@.@...@@....@......@.@@.@.....@@.@.@...
...@....@.@.@...@.....@@@@@....@..@@......@@..@@@..@....@..@...@......
.....@.@.....@.....@@@.......@@.@@@...@..@......@@@.....@..@.@...@..@@
.@@..@...@....@...@.@@@@@@.@...@@@@.@..@.........@.@@@.......@..@@....
....@.@....@....@.@@..@............@......@@@.@.@.....@@.........@@@.@
@.........@@....@@..............@..@@..@@..@..@@@..@.@@.@.........@@..
.@@@@.@@.@...@....@...@...@...@@.....@@@...@....@.@@..@..@.....@@..@.@
....@.@.@@..@.@.....@..............@@..@........@@.....@...@...@......
.@......@......@.........@..@@.@...@.....@@@.......@@@@.@......@.@@@@.
.@.@........@@.@..............@..@...............@..@...@.............
...@.......@.@.@......@@...@@..@........@...@..........@...@...@......
.......@.@.........@@.....@..@.@........@..............@..@....@@...@@
...@..@.........@........@.@..@..@.......@@......@......@......@@@..@.
..@@.@.@.....@...........@.@...@.......@.....@@@.....@.@@..@@.........
.@..@.........@..@@.........@..@.@............@@.......@.@.@..........
..@.@....@@.@.@@.........@......@...@..@@.@.......@@..@@.@.@..@...@...
@..@........@..................@.@.............@..@.@.....@@@..@..@.@.
..@..@@...@@.@........@....@@.@.@......@.@@@.@@@...............@......
......@.@@.....@......@@..............@....@..............@.@..@.@.@..
..@.....@....@..............@...@...@@.@..@....@...@...@.........@@@@.
...@......@.@...@..@......@.....@...........@..@.....@@...@.@...@@..@.
.....@.......@...@@..................@@..@......@..................@..
@.@@...@..@.............@.......@@@@@@........@.....@.@..@@...........
..@.@..@....@...........@@......@@.@@@.@.....@@............@....@..@@.
...@..@.@@.@@..@.......@..@.@.@..@.@@.....@@....@...@.@@....@......@@@
......@......@.....@..@........@..@..@....@@@..@@....@.....@.....@.@..
@.@....@.@....@..@..@..@...@.@@@...@.@@..........@@..@.@..@..@@.@.@...
@..@.......@.@....@.@...@...........@.@.@.@@.@...@..@..@....@..@....@.
.@.....@@.@....@@....@.@@.@@@........@@....@..........@@@......@......
...@..@@@.........@.@.....@@..@.@....@@..@.@.@.......@@@.........@@@@.
...@....@..@.@..@....@.@........@@........@.@..@.......@.....@@.....@.
...@.@.@.@@.@...@.@..@.@@...@@@.......@....@.@....@..@@@.....@.@...@..
.................@...@@....@......@.@.@..................@..........@.
Agents:
55
0,19,30,24,26
1,19,65,42,8
2,27,63,46,11
3,31,12,0,61
4,44,5,43,65
5,22,11,36,27
6,23,66,20,4
7,9,10,13,38
8,69,23,29,11
9,56,48,3,51
10,27,58,51,12
11,47,1,24,8
12,63,44,11,48
13,60,10,58,23
14,9,47,22,3
15,42,60,34,21
16,38,5,3,62
17,34,57,55,54
18,65,68,67,57
19,20,58,39,44
20,58,36,24,52
21,33,2,20,1
22,41,3,65,49
23,42,28,2,35
24,21,66,14,54
25,44,40,57,5
26,37,56,18,0
27,65,25,64,46
28,69,56,0,29
29,21,34,42,69
30,65,39,11,4
31,7,32,27,18
32,42,18,18,59
33,31,22,44,61
34,14,0,19,25
35,3,68,29,23
36,60,60,7,9
37,24,44,53,61
38,30,60,21,6
39,2,32,24,34
40,59,13,32,26
41,16,67,37,12
42,37,48,58,31
43,61,39,27,34
44,68,33,60,66
45,36,23,60,50
46,41,64,46,5
47,64,8,56,14
48,51,19,49,15
49,63,45,62,41
50,49,46,68,52
51,64,9,2,41
52,54,58,47,5
53,11,31,60,31
54,16,45,53,38
