8
Grid:
20,20
....@...............
....................
..@.....@...........
...@................
@...................
.............@......
....................
....................
....................
...........@........
.............@...@..
......@.............
....@..............@
@...@............@..
....................
......@.............
......@...........@.
...@.....@..........
....................
....................
Agents:
20
0,14,4,2,12
1,14,11,9,9
2,16,10,12,16
3,2,1,14,16
4,2,4,12,12
5,5,15,8,14
6,16,9,14,2
7,5,8,9,5
8,12,5,18,2
9,4,14,13,10
10,4,4,1,6
11,13,8,14,6
12,0,1,4,1
13,18,10,16,16
14,5,2,6,1
15,14,15,11,15
16,4,7,10,12
17,6,18,4,12
18,7,11,15,10
19,18,9,5,15
