0
Grid:
60,60
..............................@...@........@................
..................@....@.....@@......@......................
.........@........@............@..@.....................@...
.....@@.............@.@.............@.....@@.@...........@..
......@.............@...............@........@..............
..............@..............@........@.@.......@.@......@..
.........................@@@..@.....@.......................
...............................@@..@....................@...
..@..................@....@.@.............@.........@.......
..........@.....@..........@...@..@........@..............@.
@....@.............................@........................
................@...............@...........................
.....@..@........@............@.....................@.......
........@....@..@.......@............@.......@@......@......
..........@......@.........@.@.@...@@....................@..
....@.@.....@.@................@.............@..............
@..@........@...............@....@..@.................@@.@..
........@...@..@....@.....................@......@@....@....
....@.@@.......@@@.@............@.............@.....@.@@@@..
...................@....................@......@...........@
....@@@...........@...@@...............................@....
..@..@..@.......@...@....@.@....@....@..........@.......@...
@..@....@........@............@@...@.....@..................
....@@........@...........@................@.........@......
.......@........@..@.........@.......................@@.....
........................@.......@..........@.@.........@....
.....@.........@....@..................@............@.....@.
..................@....@..............@.....................
.............@.@......@.........................@.@.........
........@.@...................@@.@@..@................@.....
..........@..@@.......@.........@.@.........................
..@.@.................@..........@...........@.@....@.......
...........@............@.............@.....................
.....@......@......@...@.............@.........@..@.........
....@.................@.................@.@.........@.....@.
@.......@........@...........@.....@@....@......@.....@.....
...@........@...................@....................@.@....
@......@...........................@.........@@@@..........@
..@......................@....@...........@............@....
..................@...@.@......................@............
......@......@...............@........@...@......@........@.
........@.....@.................@.....@..@..........@.......
..@....@...........@....@..@...............@.........@...@..
..@........................@...@........@...................
.@.....@@.....@...........@.............@....@..............
...................................................@......@.
..@...............@....................@....................
.....@...@...@...........................@.@.......@.@..@...
....@.......@..@...................@.............@.....@....
..@..@..............................................@......@
....................@......@.................@....@........@
.......@...@..@.............@.@@.......@....................
.................@......@...@..............................@
....@..@..@..........@....@...@...........@@................
.....@....@...............@..........@........@.............
.............@...@..........@....................@..........
.@..................@@......................................
@..................@....@....@.@......@..........@..@....@..
................@..@....@@....................@...@.........
......@..@............................@.....@..@@..@........
Agents:
45
0,17,7,46,49
1,47,49,15,24
2,41,19,7,53
3,54,28,31,28
4,14,40,55,5
5,31,26,37,21
6,31,49,44,9
7,27,40,18,59
8,42,22,39,21
9,47,35,42,44
10,0,41,11,28
11,49,23,58,40
12,24,41,49,31
13,3,49,23,31
14,0,47,24,47
15,41,17,6,1
16,46,46,47,54
17,42,33,51,47
18,53,22,24,36
19,49,34,55,36
20,20,28,15,37
21,10,51,0,11
22,44,12,46,57
23,55,22,43,56
24,58,4,2,12
25,7,6,57,2
26,59,18,11,25
27,55,12,15,8
28,40,44,48,32
29,45,13,41,43
30,2,41,15,1
31,58,9,14,0
32,29,24,23,1
33,46,41,39,1
34,31,58,10,39
35,38,11,49,55
36,46,40,57,12
37,26,45,55,15
38,46,53,39,19
39,18,41,30,20
40,39,36,6,57
41,33,35,16,59
42,26,36,19,26
43,9,55,42,22
44,47,26,4,0
