5
Grid:
20,20
....................
....................
....................
....................
....................
....................
....................
....................
....................
....................
....................
....................
....................
....................
....................
....................
....................
....................
....................
....................
Agents:
10
0,19,10,3,18
1,9,19,2,3
2,12,6,17,16
3,9,17,15,1
4,6,5,12,17
5,19,2,17,9
6,9,15,13,3
7,2,0,1,6
8,0,2,13,11
9,3,15,13,13
