0
Grid:
70,70
.@@@......................@.............@........@.............@......
...............@......................................................
.................................@..........@.........................
.......@...@....................@@.......................@............
......@..........@............@.....................@...........@.....
..................@..............................@@...................
.................@.@....................@....@...........@.@..........
....@..@.@......@...@.....................@..........@..@............@
...................@......................@...........................
...................................................@..................
.....................................@............@...................
..........@..........@..................@.............................
............@...................@@.................................@..
.............@..............@.........................................
.....................@.............@..............@...................
......@..@......................@..........@.......@.......@..........
.............................@...........@............................
................................@.@...................................
.........................@...............@............................
...............@...............................@...........@..........
................@....................@..................@.............
...........@.....................@........@...............@...........
.....@.......................@...................................@..@.
..................@@.........................@........................
.......................@.......@...........@..@...................@...
........................@.....@........@..@...........................
.......................................................@..............
...........@...@...............@......................................
...........@............@.......@.@..@................................
..........@.......@...................................................
.....@......@...............@..................@@.....................
..@......................................@............................
...................@.......................@@.........................
........................................................@............@
..@............................@...@...............................@..
............................@....................@....................
...................@..................................................
....................@...........@......@.....@............@...........
......@.............................................@.................
.............@...@..........................................@.@...@...
.......................@...............@..@................@..........
......................................................................
.............................................@..................@.....
..@...........................@.....@.................................
.......................................................@....@.........
...............@.....................@..........@.....................
...............................@....................................@.
.@....................................................................
...@......@..........@............................@..........@........
.........................................@...........@............@...
............@.........@.....@.........................................
................@................@.@...@.....................@........
....@..@......@.............................@.........@@@.............
..........@.....@...@........@........................................
...................@.............@.................................@..
............................................@...@..................@..
..@..................................@...@............................
......................@.........@........@.@..............@..@........
@..........@......@.........................@.........................
....@.................................................................
.............@..........................@.............................
..............@.......................................@@.......@...@..
...............@.@......@.......@.....................................
............@.......................@......@.@...@....................
...@....................@.............................................
.@@...................@...@.....................@..@............@.....
.......@....@.......................@....@..................@.........
......@......@.............@...@...............@..........@......@...@
....................@...@.@...........................................
....@.....................................@........@............@@....
Agents:
40
0,30,1,44,22
1,19,7,57,15
2,56,57,39,6
3,27,48,1,63
4,13,62,62,67
5,34,60,3,50
6,55,57,56,50
7,33,61,32,61
8,30,56,57,38
9,69,35,30,32
10,67,26,55,39
11,0,50,52,22
12,15,16,30,68
13,66,31,43,11
14,3,58,46,62
15,55,50,42,52
16,1,38,2,58
17,15,26,53,15
18,37,29,28,52
19,13,1,66,56
20,39,45,9,32
21,43,53,56,52
22,15,25,39,26
23,54,14,15,55
24,59,43,12,19
25,2,53,52,19
26,10,29,44,42
27,17,37,16,25
28,48,32,49,38
29,46,50,68,58
30,3,3,1,12
31,57,66,63,33
32,2,46,7,67
33,46,65,7,32
34,46,3,3,42
35,19,39,22,51
36,57,64,66,17
37,16,17,46,60
38,35,60,47,56
39,32,51,2,60
