2
Grid:
60,60
............................................................
............................................................
............................................................
............................................................
............................................................
............................................................
............................................................
............................................................
............................................................
............................................................
............................................................
............................................................
............................................................
............................................................
............................................................
............................................................
............................................................
............................................................
............................................................
............................................................
............................................................
............................................................
............................................................
............................................................
............................................................
............................................................
............................................................
............................................................
............................................................
............................................................
............................................................
............................................................
............................................................
............................................................
............................................................
............................................................
............................................................
............................................................
............................................................
............................................................
............................................................
............................................................
............................................................
............................................................
............................................................
............................................................
............................................................
............................................................
............................................................
............................................................
............................................................
............................................................
............................................................
............................................................
............................................................
............................................................
............................................................
............................................................
............................................................
............................................................
Agents:
55
0,7,23,25,24
1,16,47,30,51
2,51,22,50,55
3,27,31,41,41
4,54,7,10,13
5,0,23,25,46
6,19,34,31,32
7,15,0,44,43
8,42,27,43,8
9,48,47,0,38
10,7,12,3,43
11,19,37,43,24
12,17,46,34,31
13,54,44,45,20
14,1,29,58,45
15,34,46,47,51
16,7,14,3,48
17,54,32,28,17
18,42,3,26,29
19,48,44,5,8
20,6,49,18,56
21,3,51,11,1
22,55,57,15,55
23,53,1,49,41
24,32,2,35,24
25,53,11,23,11
26,59,5,36,37
27,29,54,48,18
28,4,39,1,40
29,29,4,15,29
30,28,42,59,54
31,30,24,15,46
32,33,13,55,7
33,15,5,9,1
34,40,43,9,44
35,17,39,52,58
36,38,4,48,33
37,41,18,17,24
38,8,27,0,25
39,41,20,35,29
40,52,53,7,13
41,12,58,35,16
42,36,22,36,50
43,47,2,2,1
44,45,59,46,25
45,28,2,6,46
46,34,43,33,58
47,16,23,40,20
48,18,38,50,26
49,17,41,31,27
50,42,48,52,53
51,21,49,53,32
52,45,14,49,42
53,32,54,59,23
54,24,10,49,7
