2
Grid:
70,70
..@.@@............@..@@.@.....@..............@..@.......@............@
@....@..............@..@....@@......@......@........@...@.@........@..
@......@@.......................@@...@@@............@..@@.....@.......
@@..@..........@..@...........@...@.@.................@........@...@.@
.@.@@....@@.......@..@...@...@.....@.......@@..@.......@...@.@@.@.....
.......@...............@.@....@....@....@..........@@.@...@...@@...@..
..@.@.......@.........@.....@...@...@....@@..........@......@....@@...
.....@.......@.........@.@.@............@...@..@.......@@...@@...@....
@......@...@......@...@......@..@.@...@....@....@............@......@.
@..........@@.....@......@.@.@@..@.@....@@......@...@@.@.@..@@..@...@.
..@@@...@.@...@........@..@@@..@.@.@@@......@@...@......@.....@..@@.@.
.@..@.@.......@...........@...@.@.@....@.@.@....@@...@@.....@@...@..@.
...........@....@..@.......@.@.....@...@...........@.........@@.@.@...
...@@....@........@....@...@...............@...@..@........@.......@..
.@...@...@.@...@....@@@...@@.........@........@..........@.@..........
.@.....@@@@...@..@@..............@.@.@.@.@....@@.@.....@.....@@..@@.@.
....@.......@........@..@..@..@..............@@@@.@..@.......@.......@
@....@.@@@@.@...@.@...@..............@.@@...@.....@...@......@....@@.@
@...........@..@...................@.....................@@@..........
....@..............@..@.@.@............@......@..............@........
.............@........@...@........@.........@..@...@...........@@....
@....@.....@....@..@....@...@..@...@........@..@....@.@.@.@..@...@...@
@.......@.@.............@...@.@..........@........@.......@.......@@.@
.@......@.@.@..@...@..@@......@.@@....@..@..@...@.......@....@.....@@.
@...@@..........@........@..@..............@.@..@.@..........@@..@...@
.......@.@....@..@..@..@............@..@.@................@@@...@..@..
................@....@...............@.@..@...............@...@..@.@..
..................@@.............@...@......@......@..................
.....@......@.@@@.............@...@@........@........@.....@.@....@...
........@.@.@................@.......@@.......@@...@.......@@.........
..........@...@.............@.@@..@...@.......@.............@@....@...
........@..........@..@....@@@.............@.@.@@.....@..@..@.....@.@.
...@.@.@...@.......@...@.@..@........@.....@....@..@.@........@.....@.
..........@.....@@..@@.....@.......@.....@....@@........@..@@.@@...@..
..@.......@.......@@.@...@@@.@.....@..@.@...@.@.....@...........@...@.
@.........@.@...........@...@@.......@..@...@..............@..........
.@.....@@.@.@....@........@...............@...@....@.@..@.............
.@......@.......@...........@.......@.....@.@@.@..@..@......@........@
......@@..@.......@........@@@..@.@@.@@.@.....@@@...@.......@....@@...
@....@..@.@.....@@.@...............@@@@.........@...@...@....@.....@@.
.....@....................@.....................@.@......@.@..@.......
..@..@.........@........@..@.@..@.@..@@..........@.@....@.............
....@.@..@@.@@@@@@......@..@........@...........@.......@.......@..@..
...@...............@@@.....@@...........@.........@.......@.....@@..@@
..@@.......@..........@..........@.@.@......@......@@@......@...@.@...
....@.@.@...@@.@.@......@....@.........@........@@.@..@.......@.@...@@
..@@@.@....@@@.@.......@.@@..........@.........@.@.......@.@@.....@..@
.@.@.@....@@..............@@.....@......@.....@.....@...........@.@...
.@.@@........@....@@.....@.@......@.@.@......@..@...@.@..............@
......@.@....@@@@.@.....@..@..@@...@.....@......@....@@.....@.........
...@@......@..@.......@..@..@.....@.@@....@..@.@@...............@@...@
....@@@.......@@@........@@@..@.......@......@...@........@.....@@....
@.......@@.@@........@.@@@.@.@@............@.@@.@.....@.....@..@......
@..@..@..@.....@......@@@...@.....@..@.@..@.......@....@.@.......@....
..@.......@.@...................@..@...@.@...@@...@....@...@.........@
@.@..@..@.......@....@..@.....@...@@@..........@@....@.@...@.@..@.....
.@.@.@..@.....@...@......@.....@......@..@@.@.........................
...@@....@....@.........@@..@..........@....@........@..@...@.....@...
..@........@.@.......@...@.........@...........@@...@....@..@....@@...
...@........@..............@.@.@........@....@.@.@.@@.@............@..
@....@@@..............@...@.....@...@..@.............@.@............@.
.......@.........@....@.........@...@....@.@@@..@....@@.........@.....
@.@.........@...............@....@....@.......@..@....@.@.....@...@...
.............@.@...@@...............@....@......@...@..@............@@
.....@......@......@@........@.@.@.@.....@.....@......@@...@@...@.....
..........@....@....@..@..@........@..@@.......@@........@.........@..
.........@......@..@........@....@..@.@@..............................
@......@...@.@.@....................@.@...........@.@....@@.......@@..
@........@.@........@...................@@...@......@..@..@.@....@....
.@...@.....@@@@...@..............@.@@.@...............@.@...@.........
Agents:
45
0,34,17,5,44
1,65,54,17,24
2,42,20,11,50
3,50,19,34,55
4,37,13,4,52
5,7,45,21,23
6,39,23,27,61
7,16,16,35,23
8,43,55,30,21
9,56,45,56,13
10,48,23,50,10
11,53,33,7,21
12,53,30,1,31
13,13,30,9,4
14,59,56,2,4
15,21,33,57,36
16,24,29,20,54
17,28,23,38,63
18,31,0,47,44
19,1,64,50,44
20,51,54,57,67
21,42,19,58,6
22,57,36,37,3
23,30,20,15,27
24,15,36,15,24
25,35,4,59,9
26,2,53,18,43
27,61,14,30,67
28,26,32,36,54
29,13,38,46,36
30,37,41,63,45
31,46,16,12,55
32,18,33,57,65
33,0,38,58,30
34,41,54,64,53
35,57,1,32,57
36,58,27,62,61
37,32,59,58,4
38,17,4,67,41
39,45,67,23,35
40,6,46,60,60
41,69,47,1,40
42,35,47,2,57
43,46,1,14,25
44,28,68,29,4
