0
Grid:
70,70
......................................................................
......................................................................
......................................................................
......................................................................
......................................................................
......................................................................
......................................................................
......................................................................
......................................................................
......................................................................
......................................................................
......................................................................
......................................................................
......................................................................
......................................................................
......................................................................
......................................................................
......................................................................
......................................................................
......................................................................
......................................................................
......................................................................
......................................................................
......................................................................
......................................................................
......................................................................
......................................................................
......................................................................
......................................................................
......................................................................
......................................................................
......................................................................
......................................................................
......................................................................
......................................................................
......................................................................
......................................................................
......................................................................
......................................................................
......................................................................
......................................................................
......................................................................
......................................................................
......................................................................
......................................................................
......................................................................
......................................................................
......................................................................
......................................................................
......................................................................
......................................................................
......................................................................
......................................................................
......................................................................
......................................................................
......................................................................
......................................................................
......................................................................
......................................................................
......................................................................
......................................................................
......................................................................
......................................................................
......................................................................
......................................................................
......................................................................
......................................................................
......................................................................
......................................................................
......................................................................
Agents:
85
0,57,44,45,9
1,0,36,39,2
2,36,25,50,51
3,24,10,30,24
4,46,46,66,29
5,11,9,61,8
6,35,46,52,27
7,38,30,67,24
8,33,55,54,64
9,23,37,43,5
10,66,31,15,16
11,60,18,16,63
12,6,54,22,44
13,32,66,38,11
14,53,49,25,34
15,14,8,7,20
16,26,25,22,52
17,64,54,46,57
18,59,1,37,61
19,66,68,30,11
20,27,57,59,7
21,32,65,23,33
22,38,43,50,20
23,46,16,12,20
24,48,7,21,31
25,10,36,49,12
26,1,38,62,8
27,39,25,33,39
28,54,52,28,21
29,30,51,19,32
30,63,28,39,57
31,27,66,1,20
32,32,2,47,28
33,52,10,48,32
34,51,54,48,16
35,40,32,4,56
36,58,24,24,68
37,10,9,1,46
38,69,64,11,65
39,49,33,62,56
40,8,15,26,1
41,17,46,16,59
42,38,48,39,35
43,7,57,58,24
44,56,38,45,37
45,0,6,16,24
46,40,15,16,0
47,5,69,48,1
48,29,35,35,15
49,33,36,61,30
50,60,36,34,52
51,34,64,11,47
52,36,47,27,64
53,47,46,33,24
54,28,29,46,51
55,26,59,11,16
56,3,67,16,28
57,42,47,21,1
58,10,51,21,14
59,27,53,46,22
60,65,64,52,39
61,23,13,26,36
62,54,33,48,46
63,61,42,21,69
64,19,10,68,32
65,49,34,8,47
66,31,12,28,14
67,42,41,30,22
68,50,22,67,18
69,9,61,67,30
70,1,30,63,10
71,29,26,48,4
72,12,10,68,28
73,3,43,32,59
74,42,27,28,68
75,59,48,43,66
76,7,49,2,23
77,40,66,41,52
78,13,21,31,7
79,10,2,0,59
80,55,4,49,25
81,26,18,60,14
82,49,62,67,62
83,28,60,24,16
84,25,1,32,37
