0
Grid:
60,60
..@.@.........@...@....@.@.@....@.@@@....@.............@@...
@..........@..@@....@...@.......@@.........@@...@..@........
.@........@.@..@@....@.......@..@...........@....@@.....@...
.......@.........@.@.@.@...@.@.....@....@..........@.....@..
@....@..............@..@.....@@..@......@....@......@...@...
....@..@@..@....@@@@..@@@..@..@......@............@.........
....@.@@.........@.......@....@@.@...@@@..@.@...@@@...@@.@.@
.@..@....@.....@@..@.@.@.@..........@.@@...@@..............@
..@.......@.@......@@..@...........@..@.@.@@.@.@@...@@.@....
@.@@@@.@....@.@..@@..@......@.@@....@@.....@..@.@@.@@.....@.
.@@...@.@@.............@......@...@.@.@.@....@.@.@.@....@.@.
@@.@....@..@.@.@@@......@.....@............@@.....@..@.@....
..@....@......@..@....@............@.@......@...@@..@@......
@.@.@..@.@..@.....@...@...@...@@@.@@..........@..@@@....@...
...@..@.@.@@..@...@@@@.......@@.........@.....@@...@.@..@..@
@@.@.....@@.......@..........@..@.....@...@..@@.........@@.@
..@..@.......@..@..@.@......@......@@..@........@..@.@@.....
@..@....@@.....@.@.@..........@...@..........@..@...@.@.....
@@.................@...............@..........@.....@...@...
....@..@.......@..@....@@....@..@@@..@@....@....@......@..@@
.@..@..@..@@.@.....@.....@....@@@....@...............@.@....
.......@.@@..@.@..@@.@.....@.@...@......@........@..@.....@.
..............@......@....@.....@............@....@.@@......
.@.....@...@.....@.@..@@@.@........@....@.@...@@....@...@@@.
......@.......@.@...@.....@...@.....@.......@@.@....@@@..@..
.@@...@@.....@..........@@...........@.@@..@.....@......@.@.
.@...@..@.@........@@......@@@@@.@.@......@.@...............
@@..@@.........@..@....@.@......@..@.....@.....@.@..........
................@.....@....@.....@..@@...@......@...@.....@.
@.....@.......@@@....@....@......@...@@@@.@.....@.@..@.....@
@..@...@..@.....@.....@..@..@@.......@...@.@@.@...@.....@...
.@...@.....@.@.@..@@.@..@.....@.......@..@........@.........
@..........@....@...@....@@@.@..@@........@.@..@@..@......@.
.........@..@.@..@........@.@...@@.......@....@.@....@..@@..
.@...@....@..@@....@....@...@.@@....@..@..@.@.@.@....@.@.@..
@..........@.....@....@@.@@..@..@@@...@@......@@@...@.......
@..@....@@@......@.......@@...@@...@....@.@.@...............
.....@@@....@@.....@.......@.@@.@.@......@@..@..@.@...@.....
....@......@.@........@........@.@@....@@@.@.....@...@@.@...
............@...@....@@@....@...@@...@...@@...@.....@...@...
@..@...@..@.....@....@@....@....@..@.@........@....@..@....@
..@@@.@......@@....@....@....@......@...........@@..@...@...
.....@...@@@.@...................@.@..@..@....@@...@...@.@..
...@...@.....@..@@....@@.@..........@@......@@..........@.@.
.@.@@@@.....@........@@..@..@@@@.@..@@@.@@....@@@...........
..@...@....@.@......@.@.....@.@.@....@.@.@@.....@.@@....@...
@.........@@.@...@.@..@...@........@..@.@@.@.......@@...@..@
....@.@.........@.@...@@@.....@@@.@...@.....@.......@...@.@.
.@@@..@@...@.@@.@.............@.........@....@..@....@@.....
.@.......@.@....@....@.@........@.@.@@......@..............@
...@..@..@...@.....@..@.@...@..........@...@...@@.@@@@@.@@..
..........@@.........@@@.......@..@@.@..@@.@....@.......@@@.
..@....@....@.@........@..@.@@.......@@..@....@......@@@@..@
@.........@.@@..@...@..@...@...@@.....@.@@..@....@.....@@...
@...........@..@....@@..@..@.......@@...@.....@.@...........
..@@@...@..@.@@@.......@...@.....@.....@...@.@..@.........@.
..............@..@.........@@.@..........@.....@.....@......
@.........@..@.@..@@.@.@.....@@@....@.@@...@...@.........@..
.....@.@...@..@@@.@..@....@.@.....@.@.....@.........@..@....
@...@.......@.....@@.@....@.@......@.@..@........@...@.@...@
Agents:
45
0,52,19,53,18
1,22,51,18,37
2,10,10,1,18
3,40,49,57,53
4,44,18,18,42
5,11,38,27,27
6,24,43,29,23
7,40,12,3,5
8,28,25,9,57
9,6,15,14,37
10,59,56,1,37
11,6,20,23,3
12,42,8,21,16
13,39,40,59,6
14,10,52,11,20
15,25,57,48,27
16,16,59,45,44
17,40,57,54,22
18,22,8,28,39
19,38,10,57,33
20,23,45,14,26
21,1,21,8,28
22,18,55,27,21
23,15,50,55,6
24,4,22,7,57
25,0,8,19,35
26,46,46,57,24
27,39,43,15,48
28,17,56,36,54
29,4,47,15,22
30,11,54,40,47
31,50,30,24,24
32,15,44,5,28
33,39,48,58,2
34,21,25,16,23
35,4,24,49,19
36,52,0,21,38
37,34,50,13,38
38,49,18,29,7
39,44,54,51,29
40,20,18,10,15
41,57,26,19,21
42,38,18,2,45
43,52,57,3,8
44,57,50,35,15
