0
Grid:
60,60
.@@...@...@..@.@....@.@......@.....................@@....@..
......@......@@....@...........@.@@.@......@..@......@......
.............@.@....@...@.@@...@.....@.................@....
.@..........@......@@.@...............@.......@@............
..........@.......@..............@....@...@..@@@..........@.
.....@............@..............@.....@.@..@.....@.........
.@@..@..@...@...@.........@...@.............@.....@.........
.@.....@...@......@.@..............@......@.....@..@@.......
..........@...@....@.....@....@@.......@@@................@.
...@..@.....@....@@..@....@@@.............@........@........
.......@........@..@.......@..............@...........@.....
............@.@@.@..@...........@..................@@.......
@...........@..@..@..@......@.........@..@..................
@.@.....@....@........@@.....@@.@.@...@....@...........@....
............@......@.@..@..........@...@...@@..@........@...
.............@.....@..@......@............@@..@.........@...
@@@.................@....@....@......@....@......@....@.@...
.....@@.....@.............................@...@..@..........
...@............@.....@....@............@.@...@..@....@@...@
....@..........@@@.@...@...............@.@......@......@....
..@@..@..@@........@@@.@......@...........@.....@@..@@..@@..
............@....................@...@...@.....@.....@.@..@.
@@....@......@..@....@@..........@.......@..@............@..
.@.........@@@@.@.............@@.@@...........@.............
..........@...@.@.......@.....@@.............@@............@
......@........@..@.@...@............@....@....@............
.........@@@..........@............@.........@....@.........
..............@...@........@.@.@....@@......@..@............
......@..................@...@.....@........@.@...@.......@@
.............................@..............@...............
.......@.@@............@......................@.@.....@@@...
...@@.............@......@..@..@.....@.@.........@..........
.......@......@.....@@.............@@......@...............@
.....@.................@.........@..........................
............................@@..@@............@..........@@.
@...........@....@........@@................@...@...........
.......@..@.........@.....@.@...............@.........@.....
..@.....................@...............@..@.........@......
@....@....@@@.............@...@....@...@..@@....@.@.........
...@....@...@.....@.....@............@@@@.........@......@..
..@...@.....................@....@....@..........@@.@..@....
@..@@............@..@....@.............@@@.@.@..@...........
......@.....@....@@........@.............@...@.....@........
.@.......@.......@..@.....................@...@.......@.....
..@..@..@..@......@.@@.........@.@@..........@...@..@..@....
...........@.............@.@.@.........@@...................
..........@..@@.......@@.......@.@.......@..@.@.....@..@....
.....@...............@@.@..........@...@........@.......@@..
.....@.@.@....@.@.............@....@.@@@............@....@..
...@.........@............@.....@..............@.........@.@
.@...@....@........@.@............@...@.................@@..
............@...@....@...................@@@......@......@..
.@..@@......@........@..@.................@......@.....@....
..........@....@@..@@....@...................@...@..........
@.@........@.........@........@.......@..@.....@..@.....@...
...@.@.........@@..@....................@...................
.@..@.@@...................@...@...@...@............@@.@....
.....@.@..@....................................@.@..........
.@....@......@..........................@@............@.....
@.........@.........@.@.....@@@......@..@.@......@...@.@..@.
Agents:
30
0,1,48,50,51
1,42,42,22,32
2,24,50,32,11
3,15,16,42,56
4,14,23,5,58
5,19,37,22,37
6,44,43,33,53
7,57,53,52,33
8,14,25,45,54
9,36,31,27,30
10,41,19,51,20
11,17,20,3,52
12,50,33,19,35
13,14,14,3,49
14,38,18,25,44
15,3,3,40,23
16,23,5,48,2
17,19,35,2,4
18,21,0,20,25
19,25,22,11,22
20,53,2,50,31
21,55,13,25,49
22,31,22,37,6
23,24,19,23,40
24,26,51,39,55
25,25,40,51,52
26,8,4,16,6
27,59,26,40,1
28,8,27,52,22
29,42,22,19,58
