3
Grid:
20,20
....................
....................
....................
....................
....................
....................
....................
....................
....................
....................
....................
....................
....................
....................
....................
....................
....................
....................
....................
....................
Agents:
25
0,15,19,18,12
1,6,8,7,12
2,8,10,7,3
3,17,14,10,10
4,2,11,4,6
5,2,4,9,11
6,5,15,0,9
7,13,13,14,3
8,8,11,17,10
9,4,9,1,5
10,19,7,17,12
11,15,8,19,16
12,5,7,19,1
13,18,16,15,16
14,9,13,16,19
15,11,13,4,14
16,19,4,12,15
17,13,2,14,8
18,6,7,17,7
19,17,18,5,17
20,15,2,10,5
21,15,3,11,4
22,7,9,4,16
23,13,1,2,11
24,4,12,12,1
