6
Grid:
20,20
.........@.........@
.......@............
...@................
....................
...@................
.............@......
....................
....@..@...........@
.................@..
....................
....................
.......@............
@...................
....................
..@.................
....................
..@................@
........@.@.........
........@...........
.....@..@...........
Agents:
20
0,2,17,14,11
1,1,19,7,13
2,16,4,17,3
3,6,6,4,19
4,8,10,14,17
5,8,12,15,12
6,10,9,0,1
7,1,17,19,6
8,19,4,19,12
9,15,3,11,0
10,15,11,7,11
11,6,18,15,17
12,0,17,2,5
13,18,13,6,6
14,19,2,19,13
15,1,13,4,5
16,12,9,10,7
17,8,5,10,6
18,11,5,8,1
19,19,15,13,8
