0
Grid:
70,70
............@@@..@.@...........@.@....@.@...................@@...@...@
....@..@@............@..@@.@.@...@....@.....@...............@@........
@..@....@...@........@....@.........@@........@.@.@.@...@.@...........
.....@@.....@.........@.......@@..@..@....@......@@.....@.......@..@..
........@......@...........@......@.............@.....................
........@....@......@.......@@@........@@...@@.............@.@........
.......@.......@@.........@@..@..@.@@......@.@..@.....................
................................@@.....@...@....@..............@.@..@.
...@....@.....@..@@...@.....@@......@.....@..@..@..........@..@......@
.@......@...........@.@.@.@...............@@.................@..@....@
.........@@.........@..@.....@.....@...@.................@@@..@@......
......@.....@@...@....@....@@..@..@..@...@.@......@....@....@.@@.@.@..
@....@............@..@...............@...@........@........@@@........
@@.....@........@...............@@.....@.....@..................@...@.
.@.@..@..@.................@.....@....@......@.@.@...........@.......@
......@.@...@@...........@...@...........@.@@....@........@..@@.@.....
@........@@...@.....@....@....@..@...@....@.@........@...@@.......@...
......@.@.......@....@@..@.@.@..@@.@@@.@..@..@..@@...............@@...
..@..@@..@.......@....@.@..@.@.@.........@.@@..@..............@..@..@.
........@........@.......@..@...@...................@..@@....@......@@
..@.....@.................@@@@.......@..@..@........@.....@.......@...
@.....@.@..@.....@@..@..@...@...@...@.@.@....@............@.@.@...@@..
...@...@..@......@@.......@@.......@.......@.@.@........@....@.@...@..
@@.....@....................@........@@@.@.@.................@......@.
@..@@....@........@@....@.@.@.....@.@......@@..@...@...@.@..@..@.@....
...@..@...@..@@@@..@.@..@.....@..............@.....@.....@.@.@@.......
......@........@.@......@..............@.@.....@....@.@....@..@.......
...@..@@.......@...@........................@............@.@@.@...@.@.
........@..@.......@..@...............@...........@...@..@..@......@.@
@....@@......@..............@@.@.@..@....@..@.....@.............@..@..
..@.....@.@@......@....@...@............@.....@..@....@......@.......@
..........@.................@...@...@@...@.@..................@.@.....
...@@........@....@@...@..@.................@.@@..@.........@.@.@.....
......@@.@...@....@@@.....@....@...@@.............@...........@....@..
....@.................@........@@....@..@...........@.........@@@.@...
...@.....@.....@..@@.............@......@.@.@.@@.@@...........@.....@.
..@..............@.....@....@...@.............@.......@...........@.@.
..@.....@.............@.@@.............@..@...@.@.....@...@.@@........
....@.......@......@@@..@.........@..@....@............@.......@......
.@@....@.@...@.@.....@@...@......@..@@.@.......@....@.....@..@......@@
..........@....@..@.......@.........@...@..@..@@...@@.@.@@.....@.....@
...@.@......@....@@@@@.@@.@@..............@......@...@....@.....@.@..@
@..@...@.@@.@....@.........@............@..........@.@....@........@..
..@@..@....@.@.....@...@..............@.@.........@...................
.@..............@@..@..@........@.......@@@.@.......@......@..........
.@..@..@..@........@@.....@@.@........@......@@..@.........@........@.
.@..@......@.@.@@...@.....@.................@........@..@...@...@.....
@..@....@@.@@.......@.@..@......@......@@...@@.@...@...........@......
.@@......@...@.....@.@.......@....@..@@.@...@......@..@...............
@..@....@...@..........@......@@.@@..............@......@.......@.....
...@.@@.@.......@..@......@..@........@.......................@..@....
..@@....@.@@@......@@..@.@@.@..@....@...@................@...@...@....
....@...@..........@.@...@......@................@.......@..........@.
....@..@.....@.@@.@...@..@.....@@..@.......@.@@.@...@.@@..@...@...@...
......@.........@@..@.@..........@...............@..@......@....@....@
...@...@.........@.......@......@.@....@.@.@.@..@@.......@...@...@....
@.@...@.@.@.......@...@...@.....@....@@.......@@..@@@@....@@@....@..@.
.@...........@.@..@.@..............@..@...@...@.@.@@.....@...@@.......
.......@@.@..@..@...@.@......@@.@@.@......@........@.............@@...
.@...@........@.@.....@......@@.........@..@@......@.............@@...
.........@.@......@........@....@........@@.@@.@..@@.@@.......@...@@@@
.@@@............@@@.@@@.......@..@...@@..@@....@@...........@.@@...@.@
@...@@..........@.@.@.@....@....@.@@......@@...@@.@.....@........@....
.....@.@......@....@..@.@..................@..@..@.@.@...@.........@..
.......@......@.@.@..@.........@.....@....@..@@..................@....
@...@.........@.....@@...@....@@.@.@..@.............@...@.............
....@..@.....@...@...........@..@@......@.....@..@...@...@@....@.@....
@@.@.@...@..........@.@@...@...@.......@..@...........@.@..@...@......
.@....@..@......@.......@.@...@....@@.........@@..@.@...@......@@..@..
..@...@..@.@@..........@....@.@.......@.@...@@..@............@...@.@.@
Agents:
85
0,28,53,6,65
1,47,26,35,1
2,15,37,12,26
3,53,39,43,36
4,69,66,40,38
5,45,64,33,57
6,40,22,53,59
7,46,37,50,33
8,17,47,63,48
9,45,8,15,37
10,50,30,52,59
11,10,5,45,47
12,14,48,16,12
13,29,14,66,41
14,29,48,18,40
15,7,56,67,28
16,16,3,4,47
17,56,54,20,67
18,53,64,14,58
19,23,15,66,23
20,42,38,17,69
21,49,26,34,29
22,57,32,49,15
23,68,19,4,67
24,35,43,13,40
25,36,39,26,32
26,49,10,3,29
27,23,4,66,2
28,10,54,27,31
29,57,53,8,27
30,6,42,15,3
31,41,51,26,44
32,22,33,31,56
33,64,50,8,5
34,54,34,1,63
35,58,41,65,10
36,25,58,59,15
37,12,33,51,18
38,20,46,68,54
39,27,63,55,10
40,30,48,43,61
41,54,39,65,49
42,48,45,56,33
43,19,15,14,42
44,60,17,52,52
45,66,2,60,34
46,49,55,20,11
47,55,11,34,59
48,54,35,1,45
49,14,12,67,17
50,37,26,0,8
51,54,23,43,62
52,32,29,59,55
53,67,46,24,35
54,2,16,62,51
55,56,12,35,5
56,60,29,56,29
57,38,45,42,8
58,6,69,22,68
59,14,10,4,39
60,50,45,37,40
61,61,65,2,64
62,34,41,52,6
63,2,22,16,59
64,61,27,47,34
65,33,60,69,32
66,19,19,34,55
67,25,0,53,5
68,66,38,27,40
69,6,37,18,59
70,12,43,53,51
71,39,67,12,57
72,38,68,35,55
73,67,21,44,35
74,55,6,65,36
75,51,24,41,6
76,66,48,14,64
77,45,63,59,23
78,9,21,65,42
79,61,49,9,28
80,27,36,45,51
81,68,66,27,56
82,35,34,6,51
83,10,17,4,23
84,21,1,13,36
