0
Grid:
70,70
@...........@..@.....@.....@..@...@@.........@...................@....
.@.@@......@..@..@......@.@@....@...........@@...@.@..@..@@....@......
........@.....@.@...............@..@@..@@@......@.............@.......
...@@.@@..........................................@..........@.....@..
.@.@...............@.............@...@.........@........@@@@.@@.......
@..................@.......@......@.......................@@..@......@
........@...@.......@.@.......@..@.......@.............@..............
...@......@@.@.......@.@.....@...........@@..@............@.......@.@.
@........@......@............@.......@.....@.........@.....@........@.
........@...........@.@..........@..@...@...........@..........@..@...
.......@@@.............@......@......@.......@.............@.@........
..........@.......@....@....@@.....@....@.....@...@@..@...........@...
.........@.@@.......@...........@...........@..@.....@@.......@@...@..
.@..@@...........................@..@.......@..........@..@@..@.....@@
@.@.@....@......@....................@.@....@.....@..@....@...@@@.....
.@............@...@..@..........@...@.@..@......@.......@.............
...@...@..............@......@.....@..........@.......@......@........
......@...@....@................@@...........@@......@.@........@.@...
............@..@.......@....@..@.....@....@....@..@.......@......@....
........@@@@@........@....@.................@............@........@...
....@.....@...@.............@........@...........@@..@.@..............
...@.@@@..........@...@............@...@...@..@................@......
..............@........@..@..............@.......@...@...@...@....@...
.........@..@.@.............@......@.....@.......................@.@..
@...@@.@....@......@....@@....@...........@.........@............@....
.........@....@@.......@.@......@......@.@...@..........@......@.@..@.
..........@....@.....@....@...@...........@@...@.....@.......@.@......
@.@.@....@....@.......@......@......@...@.......@....................@
@...@.@.@.....@......@.@....@....@.........@.@..@@...@.....@.....@....
........@............@........@..@@....@.@.....@.................@....
@..............@........@...@.@...@...@..@..@@..@..@....@.@.......@@@.
....@........@.........@@..@.......@.......@@..@.@@............@......
......@.@...@@.....@...................@.@........@...@......@..@.@...
@.@...@...@..@........@.@.......@..@@....@.....@...@...........@..@...
..........@.@.....@...............@................@..@...@.@.........
.....@.@@.......@@@....@..........@....@..@..@.........@..............
.........@.................@..........@........@.....@.@.........@.@..
....@...@.......@.......@........@.....@.@..@.....@..@..........@....@
.@@........................@.....@.@...@@...@@.......@..@@........@...
.....@......................@..........@.@@@@.....@..@....@.......@...
@..@.................@................@..@...........@.@..@...........
.@..........................@@..........@..@...........@@...@@..@.....
.....@...@...@.....@..@......@..@................@.........@..........
.........@..........@.............@..@.................@.....@..@.@...
...................@...@..@...@.............@...@....@..@.............
..............@..@.........@.....@.......@...........@......@.........
..@..@.....@.@........@..@.@.@...@............@@@..@..................
............@........@...........@....@..@...@.....@..@..@.......@...@
.@....@..@..@.@......@..........@.............@......@@....@..........
..........@.....@.@........@..@......@.@............................@.
@....................@.....@.....@.................@..@..........@....
.....@...@..@.........@..@...@.....@..@@..@.@@......@.@...............
...@@@..........@........@...@....@......@.@...@@......@.@..@.....@@..
......@..........@.....@....@..................@..@...........@.......
@...@..@@.......@....@............@...@..............@.......@@.......
......@............@........@.@.....................@......@....@.....
........@.@....................@..@...@........@...@.........@..@.....
......@.......@...............@.........@.............@..@............
....@.....@.......@........@.......................@...@@@@.....@@...@
.....@.@............@.....................................@@.........@
..@.......@....@.@@@..@@.........@.....@.@........@........@....@.....
...@.....@..@.@................@@....@.................@..............
.@@.@.......@..............................@..@..@@...................
.....@........@...@..@.@..........@.......@@........@..@...........@@.
...@.........@.......@.@.......@..@.@@........@.......@..........@....
....@...@........@....@....@.....@.........@.......@..................
.....@@........@@..@........@..............@.@.@........@........@....
......@..@..@.................@..........@.........@@@...@............
@.......@..@..@..@.....@...@........@..@....................@....@....
......@.@@.@....@....................@.@.@..@...............@..@.....@
Agents:
45
0,15,62,47,43
1,8,62,5,36
2,17,50,53,9
3,59,57,9,55
4,28,18,26,14
5,48,51,23,38
6,13,12,38,9
7,68,58,61,13
8,33,49,61,38
9,32,3,25,36
10,18,57,62,56
11,69,1,33,57
12,67,39,59,40
13,2,45,51,51
14,56,52,60,67
15,61,2,3,5
16,24,57,48,48
17,2,43,61,47
18,16,20,51,4
19,10,51,47,29
20,22,15,35,20
21,27,19,46,8
22,47,19,21,9
23,47,28,29,5
24,26,33,65,35
25,5,28,64,58
26,62,7,46,55
27,64,48,55,51
28,36,15,69,38
29,31,66,3,60
30,59,10,68,7
31,57,11,41,26
32,56,59,46,17
33,33,11,43,17
34,63,37,45,5
35,35,54,48,50
36,43,48,28,1
37,21,33,41,16
38,66,53,13,23
39,67,27,7,53
40,25,28,56,57
41,67,66,59,4
42,54,65,55,10
43,66,38,42,52
44,53,31,65,15
