1
Grid:
20,20
.@.......@....@.....
..........@@........
.....@..............
......@.............
....@...............
....................
....................
.....@..............
.........@..........
...............@.@..
.....@...........@..
....................
....@...............
....................
........@.....@.....
...................@
....................
....................
....................
......@.........@...
Agents:
15
0,10,4,2,11
1,6,18,7,13
2,17,3,10,4
3,3,13,13,8
4,18,6,9,8
5,6,15,17,7
6,7,4,11,12
7,16,2,3,13
8,2,16,3,15
9,5,15,14,19
10,10,6,16,13
11,19,10,10,13
12,16,17,17,0
13,15,3,12,11
14,3,14,15,7
