2
Grid:
60,60
@.@.....@.@@.@@.@.................@.@..@.@.@...@@.@@.@.@@..@
.@.@..@@..@@.@.@....@@@......@@......@..@...@.@@.@..@.....@.
........@............@....@..@........@@@.......@.@.@....@@.
.@.....@..@...@@...@.@@....@..@..@@@...@....@.@...@@..@@@@.@
.@..@....@@....@.@.....@@...@.@.....@.......@.@..@...@.....@
..@@..@....@......@.@@@....@...@.@.@@.@@.....@.@.@..........
......@@.@...@....................@@@........@@.@........@.@
.@@.@@......@.@.@............@@.@..........@..@...@......@@@
.@.....@..............@....@...@.....@..@.@..@.@@...@..@.@@@
..@@.@@.@@.@@.....@..@@@.....@.@.@....@........@.@@.....@.@@
..@..@...@..@.@..@@..@@....@....@..@@.......@@@@.@.....@....
.@.@...@..@....@@....@.....@...@@@....@....@......@.@.......
@.@@@.@@@..@.....@.@.@@..@@.......@..@.@..@..@.@@@@...@.....
@..@@@@....@@@@....@.....@@.....@.@...@..@...@@.....@@.@@..@
..@..@.....@.@.@...@@@@@........@...@@..@@..@.....@.@@@.....
@....@....@...........@..@..@......@..@@..@.@@......@.@@..@.
..@.@@...@@..@.@.....@..@.....@..@.....@..@.@.....@.@@..@..@
@....@.@.............@..@......@.@.....@....@@@@..@.@......@
.@...@...@..@..@@@......@..@.@.@@..@..@..@@.@.@...@..@..@..@
@..@.@.@..@..@@..@...@...@......@..@...@@......@.@.@@....@@.
...@.@@..@..@@..@.@...@@@.....@...@..@..@..@@.@...@..@@..@..
.@@.....@..@...@...@......@@...@@..@..@@.....@@.@..@.@@@....
@.@@....@....@....@@@.@@...@@...................@@@..@..@...
.@......@..@@....@@...@.@.@....@....@.@..@...@@......@....@@
.....@....@..@..@..@@.@@.@...@@..@....@.@..@..@..@..@...@...
.@@@@.............@.@.@@.@.....@..........@...@...@..@.@..@.
@.........@.@@@@@@...@..@.@@..@@@@@..@.@.....@..@@.....@@...
....@...@@......@..@@@.......@@...@@.@.......@.@.@......@@@.
@.@..@@@@........@@.@...@....@.....@...@..@.@@@..@...@.@....
..........@......@........@.......@..@......@............@@.
...@......@.@...@@.@.....@...@.@....@@.@@.@.@.......@..@.@..
.@@.@..@.......@@@...@.@..@@@.@@...@.........@....@@......@.
..@....@.@@.@.@......@......@....@..@.@...@.....@..@....@...
...@......@.@....@............@.@.@....@....@..@@@...@@..@.@
......@@....@@.@...@..@.@.@....@.....@.@.@@..@..@...@.......
@..@...@@@..@@..@......@@.@..@..@@@..@@..@.....@@......@...@
...........@@......@..@@@..@....@......@.@..@.@....@.@@.....
....@@......@.@.....@.....@..................@..@.......@@..
....@.@.....@@...@......@.....@@....@.@..@@..@...@..@..@....
...@..@..@@@...@...@....@...........@.@@.......@....@...@...
..@@@.@..@..@@...@..@.@...@..@..........@.@@.....@..@....@..
..................@.@@.@..@@.......@@..@....@.@.@...@@@....@
......@..@@...@.....@....@@.@.@.@@.......@.....@.@......@..@
@...@.@....@...@.@.@......@.@@@.....@...@.@@@@..@..@@.@@...@
...@....@.@........@.@..@..@....@@..@..@.........@...@@...@.
@.................@@.@.......@.........@.@........@@........
..@.@...@@...@....@........@..@...@@..........@@.@.@...@@...
@.@@@..@..@@......@..@...@.@@.@@@@..@...@.@@......@.........
.@.@.@.@@.......@@.@@.@@.@...@..@......@@.@...@..@.@@.@....@
@@.@..@@.@@.@.@.@..@...@@..@.....@...@...@.@..........@@...@
@...@...@@@@........@@.@....@.....@@.....@@..@@@...@....@@..
..@@@......@.....@..@.@@.@..@.@...@.....@@.........@@.@.@...
.@..........@.@@.@.....@.....@......@......@@......@@..@...@
@.@.........@@.@....@......@....@.@.@..@.....@..@.@......@.@
@..@....@.@......@.....@.@@@@.@....@..@.@@@@@@...@....@..@@.
.....@..@......@.@@@@.@....@.@@.....@.@...@@...@....@.....@.
@.....@.....@..@....@..@.@........@.@@@@.@.....@@....@...@.@
.@...@..@@.....@.@........@......@@@@@@..@...@.@..@.@@..@..@
@...@.@....@..@@.@.@.@......@.@..@....@.....@..@.@..@@.@...@
......@..@.@@.@.@..@@.@....@@.@..@.@.....@......@@.....@@..@
Agents:
30
0,37,47,7,26
1,44,52,33,43
2,6,24,11,58
3,45,59,31,42
4,10,52,17,40
5,53,37,10,28
6,35,14,16,7
7,58,13,3,45
8,36,8,3,4
9,14,47,11,36
10,16,36,39,34
11,39,44,37,52
12,43,16,37,29
13,49,34,10,11
14,38,23,17,3
15,37,46,5,17
16,7,36,38,58
17,10,51,29,9
18,46,29,6,43
19,59,0,3,29
20,0,22,48,13
21,11,20,18,49
22,5,58,0,5
23,9,54,10,40
24,30,28,27,1
25,20,26,13,43
26,9,57,30,20
27,2,19,2,10
28,37,49,43,23
29,15,21,7,39
