0
Grid:
70,70
.........................@..................@........@..............@.
@.........@...@@................................@..@...@@@............
.................@............@....................@.........@.......@
............................@...@...................@.....@...........
.@.@..@.....@.........@......@@.........@.............................
....................................................@..@.@@...........
...@.........@.....@..........@...@..@.....................@@........@
.................@@......@.......@.....@@....@......@......@....@@....
......@.@........@...............................@..........@.........
.@.......@.........@.......@@..................@........@......@......
...@..........@..........@........@...........@................@......
.....@......@@...@..................................@.................
.......@..............@..............@...............@.....@.....@....
.........@....@...................@..@.....@..@....@@..@.@............
..........@....@.....@........................@......@......@.........
@..........@.................@...............@....@.................@.
...............@.....@......@@..........@...@...............@...@....@
...@...........................................@@.@.....@.............
.@..........................@.@......@.....@.......@..................
...............................................@.@....................
............@@.......@.......@..........@.....@@........@@.........@..
.................................@........................@.....@..@..
@.....................@................@......@.............@.........
...................@.......@.......@...@.......@...@.@...@.....@......
.....................@...@......@..............@@.....................
....@....@.@................@......@................@.@...........@...
.........@............@.........@......@.@................@...........
.........@@...@........@@...............@.............@...@......@....
........@..........@.@...@.@.......@....................@......@......
................@..................@............................@.....
@..@...........@@.@.........@..................@.@@.@.................
..@.@................@........................@......@.@....@...@@...@
............@@..............@....@.......@@...@.......................
..................@..@................@@....@......@.@.........@...@..
...@@..........................@.........@..........@@......@.....@...
..............@............@....@........@........@@...@..@...........
@..@.....................................@...@..................@.....
.........@...@.@...............@.........@.........................@..
@...........@..@.....@..@.........@@..................................
.@..@..@@...........@@..@@...@...@..........@...........@.............
..@..@.....@.................@..@.@................@....@...@..@......
@@........@............@...................@.@.....@........@...@.....
..............@.....@.....@.......@@....@.......................@.....
...........@..............@..@......@...@...@........@..@....@.@.@....
.......................@..........@.....@...@...............@.........
......@.............................@....@...@..................@.@...
....@.........@..@...................@...@......@..........@..@...@...
....@.@.....@.......@..................@.@...@@@......................
...........@...................@............@...@..........@..........
..........@....@..............@......@.........@......@...@..........@
......@...@...@@@...........@.@.@...................................@.
........@....................@...@........@@..@@.........@...@........
.......@...@..............................@................@.......@..
..@...........@...............@@...................@..................
.@.@..............@.............@...........@....@...........@........
......@...@...........@.............................@.................
..@......@.................@..@.......................................
....@...@................@@...@.@@........@..................@........
@....@............@.@........@.....@.......@............@..........@..
.....@@........................@.....@.@.....@@...@...@..@.....@..@...
.........................................@............................
.............@.......@.....@..@...@....@@.....@@......@.....@.........
.@.......................................@.@...@@.....................
....@..........@.............................................@...@....
...............@..........@.......@..........@........................
.@.......@......@.....@........@.@.@..............................@@..
.....@.....@...@.............................@..............@.........
...........@@.@..........@.............@........@....@......@.........
.......@.......@..............@....@.........................@........
..........@......@.......@...................@........@@...@....@.@...
Agents:
40
0,31,39,42,49
1,40,6,12,18
2,0,69,17,65
3,40,39,43,27
4,48,29,65,6
5,4,65,64,33
6,54,25,17,45
7,36,26,44,28
8,56,48,65,7
9,31,29,20,68
10,46,49,43,38
11,68,36,40,10
12,41,30,2,59
13,15,65,6,62
14,15,41,2,65
15,6,10,37,17
16,10,33,47,18
17,51,30,14,59
18,64,54,59,34
19,41,53,65,65
20,32,52,25,1
21,27,47,50,40
22,66,32,29,27
23,42,12,35,13
24,61,53,54,45
25,48,61,43,47
26,8,34,33,16
27,23,52,40,52
28,50,12,17,39
29,19,25,66,41
30,15,14,27,55
31,67,26,31,37
32,54,47,68,51
33,58,62,17,23
34,9,64,22,51
35,34,37,65,38
36,31,19,63,69
37,25,17,32,55
38,2,53,2,57
39,30,58,17,51
