0
Grid:
70,70
...@@@.@@..@.@......@.@...@.@@........@.@@....@.@@.....@@..@..@......@
...@.@....@..@......@....@@.@...@.@.....@@.@@.@.@..@...........@..@..@
.@..@..@..@...@..@@@.@...@@.@...@....@.@.@.@@..@..@.....@...@..@.@@...
.@@........@.@@@.....@.@@....@.@....@...@.@@@....@@@...@...........@..
...@..@....@@..@.@........@@.......@.........@.@.......@@.@@......@.@.
@@.@.@..@..@@@.@..........@.@@@@@..@.@...@....@@.@.@..@@...@.@@....@@@
..@@.@@@.@....@.@@@.@@...@...@...@.@....@@..@...@@....@....@......@@.@
..@@....@.......@@.@@@...@....@.@.@.....@@.@@.@@@...@...@.@@.@..@.....
.....@.@......@.@...@...........@.@.@.@@@.....@..@..@@......@.@@....@.
.@.....@...@.....@.@@....@@......@@@.@.....@..@..@.@.......@@@..@.....
...@.@.........@...@..@...@..@.@..@@@@...@@@......@...@.......@@.@.@..
@.@.@....@.@...@@......@@.@@.@...........@.@@.....@..@@.@.....@......@
.@@@@...@.@@.@..@.@@.@..@.@@@...@.......@@...@.@........@.....@..@...@
@@...@.@.@.@.@.@...@............@@...@.@..@.....@.@@.....@.@.@....@@@@
@...@..@@...@....@.....@....@@.@.@@.@....@@.@@@..@.@...@............@.
@...@....@@@@...........@.@....@...@.@@.@........@.@........@..@@@..@@
.@.....@@.........@....@.......@.......@..@........@.@.@.@.@@....@...@
......@......@.@...@@.........@.@..@.@...@@.@@.@.....@......@..@.@..@.
..@.........@....@@..@@@@.@..@@......@.....@..@@..@..@..@..@.....@..@.
...@......@@@..@...............@.@.......@.@.....@..@..@..@....@.@..@.
..............@@@.@.....@............@@......@.@@@.....@....@...@..@.@
@.@.@.....@..@....@.@.........@.@.@@...@@...........@@@...@@.@@.@@.@@@
.@.........@..@....@.@.@...@@@@.@@......@@@...@.@...@....@@.....@@.@..
..@........@...@@..@....@.@@..............@.@.......@@@....@.@......@.
.@.@@.@.......@.........@@..@......@@.....@.@...@.@@@..@.....@@.@.....
.@.....@@.@..@@@....@...@........@.@..@......@.@@@..@....@...@@@..@...
.....@...@.@@...@....@...@.@..@.@@...@.......@@@@....@@...............
....@.@.......@@.@...@.@.@@.@..........@@..@.....@.@.....@...@@...@..@
.@.@.....@..@@..@@....@..@......@..@.....@.@.@.@..@.....@..@..........
..@..@@..@@...@...@...@@.@..@@...@@.@.......@..@@@@@..@@.@.....@....@.
.....@...........@.@..@@...........@..@....@..@.@@.....@.@@@...@.....@
.@....@...@......@@...@..@...@.....@.@....@............@...@.........@
.@...@...@..@@@.@.....@.@@...@.@.@.@...........@..@@@@....@...@.@@@.@.
...@......@....@..@@@....@@....@....@....@.....@.....@...@.....@@...@.
@..@..@......@..@..@..........@.@.............@.@.........@.@.@....@@.
....@...@.@@@.....@......@...@.@..@@@.@.@@@........@.@@@@..........@.@
.......@@....@..@..@..@...@......@...@......@........@@@.........@..@.
.@@@.@.....@.@..@.........@.@..@@...@....@..@@.@...@@...........@....@
.@..@@..@.......@..@..@@.....@@..@........@.........@@@.@.@@@.....@...
@...@.@...@@..@@....@@....@.@...@@..@..@...........@...@...@@...@@.@..
...@....@....@...@...@@.@@......@..@@@...@@@@.....@..@..@..@..@...@...
@@....@@.....@..@..@@..@.@..@@.@...@....@..@...@..@@..@@.@.@....@@.@.@
@.@..@@.@....@..@.......@@........@..@...@....@.@..@..@@@@..@..@@.@...
...@..@..@@..@@@@....@......@...@..@@.@......@.....@...........@@.@...
@.@.@.@...@..@..@...@.....@...@.....@@.......@@....@@..@@@.@..@....@..
@......@.@.@..........@.@..@.@.....@..@............@.....@......@....@
...@@..@..@.@....@....@@@...@@.@.......@...............@..@@.....@..@.
.@.....@..@@..@....@.....@@@.@......@.............@.@..@.@......@.@.@.
...@.......@.@..@..@...@@.......@..@.......@@@......@@...@.@....@...@@
....@..@....@@..@...@.@..@..@...@.@.....@....@...@.@....@.......@.....
..@..@@...@...@.@....@......@....@@.@..@@..@..@@......@..@..@@....@@@.
.@.@.@...@..@..@@@...@....@...@.@@.@...@.@@.@@..@.@.@@..@......@..@...
..@.@...@.@..@@.@@.@@.@.@....@..@..@.@@.@.....@....@.@@@..@....@...@@@
.@.@..@.@@...@@@@.@...@..@....@@.....@..@..@.....@..........@..@......
.@@@@....@.@......@...@@@.@.@@..@..@..@.@...@@...@.@@....@.@..@.....@.
..@.........@..@@@....@@@@@..@@@..@.@.@..@...@@....@.......@.....@@.@.
.@...@.....@.@@..@@@....@.@@@@..@.....@.@.@@.@@.@.........@...@....@@.
..@.@...@..@...@...@.....@..@...@....@...@.@........@@...@..@.@.....@.
..@@........@..@@@.@.@........@.@.......@.@..@@.@..@@@..@@@@...@.@....
@@........@.......@...@..@.@..@...........@.@........@@@@....@@.@@....
...@@@.@.@....@@.@@....@.@..@..@@.@@@.@....@@.......@.@.......@@@.....
..@.@.@...@....@...@.@......@..@...@@..@...@......@..........@@@@@...@
@..@@@@........@.@.@.@@..@.@@.@.@@..@.@..@@...@.....@@...@...@....@.@.
.@............@.........@@.@@........@..@@..@..@...@......@..@@.......
.@.......@......@@.....@..@..@.@..@@....@.@.@....@.....@....@...@..@@.
........@@@@.@.@..@....@..@...@.@...@...@...@@.@.........@.@..@...@...
@.@..@@..@.......@.@...@.@..@..@..@.@...@..@@.@..@......@..@@@@.@...@.
@.....@@@..........@@..@@@@@.@@@.@.@.@..@.@........@.@@@@..@@@...@....
..@.@...@@...@@.........@...@..@.@.....@..@@...@@.@@@.........@.......
@.....@..@...@..@..@...@..@..........@......@.@...@.@.....@..@..@..@..
Agents:
65
0,19,27,37,21
1,53,42,11,25
2,10,38,13,26
3,41,11,47,42
4,35,6,66,39
5,25,3,19,59
6,11,5,53,55
7,17,25,48,9
8,53,45,40,30
9,27,54,33,44
10,64,14,66,12
11,66,7,54,36
12,12,36,25,41
13,14,24,0,64
14,54,58,40,39
15,13,3,19,51
16,23,34,25,39
17,65,56,63,49
18,15,44,23,63
19,20,7,36,31
20,14,26,7,36
21,65,48,17,61
22,64,58,6,57
23,4,20,29,45
24,68,34,27,58
25,6,55,35,19
26,34,25,46,30
27,40,61,18,7
28,57,1,66,58
29,62,26,24,20
30,10,69,52,26
31,39,58,30,37
32,3,20,62,48
33,63,33,52,48
34,8,24,14,58
35,68,3,27,31
36,49,30,53,66
37,43,59,19,53
38,56,52,61,16
39,3,32,0,21
40,46,64,4,7
41,37,49,18,14
42,49,53,1,6
43,51,40,51,40
44,25,0,57,44
45,57,30,65,53
46,54,30,54,30
47,46,60,28,55
48,40,40,1,61
49,33,21,31,7
50,13,56,52,1
51,43,69,63,43
52,47,39,19,27
53,23,60,37,29
54,36,31,20,4
55,45,42,14,25
56,59,15,42,11
57,44,15,4,52
58,61,46,51,18
59,8,9,67,17
60,56,7,31,49
61,32,10,26,3
62,23,47,64,36
63,33,67,46,21
64,64,61,43,33
