2
Grid:
70,70
...........@@.....@..@....@....@......@....................@..........
.@........................@..@...@...@................@...@....@@.@...
............@.@................@.......@...@..@.@.....@@.@......@.....
...........................@................@...@......@........@.....
......@@....@@....@........@@@..@...................@.......@..@....@.
.@.......@..........@@.@..............@.....@.@...@@.@...........@....
....@..@...@..@.@@.............@..@..@.......@......@@...@............
..........@..@@............@..@....@......@.@........@....@.....@.@...
....@...................@@.....@.........................@.......@@...
..@........@.......@.....@.........@...@....@@..@...@..@..@...........
@......@@@....@@.....@@.....@@.@...@..@........@...@.........@........
...@...@.....................@@..@........@..@.@...@...@.@.@...@..@@..
@.@....@@..........@............@..........@....@....@.@..@....@..@.@.
.......@.........@......@...........@.........@.......@...............
.......@...@@..@...@..........@.@.@...........@..@..@.............@...
@.....@@..................@.@...........@......@........@.@..@...@....
.......@.@.@@..@......@...@.@.........@...@............@@..........@..
.@..........@..@...@...............@..@................@....@...@....@
.@@...@...@...@.......................@........@..............@...@...
@................@@...................@...@.......@.....@..........@..
..................@.....................@.....@..@......@..@...@@.....
........@@@......@.....@...@........@@.@@...@.@......@.@....@...@.....
..............@......@............@@...@..@...@.........@..@..........
...@.........@.............@....@...@..@......@.@.........@....@..@.@.
.......@.....@.@.@............................@..@...@................
.@...............................@.......@....@.......................
.......@..................@...@................@..@..............@....
....@.@.@..@@.....@.@.........@............@.@.......@@.@.@@@.......@.
.........................@.....@...@.@..@.......@.......@.@.@.@...@...
.....@.............@........@@...@..................@.........@.@@@..@
.@@....@.....@.@.....@.........@...@.@........@.......@...............
......@.............@..@.............@....@.............@.............
.........@........................@@......@.....@.@.......@@.@.......@
..@...@......@......@........@...........@@.......@.............@....@
.....................@...@........@...............@@@...@....@.@......
......@...@.@..@...............@.............@...@..@....@.........@.@
.............@....@@.....@.........@.....@...........@.@.......@@.....
...............@..@........@@@....@@@................@...........@...@
..@..........@........@.@@@...........@...@...@@..@......@...........@
....@.@......@...@.............@@@............@..@.......@............
.........@.@...@@.............@@@.......@....@@......@................
@.......@.@.......@..@.@............@..@.@..................@.........
@@....@......@....@@@.@.@........@.@......@..........@....@.....@....@
....@@.....@@........@.@.......@.........@@..........@...@........@@..
...@.....@.....@@.........@......@.........@......@...@...@.........@.
.@......@.......@....@.......@................@.............@@........
.@@................@.@....@........@..............@.........@.........
...@..........@...@..@.............@...........@....@.....@.@......@..
...........@.......@.@..@..@.@..@@...@......................@........@
...@........@....@.....@@.@.@@@..@.@.@.....@.@...@......@...@........@
.@....................@@..@@...@.......@.@@.....@..@.@................
.....@@......@.@........@..@.....@.....................@.........@..@.
.......@..@.........@..@.........@.....@..@@....@@....................
....@@.@@......@@........@@.@..@....@..@@.....@.@...................@.
.@.@.............@....@...............@.@..@.@....@...@...........@@..
...@................@.......@..@.................@........@..@@....@..
.....@......@@.........@.....@.......@..@.@..@........................
@@.....@.......@@..@...@...........@..........@....................@@.
.....@.............@.@..@..........@....@.......@..@...........@@....@
........@@........................@..................................@
...@.....@...........@..@.....@.............@..@.....@@...@...........
............@...................@...........@..............@........@.
.@......@........................@.@......@.........................@.
........@..@.....@....@...@...@.@................@.@.........@@.......
..@.@.@.......@.......@@.@......................@................@.@@.
@......@................@..@.@....@......@.....@.@@.@.@...............
.......@.....@@............@..........@@.@..@..@..@..@.@@..........@..
........................@@.@....................@..........@.....@....
...............@..@..@.....@...@..............@.....@..@....@@........
.@...@@.@..........@............@....@.......@.....@...............@@.
Agents:
75
0,25,20,37,63
1,0,45,3,33
2,1,5,46,0
3,65,28,64,3
4,49,58,43,44
5,48,40,40,0
6,7,29,10,17
7,12,29,20,69
8,68,39,16,24
9,20,36,15,34
10,44,6,31,14
11,0,50,19,7
12,1,7,44,48
13,26,55,22,18
14,39,55,68,0
15,43,69,66,20
16,0,9,6,9
17,1,49,11,24
18,52,38,6,48
19,17,25,67,10
20,61,41,55,69
21,34,18,67,6
22,67,36,20,39
23,41,13,46,68
24,20,68,36,21
25,13,40,45,42
26,24,63,59,21
27,44,20,20,32
28,3,57,20,36
29,19,63,15,13
30,67,8,33,66
31,29,3,57,49
32,27,19,12,20
33,57,52,28,52
34,15,24,43,40
35,43,52,60,1
36,52,35,55,22
37,35,13,31,13
38,34,41,18,34
39,41,2,68,42
40,60,50,33,30
41,54,8,3,15
42,4,31,11,49
43,35,30,14,23
44,22,41,56,55
45,7,38,54,20
46,55,0,46,64
47,4,0,62,58
48,20,62,22,28
49,37,38,12,45
50,21,59,50,44
51,29,47,27,66
52,17,48,7,9
53,18,19,56,67
54,14,25,58,53
55,17,58,27,22
56,65,18,10,4
57,31,63,5,68
58,27,67,45,30
59,27,34,52,12
60,30,10,39,2
61,51,69,0,67
62,46,54,9,62
63,58,12,14,14
64,63,67,5,64
65,9,33,27,51
66,37,44,15,39
67,19,25,16,54
68,41,28,54,8
69,56,54,4,1
70,65,56,28,13
71,30,44,51,20
72,10,24,31,22
73,31,65,58,52
74,13,18,67,22
