2
Grid:
60,60
.........@..................................................
...........................................@..........@.....
...................................................@....@...
.....................................@.@....................
..@..............................................@..@.......
...@..............@............@.@..........................
..................@.......................@..........@......
.....@......@...............................................
...@........................................................
................@.................@.........................
...@.......@...@@..........@......@........@..............@.
.............@..............................................
............................................................
................................@..................@..@.....
...................@....................@...................
.....................@.........................@............
.@.....@..................................@........@........
............................................................
....@.....................@.................@..@...@........
............@....@..........................................
.........@.....@.....................................@.@....
.................................@.............@............
..................................................@.........
............................................................
..............................@...............@.............
......@............................@....@.............@.@...
............@......@.........@.........@....................
...................@....@.......................@...........
.@..@.............@..............@...@....@.................
...........................@..........@.........@.....@.....
.....@................@.......................@......@......
..................@.........................................
.........................@.....@.........................@..
.........................@.................@................
.............................@......................@.......
.............@............@....@.@..........................
............@................................@.......@......
.....@...@............@....................@.............@..
................@.............@.......@........@.......@....
............................@................@..............
.........@......................@.....@...............@.....
...............@............@...............................
.......................@....................................
@...................@.......................................
...@......@..............@......@..........................@
..@.......@..............................@..................
@.......................................@................@@@
...............@....................@...@..@............@...
........................@.........@.................@.......
@..@.................................................@......
@..@.@..................@..............@....................
.........@..................................................
..@.........@..................@......@...........@.........
...........@...............@................................
......@..............@............@........................@
...............@.......@..@...........@.....................
........@...................................@.........@.@...
....@............@..@...................@..........@........
........@...@.......................@@.............@..@.....
............................................................
Agents:
55
0,52,37,20,24
1,53,12,58,34
2,56,26,26,37
3,57,27,1,10
4,25,11,1,46
5,10,35,37,59
6,46,55,56,7
7,8,46,12,49
8,3,5,59,25
9,5,58,46,53
10,24,15,19,0
11,47,12,6,49
12,31,19,1,52
13,19,11,29,11
14,8,14,24,12
15,21,18,30,18
16,48,23,4,43
17,8,8,56,46
18,48,45,15,58
19,8,2,44,13
20,41,17,41,53
21,44,41,56,24
22,28,17,12,43
23,40,25,20,6
24,25,8,43,12
25,34,24,37,48
26,21,15,20,45
27,54,37,7,45
28,49,41,53,31
29,40,36,34,57
30,7,45,38,5
31,18,11,30,34
32,50,52,40,10
33,47,22,40,25
34,47,0,41,58
35,58,18,2,9
36,57,3,3,53
37,17,6,11,38
38,30,6,51,39
39,43,14,59,38
40,38,53,54,29
41,39,56,3,0
42,56,32,3,54
43,29,31,36,28
44,18,7,38,45
45,4,31,13,3
46,55,55,12,18
47,58,33,6,2
48,51,35,29,21
49,30,17,20,30
50,38,24,54,2
51,27,18,50,12
52,58,47,7,43
53,57,26,18,38
54,57,14,55,50
