0
Grid:
70,70
.......@.......@.@@@.........@..@...@.............@..@.....@...@....@.
........@..@...........@@.@.@..@..@........@.....@@...@.@...@..@..@.@@
@.@@..................................@.....@@.@....@..............@@.
@@.@..@..................@.......@...........@....@@.@.@....@...@.@...
.......@.@..........@....@.@....@.............@...........@.@...@@..@@
@.@...@...@.@..@.@.........@.@...@..........@.......@....@@@..@.@@.@..
.@.....@...............@............@.....@.@.........@...@.........@.
@@....@.........@.@@...........@@..@@...............@@@...@....@@.....
....@..........@..@...@.@@.@..........@......@..............@....@..@.
....@.....@@.@.@@@.............@...@.....@...@@.....@.@.@..@........@.
..@....@..@...........@...@.@..@................@....@........@@..@...
............@..@.....@....@....@....@@@....@@@...@.@........@....@.@..
...@@.........@.@...@.@@@@@..@.@..@.@...@.@...@.@@....@........@....@.
..@@..@@..@..@.....@.....@...@.............@...@@@................@@..
..@.........@.......@@...............@....@.@.....@.....@.............
.......@@......@.@.@.........@....................@.@@.@..........@@..
@.@.............@.@....@....@.@.@@.....@............@.........@@..@.@.
...@.............................@@....@.....@.....@.@.@.@..........@.
......@.@.@....@....@......@.....@........@.@....@@......@.......@....
....@.@@.@.@.@........@..........@.@..@.@.@@@.........................
@@......@.....@.@@....@@........@.@......@.@.@@........@@@...@.......@
..@....@@@...@......@.@.@..@@...@.....@..@....@...........@@..........
...@..@@....@..@@.....@.@.......@...@@@...@........@..@.....@...@.@@..
....@@.....@...@.....@...@@.......@.@...@@@....@..........@@@@......@.
...............@.......................@.@..@.@.@.@@...@..@...@.......
@....@@@@.@.....@..@......@@.........@...........@.@.........@@....@..
@.@.@..@...........@@@@.@..@..@........@.@....@.@....@..@.@...@@@.....
.@............@...........@@........@......@....@.@...............@..@
..@@@.@..@.@...@....@.........@...........@..@.@@.........@....@...@..
...@.@..@.........@..@........@.@@.@....@.........@...........@..@@...
......@.......@.@@@@.@..@@@.................@.....@.@..............@@.
..@........@.........@..@.@........@@.@...........@@.....@@@..........
..@..........@.@.....@...@......@.........@@@@..@......@..@...@@..@...
........@........@...@.............@@.@..........................@....
@.@.@...@.............@..@...@.@..@@.@..@.@.......@.@......@..@.@.@@@.
.@..@..@..@..................@.@.@....@..@.@...@.......@.....@..@...@.
....@.@.....@...................@...@..@.@@.@@.@..@....@.......@......
...@....@.....@........@....@...........@......@.........@..@.........
...@...@....@..@........@.@..@...@..@................@@.............@@
......@..@.@.....@....@.......@...@..@..@.........@.....@..........@@.
@.........@.@........@.@...@..@........@...................@.@........
.@@..@....@..............@@..@...........@............@...@....@......
..@.....@..@..@.....@..............@.......@..@.@.........@.@@.@@.....
@........@@@.@.....@......@@.@.@..@..@...@.@...@.........@@....@......
.@..........@....@@@....@..@...@@..@....@.@.....................@.....
..@....@...@.@...@..@@@@........@...@..........@.....@..@.....@.@....@
.....................@......@..@........@......@...@....@.....@..@....
.@..........@..........@@..................@@.......@.........@..@....
....@....@....@...@@@.@.....@......@..@.@.............@@..@@.....@....
........@.....@.........@....@...@.@.....@....@..@...@@.@.............
......@@..@...@....@....@..@..@@.......@..@@@.........@...@..@@.......
.....@.....@@.....@..@@........@...@....@...@....@.@...........@.@.@..
..@@.........@.@.@...@....@..........@.@..@.....@...................@.
..@...@..@.@@@...@......@..@..@....@.........@.......@........@.......
........@........@@@.@.......@@@...@..@..@..@@....@.@..........@......
.@....@........@.@@..@.....@.........@.............@......@.@........@
@.........@.@.@.@.@........@.@@..........@...@....@.........@.....@...
......@...............@.@@..@..@..@......@..@@....@..@..............@.
...@..@..@...@......@.@.@..@..@.@@............@..@............@.......
@....@.@.@..................@.......@....................@....@..@.@..
....@@...@@....@.@............@.....@@..@............@....@@.......@@.
.@..@.........@........................@...@....@.@.@......@...@.....@
...@.....@.@...@@.@.@........@...@....@..@@......@....@.@...@..@......
..........@.@......@...@....@@..@......@.............@..@..@...@......
...@...@...@.......@.......@.@@@...@......@..@..@...@@@..@.....@......
@......@....@........@.@..@.....@..@......@@.............@......@.....
....@.@.@.......@....@.@.......@...@.@............@..@...@.@.........@
..............@..@@@.......@...@@.@....@....@...@...@.......@..@..@@..
..@.@......@.......@.......@.@........@....@.@....@@.........@@....@@.
.........@.@....@@.............@........@..@...@...@...........@......
Agents:
35
0,19,12,34,57
1,54,58,63,34
2,45,68,65,14
3,50,52,62,50
4,51,9,4,18
5,27,8,57,17
6,7,13,11,16
7,49,15,44,50
8,17,19,56,20
9,56,43,23,9
10,7,66,37,11
11,56,48,15,3
12,63,68,6,67
13,20,52,46,12
14,13,27,67,5
15,25,34,63,27
16,53,61,30,47
17,40,62,13,64
18,55,29,25,1
19,5,50,2,42
20,1,20,27,57
21,5,40,17,30
22,61,54,41,16
23,66,3,4,43
24,1,25,25,53
25,44,44,21,30
26,24,8,42,7
27,8,20,21,12
28,2,59,69,65
29,64,22,40,64
30,35,14,50,2
31,59,29,41,33
32,40,28,22,19
33,58,50,21,21
34,61,28,60,25
