1
Grid:
70,70
......................@.....@.............................@...........
@...........@.@.............@.@.........................@.............
..@..............@...@....@...........................................
......@@...................@..@...........@............@....@.........
.@...@.....@@..........@@......@.......@@.@...........@...........@...
............................@.....@..................@..@.............
....@.@@...........................@........@..................@......
@..@.....................................@...@.@...........@..........
........@..@.....@...@........@................@....@.@....@......@...
.......@@......@...........@....@.....@.........@..............@......
.....@....@..................@.@@@@...........@@......@.........@.....
......@.........@....................@................................
...@.......@.....@......@..@..........@.@.....................@.@@....
....................@.......@...@..........@...........@....@......@..
...@.....@.@@.......@......@@.@....................@..................
......................@.................@.......@..........@....@...@.
.......................................@.....@..@.....................
..@...........@.....@.........................@.................@.....
...........@@........@...............@..............................@.
....@....@@..........................@@.......@.......@.....@.........
.....@...@......@.@.................................................@.
.@.........@...........@...................@....@.........@.@......@..
..@.@............................................@......@..@.@.....@..
....@.@@.......................@.....................@......@.......@.
.......@.@...............@.......@.@............@..........@..@.......
...@.@@.........@..@.................@........@...........@...........
...........@.............@@.....@@.@.............@.@................@.
........@@.....................@..................@..@....@...........
................@..........................@....@....@.....@@.@.......
.........................@..@.@.@......@..............................
................@.......................@.............@.....@@........
...........@@...............@...@...@.....@.....@@..........@@.....@..
.....................@.@..............@................@.......@.@.@..
...............@....@......@...............@........................@@
.@..............@......@............@.................@..@........@...
........@.@..@.....@....@.....@.......................................
..........@....@.....@.....................................@@..@.@....
@@....@........@.....@.......@..@..@......@..@........@...............
..@.................@...@.......@...........@..........@@...@...@.....
............@@....@@........@.@.....@...........@.....................
......@...@.............@.....................@.@......@..@...........
..........@.....@@..@...@..@.@.@....................@......@..@@......
.............@...@....@..............................................@
...@......@............@.............@.......@..................@.....
.........@...@@..@....@.........................@..@..................
.@....@....@..@............@.@...@.....@..............@@@.......@.@..@
..................................@...@...........@.....@.......@.....
......@@.........@.@............@..................@@.................
......@.....@......@...@................@........@@........@..........
.......@..@..........................................@@.......@......@
......@....................@...@..@....@..@............@.......@......
@@.................@@....@.........@.@.......................@.@....@.
............@....@.@.@..@....@..@@@......@@........@...@....@........@
.@........................................@@..............@...........
..............................@@..........@.........@@@...............
@......@...@...................@.......@....@.....@..............@....
..@........@.@......@.....@.......@..................@@.@.......@.....
................@@............@.............@..............@..........
.......................@..@............@.@......@..@........@.........
@.@........@......@..........@...@.............@......................
........................@.............................................
.....@.................................@..@.@.@@......................
@@......@...............................@...@.........................
@@....................@.........@......@......@...........@........@..
...@.....@..@...........@......................@...............@.....@
...@..................................................@.........@.....
....@..................@.@@@..................@.......................
........@....................................@...@..........@.........
...................@........@..@......................................
..@........@....@@...@..@.............@@@........................@.@..
Agents:
75
0,25,61,54,57
1,28,55,20,52
2,46,53,64,32
3,22,47,26,56
4,60,57,1,49
5,53,6,49,36
6,44,8,22,52
7,35,65,43,14
8,38,5,17,0
9,49,35,12,25
10,18,24,1,32
11,61,20,54,32
12,37,3,47,18
13,5,42,69,32
14,59,48,61,17
15,25,35,55,36
16,60,7,44,8
17,11,33,33,49
18,24,43,26,0
19,0,15,58,44
20,2,11,20,37
21,62,66,27,65
22,39,68,56,45
23,54,33,68,18
24,5,2,19,35
25,41,1,12,61
26,69,8,19,6
27,17,43,18,53
28,58,11,55,15
29,67,52,54,51
30,51,8,48,2
31,17,28,65,17
32,26,52,36,14
33,63,16,9,9
34,11,45,27,42
35,23,46,28,20
36,17,25,26,18
37,10,8,23,43
38,3,61,65,65
39,64,26,23,64
40,65,23,21,34
41,63,59,35,40
42,7,30,23,2
43,38,38,54,39
44,55,43,29,34
45,55,58,40,19
46,17,19,68,64
47,48,11,50,60
48,39,59,20,17
49,60,66,31,7
50,47,23,36,32
51,60,61,7,9
52,32,39,23,46
53,47,66,16,50
54,17,41,15,24
55,57,27,46,37
56,20,66,31,58
57,14,24,67,25
58,31,38,18,45
59,59,35,15,21
60,28,68,40,36
61,65,26,52,39
62,19,62,28,51
63,56,5,12,48
64,12,54,65,23
65,39,46,59,46
66,6,15,7,5
67,66,58,58,0
68,40,45,48,66
69,31,2,53,62
70,60,45,55,21
71,57,14,20,64
72,28,22,65,37
73,6,12,17,62
74,64,62,43,33
