2
Grid:
60,60
............................................................
............................................................
............................................................
............................................................
............................................................
............................................................
............................................................
............................................................
............................................................
............................................................
............................................................
............................................................
............................................................
............................................................
............................................................
............................................................
............................................................
............................................................
............................................................
............................................................
............................................................
............................................................
............................................................
............................................................
............................................................
............................................................
............................................................
............................................................
............................................................
............................................................
............................................................
............................................................
............................................................
............................................................
............................................................
............................................................
............................................................
............................................................
............................................................
............................................................
............................................................
............................................................
............................................................
............................................................
............................................................
............................................................
............................................................
............................................................
............................................................
............................................................
............................................................
............................................................
............................................................
............................................................
............................................................
............................................................
............................................................
............................................................
............................................................
............................................................
Agents:
75
0,28,27,9,28
1,55,57,5,12
2,36,16,23,2
3,28,25,17,22
4,38,0,37,49
5,15,37,38,39
6,39,15,30,10
7,23,44,38,24
8,46,37,2,45
9,58,29,23,17
10,14,10,17,55
11,7,23,50,18
12,40,25,19,0
13,25,24,22,11
14,10,50,44,39
15,15,33,5,49
16,55,43,24,16
17,14,24,44,47
18,37,54,41,20
19,50,53,30,26
20,30,11,48,49
21,30,54,1,28
22,5,57,18,39
23,4,45,50,45
24,50,41,31,44
25,47,24,50,53
26,58,38,31,59
27,24,17,32,38
28,19,31,29,59
29,17,10,42,16
30,50,3,28,30
31,15,48,12,16
32,45,41,17,57
33,42,55,36,59
34,1,59,35,59
35,7,52,10,42
36,46,4,33,39
37,58,2,7,29
38,39,13,0,29
39,17,42,45,10
40,21,39,18,5
41,34,29,50,23
42,3,50,55,13
43,35,16,49,36
44,19,56,55,25
45,5,5,13,28
46,36,40,51,17
47,2,27,5,50
48,56,42,1,48
49,8,24,31,17
50,15,8,38,19
51,43,50,7,50
52,33,54,12,59
53,37,53,6,10
54,39,21,6,5
55,37,6,0,4
56,14,35,24,53
57,48,11,36,56
58,28,45,4,13
59,45,54,18,59
60,6,25,46,24
61,36,5,12,13
62,54,1,18,27
63,15,6,13,37
64,2,31,34,45
65,6,57,4,27
66,4,53,59,8
67,27,13,26,11
68,55,8,11,53
69,13,42,21,26
70,36,57,21,19
71,18,58,42,44
72,51,1,3,8
73,51,51,47,53
74,58,10,35,27
