1
Grid:
60,60
............................................................
............................................................
............................................................
............................................................
............................................................
............................................................
............................................................
............................................................
............................................................
............................................................
............................................................
............................................................
............................................................
............................................................
............................................................
............................................................
............................................................
............................................................
............................................................
............................................................
............................................................
............................................................
............................................................
............................................................
............................................................
............................................................
............................................................
............................................................
............................................................
............................................................
............................................................
............................................................
............................................................
............................................................
............................................................
............................................................
............................................................
............................................................
............................................................
............................................................
............................................................
............................................................
............................................................
............................................................
............................................................
............................................................
............................................................
............................................................
............................................................
............................................................
............................................................
............................................................
............................................................
............................................................
............................................................
............................................................
............................................................
............................................................
............................................................
............................................................
Agents:
40
0,38,13,36,47
1,30,4,15,12
2,27,41,24,5
3,34,49,39,13
4,46,25,28,49
5,42,37,11,48
6,37,50,47,1
7,20,41,44,52
8,0,20,51,49
9,39,48,49,28
10,10,42,32,56
11,10,58,11,40
12,56,36,19,11
13,18,14,45,47
14,11,46,51,29
15,35,7,53,56
16,27,6,49,25
17,35,56,44,8
18,51,35,6,35
19,6,49,6,45
20,57,57,19,35
21,0,57,50,54
22,30,52,33,46
23,30,50,50,46
24,34,17,31,40
25,28,52,44,59
26,43,32,11,46
27,53,55,36,1
28,3,31,55,45
29,7,51,38,49
30,22,19,46,24
31,37,0,44,50
32,49,35,33,21
33,10,31,18,21
34,14,23,2,39
35,50,25,13,14
36,13,50,17,25
37,50,12,1,0
38,41,12,49,8
39,28,4,7,10
