0
Grid:
60,60
...@@...@@...@..@@...@@............@.@......@....@.....@.@@.
.........@....@@....@@..@..@....@........@..@@..@....@..@@..
......@..................@@.@.......@@..@@................@.
..@...........@...@....@.@.@..........@..@.@.@..@@.....@...@
.........@.@......@..@.....@.@@@..@....@....@...@..@.......@
.....@..@......@@.......@........@.@...@......@.....@.@....@
..@.@....@....@......@@.@...@@.@.@.@.............@@...@.@...
....................@.@..@.......@..@........@....@.....@@.@
......................@..@....@..@@.......@.......@@...@.@@.
............@....@@@.....@.......@..@..@.............@.@....
@.........@...@@...@........@.@...@........@@...@@..........
@@......@.@......@.@..@.@.....@............@......@.@.......
....@..........@..@........@....@@@.........@@..@...........
@..@.@..............@..@......@......@......@..........@..@.
@......@...@..@.........@...@..@..@..@.@.@@@..@....@...@..@.
.@.......@......@..@...........@....@.............@....@@...
..@.....@@..@@..@@.....@.....@.....@.@.....@.@.....@.....@..
....@.@............@@.......@.......@@.@......@@...@.....@..
@..@...@...@.....@...@@...@.....@@...@@...........@.@..@@...
.@..@.@....@.........@........@.....@..@....@@........@.....
........@....@..@......@......@.@.......@.@.....@....@...@.@
..@..............@.........@.......@@.................@...@.
.......@@@.@.......@......@.@@..@@.........@.......@........
@...@..@......@..@.........@.@....@.@...@......@.@........@.
..@@@..@...@@@....@@@.........@..@@............@@@....@@.@@.
.....@.......@.@@...........@..@.@..@....@.....@.@......@.@@
@.@....@....@@......@..@.............@@..........@..........
...........@.@.@.........@......@..@...@@...@........@..@...
.......@......@....@@@....@@.@@............@..@....@...@.@@.
.....@......@....@.@@.@......@.@.@..............@...@.....@@
.@.....@..@....@.@......@......@..@@.............@.........@
.@...@............@..@.............@......@@@@..@@@.........
@............@.....@.......@........@@....@.........@.@.@..@
...@.......@...................@..................@.........
...@..@..........@...@....@...@@@@....@.@@@.@.......@..@....
.@..@@@@...@............@..@.....@............@....@.@@.....
...............@..@......@.....@.....@......................
.....@@...@..@..@..@.....@@.@@.....@.@...@...@....@.......@@
@..........@@@@@.....@....@....@............@......@.......@
@.@..........@@...@....@...@...@@....@@@.@.@.@..............
..@@.................@..................@@..@..@@...........
.....@..@.@..........@.............@@...........@.@@....@...
......@..@.@.........@...........@...........@@.@@...@.@..@.
.....@....@.@@.....@.....@....@..@@.@...@..@.@..........@@..
.........@...@...@@...............@.....@.@....@............
@.@..@.........................@..@..@@.@.@.......@@........
......@..@..................@...........@.@..@..............
@..........@.....@......@.......@.@.@@..@..@.......@........
..@....@...@......@.........@......@...........@@...........
...@...@@..@..@@@....@...@........@....@.....@.@@........@..
.......@.....@...@...@..........@@.@@....@....@.............
...@.@..@...@........@.......@@.@...@..........@.........@..
...@@@@.@...@.....................................@.........
.....@...@.......@........@.@@...@.@@.........@@.......@....
..@@..........@..@.@@.....@..@.@.......@.@@...@.....@.@.....
..........@............@@................@@......@...@.@@...
.@.@...@.......@@...@..@@....@.@......@..@.........@.......@
..@.....@.@@.....@@@.........@@.@@.........@...@@.....@@....
@......@.........@..@....@.@............@.@.@...@.......@.@.
.@..@...@@..............@.....@...@.@...@...@@.@.....@@@@...
Agents:
85
0,48,31,34,53
1,56,10,8,44
2,2,32,39,16
3,24,21,58,55
4,40,31,17,25
5,12,52,7,21
6,25,20,13,42
7,15,14,6,37
8,4,15,37,38
9,8,32,11,59
10,52,55,6,5
11,31,7,12,55
12,21,34,6,11
13,50,45,43,51
14,27,14,12,11
15,55,35,33,26
16,29,3,45,18
17,12,12,52,20
18,6,16,4,43
19,52,23,55,27
20,58,41,33,47
21,42,51,47,41
22,39,15,34,39
23,38,3,38,27
24,25,48,32,25
25,49,28,42,31
26,42,39,50,37
27,53,25,25,50
28,15,2,22,25
29,57,49,27,41
30,1,52,32,1
31,9,52,13,48
32,8,38,4,47
33,3,8,54,1
34,27,46,14,13
35,2,35,3,0
36,43,14,41,40
37,30,39,56,21
38,56,25,8,5
39,38,23,26,31
40,23,38,58,38
41,33,45,33,17
42,19,26,38,38
43,12,30,56,47
44,52,47,39,26
45,38,10,16,49
46,36,17,24,22
47,42,0,4,41
48,31,17,24,32
49,52,25,34,22
50,33,37,12,19
51,18,23,22,13
52,59,13,36,8
53,54,9,33,15
54,33,32,1,43
55,45,4,46,49
56,21,43,58,50
57,32,57,5,7
58,25,21,29,50
59,45,13,53,24
60,36,36,10,46
61,8,1,43,50
62,44,7,17,3
63,24,26,8,39
64,24,46,2,3
65,57,12,15,41
66,10,21,43,55
67,40,24,52,36
68,17,25,13,36
69,15,51,50,38
70,31,37,29,55
71,38,48,38,36
72,45,55,46,5
73,0,12,16,20
74,52,15,18,5
75,53,42,54,21
76,14,17,55,17
77,51,51,28,47
78,45,46,5,2
79,54,0,21,47
80,15,49,59,42
81,16,0,28,18
82,3,19,3,11
83,57,45,47,57
84,13,4,59,13
