0
Grid:
20,20
................@..@
@.@....@.@.........@
..@.@..@............
......@.......@.....
....................
..............@.....
....................
..@......@@......@..
.@....@.@..@....@...
.@......@...........
...@@......@.....@@.
..@.....@..........@
....................
.....@@.............
............@.@.....
...@................
....................
...........@........
....................
.............@..@...
Agents:
15
0,11,13,12,3
1,19,4,14,17
2,17,1,16,18
3,14,13,12,7
4,13,3,9,3
5,5,18,2,12
6,14,8,17,9
7,7,19,1,16
8,17,19,1,17
9,9,19,9,9
10,19,14,15,6
11,15,5,1,13
12,2,12,17,7
13,6,6,16,11
14,11,1,2,0
