0
Grid:
70,70
..@...@.@@@@.@...@@..@.....@..@.@.@......@...........@.@@.........@...
........@@@@....@.........@.....@...@@..@........@..@.@.......@@.@....
.@@........@.@@.....@.......@......@..@........@@..@..@.@.....@.......
@@..@.....@@....@.@@..@.......@.@.@....@.@@...@.........@.....@.@...@.
......@....@@...@..@.@......@@..@..@@...@.@.@.@@..@....@......@@......
......@.@..@.@.@....@..@....@@...@....@@..@...@@@@.....@..@...@.@.....
..@.@.@.......@...@....@.....@.............@.......@.@.......@.@.@@...
@.@@......@@..@@@.@@.@.....@@..@...@....@..@...@......@@.....@......@@
...@....@..@@..@.@@.........@....@@@.@..@.@..@.......@....@........@..
..@...@.@.......@......@@...@@...@..............@@@...@..@...@.......@
.....@@@...@@@@.@@....@@...@.@....@.......@....@....@...@...@......@@.
.......@.......@....@.....@@.....@.@@.....@.........@.@....@@.@.......
@.@@....@..@....@...@@@@.@.@...@...@...@.@..........@.@.@.....@@@.@.@.
@.....@.@@@.....@@.@.@..@..@.......@....@....@.....@...@@@.@.@.@@.@.@.
.@.@.@.@@.@@@.....@.@..@.@@....@..@.@.@....@.............@....@@@..@.@
.......@.....@...@@...@.@@.@.@@.....@.......@......@@.@.@@.......@....
...@...........@.@....@@........@..@..@@@@@.@..@...@..@..@.....@@.@...
.....@..@....@.......@........@.@....@@@...@......@@....@..@......@...
.@@..@@...............@.....@.@...@...@@....@@...@@@..@.@........@@...
........@.@@.....@@..@.......@.....@.......@....@..@@.@@.....@...@.@..
.........@.@...@.@.............@.@..@@....@@..@...@..@.......@....@...
@.........@.........@...@@@.@....@........@..@@.@..@.@....@..@....@.@.
.........@@...@..........@...@.............@...@......@....@@........@
.....@..@...........@...@..@@@.........@....@............@@...@@@.....
..@.@@........@@........@.......@..@.@.@................@@.......@....
.@...@..@...@@...@.....@@...@..@.@....@.........@@@...@@....@@.@@....@
...@....@...........@......@.@.................@....@.......@....@.@..
.......@.......@....@@.@@........@.....@@@@@@............@............
.......@............@.@.....@...@@.....@..@..@...@..@.@.....@...@.@...
@.......@@..@.@..@@..@...@.@..@@@@@........@..@............@@@....@...
.@@.................@...........@.@.@...@.@...@...@@@..@..@@.@..@@....
.....@.@......@....@.@@.@..@@............@@@.@........@....@.@....@..@
........@@.@..@.....@....@....@@........@.@.....@.@@.@..@...........@.
....@..@..@.@..@.@...@@.@.@.@.@.@......@@...@.............@.@.@@...@..
@.........@..@.@....@..........@......@....@...@..@....@.@......@.....
..@.............@@...@.@..............@....@.@@...@..@.......@@.@.@...
@@.....@..@..@....@..@@..@.@..@@@@..@.@..@.@.....@.@...@@@....@.@..@..
@@.@...@..@..............@@.........@..@@...............@...@.@.@.....
..@....@.....@@@@..............@@....@@...............@....@..@.@.....
.@@...........@@@.........@...@...@@@@.......@..@...@..........@.@.@..
..@...@.@.....@.@..@......@...@....@...@@@....@.@@.@......@@...@..@..@
...@........@@........@............@.........@@...@....@@....@@.@..@..
...@.@..@@.@....@.@@@.....@@....@...@..@..@@.........@@.@.@@@..@..@..@
...@.....@...@.......@.@....@.@@.@...@@..@..@..@....@....@.@..........
@.........@......@....@.....@@...@.@.@...@.@..@..@......@@.....@@.@..@
..@@.............@.@@.............@......@....@.........@.......@...@.
........@....@@...@@@.@...@........@@..@@.@....@@....@...@..@@.@.....@
..@@.@.......@....@@..@..@.@.@@..@...@@@..@@............@.....@@..@..@
@..........@......@@......@...@.......@...@.....@.@.@.........@@.@..@@
....@.....@@..@..@..@.......@.@...........@..@.@...@.......@.@.....@..
@....@..@.........@@.@@....@..@...@@@....@@.......@..@.@@....@......@@
...@.@.........@..@@..@......@@...@@....@@.@...@@@.@@.@.@.@.@...@@@.@.
...@.......@...@.....@...@@.@@...@...@...@........@...@......@@.@@...@
@.........@......@@......................@.@.........@.@.....@@@.@@@@.
.@@..@@.@..@..@.@@...@...@............@...@.....@.@@......@@......@...
@.....@.........@..@.@@@@......@......@.......@........@....@.......@.
@...@..@..@.....@.............@..@.@@......@...@....@@................
...@@.@....@......@.@@@@..@@....@.....................@..@@.@@.....@.@
...@@...........@....@.@@..........@...@.@...@@.......@....@.......@..
........@..@....@.@@.....@..............@.@@.@.@.@@.@...@...@@..@...@@
....@.....@......@@.....@.@......@.......@..@...@.........@...@@@.....
.@.@..@..@........@.........@..@........@.......@......@........@.@@.@
@.@...@..@....@..@@.....@.....@.......@.@.@...@.............@@.@.@....
...@.@..@@..........@..@@@.@.........@@.@.@.........@@@........@.@..@.
..@..@.@@........@......@..@......@@........@...........@...@....@....
@...@......@..@.@.@.........@......@.....@@......@@.@.......@@.@.@....
@......@.@@......@....@.......@...@@@@...@@.................@.......@.
...@.@............@....@.........@.........@..@.@.@......@.....@..@..@
....@.@..@.@@......@..@...@.@@..@.@@.@@....@.....@.....@......@.@@.@..
........@.@@..@@...@@..@@@.@...@@..@.....@.........@@................@
Agents:
50
0,27,51,57,44
1,1,35,29,69
2,9,42,11,69
3,8,25,18,57
4,66,64,2,46
5,1,22,60,60
6,39,38,17,35
7,1,30,62,29
8,15,34,8,65
9,56,34,5,17
10,9,44,42,62
11,62,37,53,3
12,43,48,18,24
13,54,10,5,67
14,32,21,37,47
15,67,35,56,49
16,15,42,13,3
17,30,9,42,67
18,38,58,9,67
19,31,37,5,56
20,3,44,37,68
21,32,43,28,2
22,38,1,12,55
23,29,38,64,51
24,2,29,66,40
25,20,23,32,24
26,37,28,26,46
27,6,38,26,22
28,54,28,10,4
29,32,38,13,43
30,53,7,69,62
31,3,47,41,27
32,65,20,18,36
33,52,68,26,38
34,17,17,48,39
35,7,57,16,13
36,59,34,37,66
37,5,65,30,15
38,6,47,7,7
39,40,34,69,45
40,57,7,14,59
41,41,10,66,29
42,52,23,4,1
43,9,15,40,23
44,8,63,48,54
45,11,6,48,37
46,61,24,58,28
47,39,60,53,28
48,6,8,11,13
49,55,3,37,30
