0
Grid:
70,70
.......@....@.@@....@.@@..@.@@......@......@..@@..@..@@...@.....@..@.@
@.@...@..@@.@.......@..@..@...@@....@.@.........@...............@...@.
..@@@...@....@@....@.@........@....@...@@.@........@.@@........@.@@...
@......@..@...@@..............@.......@.@.@.....@...@@...@..@.@.@.....
.............@@........@@...........@.@.@@..........@@.....@..@...@@..
............@.@....@..............@.......@....@...@.@..@...@@..@@....
.....@.........@.......@@..@..@@.........@..........@@...@@......@...@
.....@..@........@@...@.@.@....@..........@.@.....@@.@@@...@..@..@@..@
..@.@......@@...@.....@...@@....@@.@..@.....@.@@@@.......@.@.........@
.....@..@..@.@...@....@.@............@@@.@@..........@..........@.@.@.
...........@.@...@......@...@..@@@..........@..@..@..@......@..@.@....
..@.............@@...@.@..@@@.@..@....@........@...@@.@.....@.....@..@
.@......@.@..@..@........@@............@.........@.@..@@............@.
@....@@.......@@...@.....@.....@@@.......@@.....@...@......@..........
@..@.......@.....@........@..........@...@@..@.@...@.@..@......@...@@@
.@..@.....@@...@.@@....@@....@@.............@...@@@...@..@....@@@.....
@@.@...@@.....@@........@....@......@.....................@.@@....@...
.........@.@.....@.......................@@...@..@.@......@@...@.@...@
..@.....@@.......@@.@@@.@@...@.....@...@...@@....@.....@@..@...@..@@.@
..@@.@..@@@@.@..@@@...@.........@.@..@@.@@..@@..........@@............
.....@@.@............@....@@...@.@.@...........@......@..@....@@......
.......@........@............@...@.......@.@.@.@...@...@.@@@....@....@
.....@.......@@.........@@..@.....@....@.....@.........@.@@......@....
@@..@........@........@@@...@.@.@..@@.@............@@.@@.........@....
..@@...@..@...@....@.@@...@................@.....@...........@..@@@..@
..........@....@.....@.@....@.@..@..@.@......@..@.....@....@...@@.@...
...@..@......@..@.@.@@@..@@...@@@.....@@....@@.@..@.......@@@..@.@..@.
..@@....@@....@.@...@.@......@......@.@.......................@..@....
....@..@..@....@.@....@.@@.@@.@....@....@@......@.@..@...@.@..........
@@@.....@@..@......@@.@.@..@...@.....@.@.@..@.....@..@@..@.@.......@..
...@....@@....@............@...@@.......@...................@........@
...@..@.......@...@@.@.....@@....@.....@.@.@@......@@.@..@@@.@...@..@.
...@@@@...@.@@@@..@.........@..@.@.@..@...@@..@.@.@.......@.@.@..@.@.@
....@....@..@@@......@..@......@..@@...@.@.@..@.....@...@.@..@........
@@.@..@.@...@@.......@@@@@@.@.@@...@@@@....@......@@.@.......@@.@.@..@
.@..@@.@.....@@...@..@..@...@@.@@@......@....@@....@.@.@.@.@@....@....
............@.@.@......@@@..........@.........@....@...@.@@@.........@
....@..........@.................@....@..@...@...........@...@.....@..
.....@.@........@..@@@....@.@..@...@@.@@..@................@..........
.@.....@@@@....@.@..@..........@.......@@@...........@.@...@.@..@@....
.....@@..@............................@...@..@.@..@...@....@...@.@....
.......@@....@..@..@.@.@.....@.@@...@.@.@......@...@...@....@@...@.@..
..@@@...@.@..............@@......@@@....@@.@..........@@..@....@....@.
.@....@@.@............@.............@.@..........@....................
@..@@........@.....@@....@@...@.......@@...@.@....@.@..@.@............
......@@..@...@...@.@...@..@@@....@.@..@......@.......@..@.@..@.......
.....@.@@@@@@.......@@@.@...@..@...@.@@.@..........@.......@.@.....@..
...@@.@@@.@...................@.....@...@@.@..@@.@.....@...@@.......@.
..@....@@@..@..@.@...@.@@..@.@...@..@@@......@..@.@..@.............@.@
.@.....@..@.@@..@........@@@@..@.@....@..@..@........@.............@@.
.@...@..@.........@.@..@.....@....@..@.@@@@.....@....@.@...@..........
..@....@............@.....@...@....@..@@.....@.@.......@.@....@.......
..@...@@.....@..@@@......@.@....@@......@@..@..@@.............@...@@..
....@..@.@..@@.....@...@@@..@.......@@@@@.@@.@......@...@@.@.@@..@@...
...........@.@.@@@@........@.......@.........@...@@....@.....@@......@
.@@.@....@@@.@...@.@.@.@.@.@..@....@..@...@@@.@....@....@...@.........
@...........@..@......@...@.......@@....@.......@..@@@.@@@.@......@..@
..@..@......@.@............@....@@..@......@@....@...@......@.......@.
..@...@.....@.@...@.............@.@...@..@@....@...@@......@..@@......
.@@.@.@.....@...@......@..@@@.......@...@........@...@.@@...@....@...@
@.@@@.@.@.......@..@......@@@...@.@.@.....@..@@.@......@.....@......@.
......@@....@.......@@.@......@.@.@......@.......@@.@.@.@@............
....@..@..@..........@.@.@....@....@...@...@......@.@..@........@..@@.
....@....@....@@....@.@@@....@@@.....@@..@.....@....@@....@.....@@...@
....@@@..@......@....@.....@..@....@@@....@@@@.@..@......@.....@@@....
....@.@.@@..@.@@..@.....@............@.@...........@..........@.@.....
.@........@....@......@.@.....@.@..........@..@.@..@..@@.@.@..@.....@.
@....@@..........@..@.......@......@.......@.@@.....@..@.@...@@..@....
.@@@.....@...@..@@..@@.@....@..........@..@@..@@....@..........@.@...@
........@@...@..@..@........@@.@.@.........@....@.@...@....@....@...@.
Agents:
35
0,7,19,5,20
1,61,36,1,52
2,14,64,45,15
3,58,33,50,61
4,35,42,3,9
5,0,35,2,7
6,27,57,65,20
7,1,66,13,4
8,15,19,66,53
9,38,15,7,45
10,37,64,67,42
11,60,12,53,0
12,27,5,67,38
13,31,13,3,46
14,51,64,61,5
15,23,15,42,45
16,49,42,51,4
17,37,7,13,21
18,26,1,39,62
19,40,52,31,17
20,53,58,7,36
21,41,30,42,52
22,68,31,38,46
23,67,19,26,37
24,43,57,24,59
25,30,30,57,18
26,10,57,39,5
27,54,32,36,20
28,63,7,22,32
29,42,69,59,11
30,39,5,57,64
31,69,67,11,18
32,48,30,1,41
33,38,17,25,57
34,59,8,51,37
