0
Grid:
60,60
..........@...........@.........@..@@....@@...@.@..@..@..@@.
@........@...@...@.........@@.....@@...................@..@.
...@@...@.........@........@........@@......................
.@.........................@@@......@..@......@......@......
......@....@@@......@.@...............@....................@
.@...@......@.@.....@...........@...@..........@.....@@.@..@
......@@..@..@@....@...............@.....@..................
....................@.....@.....@......@....@...@.........@.
@..........@...........@...........@@.....@....@@......@....
..............@..@.........@.@.......@@..@..........@@......
................@..........@......@...@........@@@......@@..
@..........@..............@.....@...............@...........
...........@@...@.@.@..................@@........@.........@
....@..............@.....@...@..@....................@@@..@.
..@@....@......@....@...................@.@......@.@........
@.@..@..........@....@........@.@..@@..@........@...........
.@..........@.@.@.....@....@......@.............@.....@..@..
..@@......@.....................@.@........@........@.....@.
.@@..@..........@.@......@.@..............@........@.....@@.
.........@............................@...........@@@.......
.....@......@....@..@........@..@...@.@.@..@.....@....@@..@.
..................@..........@...@....................@@@...
@.@..@@.@..@...@@..@.@..@..@..........@.@.............@@....
.@...@...@@............@..@..........@...............@......
..................@..@...@..@@..@..@.................@@...@.
....@.......@@.@...............@.......@......@.............
.@......@.@...........@......@........@.........@.@.@.....@.
.......@.....@...@..@..@......@...............@...@.@.......
..........@............@....@........@.......@...........@..
..@@...........@...@.@...................@..........@.@.....
....@.@..@...@.....@...@.@........................@....@@...
..@.........................@..@....@.....@..@..@...@.@.....
.....................@.@.......@......@........@...........@
.......@.........@..@...............@.......@....@.@......@.
..@.....@....@..@.................@.......@..@...@.@........
..@.......@.@.............@@..@......@.@...@..@.......@.....
.@............@...........@...........@.......@.@....@...@..
@......@@.@..........@..........@................@@.........
.....@@.......@............@..@....@............@.@.........
..@.......@......@....@....@.......@......@...@..........@..
......@..@@.............@.........@.......................@@
..........@.........@.......@......@@......@.....@..........
...@.......@.....@......@..@..@@....@.........@.....@......@
@.@.......@.....@@..@..@...............@...........@........
........@.....@@.....@........@@@..@..@....@...@..@....@.@..
.@..........@..@.@@............@@...@.......@......@..@.@...
..........@.@.......@....@.@.@.........@@.........@@........
...@..........@.......@.@@.@..............@........@@....@..
..@.@.............@.....@...@....@.....@@..........@........
@..@......@..............@...@..@.....@..@............@.....
@........@.@..........@...@....@.@..@.......@.@@...........@
..@.@...........@.@......@...........@......@.@@..........@.
..@@.@@........@@...@.....@..........@.....................@
.....@.@...@....@.@..................@..@.....@.@@......@...
@.@....@.@......@.....@.@.............@.....@...@.@.......@.
.@......@.......@............................@.....@.......@
....@.@.......@........@............@.......@....@.......@..
......@..................@...@....................@.........
..............@...............@.@......@.............@......
.@......@...............@......@....@.......@......@........
Agents:
85
0,8,54,18,49
1,1,6,35,21
2,13,39,30,17
3,28,1,56,20
4,30,28,53,34
5,36,3,41,32
6,29,50,28,12
7,14,29,22,37
8,45,34,48,23
9,49,18,22,14
10,27,2,1,20
11,16,40,20,10
12,11,12,10,2
13,24,50,46,15
14,30,43,58,11
15,44,6,40,31
16,33,15,58,40
17,40,2,43,55
18,46,37,41,48
19,48,42,2,53
20,12,3,9,5
21,4,51,10,41
22,40,5,28,2
23,49,47,4,31
24,57,31,33,15
25,4,49,54,15
26,27,58,20,3
27,27,16,29,47
28,36,39,42,50
29,57,4,23,46
30,7,29,54,27
31,10,12,25,56
32,42,7,17,11
33,45,6,3,55
34,6,23,40,52
35,57,24,4,19
36,6,8,31,39
37,31,18,4,40
38,1,43,54,40
39,2,43,43,45
40,48,41,36,56
41,12,14,8,16
42,9,31,19,30
43,5,0,18,26
44,44,4,26,56
45,32,27,12,3
46,55,37,32,35
47,5,49,43,13
48,45,58,13,37
49,43,3,21,32
50,0,25,58,19
51,26,19,11,52
52,18,54,4,55
53,25,28,16,38
54,59,28,38,53
55,0,33,54,23
56,40,1,17,40
57,35,3,38,21
58,37,56,30,7
59,27,4,12,6
60,0,45,58,16
61,40,47,36,41
62,48,50,44,44
63,46,47,19,34
64,53,50,36,28
65,2,26,40,16
66,38,37,7,51
67,51,31,25,7
68,57,10,11,33
69,44,3,19,46
70,45,24,50,37
71,43,41,31,30
72,54,14,12,46
73,36,21,28,19
74,48,11,43,36
75,39,7,32,46
76,15,50,14,32
77,25,49,7,3
78,1,57,9,45
79,45,0,38,47
80,5,55,6,15
81,7,49,52,32
82,0,37,47,6
83,2,24,21,50
84,7,5,40,18
