2
Grid:
70,70
.@..@@..@@.@..@.@....@................@........@...@.@.....@....@.....
@..@...@....@.........@.......@.......@..........@...@@.@.....@.......
.........@...@....@...@....@@...@...................@................@
...................@@.....@............@....@.......@.................
.......@...........@.........@............................@..@..@....@
.................@.@...........@..@.@.......@@....@@..........@@..@@@.
@....@@..@....@.....@................@.........@..@.....@@......@@.@@@
.....@.......@....@...@...........@..@........@@........@.....@@..@...
....@.......@...............@.........................@...@..@...@....
..................@........@....@@...@............@@.................@
.@.......@..@@........@....@...@....@...@@@@..........@.....@...@.....
.............@............@....@@........................@@@...@......
.@@....@@.......@..@.....@...........@........@..@..........@........@
@@........@....................@...@...@.@........@@..............@...
.@.@.............@...@.@........@.......@.@...@..@@.@..@..............
....@...@.@..........@......@.............@.@..@.......@...@@....@....
@...@@..@.@..@@............@......@.@.@.....@.@....@..@@.@......@@...@
.............@.........@...........@.@...........@...@......@.......@.
...@........@@.............@.@..........@.............@@@.............
@.......................@..@...@.......@@...@.....@....@..............
@...........@......@@.@@.........@.......@..@..@........@.....@.......
........@.....@........@.....@.@................@.....................
..............@@........@..@........@....@...@.@.....@@@..@...........
@.@......@..@..@......@...@...@.....@.......@...................@....@
...........@..@@..@@@.........@..@@@.....@.....@.....@................
.....@..............@.....@.@.@.............@....@@....@.@.@@...@@....
@...@.................@.@........@.....@...@.......@........@........@
...............@.@.....@..................@...........................
@..@.........@...@..............@@...@..@...................@......@..
............@...........@..@@...@.@..@...........@.@....@..........@@.
.@.......@@...@............@.......................@@.........@....@..
...@...@......@@.........@@.@.....@...............@......@@@@@.@......
........@....@.........@@.@.@..@..@..........@.@....@.@...@...........
......@.......@....................@..@.@...@@.@..@.@.@...............
...@...........................@.....@.@....@..@.....@.@.......@......
....@.....@........@...............@..............................@.@.
.........@@@...@............@.........................@..@@....@......
.....@@@.....@..............................@....@....@@..............
....@@.@...................@...........@..@..@.............@...@....@.
.....@........@.......@.....................@...............@.......@.
@......@.....@.......................@@@......@..@..@@.....@..@......@
....@@.@........@...@............@......@@................@........@..
...@..........@..@....................................@@@......@......
........@@@@....@@.............@.....@@............@.@..@...@..@...@..
.@..@...@........@..@...@.....@....@...............@...............@..
............@...............................@..@.@..@....@............
.......@......@...................@.@.....................@...........
.@.@........@.....@...@..........@.....@.@...........@@..........@...@
....@.............@............@@.@.......@.........@..@.@.@....@.....
..........@........@.@......@@..@..@..@@.................@.....@...@..
..@@.........@.......@..@@.@..@.@.....@.@........@@...............@...
@.@.....@..................@.@.......@@.....@@....@.....@.............
..@@@@@.....@.........@.@@....@......@.@.....@@.........@..........@..
.@....@.@...........@@.........@..............@@...@@...@..@........@@
.......@@..........@......@..@..@..@......@..@........................
..........@.........@.....@.@.@...@....@.@......@@.......@........@...
@...@.......................@...@.......@.......@.................@...
...@.............@....@.................................@@...@....@@@@
@..@@....@..................@..@...@......................@......@....
...@................................@.......@......@.@.@.@....@@...@..
.....@..@@@......@...........@@............@..........@....@........@.
...@.@....@....@.@@@.@.................@..@@........@..............@..
........@....@...........@.....@@............@........@.@..........@..
.....................@.@.......@...............@.@@..@............@.@.
...@@@.......@..@..@....................@.......@@......@.............
.......@.@.....@.....@....@..........@................@@...@........@.
............@.........@.....@@@..@..@..........@...........@..........
.........................@....@........@.....@.....@....@..@@...@@....
...........@..................@@..@..................@....@..@....@...
.................@@............@..@.......@.@...............@.@.@..@..
Agents:
80
0,10,46,11,7
1,31,8,23,50
2,29,64,65,46
3,24,17,55,59
4,11,20,62,38
5,17,52,66,42
6,5,59,51,23
7,49,25,1,51
8,62,47,62,16
9,24,68,22,39
10,60,66,64,33
11,0,39,5,27
12,24,2,31,0
13,55,64,46,47
14,11,65,52,27
15,26,58,9,64
16,67,15,67,53
17,3,1,68,20
18,53,53,52,18
19,9,30,27,26
20,10,44,58,38
21,3,62,67,33
22,48,12,43,40
23,4,32,16,42
24,9,39,21,64
25,55,33,21,13
26,30,12,23,40
27,56,25,30,21
28,29,62,2,61
29,53,26,37,63
30,8,30,55,11
31,6,16,17,32
32,64,29,69,30
33,54,59,14,68
34,41,8,20,46
35,38,64,2,66
36,58,16,34,60
37,62,7,6,29
38,60,12,47,64
39,68,23,62,22
40,54,41,3,62
41,10,63,23,11
42,28,55,67,20
43,29,47,60,35
44,41,61,38,29
45,69,52,27,11
46,21,50,42,7
47,37,57,37,1
48,68,19,0,23
49,27,14,4,16
50,45,31,30,33
51,67,46,50,41
52,64,35,63,65
53,24,39,48,68
54,33,21,32,10
55,2,41,26,28
56,45,34,12,48
57,6,1,35,55
58,0,69,48,1
59,9,55,61,8
60,42,7,67,29
61,48,5,3,57
62,9,40,55,22
63,54,53,13,46
64,47,23,43,20
65,44,33,6,1
66,68,62,44,31
67,14,20,0,29
68,4,2,18,44
69,51,66,44,40
70,19,28,69,43
71,54,36,60,15
72,24,16,9,9
73,37,9,37,37
74,63,16,8,0
75,61,27,40,18
76,57,44,62,49
77,8,21,12,66
78,59,42,27,20
79,3,8,19,12
