2
Grid:
20,20
..................@.
.@...@..............
@..@..@....@........
....................
.@..@...............
..........@.........
........@...@.@.....
.......@.....@......
...............@....
.@.....@.@...@..@...
...........@........
..@.@...@....@......
.......@.@..........
.............@..@...
..@.....@...........
................@...
........@......@....
.....@.@............
......@...........@.
..........@.........
Agents:
30
0,19,7,19,9
1,10,0,16,6
2,18,11,9,18
3,17,1,19,7
4,14,18,13,0
5,5,0,17,14
6,9,14,7,9
7,10,13,18,16
8,19,19,4,11
9,18,13,14,1
10,5,7,18,2
11,3,5,17,12
12,11,18,6,7
13,15,0,11,14
14,9,17,19,1
15,10,8,10,10
16,17,6,0,9
17,0,16,13,11
18,6,16,10,4
19,1,8,1,3
20,7,0,17,19
21,14,10,12,11
22,7,12,1,11
23,6,18,0,1
24,3,12,3,2
25,7,16,11,7
26,15,5,13,3
27,17,3,12,4
28,5,12,18,9
29,2,5,15,18
