2
Grid:
60,60
@....@.@..@.@.@@..@@@@@...@.................@..@......@...@@
...@.......................................@..@..@..........
............@...@@.....@...@.@....@@.@.@...............@@.@@
.@..@.....@............@.....@.......@@.....@.@.@.@..@..@@@@
@.......@@@..@...@...........@@@.@@...@......@@.@@...@@@@..@
..@.@...@@........@..@@@@....@...@......@.......@....@.@...@
.....@.....@..........@@........@........@@......@.@.@@.....
...............@@....@....@@@.....@@@..@.@......@......@.@..
....@......@..@.........@..........@.@......@@..@.@...@....@
.@...@..@...@@@@@.@......@.....@..............@.....@.@.....
......@..@..@....@....@.......@.@@...@.@..@.@...@@.@@.....@.
.@...@..@....@...@...@.@.....@@....@....@...@.@.............
...@...............@@.@@.@......@.......@.........@@.@@@@..@
.@..@..@.@........@.....@.@.....@.@..@...@.@.......@@....@.@
@..@......@@@....@..@..@..........@@@@........@.@.@@@..@....
@@..@.@..@.....@..@.@@..@......@.@@.....@....@...@.@...@...@
......@@..@...@.....@..@@@.@@......@.....@...@@.......@@.@..
.....@....@...@@..@.@.@.@.@@.@......@@@............@@.@.@@.@
...@....@....@....@.@..@.@.....@.....@.@@@@..@@..@@.....@..@
@@...@.@@.@......@..@....@.@.............@@....@..@..@.@...@
........@...@..@@...@........@...@..................@.......
...................@..@@@.....@@.@..@...@.@..........@@@....
@......@@@..@..@..................@....@@@.@.........@...@@.
..@.@...@.......@@..@..@.......@..@...@....@@..@....@..@...@
@.......@....@......@.......@............@.........@@@@..@..
@......@...@.....@............@@@.@..@...@......@........@@@
.....@......@....@.......@@....@@...@.@...@.@@..@.@@@..@....
.@..............@..@....@..@.@@.@.........@.......@@..@@..@.
....@.@.@@....@....@.@.@@......@@@..@@@.@.....@....@..@@.@..
.......@.@.........@@.........@.......@.......@.@.@.@....@@@
@@@@.@.....@....@..@...@@...@@@......@..@......@@.......@@..
..@@.....@@....@@.....@.@.@..@@@.@@.@...@..@.@@..@.@.@....@.
.....@.@....@.@..@.....@@..@....@....@........@..@....@@..@.
..@..@..@..@.@.@@...@.@..@..........@.@......@...@.....@@...
@...@.@.@@....@....@.....@...@.......@..........@..........@
@....@@..........@......@.@.@............@...@.@.......@.@@.
...@@@.@@..@....@.............@...@@@..@..@........@......@@
@@.@.@.........@............@..@@..@................@.@..@..
.....@.......@...@...@...........@......@@...@.@@@@..@...@..
.......@@@@...@@..@....@@....@@.............@.......@@......
.........@@@.......@.@@@@@.....@............@.....@....@@...
@..@@..@...@@.........@.@...@@@...@.@@.@.....@...@........@.
..........@@@..@...@...@...@...........@..@.....@.@......@..
@.........@.....@.........@....@...@......@@.@...@@...@...@.
....@@@@..@...@.....@........@..@......@............@.......
.............@........@....@....@@......@..@..@......@@...@@
...@....@.....@......@@......@.@@.......@....@........@.@..@
@....@......@.@@..@.....@@.@......@..@..@....@@....@........
.@......@@..@@..........@....@@@.@.@..@...@.@.@...@...@..@..
@.........@.........@.@......@@@@...@@........@....@....@..@
....@@@....@...@.@..@....@..@....@........@...@.@.@..@.@@...
..@@...........@@.@@.........@....@@..@.@......@......@.@...
...@.@......@....@..@@@.@....@.@@...@..@......@..@...@...@@.
.....@@@.@...@@@..@...@......@.......@.........@..........@.
@.@........@.@.@.@@.@..@..@......@@......@..@...@@.....@....
....@......@@@.@.....@.@....@......@......@...@......@......
.......@@@.@..@...@...@.....@....@@.@.........@......@@..@..
.....@..@....@.@.@..@....@..@@@....@@@@.@.@@...@.......@.@.@
@....@..@......@@.@.........@.......@.........@@...@@.@@....
.......@..........@.@.....@......@..@@..@..@.....@@@.......@
Agents:
60
0,55,41,0,28
1,29,13,11,26
2,22,4,26,19
3,1,16,36,6
4,37,58,21,37
5,56,25,32,44
6,45,56,3,5
7,3,49,35,46
8,24,56,13,56
9,39,39,1,35
10,10,36,43,48
11,4,36,27,57
12,9,56,35,22
13,48,17,18,4
14,56,15,11,25
15,36,56,47,20
16,48,20,34,53
17,4,41,14,30
18,16,59,49,55
19,31,20,11,27
20,35,59,35,59
21,49,26,12,8
22,25,21,4,36
23,5,1,25,21
24,53,19,15,48
25,16,29,57,32
26,53,1,49,1
27,53,23,12,0
28,21,49,35,9
29,7,43,5,52
30,51,37,53,12
31,44,42,10,11
32,55,26,43,59
33,23,11,24,21
34,4,44,41,17
35,0,9,6,8
36,19,32,1,39
37,32,15,32,16
38,25,9,1,25
39,30,26,0,36
40,15,57,11,36
41,6,44,55,55
42,19,15,50,22
43,59,46,17,16
44,24,7,26,27
45,56,6,20,13
46,30,58,46,9
47,58,53,30,55
48,18,6,51,31
49,10,20,20,7
50,57,11,20,25
51,27,53,46,38
52,31,59,29,25
53,7,7,46,13
54,45,14,54,27
55,19,19,9,34
56,39,32,53,25
57,0,56,6,29
58,25,19,11,10
59,21,58,48,41
