0
Grid:
70,70
..@@......@.........@.....@.........@@..@@.@.@....@....@..........@...
.....@..@.......@.@.........@........@.@..@......@.....@.......@@.....
.@..@...@@......@@.....@..@......@....@............@..@...@...@.@...@.
.............@@.............@...........@...@.......@..@....@.........
.@....@..@...@.......@@................@.....@......@...@.....@......@
.@..........@....@........@..@....@@..@.....@.....@....@............@.
.......@.@@.@@.....@......@@...@@.......@......@.............@...@...@
....@..@...@..@@@..@..@...........@........@....@....@.@...@...@@.....
@.....@....@.......@.......@............@....@..@.......@....@....@.@.
.@.....@..........@...........@.....@.@..@....@.......@.@@....@.@..@..
...@.......@@..................@.@.....@.............@.@@...@.........
@...........@.....@....@...@..@.......@.@.@@....@...@....@.@@...@..@@.
@....@@......@...............@............@.@..........@.@............
.@@..........................@@.............@....@....@@@@@....@@.@..@
.............@..@...@...@...@@...........@..........@.@....@.@........
.......@.......@@.......@@@.@.......@.@................@..............
....@.......@.....@.........@......@..@.@...@.....@@...@@..........@..
@..................@....@..@..@@......@@.......@.......@....@@.......@
............@.....@@....@..@...@@...@..@.......@.@.@.............@....
..@...@...............@.......@.........................@@@.......@...
....@...@...@....@.........@.......@@@....@...@.@.@@.@....@.@.@.......
.....@@.......@@.@.......@...@........@........@..........@.@.....@@..
.......@@.....@.....@@...@..@..@...........@....@...@.....@.....@....@
.........@..@@@@@@....@..........@@.......@..@...@..@.@@.@.........@.@
...........@.@....@...@@.@@....@.@@.........@...@@.....@.@.........@@.
@......@..............@.................@.....@........@..........@@.@
.....@@@....@..@@..@......@..@.@@..@@@@........@..............@......@
@......@..@......@.@.@...@....@@@.@.....................@.@..........@
@......@..@............@......@@..........@...@.......@...@..........@
.............@.@......@.@@.@...@@@..........................@.@.......
@...................@..@.........@.........@.....@.@.........@.@@...@@
@.....@@@....@@.@.@................@@......@@.....@.@.....@.@@..@..@@.
.........@@...@@...@....@....@........@...@.....@@@.@.@@@.......@.....
....@@@..@..........@@@...@...@.......@@.....@...............@.@@@....
............@@...@.@.......@...................@.....@.@............@.
....@...@.......@.@...............@...@.@...@..@@..@....@........@....
......@@..@.....@.@.......@@@....@.............@....................@.
.....@@..........@@@....@....@.@....@..@.@.@.@.@@.....@@....@@.@@....@
....@.@@@......@..@...@@...@..@.............@@...@.....@@.....@@@.@@..
..@......@.@.....@@..@..........@.@....@.@..@.......@..@..............
@..@......@......@@.@.......@........................@..............@@
..@@.....@....@@............@..@..@..@@@.....@@....@...@@.....@......@
..@@..@.@@..@@.............@.....@@....@........@........@..@@.....@.@
.......@@.@@.....@......@..@...................@.......@..............
.@..@....@.@....@...@..@.@....@..@.@.....@.........@@@@....@.@..@@....
.....@.......@........@.....@@..@.......@...........@......@..@.......
...@..@...........@@.............@....@....@...@@@...@...@@@@......@@.
..........@.@.@.....@.@...@@..@...@...@.@@.....@.....@@....@..@.@@@...
...@.@@.....@...........@..@@@...@.....@@.........@...........@.......
@@@.....@..@...@..@.....@@..........@..@..@..@.....@..........@.......
........@........@@...........................@..@@......@........@...
....@...........@........@.@.@.....@.............@...@..........@..@..
...@...@...@.@..@@..@........@...@.......@@..@..@........@.@.....@..@.
@.@..@@..@@@..........@.@.@.............@.@.......@.....@........@....
@...@..@@@......@..................@...@@...................@....@.@..
.@......@@......@....@@..........@@........@.........@................
...@.@@..........@.....@..@....@.@...@.........@..@........@.....@....
@......@.@.......@@.....@..@.@..@.@.........@.......@.@...@.@.@..@...@
@...@....@........@@....@.......@.@.............@@..............@..@.@
..@.@..@..........@@...@.@....@@@..@....@......................@..@...
........@.@....@.........@........@......@.........@.@............@...
.@.@@@@.@..@.@.....@@......@....@.................@.......@..@........
.....@..@............@@.@.....@......@@..................@..@....@@...
..@.........@..@...@@.............@.....@...@...@...@..@....@...@.....
...@...@.................@....@................@.@.......@..@....@....
.@@@@.@.....@.@....@.@......@..@...@.@..@.......@...@.....@.....@@@...
...@.....@.@.@@....@..@....@.@.@..@....@..@...@........@.@........@.@@
..@....@@..@@.@.@...@..@......@@.........@@..@@..........@@@@.......@.
..........@.@@@......@...@.@@@@...@...@@.@..@.@@.@..@..@@...@.@.......
....@..@.@.@......@...@........................@..@.....@.@.@@..@.@...
Agents:
75
0,15,21,39,14
1,30,52,67,49
2,63,45,29,68
3,19,42,4,51
4,58,31,3,11
5,41,17,24,1
6,56,21,51,11
7,64,28,41,13
8,53,20,55,45
9,4,32,42,25
10,51,51,56,57
11,61,63,26,11
12,44,36,16,46
13,40,59,45,15
14,11,22,53,63
15,56,32,66,47
16,20,52,69,0
17,12,22,61,26
18,23,48,35,24
19,13,31,63,67
20,69,30,31,21
21,42,35,14,64
22,64,13,59,37
23,53,27,14,47
24,45,64,45,65
25,17,67,25,3
26,0,11,63,22
27,53,25,50,28
28,7,62,66,38
29,47,29,42,16
30,34,32,23,58
31,8,67,26,9
32,34,31,16,29
33,67,25,39,20
34,19,20,29,61
35,52,30,15,46
36,21,8,27,41
37,41,10,24,21
38,14,17,40,36
39,4,58,22,36
40,23,1,5,24
41,41,21,34,44
42,61,7,31,5
43,0,32,63,36
44,5,56,4,37
45,62,13,47,39
46,67,61,2,50
47,48,49,31,41
48,29,23,29,23
49,4,59,25,32
50,67,33,53,23
51,14,22,3,46
52,29,45,63,7
53,0,0,28,67
54,68,48,63,29
55,7,65,35,31
56,54,68,44,42
57,36,12,14,6
58,39,13,23,37
59,7,8,35,29
60,5,8,49,17
61,20,0,13,33
62,19,13,21,19
63,10,51,30,35
64,48,45,10,14
65,51,34,57,68
66,21,44,60,27
67,23,20,39,61
68,25,38,52,61
69,47,25,20,40
70,32,4,19,29
71,57,14,48,19
72,5,2,33,50
73,6,49,62,43
74,13,17,4,29
