2
Grid:
60,60
........@..@..@............@.........@.@....@@......@.......
......................................@.................@...
.@@...........@................@............................
@.@.........................@............@...........@....@.
..................................@...@@....@.........@.....
...@.......@..........@.......@...............@....@........
.......................@@.........@..@............@.........
.@@..@.......@...........@...........@....@@................
....@.....@@.@.....................@@......@................
.@.@..@..@.........@.........@.........@...@.@..............
..@.@@.@..................@...........................@.@...
......@....@.@....@........@.............@.@........@...@...
.@..@............@..@.........................@.............
@......................@..........@..@..@.......@...........
............................@..........@....................
..@..@....@@....@.............@.................@......@....
@..@..........@............................@...@.@@.........
..@..............@.@...........@...@.....@..................
......@..........@..............@..@@....@.....@..@@........
............@.........@.......@.......@....@....@@....@....@
.....@...@..@..........@.....@......@........@..............
...........................@.@......@.............@....@.@..
................@.@@....@..........@.....@..........@...@...
..............@@.@....@........................@....@......@
..@.........@@@@......@.....@...............................
@@..........................................................
.................@.@...@...............................@....
...@......................@...@@............@.@.@..........@
..@....................................................@....
.....@....................................@.................
.@.................@....@...........@.......................
@@...@..@..................@@.............................@.
...@............................@....@@........@............
.................@...........@........................@..@..
..........@..........@..............@........@..............
......................@..@..........@@@..@...........@.@....
....@.................@........................@......@.....
....@....@..@...@.@.......@.............@.@...@.............
..................@............@......@.....................
@........@........@.........................@.@...@.....@.@.
.....@..@.....@.....@.......@...............@...............
..@...............@......................@....@...........@.
.....@........@@............@...@..@@@.@@...@.......@.......
..@....@@.......@@.........@...@.......@.@......@.@......@..
@.....@..............@.@....................................
.....@.......@......@.................@@....................
...............@...@.....@..........@...........@..@.@...@..
....@............@..@.................@......@..........@...
........@..........@..@..................@.@...............@
...................@..@...............@.....................
...............@......................@.@.....@...@........@
.............@.....@...@...........@........@...@....@......
.@..................@......@....@..................@........
....@....@............@........@.@.@........................
.......@....................@..................@..@.......@.
..........@...@...@.....@.............................@.....
.....................................@.......@...@@...@.....
@..............................@.............@..@@..........
......@..................@...................@.....@.......@
...@..@............@........................@.....@.....@...
Agents:
30
0,3,18,36,15
1,11,46,41,31
2,12,48,24,21
3,26,43,18,10
4,51,39,7,4
5,4,14,52,3
6,23,27,59,16
7,32,57,58,30
8,2,25,35,48
9,58,20,15,17
10,42,55,8,34
11,8,34,13,19
12,44,41,34,31
13,52,41,47,12
14,2,5,14,8
15,58,3,49,16
16,22,45,17,4
17,11,24,53,40
18,24,48,11,10
19,25,54,30,26
20,36,59,13,15
21,48,33,10,31
22,19,46,25,59
23,14,35,48,50
24,58,21,48,23
25,39,1,52,5
26,57,7,49,14
27,10,37,32,18
28,55,45,1,45
29,40,46,9,47
