0
Grid:
70,70
..............@..............@......@.........@.@...@@............@...
...........................@...............@...............@...@@.....
...@.............@.@.........@@.....@......@.@..@.................@...
...............@............@....@@...............................@..@
...........................@..@@.................@..@........@@.....@.
.....@........@...@@..................@@..@...........................
......@...........@.................................@.......@......@..
..........@...........@.........@@..............@.....@..........@....
...@.....@........@......@...........@@....@......@..............@.@..
.....@......................@.....................@....@@......@@.....
.@.@...@...@..........@....@.............@........@..............@...@
...............................@...................@..................
...........@........................@.................@@..@....@@..@..
..........@....@..@..@..@...@......@.............@.......@............
...........................@........................@..@...@....@.....
......@...@@..@..@......@.@............@................@.............
............@...@..@.................@....@.............@..........@..
........................@...............@........@...@.........@......
...@.....................@...................@....@@..................
...................................@........@.......@.....@......@....
....@.....@@@@....................@...@......@.@....................@.
.....@@........................@....@...............@...@.......@.....
..........................................................@....@......
@............@.......@......@.@.....@.......@@........................
...@...@..@.....................@........@.............@..............
.......@....@.......@@...........@..............@.....................
@..@..........@...........@..........@.@...........@..................
...........................@.....@....@....@.........@.....@.......@.@
.....@........@...@.........@@....@...@.....@...@......@@@..........@@
..................@....@..............@..........................@....
..............@..................@.@@..........................@.@....
........................@.........@........@...@...@........@.........
.@........@..@.......@.@@....@.............@..@.....@...@........@.@.@
........@.............@...................@....................@......
.........@@.@.................@...............@.......................
......@.................@..@..........@...............@...............
.......................................................@.............@
........................@..........@...........................@..@...
.@..................@...@.......@......@...@..@............@..@...@...
@.............................@......@.@......@.........@..........@..
....@......@..............@.....@...................................@@
....................@.....@@.............................@............
.........@@....@...@..........@.......@.@....@................@@......
@...................@.......................@@.....................@..
...........................@.@..........@.....@.........@..@........@.
.....@................@...................@.@.@........@....@.........
...................@....@..@............@.....@........@.........@....
....@.......@............@....@.@.........@@.@.@....@.@...............
......@..@.......@........@..............@...@..@.@..@.........@@..@..
.........@.....@.....@..............@..@.....@...@..@@...@............
...........@.@@..@....@...@.....................@@....................
..............@..........@.@............@.................@...........
.........@.......................@@......@........................@...
..@..............@.......@..................@@@..................@....
.@.@..........@..@...........@................@@......................
..@............@.........@..........@..........@.....@..............@.
......@.@...@.........................@......@@@..........@...@...@...
.........@....................@@..........@@.....@...........@....@..@
..@....@...@..@.......@....@..................@..@....@.......@......@
..................@....@..@.........................@..@..............
............@...@...........................................@..@......
.@..@.......................@.........................@............@..
.......@.@..............@....@..@................@.@......@..@........
.@.....@............@..........................@.@.....@.............@
............@.@.............@........@...............@..............@.
........@.........@......@.......@.@.@............@..@................
.....@..@................@.......@....@.....@...@........@.........@..
..@............@.@...................................@.......@........
.........@...............@..................@..........@...@.@........
......@.......@....@.........................@...........@............
Agents:
75
0,48,30,51,46
1,58,26,20,16
2,29,46,57,65
3,69,1,46,52
4,29,16,65,46
5,45,6,29,36
6,69,51,48,11
7,17,46,41,54
8,5,28,11,12
9,29,8,42,23
10,51,30,26,28
11,19,30,3,25
12,46,0,27,12
13,45,53,21,3
14,12,61,15,60
15,24,26,56,34
16,5,32,46,38
17,43,12,38,54
18,3,56,19,51
19,56,33,68,62
20,8,29,57,28
21,15,19,58,51
22,40,24,29,14
23,26,46,29,15
24,66,2,65,51
25,7,40,53,57
26,48,28,7,51
27,7,68,3,29
28,69,68,11,23
29,26,45,13,60
30,3,54,30,61
31,51,42,17,0
32,46,28,9,60
33,30,5,64,64
34,43,19,18,20
35,41,66,69,36
36,69,22,16,63
37,15,69,44,42
38,60,22,31,29
39,43,69,22,61
40,57,10,59,9
41,48,13,52,29
42,54,15,15,47
43,4,4,44,57
44,56,57,0,15
45,6,32,1,40
46,25,31,58,8
47,37,68,69,15
48,48,68,49,62
49,16,61,28,26
50,29,63,44,7
51,13,7,21,61
52,8,47,51,18
53,25,27,36,3
54,23,10,50,58
55,44,14,40,29
56,0,38,30,48
57,32,53,40,46
58,59,36,54,56
59,66,54,55,39
60,32,62,18,39
61,51,54,24,47
62,43,7,6,9
63,2,67,41,25
64,66,9,41,61
65,32,49,23,5
66,44,33,69,35
67,25,69,3,64
68,44,38,46,21
69,24,1,8,46
70,61,60,43,2
71,31,56,61,53
72,21,4,15,69
73,29,28,35,8
74,44,16,56,22
