2
Grid:
60,60
.............@................@...@.......@.................
..........@.......@..................@......................
...@.@...@......@......@...........@.............@..........
........@...............................@...................
.........@...................@...@..@.......................
...@.....@................................@.................
...........@.......................@.................@......
.....@..................................@......@............
.@....................@..................@..................
..............@.........................@@..................
...................@.........@.....@..........@............@
.............................@............................@.
@...................@..@..........@..................@......
............................................................
.................................................@..........
@........@....@..@......@...................................
.............@..@........................@..................
....@...........................@...........................
.........................@..................@...........@...
.............................................@..............
.@.............@.....@.........................@............
......@...........@..@.@...............................@....
........@...................................................
............................................................
..@...@.....................................................
@........@.....................@............................
..................@........@................................
..............................................@.............
.....@....@............................................@....
........@....................@@@......................@...@.
...............@....................................@....@..
............................................@...............
....@...............@.@@.........@..........................
......................@...........@..................@......
....@@......................................................
.......@....................................................
.@............................................@.............
.........@.............@....@@.....................@..@.....
...........................@...................@............
........@.....@...........@..@@.............................
....................@.......................................
@..............@...........@@......@....@@..................
......@...........................................@.........
............................................................
............................@...............................
...........@................................................
.@............@..............@..............................
..............@..............@........@........@............
..@.........................................................
..............@..@..........................................
...@.....................@.....................@............
....................................................@.....@.
.......@.@............................@............@........
..@.............@........................@............@.....
@...............................................@..........@
.......@......@.........@.........@......@............@....@
.............@@..@......................@.............@.....
...................@.........@.......@.....@................
...................@.@.................@.....@............@.
..........@..................@..............................
Agents:
50
0,26,15,13,44
1,54,58,53,52
2,3,20,3,47
3,20,46,50,26
4,48,22,46,13
5,56,27,30,44
6,8,28,49,25
7,51,47,39,11
8,19,32,18,7
9,27,36,27,21
10,51,25,15,51
11,48,53,38,37
12,29,11,42,11
13,54,20,8,46
14,13,1,50,13
15,39,9,19,38
16,42,37,24,42
17,44,58,45,14
18,5,15,44,3
19,29,34,27,24
20,17,10,59,11
21,43,43,42,4
22,50,6,43,15
23,16,45,31,33
24,45,57,51,31
25,24,50,32,43
26,23,28,26,29
27,9,10,5,2
28,50,8,0,21
29,51,28,54,52
30,8,54,34,9
31,47,16,44,13
32,45,31,19,18
33,44,52,6,22
34,35,20,0,47
35,26,12,37,8
36,6,16,45,17
37,8,38,43,18
38,9,45,14,40
39,21,48,31,53
40,4,27,50,33
41,45,52,23,49
42,13,15,4,1
43,48,1,8,7
44,7,56,48,46
45,23,1,23,56
46,25,22,16,19
47,22,27,3,55
48,58,18,51,5
49,22,23,57,49
