2
Grid:
60,60
.....@@....@...@.......@@.@..@..@@@.@.....@.@@...@@.@@.....@
..@@@.....@..@..@...@@.........@.@....@.@..@....@...@.......
@...@@..@..............@..@..@@..........@@..@.....@.@.@....
@.@.@.@...@.@@...@@.@.@.....@@........@........@.@...@..@@@.
@..@.@@...@.....@....@.@....@..@@....@..@.@@..@...@..@@@@.@.
....@@@....@..@...@...@.@@.@.@@.@@....@@.....@..@.@.@@@....@
..@....@....@....@..@@@...@....@@@...@...@...@@@@@...@...@..
@..@.@.....@@@....@@....@.@..@.............@@.........@@...@
@@......@....@@@...@..@........@@......@.@@....@@@.@@....@..
..@..@@..@.@@.....@@@....@.@......@...@@.@.@.....@...@...@..
..@@...@......@.@........@.....@..@......@....@.@.....@.....
....@@.@@...@........@@.@..@@@..@........@@...@....@..@...@@
..@@.@@@.@..@.............@..@......@...@.....@.@@..@.@..@@.
.@.@...@@@.@.@@.@@@.....@@@@@.@.@@....@@..@..@@.@..@..@@.@@.
...@.@.....@...@.@@@@...@@..@..@......@.........@@...@..@@@@
...@.@.@..@.@.....@....@@..@....@@..@@@@.@..@.@..........@@.
@@.@.@@..@..@@...@...@.@.@...@.......@@.....@..@..@..@@..@@@
@.@.......@.@@.......@@@.@......@.@..@@.....@...@.....@.@@.@
....@...........@@.@@@.@@....@.....@......@.@..@@.@.@..@.@..
@.....@@.@..@..@.@..................@@..@..@.@@.@...........
.@....@.@...@.@....@@@.@......@..@.........@.......@.@@@.@..
@@........@.@@...@..........@...@......@@.@@.....@.@...@....
.@.@@...@....@@@...@@@@@...@@.....@...@.@.@..@...@..@.@.@..@
@...@@......................@@.@@.@@...@.@.@@.@@@.....@@....
...@@...@..@.@......@@@.@....@.....@.......@................
@..@....@...@..@@........@.@..@....@.....@.@...............@
@....@......@......@.@.@@.........@...............@.........
.....@.@@.@..@.......@@@@............@@.....@@.........@..@.
...@...@......@...@...@..@.....@.....@@.@.....@@@..@....@...
...@..@....@...@@...@@....@@...@@@@@.@.@......@.....@.@@...@
@....@...........@....@..@..@@@........@....@@@@@.......@...
...@........@.....@@@@...@..@...@...@@....@.....@....@......
......@.@@@....@........@....@.@..@.@@@@@.............@@.@@.
@@..@.@......@@.@@.@@.....@.@......@.@@..@.@.......@@..@..@@
.@@...@.@.@..@..@.....@@@......@.@.@.@........@....@.@...@..
..@..@@..@@@......@...@.@...@..@.@....@..@@.@..@....@.....@@
.@.@....@...@..@...@..@@...@.@........@@@.....@........@.@..
..@.@.....@.@..@...@@..@@...........@@..@...@@@@..@@@...@...
@@.@@.........@@.@@...@..@.......@..........@@..@....@...@@.
@..@.......@..@@....@.......@@@.................@.@.@...@@..
....@.@.@.@@...@.......@.@@@.....@@@@@.....@@..@......@@@@..
......@.......@...@.....@@@.@......@@.@.@@@@@@..@.@.@...@@@.
.@@@@@...@.@....@......@.@...@@@..@..@...@...@............@.
@..@.@...@......@....@.@.@....@..@....@....@.@............@@
....@..@.@@@..@@@..@..@@.....@.@@.@.@@....@......@..........
..@.@......@....@.....@.....@....@@@@@..@.@..@......@..@.@@.
...@@..@@.@..........@......@@......@....@...@...@@@@..@..@@
..@..@.....@..@.............@..@.@..@.@@.....@@...@@.......@
...@..@.........@.......@..@@..........@.@.......@...@@.....
....@...@..@@.......@.......@.@@@.@@..@@@@..@.@.@@@...@...@.
.@.......@.....@@.....@.@..@.@.@.......@@.@@..@..@@.@...@..@
....@..@....@@..@@.@.@...@@..@@@.@@..@..@.@.....@...........
.@.@@@........@..@......@....@@....@..@@.....@.@....@..@....
.@.......@@......@.@.@..@.......@@.@....@................@@.
@....@@@@....@.....@......@@@.....@.@.@....@......@@...@@...
...@@...@.@..@@.@..@@.@.....@...@@...@@...@...@.@.......@...
...@.@@@..@.@@@......@.@@@....@@@...@..@.@...@@@...@.@..@..@
..@.......@...@.@...@......@..@.@.@..@.....@@@........@.....
@@@@....@@.@@@....@..@@@..@......@.@...@@@....@.........@...
....@.@@..@.@......@@.@......@@@@..@.@@@@.@@.....@.@.......@
Agents:
65
0,1,44,2,10
1,35,46,58,7
2,39,19,36,6
3,20,28,32,1
4,16,8,56,35
5,31,5,37,27
6,20,42,43,56
7,24,57,28,1
8,10,1,10,0
9,18,13,7,47
10,17,8,3,8
11,36,44,0,13
12,55,11,16,20
13,24,0,50,55
14,3,23,53,11
15,46,39,44,21
16,15,8,36,30
17,19,4,40,18
18,33,57,52,57
19,47,22,36,14
20,29,43,25,51
21,2,16,39,54
22,43,28,50,3
23,52,31,48,15
24,13,20,1,45
25,41,20,52,43
26,14,54,25,23
27,42,35,43,35
28,33,32,25,33
29,23,1,7,7
30,37,14,28,6
31,4,30,50,35
32,31,45,5,36
33,54,54,32,49
34,29,18,46,13
35,26,17,52,53
36,8,34,52,37
37,52,19,50,53
38,55,26,53,38
39,8,16,9,45
40,57,40,24,31
41,49,19,46,48
42,29,2,41,5
43,53,16,1,8
44,36,47,12,33
45,57,15,49,29
46,38,9,27,42
47,52,56,32,45
48,27,12,40,12
49,12,10,34,50
50,5,47,45,26
51,26,39,19,28
52,57,5,6,39
53,6,10,29,18
54,48,51,53,59
55,7,9,53,5
56,51,24,20,42
57,43,8,8,3
58,19,39,24,58
59,41,9,39,46
60,43,51,58,16
61,47,52,9,29
62,49,43,17,29
63,11,38,54,12
64,8,12,7,51
