1
Grid:
60,60
.....@..@.........@@.....@..@.....@.............@@.....@..@@
..@....................@.@.@...@.....@.....@..@...@.........
..........@@....@......@.@.@.@...@@...@@..........@..@.@.@..
.....@.............@....@..@..@..........@@.....@....@......
.......@..@.......@..@.@@..@@@.........@..@.@.....@..@......
..@@..........@...@..........@....@.@.......................
.@@@..@@..@...@..@...@....@.@....@..@........@.....@@.....@.
.......@.@.............@......@@...@......@..@..@.....@@....
@.@@..@...@@@.........@..@.........@.@..@...@.@......@....@.
@...........@....@@.......@@.@.@.............@......@.@...@.
...@@.....@........@....@@....@.@...@.@...@.@...@...@......@
...@..@@.@...@...............@..@...........@.@.............
....@..@....@.....@......@............@@.@.....@...........@
..........@......@.........@@...@.@....@.@@..............@@.
.....@......@....@..@@........@......................@......
......@....@..@....@.@..................@....@.@@@..@.......
.@...@.@.......@..@..................@...@..............@.@.
@@..........@.@.......@...@@.............@....@......@......
....@....@@@.........@.........@.......@..@@..@@..........@.
..@.........@.........@@...@.....@...............@..@@....@.
@.....@......@.......@..@@...@....@.@.....@....@............
@..@..@....@@@..@..@.@.@.@....@...@....@.........@......@@..
........@.@@@....@......@....@..@.....@......@...@....@@@..@
..@@.......@.@..@@.@..@@..........@........@..@.@....@....@@
...@@.....@...@..........@.....@........@.@........@........
..............@...@.....@...@.......@.@.....@..@.....@.@@...
.@....@@@............@...@........@....@.@...@...@..........
..........@.........@@..........@.....................@.@.@@
..@@.@@@.@..........@...@...............................@..@
@@......@@@.............@...@..@@....@......@.@.@......@...@
......@@.@......@....@...@..@....@...........@.@@.....@...@.
..@....@...............@@@.@........@.@..@..@@..@@........@@
...@......@........@......@.@.@....@@..@...@@@.@...@.....@..
@........................@.@@......@....@.........@.@....@.@
@...@.......@....@...@@....@@.@@...@.....@....@...@.@.@..@..
@..@..........@@...@.......@@...@.....@.@.@............@....
.@@......@...@.@..@...@...@@.@..........@.@.........@.....@.
...................@.....@@@...@.@....@....@.@@..........@..
...@.....@@@...@@...@.@..@@@.@.....@........@.........@.....
.@.....@@@...........@...@@..@.....@...@..............@.@@.@
..................@...@.@..@.@...@.@..@...@.................
....@..@@......................@....@....@.@.@@...@.@.......
........@........@@....@..........@..@@..@.@.@@.@........@..
....@@..@@@........@.@..@....@........@...@........@.@.....@
......@.@@.........@............@..@@@...@.@@.....@.....@@.@
...@......@.......@@...............@........................
........@...........@............@.....@@...@....@.....@.@..
...@@.......@......@........@..@...@............@....@@@...@
....@.@.@....@....@.@@.....@...@.........@........@.........
.................@...........@.@..@......@.@@@...@.....@..@.
.......@....@...@@....@.@@.@...............@.....@.@......@.
..............@.@.....@.@...........@.........@...@.........
...@........................@..@.@.........@@......@....@...
...@.....@...@@@@@...@@@.....@...@@.......@@@....@.@........
@..@.@..@....@..@..@@...........@.@...@..@....@.......@.....
.....@@@................@.....@@.@..@...........@.......@@@.
...........@.@.@...@.....@.@@@.@......@.@.........@..@@.@...
@...@...............@.@.@.@...@....@.......@....@@....@@....
.............@..@@...@....@..@......@...@....@......@.@@..@.
.@..@@..@.....@..@...@..@.......@@...........@...........@@.
Agents:
45
0,58,24,47,5
1,55,39,57,44
2,11,51,10,49
3,2,8,4,8
4,44,11,17,19
5,9,13,38,12
6,30,4,30,52
7,27,45,20,37
8,28,53,52,37
9,3,21,55,32
10,47,9,6,56
11,17,18,9,51
12,26,44,42,25
13,35,41,36,57
14,25,7,50,15
15,8,45,8,45
16,32,33,45,47
17,2,19,38,51
18,56,26,37,4
19,23,12,25,26
20,57,10,52,40
21,11,17,48,29
22,19,51,45,26
23,53,6,13,46
24,24,24,17,23
25,37,48,9,4
26,38,37,29,23
27,22,53,29,35
28,56,37,50,3
29,8,34,8,24
30,39,49,13,26
31,7,22,9,36
32,47,24,55,3
33,19,8,48,2
34,26,40,10,33
35,12,27,45,14
36,25,50,26,29
37,1,47,24,16
38,3,35,38,13
39,26,46,5,5
40,42,3,9,34
41,27,2,59,42
42,20,10,34,45
43,50,45,49,35
44,3,45,0,30
