2
Grid:
20,20
...@@....@..........
......@...@..@.@....
....@.............@.
..@.........@....@@.
@.....@...@.@....@..
@@......@.....@@....
..@.@..@.....@...@..
.......@.....@......
........@...........
....@@..@..@.......@
..@..@..@...........
.............@......
....@...............
.............@.....@
................@...
@@.................@
..........@..@......
@...@..@..@.........
..@........@.......@
.....@.@.@......@...
Agents:
15
0,7,0,1,17
1,7,19,18,7
2,6,12,14,2
3,5,13,15,17
4,15,13,14,6
5,7,16,18,14
6,0,5,14,10
7,14,1,18,16
8,19,10,12,12
9,16,3,17,19
10,19,4,17,8
11,7,4,3,7
12,12,17,17,17
13,11,6,8,5
14,5,7,9,13
