1
Grid:
70,70
@.@...@@....@...@@........@.@@........@....@@...@.@.@...@.@..@.@......
.@@.@@@.@..@.@@..@..@.@..@@@...@..@@@......@@@..@@....@..@...@@.......
@....@....@@.@..@.....@@....@@........@....@..........@.@......@@.@.@.
.@......@.........@@..@...@.@....@.@@@@@.@...@.......@...@.@.@........
.@...@....@.@......@.@.@..........@..@.@@..@....@@@..@.@@@.@..@..@.@@.
.....@.@.@.@......@..@....@.@@.@..@...@....@..@...@.@.....@..@..@....@
........@....@@....@.....@..@........@...@.@......@...@...........@@@@
....@...@.@........@...@...@@.@..@......@...@....@...@....@@...@......
..@..@@...@.@@..@@....@@.@@.....@.@@@@.@@..........@.....@.@......@.@.
...@.@......@...@.@.........@.........@.@..@@....@.....@.....@.....@..
..................@..@@.......@@.....@............@............@.@@.@.
@...@@..@........@@@.@@...@.@....@..@........@...@.@...@@...@@........
..@..@@.@@.....@@..@@@@.@@..........@.@@.@.........@.@..@.@.........@.
....@.@@...........@.....@@@@.....@@.....@@.........@@.@.@@..@@.@...@.
..@....@@....@...@.....@..@...@....@@..@@..@.......@..@.@......@.@...@
....@@@...@@@....@.@.@...@@@.....@@..@.......@@@@.@@.....@....@@@.@..@
...@@...@....@.....@.@.....@..@.@@...@@..@...@@@@@.@.....@@.@......@.@
...@.@..........@.....@...@@.@@.@@.@@@....@.@@..@..@........@@.@......
.@@@...@@.@.@..@...@.@.@.@...........@@...@.@..@.@.........@...@@...@.
@..@@.@@.@..@.@...@@...@..@@..........@..@@..@.@@@...@....@@@...@@..@.
.....@.@..@..@..@@..@@..@.@.....@@@...@..@@@.@...@...@..@.@.......@@@@
...@@.@@.@.@@.@.@.....@...@.....@.@@@.........@@.@@..@...@...@@...@...
@..@..@.....@.......@@...@......@....@@@.@..@@@@.@..@...@.....@......@
...@.@@.@.....@....@.........@......@@..@@@@...@@@.@.@...@@@.@....@..@
...@.....@@..@...@.@@@.@@.@.@.@@@....@...........@..@...@@.@@........@
...@@.@...@.@@....@@................@@...........@....@@@@.@@.@@.@..@.
@.@.@......@@...@@..@.@.@....@@....@.@.......@@..@@..@.@....@..@....@.
.......@@@@..@.......@..@@@.@.@...@.....@...@@..@..@.......@@..@......
......@.@.........@.........@....@.....@@.@......@..@.@....@.@@....@..
....@.@@@.......@.....@@........@...@..@@...@......@........@....@@.@@
..@.@@........@@.@.@@.......@@..@@.@........@.@......@....@@@.@.@..@@.
@...@...@....@........@@.@.@.....@@...@..@@@.@..........@.......@@@..@
......@@.....@..@...@@...@..@.@..@..@.@@@...@..@@.....@@....@@..@@@@..
..@....@....@.....@.....@....@...@..@@..@@.....@...@..............@...
...@......@@..@.@.@......@..@@.@@..@.......@.@@@@.@.@....@......@.@@.@
.@@..@@@@..@.@...@@.@.@....@.@@.@..@@@...@.@@...@.@.@@@......@@..@...@
@....@.@.@@...........@@@..@.@...@......@@@@@.@....@@.....@.@...@..@.@
..@..@..@..@....@.@..@...@...@@@@.@........@@@..@..@...@.@..@.....@.@.
...@@....@......@.@......@.@@.....@...@...@@............@.@@.....@@...
..@@.@........@.@@@..@@.@@......@.....@.@.@.......@...@@.@....@@....@.
@@@.@..@@..@@.....@@..@..@@@....@....@..@@@..@..@@@@@....@.@....@...@.
@........@.@.@.....@@@.@..@..........@@@..............@....@...@....@.
@.......@.......@....@@.....@...@@@......@..@@@@.@@..@....@...........
@..@.@@.....@@.....@@.@....@@@.........@@@..@@@......@@.@@..@....@@@@@
..@...@....@.....@.@@@....@.@@..@.....@.@........@..........@.........
..@.......@...@@....@..........@....@.@@@..........@..@...@@@..@@.....
.@@@.@@@@.....@@.@@.@.@......@@.@..@@@@.@@...@.......@@..@.......@....
@...@@@..@..@@....@....@@..@.......@@.........@..@.....@@.@.@@@@@@....
...@@...@.@.......@...@@.....@@.@.....@@..@@..@.@........@...@.@.@@.@.
@.....@@..@........@.@.......@........@...@..@..@@.@@.....@.@@...@.@..
....@@.....@@..@....@.@.@.......@.@..@....@...........@.@.@..@@@.@...@
.....@@@.@.@..@.......@@.@..@.........@@..@.........@.........@@.....@
@@......@....@..@.@..@..@...@.@.@@.....@.@...............@@@@.....@.@@
..@.@.@@@@.....@.@......@@@.@@.........@.......@....@.@.@.@@..@...@@..
@..............@@@..@...@@....@.@...@....@@...@.@.....@...@@@..@...@..
.@.@@..@....@@.....@.@..@@..........@.@..@@.@....@@.@@@......@.@@@....
.@.........@.@........@....@@..@...@@@.@@......@@.@@..@@@............@
.@..@.@....@....@.@....@.@.@@..@.....@.@@@...@...@@@.@...@....@.@...@@
@.......@..@.@.@..@..@..@..@.@......@.@....@@.....@....@....@....@@@..
.......@@...........@...@.@..@@.@..@@.@..@@.....@.@.........@.@...@@..
.....@..@....@...@.......@@.@...@..@@....@.@@@..@.....@@...@.@...@@.@.
@.@......@@..@..@@@@...@...@@@.@.@....@....@....@@..@@...........@.@..
...@...@..@......@...@.............@..@...@@.....@....@........@.@@@..
..@...@......@.@@@....@.@.@@@....@@.....@@...@..@...@@.@..@@.@.....@..
.@..@.......@.@@.....@..@........@......@.@@......@...@@@@..@.........
..@...@..@....@@.@.@....@.@...@@@..@..@@........@@.@...@....@.........
......@@.@..@.@.@.....@.@.....@@@......@@@............@...@..@.@......
...@@.@@...@....@@...@.....@@....@..@.@..@.@......@..@.........@......
@.....@.@..@.@..@..@..@@....@.@@...@...@.@..........@@@.....@..@..@@..
....@......@......@@....@.@.@...@..@........@@...@.@..........@@@....@
Agents:
85
0,36,8,36,8
1,13,56,13,56
2,40,56,25,45
3,59,56,50,52
4,61,60,45,4
5,36,26,16,15
6,15,41,46,48
7,56,49,56,49
8,61,26,52,45
9,52,51,38,0
10,34,63,67,24
11,65,46,23,17
12,47,15,44,63
13,36,68,5,56
14,51,27,54,34
15,0,27,0,27
16,59,0,54,50
17,44,42,67,55
18,68,46,56,59
19,0,10,56,9
20,19,54,60,19
21,3,0,18,43
22,60,15,17,57
23,52,34,21,56
24,59,16,47,33
25,26,56,3,69
26,28,25,26,25
27,62,33,58,54
28,58,9,51,54
29,66,52,57,9
30,26,42,2,31
31,42,14,20,18
32,36,55,47,10
33,44,24,59,2
34,20,1,19,29
35,35,56,50,0
36,25,48,51,30
37,7,9,10,25
38,26,65,40,56
39,26,43,67,58
40,25,7,45,3
41,22,10,66,46
42,29,58,8,11
43,42,30,32,17
44,65,43,64,69
45,27,42,68,15
46,69,56,57,33
47,41,49,29,26
48,0,9,66,34
49,7,16,22,34
50,0,65,7,6
51,28,0,69,29
52,25,42,42,29
53,67,44,7,57
54,29,9,13,31
55,13,5,5,59
56,60,51,68,33
57,67,40,4,25
58,50,30,3,14
59,37,40,17,21
60,42,40,6,15
61,2,19,37,53
62,30,16,15,14
63,3,12,39,46
64,42,65,24,55
65,29,0,17,54
66,14,50,6,59
67,11,57,48,36
68,69,53,55,57
69,13,59,8,21
70,14,61,29,64
71,18,45,20,48
72,19,36,16,0
73,9,29,50,30
74,22,58,20,51
75,63,23,64,29
76,6,29,51,50
77,7,18,53,65
78,37,17,50,8
79,29,62,41,31
80,31,54,17,14
81,27,52,61,57
82,25,11,26,6
83,53,35,35,38
84,67,5,31,60
