1
Grid:
60,60
............................................................
............................................................
............................................................
............................................................
............................................................
............................................................
............................................................
............................................................
............................................................
............................................................
............................................................
............................................................
............................................................
............................................................
............................................................
............................................................
............................................................
............................................................
............................................................
............................................................
............................................................
............................................................
............................................................
............................................................
............................................................
............................................................
............................................................
............................................................
............................................................
............................................................
............................................................
............................................................
............................................................
............................................................
............................................................
............................................................
............................................................
............................................................
............................................................
............................................................
............................................................
............................................................
............................................................
............................................................
............................................................
............................................................
............................................................
............................................................
............................................................
............................................................
............................................................
............................................................
............................................................
............................................................
............................................................
............................................................
............................................................
............................................................
............................................................
............................................................
Agents:
60
0,14,39,11,20
1,34,18,57,17
2,54,30,41,21
3,2,2,53,30
4,36,9,33,39
5,47,36,33,59
6,26,2,57,25
7,34,37,17,36
8,9,50,27,16
9,7,10,32,1
10,31,25,1,51
11,25,56,7,19
12,36,36,1,40
13,0,44,30,17
14,43,26,27,44
15,32,27,16,48
16,21,13,32,9
17,13,52,19,56
18,40,52,29,59
19,29,46,28,50
20,7,46,41,46
21,35,4,30,26
22,45,41,18,14
23,15,42,59,8
24,50,0,13,17
25,34,31,47,31
26,49,4,16,24
27,53,48,59,35
28,14,37,0,23
29,42,18,18,1
30,29,18,22,26
31,19,9,54,17
32,37,19,15,52
33,14,12,46,21
34,48,42,12,42
35,57,16,1,7
36,21,21,10,31
37,2,44,56,2
38,49,20,50,13
39,11,54,51,50
40,20,18,24,17
41,53,42,9,10
42,51,1,56,27
43,38,17,4,9
44,19,24,39,56
45,38,2,59,4
46,9,11,59,15
47,16,49,8,2
48,26,26,6,33
49,26,25,14,6
50,53,8,55,32
51,3,17,2,6
52,9,28,22,58
53,1,8,35,25
54,59,53,45,17
55,26,47,1,28
56,57,11,27,48
57,24,37,50,56
58,17,36,44,22
59,41,57,56,28
