2
Grid:
60,60
@.@....@@..@..............@@....@............@....@@...@....
.@..@..@....@.@....@.........@@.@......@......@.@......@...@
......@@..@...@..@@...@@...@.......@.@......@@...@....@...@@
.@.@@@.@.@..........@.@......@@@.....@....@.....@.@..@......
......@@.@...@..@..@...@...@.@@..@.@@..@...@..@@@....@......
...@@..@@..@.@......@...@..@@.........@.....@..@...@@@.@....
@@..@@........@@..@.@.@@.....@.@......@.@.@......@.......@..
.................@..@..@.......@@..............@@...@.@@....
.....@@....@....@.@..@...@...@.......@.....@.@@.........@.@.
.@.@.@.@....@......@.@.@.....@@......@@@..@.....@.....@.....
@...@@..@@.@.@..@....@@@........@...@...@.@@.....@@.........
@...............@@.@@....@...........@..@...@......@........
@@.@.@...@@...@...@.@@.@...@..@...@.@.....@...@@........@@..
....@@@.........@@@...@.....@@......@....@...@@....@....@...
...@.@....@@@.@......@.@...@.@........@@.....@...........@@.
@.........@.@........@....@...@....@.......@....@.@...@....@
.....@.@@@@..@....@........@.@@..@.@.@..@....@...@.........@
....@..@..@@.@.......@......@......@@@.@......@.@@...@@.....
.......@..@@.....@@@@.@.....@...@@.@@..........@.@@.@...@@..
......@@.....@.......@@@..@@..@@.@............@....@..@..@..
.@.@...........@@......@.........@......@@@..@@..@........@.
......@......@@..@....@..@@@@...@.@....@.......@..@.@..@....
.....@.....@........@.@...........@..@.@.@@@....@.@.@..@....
...@...@.@@.....@.@..@....@....@...@......@.....@..@.@.....@
...........@@....@.......@.....@@.....@.......@..@....@.....
@.....@@......@........@@..@......@...@.@...@@@..@....@..@@.
......@...@...@...........@@@..@...@.@..@.....@.............
@@.@.@......@......@........@.@.@.@....@.....@.......@.@....
.@@....@...@@...@..@..@........@..@.@....@.@..@........@@@@.
.@..@.......@..@@...@.....@.@.@............@.@@@.@......@..@
@.@@@...@.........@.......@...@@............@.......@...@...
@...@@...@.@.........@..@..@........@@...@.@..@....@......@.
@....@@..@.@........@.....@.@..............@.@........@.@..@
@......@.@.....@.....@@......@@@...@@.@.@@....@........@....
.........@@@.@@...@.............@.....@@......@@@@@..@@.@...
.@..@@......@...@...........@.@.....@@...@....@.....@......@
@.@@.........@...@...@.....@...@@.@...@......@..@......@....
@.@.@@...............@@@.@.............@.@@.....@.....@@....
......@.@....@.@.....@.@.....@@....@.....@.....@.@..@...@...
.....@.@..@..@.@.........@..@.@@..@@..@.@@............@@.@..
........@@.@@..@..@.@......@.@....@.@.@..@..@.@@.......@...@
..................@..............@...@...........@..@@..@...
.@@..@.....@@.....@.@...@.@.@.......@.@.@..@@.@......@@.....
@@..@@@.@@@..@.@@@.@.@..@..............@.....@..@..........@
@........@.@.....@.@@..@.@...@@..@..@@..@...@@......@@...@.@
.@.................@.@@...@@.@..@...@.@.@..@@@@.......@....@
.@...............@...@@...@.....@@....@...@...@@@@..........
@@.....@..@......@@@@@..........@@....@@@...@@@....@@.@..@..
.....@@.................@.@.........@....@..........@..@.@..
@@..........@@..........@..@...........@..@.@.............@.
.....@.....@@...@.@.@........@@@@..@@....@.........@....@.@@
...@@.......................@@......@..........@.@@@....@...
..@@@..@.@@......@...@...@@@.@.@......@@..@....@......@@..@.
@....@........@.@@....@.@...@...@..@.............@@@@...@...
...@.@.........@.@..@....@....@@...@@......@........@..@..@.
....@.......@@..@...@.......@................@...@.@.@.@@@@@
.....@...@..@...@..@@@...@@..@.........@@............@.....@
@.@.@.....@....@.@@...@...@..@@.................@....@....@.
....@.@@@@@...@@@.@@@@.@...............@@...........@....@..
........@....@@....@...@......@..@..@...@@........@.@.@.....
Agents:
65
0,48,45,44,50
1,17,29,22,13
2,4,26,5,54
3,45,58,25,47
4,24,29,6,36
5,53,27,53,2
6,59,24,30,46
7,31,20,1,25
8,52,53,10,12
9,55,34,49,5
10,1,33,4,54
11,14,47,21,54
12,14,54,58,28
13,3,58,49,26
14,35,33,19,43
15,37,13,3,11
16,5,1,51,23
17,14,44,2,56
18,16,23,54,2
19,13,57,10,57
20,17,51,31,48
21,54,13,51,40
22,50,43,56,7
23,11,57,22,59
24,26,55,25,10
25,51,26,16,38
26,46,18,51,7
27,14,43,40,19
28,16,41,40,23
29,2,13,41,13
30,20,4,17,32
31,15,23,54,13
32,36,57,41,16
33,59,49,12,7
34,8,52,8,8
35,45,42,19,35
36,33,43,10,35
37,55,46,7,59
38,2,11,13,54
39,57,8,7,35
40,40,35,25,3
41,19,19,27,23
42,22,23,20,35
43,14,48,48,46
44,21,46,14,8
45,30,36,11,27
46,47,59,6,46
47,40,3,52,30
48,55,52,33,48
49,9,32,45,30
50,9,56,41,34
51,34,1,37,43
52,58,24,31,57
53,18,43,26,44
54,54,48,9,56
55,52,59,24,42
56,11,9,32,3
57,59,10,18,9
58,29,44,30,12
59,44,8,3,38
60,16,20,0,46
61,31,6,30,40
62,57,9,30,29
63,2,24,27,22
64,59,43,24,37
