2
Grid:
70,70
@.@..@......@....@@........@@...@...@.@..@@.@.@....@........@..@@..@@.
........@@.......@@.@....................@...............@@@.@..@....@
....@.@.......@.@...@@@.....@.....@.@@...@.@@@.@...@........@.....@...
@.@@.@..@....@.......@.......@....@.....@.@...@@@...@.@...@......@.@..
...........@........@..@.@@....@...@.@....@............@@@....@@@@@...
@@.........@@.@...........................@.@..@....@@.@....@.........
......@........@@.@@.@...@@..@...@.@......@@@@.....@........@...@.@...
......@.@........@....@@@...@@.@@....@......@@@..@...........@......@@
.@.@@....@..@.@..@.....@..@.......@@...@@@......@..............@@.....
@.@@.@.@......@..@..@....@...@...@..@......@@.@....@.....@..@@...@@.@.
....@........@@@.@.@@@....@..@.@..@@.@@..@@.....@...@.@..@.@.....@..@.
....@..@.........@............@@@@@@..@@..@.......@.....@@@.....@.@...
...@.@....@..@.......@@@@.@...........@.@...@.@...@.....@@...@....@.@@
@..@................@.........@.@..@...@...@.....@...@............@.@.
......@@......@.......@...@..@.......@@...@...@@.....@.....@@..@......
........@.@...@.@..@.@@@@..........@@.@............@...@@..@....@..@..
@@........@@@....@@......@@..@....@.@@..@..@..@........@..@........@..
@@..@.@@.@.@.....@..@...@.......@@@..........@..@......@.......@....@.
....@...@@...@......@@.@@@........@.@@@..@@.........@..@.......@@.....
@...@............@@@...@...@@.@@...@.....@...@@..@...@@......@.@.@.@@@
.....@.@@..............@.@....@..@....@...@............@...@@@.@.@@..@
@@.@....@..@..@.............@..@@..@@............@.@@........@.@@@@...
@...@...........@@.........@@......@@...@..............@...@@.........
@.@......@.......@.@@......@@.@@.@...@........@.......@.@@.@......@...
.........@@..@........@........@......@@.@.@..@@...@.....@..@...@...@.
@.@@..@@@@.@.@.@..@@@.....@.......@..@.@@@.@.@@@.@@@@.........@@.@@..@
..@@.........@........@.@.@.@....@...@..@...@.......@.@.......@.@.....
.@....@....@@..@.@@......@@....@.@@@@...@.....@.@@......@...@........@
.@..................@........@@@.@@..@.@..@...@....@........@..@..@...
.....@....@.....@.@........@.@.....@....@........@@@..................
..@....@.@@@@.@.@....@.......@.@..@.@..@.......@.@@..@............@..@
...@@.........@@.@..@.....@...@@...@...@..@@.@.....@..@.......@.....@.
.@....@.....@......@.....@....@................@.........@.......@....
...@...@@..@...@..@.....@..@.@...@....@....@....@...@@.@....@.....@...
@.@....@.@...@.....@@...@......@.@...@@@....@.@@..@@.@.@@.....@@......
.@.@.@....@.@@@....@....@.@.@@.@@..@...@@@.@......@@@.@.@@.@.....@....
@..@@@....@@@....@@@....@..@..@..@@@.....@...@@..........@@@.@...@.@.@
..@@.@.......@@....@..@.@@....@@@.@@.@@@...@@.@@....@..@.....@@@.@@..@
........@.....@......@.........@@..........@........@.....@.@.@.......
............@.........................@....................@.....@....
...........@.@..@@.@.@.@........@.@@.......@@.@.......@...@.....@.....
@@...@..........@.@..@..........@.@@@.@.@.@.........@...@...@.@@.@..@.
.....@@@@.@....@.@....@.....@...@......@@....@........@......@...@....
.....@@...@..@...........@.........@..@.......@.@...............@.@...
@..@....@........@@.....@..@@.@..@.@@........@@@.@....................
@......@.....@@@@..@.....@.........@@.@@.@............@...@@..@...@..@
......@@.....@@..@....@@@@...@..@..........@@.@@@@............@..@...@
@.....@....@.@.............@........@@...........@..@.@.....@.....@.@.
.@...................@@.....@........@@.@@.@@....@.....@.@.@.@@.@.....
.......@@.@...@@@....@...@..@.@.............@..@..@.......@..@.....@@.
........@...@@....@......@@..@.........@.@@..........@.........@..@...
@.......@@@....@@@...@.............@@..@.@.....@..@...@.@@..@.@.....@.
@@@.@@.....@..@.....@.....@....@.............@@@........@...@..@@..@.@
.@..@@@........@...@........@........@.@.@......@.....@....@..@.......
@...@..@..@.@.....@.@@.......@@@.@...@...@@..@..@...@..@..@@......@...
@@@........@@@@.......@................@@@.@.....@........@.@@.@.@....
.........@...@.@.@...@..@..........@.........@...@........@@.@@.@.....
.@.@@@.@...@.@......@@@...@.....@@...@......@@...@.@...@@........@...@
.@.@.........@...@@@.....@...@@..@@.@.@...@..@.@.@...............@@...
............@......@..@.............@.....@.@...@.@@.@.......@.......@
.............................@.......@.@..@......@.......@@..@.@......
.@@...@@@.@........@...@@@...@...@@...@@.........@...@@.@@...@........
.....@.@..@...@@.........@.@......@..@@..@...........@@.@..........@..
......@..@.@...........@@..........@.@@............@...@@.@.@....@....
..@....@.@......@....@..............@...@...@....@.@@@.@......@....@.@
...............@@@...@...@.@.@.@........@...@.@.....@.....@....@@.....
......@..@@.@.@@@@.@@..@....@..@.@@@@............@...@.....@..........
......@.@......@....@....@@..@...@..........@@....@.@@..@@.@..@.......
...@.@....@.@@.......@.@....@..@......@...@.@@.@@@@@..@..@........@@..
@@@..@@..@.@.....@@.............@...@@@..........@...........@.@......
Agents:
50
0,66,68,27,52
1,56,18,42,30
2,3,14,11,62
3,43,49,24,50
4,11,48,45,12
5,69,23,67,2
6,29,33,21,27
7,14,2,17,38
8,40,49,31,63
9,67,7,29,53
10,39,46,66,44
11,45,24,52,22
12,57,23,65,35
13,51,49,33,1
14,54,68,11,1
15,30,28,2,15
16,46,39,65,68
17,63,29,3,19
18,19,5,36,48
19,47,32,17,61
20,48,24,45,23
21,64,38,55,16
22,52,19,29,13
23,3,31,30,67
24,55,25,49,65
25,34,1,11,12
26,44,26,47,21
27,48,15,7,62
28,42,12,29,58
29,2,50,22,29
30,12,37,48,31
31,41,25,23,62
32,26,39,64,17
33,47,25,56,66
34,20,27,57,61
35,54,57,50,17
36,21,34,56,40
37,64,34,61,44
38,42,49,27,7
39,54,38,41,8
40,12,35,21,57
41,21,13,9,31
42,26,14,15,26
43,48,18,7,14
44,51,13,15,5
45,55,56,29,0
46,5,13,16,6
47,60,47,46,67
48,56,57,18,62
49,66,44,43,21
