1
Grid:
70,70
@....@............@..@.....@@.....@.....@@...........@...@...........@
..........@..........@.@.........................@..................@@
.@..........................................@@@............@..........
..@.......@.........@................@......................@@....@...
..............@................@......@............@...@.............@
....@...............@.......................................@...@.....
......@............@........................................@@........
..............................@...@...............@...@...............
.......@..@....@.@....@...................@.....@........@............
...@.@.......@.................@......@.....@......................@..
.......@...@.@.....@..........@.@.....@....@@@@@.......@....@..@.....@
.............@..................@...@...........@......@@.............
@......@..........@...........@.......................@........@...@..
...@@...........@..........@@.@.....@.............@......@.@.........@
.................................@.@........@..@@...@....@.@......@...
.........@.........@...............@.@.........................@......
.....@..........@@....@........@@....@............@.....@.........@...
.....@...........@.....................@.......@..........@...........
.@.@........@................@..@........@@.........@...........@.....
....@....@......................@.....@@...........@.@.....@.@........
.................................@...@........@@..@@..@.......@.......
...............@@...........@.......................................@.
@...........@.....@....@........@..........@........@@.........@......
.....@........................@............@..........@...............
..........@........@...............@.@..@..@......@..@......@..@.....@
.......@@.......@........................@.....@....@.................
........@..........@........@@.@..@@...........@@..@....@@@...........
.................@..@......@..........@..............@.....@...@..@...
..............@.@.@......@...........................................@
........@.@.......................@........................@..........
...............@.........@................@...........................
..@.........@.@.................@.............@@....................@.
.....@.......@..................@.@...........@...................@...
..........@................@...@..@.......@............@..............
@......................@..............................................
..................@......@.....................@....@.@...............
...@.@....@......@..............@........@...............@...@@.......
.........@............@...@................@..@...@..@.@...@.........@
.......@@.@.....................@..................@@.................
............@..........@.............@..@.....@................@......
......@.@....................@...@.....@@.............................
................@..@........@...........................@.....@....@.@
.@.....@.....@....@...................................................
@.....................@......@........@.@................@.....@.@....
...............@...........@.@...............@......@..@.....@........
.@...........@.......@........@....@..................................
@...................@...............................@.............@...
..@..................@......@.........................................
...@...........@.......@...@.@@........@...............@.....@........
.........@....@....@..@...............@.@.........@.........@.........
..........@@..@........@............@.@@.......@.@.@.......@@..@......
..@.@............@.........................@...........@............@.
...............................@...@........@@......@@................
..........@..........@....@....@.......@@........@...@.........@..@...
........@....@@@....@@........................@.@....@...............@
.@.....................@.........@.@.@....@......@..................@.
.......................@......@.........................@.............
.@...........@....@.@......@.....@.@..................................
.......@..........@.......@......@.@@.................@.......@.......
.@.........@@........................@........@..................@.@@.
...............@...............@.....@......@..........@..........@...
.........@.............................@...@@...................@.....
........@...............@.................@...........@...............
.........@......@..@........@.@.......@...@..@...@...................@
..@.....@..................................@..................@.......
.................@.........@.............@...............@....@.@....@
.......@.@.@...@........@...........@...@.@..................@....@...
......................@.....@.................@....@@......@..@......@
.......@.@.@.........................@................@.....@...@@....
.@............@.@.........@...............................@.........@.
Agents:
50
0,18,30,52,36
1,60,69,17,44
2,26,49,4,50
3,10,34,55,45
4,65,24,23,4
5,69,39,1,30
6,2,51,15,23
7,65,65,30,47
8,15,14,36,15
9,18,24,69,38
10,47,32,59,48
11,56,40,56,66
12,62,58,63,50
13,24,32,6,59
14,13,32,16,61
15,35,39,61,31
16,64,20,45,51
17,23,12,65,48
18,51,42,51,30
19,18,8,68,6
20,33,60,21,11
21,23,35,22,16
22,40,58,7,14
23,22,58,47,34
24,5,50,54,18
25,44,64,51,10
26,53,28,5,7
27,12,55,58,2
28,56,22,68,38
29,11,37,52,49
30,4,33,65,26
31,57,48,45,3
32,30,53,3,30
33,14,43,51,53
34,8,68,34,33
35,5,39,39,0
36,69,66,8,68
37,17,26,62,23
38,17,35,69,66
39,9,25,15,60
40,27,55,4,13
41,64,69,15,43
42,36,64,6,64
43,69,65,48,32
44,55,54,25,33
45,9,56,7,16
46,66,65,17,25
47,56,59,29,9
48,28,39,69,15
49,44,31,9,15
