0
Grid:
70,70
......................................................................
......................................................................
......................................................................
......................................................................
......................................................................
......................................................................
......................................................................
......................................................................
......................................................................
......................................................................
......................................................................
......................................................................
......................................................................
......................................................................
......................................................................
......................................................................
......................................................................
......................................................................
......................................................................
......................................................................
......................................................................
......................................................................
......................................................................
......................................................................
......................................................................
......................................................................
......................................................................
......................................................................
......................................................................
......................................................................
......................................................................
......................................................................
......................................................................
......................................................................
......................................................................
......................................................................
......................................................................
......................................................................
......................................................................
......................................................................
......................................................................
......................................................................
......................................................................
......................................................................
......................................................................
......................................................................
......................................................................
......................................................................
......................................................................
......................................................................
......................................................................
......................................................................
......................................................................
......................................................................
......................................................................
......................................................................
......................................................................
......................................................................
......................................................................
......................................................................
......................................................................
......................................................................
......................................................................
......................................................................
......................................................................
......................................................................
......................................................................
......................................................................
......................................................................
......................................................................
Agents:
45
0,64,59,66,32
1,37,27,45,24
2,51,40,7,64
3,41,5,28,12
4,0,54,56,58
5,39,52,37,56
6,16,9,3,18
7,56,43,18,68
8,49,65,61,14
9,11,58,64,16
10,5,32,8,6
11,17,5,20,61
12,16,29,24,47
13,6,1,37,49
14,42,11,42,18
15,5,61,5,2
16,40,54,4,64
17,64,25,33,67
18,24,4,18,9
19,49,15,34,18
20,66,10,68,10
21,58,54,24,25
22,24,15,42,14
23,58,27,53,61
24,7,27,23,8
25,20,51,62,38
26,50,6,17,5
27,43,31,3,69
28,42,31,26,65
29,11,21,37,35
30,33,40,12,24
31,33,58,30,63
32,48,48,51,42
33,11,31,3,5
34,14,30,41,47
35,18,44,67,11
36,15,65,30,29
37,61,64,68,14
38,44,32,53,60
39,51,0,49,15
40,41,49,6,48
41,63,15,52,25
42,60,24,6,18
43,11,34,52,66
44,10,33,3,61
