2
Grid:
60,60
............................................................
@.............@........................@..@.................
@...........@................@..............................
.......@....................................................
.................@......................................@...
..........................................................@.
.............@..............................................
..........................@...............@..........@.@....
........@.@....@.......................@......@.............
.@....................@........................@............
............................@...............................
.........@...........@.....@.........@......................
.....@...@.........@................@.....@.............@@..
.......@..@.....@.......@........................@......@...
............................................@...............
........@...................................................
......................@...........@@@.......@@@........@....
......@............................@............@......@....
....@....@......@.........@.................................
....................@........................@...@...@.@....
............................................................
...............................@....@..@.........@@.........
............................................................
.@.@..................@....................@..........@..@..
.........................................................@..
....@.....@.........................@...@...................
.@..........................@.......@.@.....................
........................................@.......@...........
@..........@..........................................@.....
...@...@.........@.......................................@@.
.........@........................@.........................
..........................@..................@..............
...............@.....................@@..@.....@............
..........................@......................@..........
........@.@...@.............@.............@.................
...@.@............@.@...................@.........@.........
........................................................@...
....................@.@.....................................
.......@....@..........................@....................
..................................@......@............@.....
...................................................@...@....
......................................................@@....
............................................................
............@...............................................
.....@...............................................@......
...@@................................................@......
...........................@................................
..................................@........@................
................................@....@.@@...................
..@..................@.@.......@............................
.....@..........@...............@...........@.............@.
..@..............@..........@...@...@@......................
..@......................................@.................@
.....................................@......@...............
......................................................@.....
......................................@...........@.........
...............................@..........@.................
..............@...........@.......@.....@...................
...@.........................@..............@.@.............
..........@.......................@.....@....@..............
Agents:
85
0,10,11,44,6
1,3,44,6,30
2,48,22,15,42
3,15,48,22,47
4,22,27,15,14
5,31,53,20,43
6,38,49,24,15
7,33,40,56,18
8,30,27,46,16
9,6,30,25,19
10,37,32,13,41
11,15,38,54,14
12,51,7,10,30
13,41,16,11,34
14,30,11,27,5
15,53,51,49,17
16,29,11,17,31
17,50,55,2,10
18,45,10,48,31
19,31,23,4,58
20,58,54,36,30
21,19,32,23,46
22,26,20,1,49
23,8,52,48,15
24,46,53,38,41
25,20,38,59,21
26,56,24,4,55
27,35,47,14,45
28,6,6,28,16
29,56,19,12,20
30,59,47,55,39
31,19,22,1,37
32,49,34,56,11
33,41,56,11,50
34,58,13,29,4
35,33,20,7,23
36,19,19,2,39
37,41,25,54,29
38,39,0,59,50
39,7,38,12,14
40,24,0,35,14
41,31,51,42,41
42,15,25,46,1
43,3,4,8,20
44,34,44,16,53
45,16,51,53,32
46,58,59,27,44
47,0,26,46,42
48,50,34,36,11
49,10,49,35,19
50,54,6,43,22
51,4,36,28,49
52,5,33,28,20
53,8,5,23,23
54,59,17,31,36
55,55,58,52,51
56,15,28,27,27
57,7,24,6,57
58,31,36,3,58
59,22,14,21,7
60,21,20,22,52
61,46,2,46,10
62,25,13,17,1
63,10,33,52,47
64,27,35,31,7
65,6,24,2,16
66,46,39,50,19
67,20,30,16,20
68,5,24,8,26
69,35,11,22,53
70,52,40,37,23
71,3,34,22,55
72,23,32,27,19
73,2,34,6,42
74,27,39,31,31
75,46,57,19,11
76,44,55,1,34
77,55,26,24,6
78,49,19,6,59
79,51,51,4,12
80,41,28,27,26
81,3,1,34,59
82,31,58,24,25
83,39,45,26,31
84,49,41,50,57
