3
Grid:
20,20
......@.............
.............@.@...@
....................
..........@.........
....................
.....@..............
..@................@
......@.............
..........@......@..
........@.@....@.@..
.@...@........@.....
....@.......@.....@.
......@.....@..@....
@.@.................
..........@..@......
.........@.......@..
..@.@...@....@......
....................
.@.@...............@
.....@...@.@........
Agents:
15
0,10,6,2,2
1,2,5,5,16
2,15,4,18,9
3,1,6,2,14
4,4,12,19,16
5,6,5,15,15
6,16,9,14,1
7,7,5,19,4
8,5,16,7,7
9,8,15,8,13
10,3,7,1,10
11,7,19,17,2
12,0,15,2,0
13,10,15,11,17
14,7,13,1,17
