0
Grid:
70,70
.@..@@...........@@..@.@....@...@@...@.@.@@@...@.....@.....@..........
..@..........@...@@...@.........@.@.@..@.@.....@@..@.@.@..@.....@.....
....@.......@....@@..@@....@..@.@..........@.......@.......@......@...
@.@.@..@....@............@@.@@@..@.......@........@@.@..@..........@..
...@.....@..@......@.@........@....@@..@@..@@...@@...@.............@..
......@@.@..@..@@.......@.........@..............@..@@.@...@......@.@@
.@.@...@@..@.............@...............@@..............@..@......@..
....@.@..@...@..@.@@........@..........@...@.@.@@..@@...@....@..@.....
..@....@@...@.@..............@@........@...........@@@....@@.....@...@
.@...@.@.........@.@.@....@@...@...............@.....@@..@...@........
..@.@....@.@......@@..............@.@@....@........@........@.@..@...@
......@....@......@@...@..@..@.@...@..@.@..@.@.@..@@......@.@...@..@.@
.@.@..@.....@@.@...@..@.........@............@...@@.......@@...@@@@..@
....@.@..@.......@....@...@.@.@...@..........@@.....@..........@@.@@@.
........@.@..@.@...@.....@...@@..@...@..@..@...@.@.@.........@@@....@.
......@......@.@.....@..@....@..........@.@..@......@@....@.........@.
.@@@.@@.@.@.............@.....@........@@..........@....@......@..@...
..............@@..@.@.@@..@..@.@..............@@.@.@....@....@..@.@@..
@..@......@@.....@.@.@.@............@.@.@....@.......@.....@..@.@.@...
.....@......@@...@..@..@.@.@.........@..@.............@.@.@.@....@@.@.
...@...........@@...@..@...........@...@@.@.@.@@.@............@.@@.@..
..........@..@........@@...@..@@@.@.....@..........@@@@@@@............
.@.@.........@....@.............@....@@@.........@.@@.@......@..@.@.@.
....@...@.@..@.@.@@.@@....@.@..@..@@.........@..@@@..@...@.@.....@.@@.
..@@.@.....@......@...@....@@......@..@.@....@@.......@...@...@.@..@.@
...@@...@..@........@.@.......@.@@@........@.@.@@....@.@...@....@.@.@.
...@...@@@...........@...........@...@.....@..@.@.......@.@..........@
@..@.@.@...@@@..........@@.@...@....@....@.@@.....@........@.@........
@.@..@..@..@..@@........@.....@...@@.@....@...@...@..........@....@...
...........@....@@.@...@@.@@....@.@.@.@.@.....@..@@.@..........@.....@
.@..........@.@.@..@.....@@..@.........@.@......@..............@..@...
..@@..@..@.........@............@.@@..@...........@.........@......@@.
....@.......@.@.@...@.@......@...@...@@@@@@..@....@@@@..@........@...@
@...@.@..@.....@..@....@.....@@@...@..@............@..@...@......@@@..
@....@......@.@......@...@.........@@.....@...@....@...@.@..@@....@@..
...@@...@.......@..@@@.@..............@@..............@.......@@..@...
.@@@.......@@.@.....@.@....@@.....@.@.@....@..@.@...........@.@..@@@@.
.@........@@..@..@..@..@.....@..@...@.@....@@@..@.@.@.@@..............
..@@....@@@.....@.@...@..@.@.@...@@...@@@@.............@..............
..@...@...@@....@@....@..@.....@.@.@.......@........@@@..@...........@
.....@.............@@.....@..@@...@....@.....@..@.......@.@..@@....@@@
.@.@@@..@...@..@......@@@.@...@......@.@....@....@....@.....@.@.......
........@.@..@.@...@....@.........@@..@.@.@@.........@.....@@@....@..@
.....@.@..........@......@@@......@@@..@..@..@..@...@.......@....@@@@.
.@.....@....@...@..@.@.....@.....@.@..@@@....@.@.@@.@...@.....@..@....
....@...@......@.@.....@@....@.@..@@.@...@.@@..@...@..@@.@..@..@.@..@@
..@........@...@..@......@@...@.@@...@..............@...@.@..@@.@.@.@.
.@@...@...........@...@.@.@..@.@@@@...@.@...@@..@.@...@.@.....@...@...
.@....@...@@@...@.@....@...@........@..@...@.@..@@...@@.@.@@.....@@@.@
.@@.......@...@@.............@..@......@@...............@@............
...@.............@.@@.@...@....@......@.@........@..@.@@@......@...@..
.....@@.@..@.....@...@.@.@.....@...............@.......@...@.....@.@..
.@.@........@@@.@.@........@....@@......@...@...@...@@..@.............
.@.@..........@.@...@......@..@@...........@....@.@@....@..@@..@.....@
@.@......@...@.@.........@.@.....@@.......@.@.........@...@....@..@.@@
.@....@........@.@...@.@..........@@..@@....@.@@....@...@.......@....@
.@.......@..@@...@.@........@@....@@@@..@.........@@.@@...@......@....
................@@@......@@........@@.@...@@..@....@..............@...
.@@@...@..@@@....@...@........@...@@.@..@.@@.@....@...@.@.@@....@.@..@
.....@..@...@@...@...........@.@...@....@...@.......@@......@...@...@.
.@.......@...@..@.@...@......................@@.....@..@....@@....@@@.
......@.....@..@.@.......@@.@@.@....@..@@..........@..@....@@@........
...@....@@.@@@@..@@.......@..@@@@@...@.@.@....@.....@@....@..@.@@.@...
.@.@@....@@.............@.@....@@@........@.@..@....@@@@@..@@@.@@.....
.@@...@.@....@@..@....@......@@....@..@@.....@@......@@..@............
.@@@.@.......@..@...@...@@@.@@@..@.@..@..........@....@..@............
.@..@@..@.....@.@@...................@..@...@@.@.@..@...@......@.@@@..
.@...@....@.........@...@.....@@.@..@@...@........@@..........@.......
....@.@.@.@..@.............@....@..@@..........@...@..@.@....@..@@.@@.
@..@............@@...@..@.@.....@.......@......@....@.......@..@@...@@
Agents:
55
0,56,15,34,53
1,53,28,16,36
2,26,31,64,26
3,15,50,8,10
4,46,55,24,63
5,52,25,50,10
6,62,48,46,8
7,29,9,68,21
8,54,16,8,24
9,44,41,48,46
10,11,62,62,2
11,54,6,34,68
12,5,29,16,57
13,10,23,43,54
14,55,61,54,55
15,18,30,0,15
16,8,4,68,14
17,44,11,33,20
18,61,64,26,16
19,58,16,13,51
20,28,27,53,5
21,66,9,48,3
22,19,26,53,8
23,4,20,39,46
24,3,61,66,53
25,44,42,67,18
26,21,62,55,19
27,64,55,31,56
28,37,22,15,11
29,16,58,12,26
30,51,12,0,54
31,25,50,0,65
32,53,65,39,26
33,33,27,17,59
34,9,66,22,59
35,56,67,67,55
36,42,2,15,60
37,21,43,22,16
38,45,49,43,0
39,65,36,42,1
40,31,8,40,50
41,27,17,2,56
42,33,16,56,45
43,30,61,49,63
44,68,39,47,9
45,9,23,51,50
46,40,32,16,27
47,44,30,30,45
48,8,57,22,0
49,44,60,19,50
50,37,34,60,58
51,55,24,42,56
52,2,46,7,69
53,31,62,32,36
54,47,25,33,53
