0
Grid:
60,60
@.....@......@.................@@@.@....@.@@.@...@.@.@......
....@.@.@..@......@...@@@..@@..@@@.........@@@....@.....@@@.
............@.........@..........@@...@......@..@...........
@..........@........@..........@@..@..@..@..@.@....@........
..@.@.......@@..@@..@.@..@@.@.........@.@.@.@.@..@....@.@@..
.@.....@.@........@.@@.......@.....@..........@....@........
.............@...@@...@@.....@.....@.@..@...@..........@..@.
........@@.@...@....@@.@..@..@...@......@.......@..@..@@....
@....@@@..@.@.@..@.@@..@@.@......@@.@..@.......@..@.....@..@
...@.@@.@@...@..........@........@..@......@......@.....@..@
...@@..@....@@@@@..@.......@...@.@..@...@...........@...@@..
..@..@.....@@@@.......@...@..@.@...@.@@..@....@.........@...
......@.@@..@@@.....@.@..@.@@@..@..@..@@@@............@.@..@
.@....@..@....@@.......@..@......@....@..@..@@..@.@....@.@@.
..@...@@@@.@...@@......@.@........@.....@.@......@...@......
@....@..@.@@.@..@.@.@..........@@.....@@.....@.@....@...@@.@
@@.@.@.....@@....@.....@.@.....@..@.......@.@........@@...@.
.@....@........@.............@.....@............@.@..@...@.@
.@...@..@.@....@.....@@.@..@..@................@....@.....@@
@..@..@....@..@........@..@.......@.@....@.......@.@.....@..
@.@...@@......@..@.....@.@..@@@@.@@@.@..........@@@@@..@....
.@@....@..@.@.@.@.....@...@@........@.......@...@....@.@....
.....@.....@..@.@@@.............@...@..@@@@........@.......@
..@.......@..@.......@..@@........@.@..@....@........@...@..
..............@...@.@@@.....@@@...@@@@@.......@.@@.......@@@
.@.....@......@.@.@@..@..@...@.@..@@.@..@......@......@@..@.
.@.@.@....@.@.@...@.@..@...@....@.@.........@....@@@...@....
@@@..........@....@@....@@@@@.@@@.......@......@@@....@..@..
.@......@.@@....@.........@.........@........@....@@........
.@@...@@...@..@.@.....@..@...@.@........@...@..@@.@...@....@
....@.....@.......@.......@...@@.@@..@@@.................@..
..@@..@..@..@....@.@...@..........@.......................@.
........@@.@.........@....@...@...@.@.@.@....@@..@@.....@.@@
...............@..@......@....@..........@..@......@........
@@.@.....@@.@..@............@.@......@..@...@@@@.....@.....@
...@@.......@...@...@@.....@........@.....@@.@@.......@@....
@....@@@......@@....@.@@.@.@...........@.@....@@..@..@.@@...
..@.......@.........@.....@..@.@....@...@..@@.@@..@..@.....@
@...@...@@@..........@@@@...@.@@@.......@....@@@............
.....@..........@.....@....@.....@...@@....@....@...@@.@....
.@.@@@..@@@..@..@..@...@...@@.@...@@..@.@.......@.........@.
...........@..@@..@..@.....@......@@.....@......@....@......
.@..@...@..@..........@....@..@@..@@@....@.@...@.@..@....@..
@.@@..@..@.....@@.@.@.....@....@............@.....@@..@..@..
..@@@@@..@.@..@@.@..@......@@@....@.@........@.....@.@......
.......@..@..@.@....@@.@...@@...@.@...@.....@@.@......@.@...
..@......@@.....................@.......@...@.......@.....@.
...@.@..@..@@.........@@..@@...@.........@.....@@...........
.@...@..............@@@.@@.......@.@...@..@..@...@....@....@
..@..............@@...@@..@.........@@....@...@.@...........
....@.@.@.......@....@.....@.@...@.......@.............@....
....@...@..@......@.@..@@......@...@@....@........@@..@.....
@..@@.....@@@@..@....@....@..@..............@...@@..@@..@..@
.@@........@........@..@.......@.@....@...@...@.....@@......
@......@........@.@.@....@.......@@..@.@.@..@.@....@...@@@..
...@...@.@@...@..@..@@..@.@@..@@@.@........@@...@..@.@@...@.
........@@@.@......@...@........@.@....@@.@.@@@......@@@....
..@.....@.................@..@..................@@@.........
.....@..@........@...@.@@......@................@@.@.@...@..
@.@....@@.@@@..........@@.@.@.@..........@...@@..@.@....@...
Agents:
70
0,38,51,2,8
1,55,29,10,47
2,2,44,9,46
3,58,20,44,37
4,31,46,14,13
5,42,51,22,9
6,42,0,17,14
7,17,13,58,28
8,2,40,11,4
9,9,42,42,20
10,39,10,24,23
11,28,6,25,39
12,12,15,10,38
13,26,56,34,23
14,47,40,31,31
15,9,41,1,26
16,7,0,35,49
17,50,0,16,49
18,2,49,16,33
19,43,14,26,29
20,45,11,44,33
21,26,22,9,41
22,7,50,7,18
23,19,28,16,51
24,10,35,56,52
25,12,11,4,36
26,49,38,53,7
27,34,20,39,39
28,34,21,33,46
29,19,21,19,28
30,41,13,10,25
31,24,16,11,51
32,40,50,29,13
33,49,56,2,6
34,20,40,0,21
35,30,32,53,49
36,48,38,3,27
37,10,24,57,0
38,56,16,58,15
39,39,4,18,56
40,0,19,5,23
41,23,54,23,27
42,9,48,15,23
43,53,58,11,20
44,47,33,57,56
45,46,24,5,53
46,31,28,17,12
47,19,13,28,23
48,41,37,44,31
49,12,4,19,7
50,1,13,38,15
51,46,54,59,55
52,26,9,41,30
53,31,42,20,32
54,38,49,39,18
55,51,37,18,35
56,26,53,17,21
57,30,15,3,17
58,32,32,34,20
59,15,42,5,11
60,14,48,42,7
61,7,10,54,54
62,6,15,9,52
63,46,42,45,17
64,38,37,50,59
65,1,55,25,49
66,22,8,4,15
67,21,29,36,35
68,22,24,23,43
69,30,17,59,32
