0
Grid:
60,60
@..............@.@@.........@.@................@............
@............@..@......@....@....@.....@......@.............
@....@....................................@.....@..@........
............@...............................................
.@..........................@...@@.....................@.@..
.@................................................@.........
...................@@..@...................@.......@.......@
@.............@...@........@.....................@.......@..
.....@.............@....@............@......@.@.............
........@.@.@.....@..@.@.......@....@.@.....................
......@..@.@..........................@..............@......
@...................................@......................@
......................................@.....@........@......
......@............................@@..........@.@.@........
............................................................
..@...@..........................@............@...........@.
.....@.......................@......@......@..........@.....
...@...@....@.........@@.......@.@....@.......@.............
...@..@@...@.@..@..............@.@.........@.........@......
..............................................@...........@.
........@............@....@..........@......................
@@....@@....@@................@@......@.@..............@..@.
.........................@...@............@............@....
...........@........@.....@..........................@...@..
@......@................@.@.....@..@....@.....@.............
.....@......@...........@............@................@@.@..
..@...............@.......@...............@...@.............
..............@.....@........@.............@...@.......@....
..@...........................@.......@...................@.
.@.@.@....................@@...@@.........@.........@....@..
........@.......@.@..........................@..............
.@....@...............@@@..@....@........@.@@...............
.............................@....@.@..........@..@.......@.
.......@...............@...............@.........@..........
.....@..@.@..................@................@...@.........
..@........................@.@@..............@......@..@....
..@..@.............@............@...................@.......
.@...............@@......@................@.....@...@.......
...........@@.................@..@@.........@..@...@.@...@..
............@..@.........@.......@...........@..@...........
........@..............@..............@.@.........@.........
..............................@@...@..@.........@........@..
@.......@.@...@.......@..........@@..@.@.........@.....@....
...............@....@.................................@...@.
......@@.@..@.......@..........@.@@......@...@...@@.........
...........@.........@.......@..................@..@........
......@@...........@...@...........@........................
................@..............@..@......................@..
....@..............@.@...............@@......@........@@....
.......................................@...@....@.....@.....
..@....@.........@@..@.........@.@.@....@..@.......@.....@..
.@.@.........@..@.@@.......................@..........@.....
........@...........................@.......@.....@.........
....@.@...................................................@.
.........@....@..@.........@.@.@...................@........
...............@..@..............@......@......@...@.......@
............@............@...@...............@...@..........
.........@....@...@.@..@......@......@.@....@...@...@.......
......................@.................@...................
...............................@................@..@........
Agents:
80
0,7,54,17,13
1,56,42,14,34
2,30,56,56,22
3,41,13,58,3
4,14,19,10,39
5,0,55,24,13
6,2,25,49,41
7,58,32,50,32
8,55,31,38,8
9,37,36,9,39
10,8,35,36,16
11,5,40,44,32
12,15,50,52,12
13,26,25,54,42
14,43,0,59,9
15,43,10,15,3
16,27,49,46,3
17,39,13,38,38
18,20,32,41,52
19,34,47,9,44
20,20,53,6,58
21,52,37,19,49
22,46,31,45,0
23,45,20,14,28
24,25,8,50,27
25,23,0,42,7
26,56,23,17,49
27,53,34,16,14
28,11,2,28,43
29,4,6,28,56
30,51,24,14,24
31,2,11,41,26
32,48,13,23,19
33,19,2,54,44
34,57,49,20,24
35,14,23,45,58
36,45,19,39,31
37,57,38,34,35
38,50,19,36,41
39,35,11,29,38
40,54,45,50,45
41,41,50,44,19
42,54,13,11,51
43,15,9,29,16
44,19,54,29,36
45,6,39,9,9
46,12,9,35,14
47,40,54,8,2
48,25,3,35,22
49,47,18,1,56
50,2,44,44,28
51,8,12,58,0
52,34,56,32,18
53,0,49,7,7
54,36,17,56,8
55,30,58,1,10
56,19,6,26,32
57,53,11,50,41
58,3,17,23,27
59,56,5,1,53
60,3,50,51,36
61,13,18,29,24
62,25,40,58,2
63,39,40,28,54
64,45,50,23,4
65,49,41,21,36
66,2,36,32,5
67,10,23,23,49
68,37,32,58,59
69,47,19,52,42
70,8,30,2,35
71,18,49,2,40
72,9,14,51,58
73,50,34,41,50
74,1,14,13,33
75,0,38,55,43
76,14,12,21,44
77,31,50,54,47
78,47,53,13,7
79,16,20,4,3
