1
Grid:
70,70
......................................................................
......................................................................
......................................................................
......................................................................
......................................................................
......................................................................
......................................................................
......................................................................
......................................................................
......................................................................
......................................................................
......................................................................
......................................................................
......................................................................
......................................................................
......................................................................
......................................................................
......................................................................
......................................................................
......................................................................
......................................................................
......................................................................
......................................................................
......................................................................
......................................................................
......................................................................
......................................................................
......................................................................
......................................................................
......................................................................
......................................................................
......................................................................
......................................................................
......................................................................
......................................................................
......................................................................
......................................................................
......................................................................
......................................................................
......................................................................
......................................................................
......................................................................
......................................................................
......................................................................
......................................................................
......................................................................
......................................................................
......................................................................
......................................................................
......................................................................
......................................................................
......................................................................
......................................................................
......................................................................
......................................................................
......................................................................
......................................................................
......................................................................
......................................................................
......................................................................
......................................................................
......................................................................
......................................................................
......................................................................
......................................................................
......................................................................
......................................................................
......................................................................
......................................................................
......................................................................
Agents:
60
0,22,19,42,13
1,15,68,69,45
2,10,20,17,29
3,16,31,2,65
4,58,24,34,36
5,19,60,32,45
6,12,15,62,17
7,62,31,41,60
8,28,68,15,23
9,23,53,17,55
10,2,65,20,36
11,41,41,27,33
12,12,25,46,16
13,25,17,3,0
14,69,31,68,7
15,31,50,29,28
16,53,10,56,8
17,2,69,48,21
18,43,68,24,55
19,69,22,22,6
20,65,7,37,34
21,57,17,23,19
22,25,7,62,2
23,23,19,47,19
24,12,68,42,66
25,44,18,22,59
26,58,59,33,52
27,0,27,69,31
28,47,43,17,64
29,56,54,66,57
30,64,69,65,49
31,31,26,53,45
32,62,38,4,8
33,7,1,20,53
34,12,63,60,46
35,57,30,25,36
36,68,1,48,58
37,57,64,42,3
38,8,24,6,29
39,15,4,22,51
40,1,5,2,31
41,4,0,12,32
42,56,12,56,63
43,62,63,25,11
44,10,45,33,14
45,21,0,9,2
46,11,15,17,66
47,27,66,59,65
48,45,30,17,6
49,24,56,17,5
50,0,21,58,38
51,6,18,18,63
52,10,14,8,5
53,20,57,34,32
54,19,23,51,21
55,28,52,37,5
56,53,58,15,10
57,64,30,24,34
58,39,49,53,65
59,46,14,23,11
