9
Grid:
20,20
....................
....................
....................
....................
....................
....................
....................
....................
....................
....................
....................
....................
....................
....................
....................
....................
....................
....................
....................
....................
Agents:
30
0,17,13,17,11
1,4,12,17,2
2,13,13,18,4
3,17,3,13,8
4,5,11,12,14
5,9,18,2,15
6,19,1,0,7
7,5,10,2,17
8,10,7,9,2
9,6,7,15,18
10,16,7,7,19
11,7,1,17,14
12,16,1,8,7
13,1,5,12,1
14,9,12,13,14
15,6,10,7,7
16,17,19,7,18
17,19,5,12,6
18,15,16,15,1
19,15,15,1,17
20,18,13,12,18
21,13,1,16,12
22,1,17,8,18
23,9,7,8,14
24,12,15,15,13
25,15,4,8,12
26,12,16,14,9
27,15,10,15,8
28,5,3,10,1
29,16,12,15,16
