0
Grid:
70,70
@.@...........................@..@.......................@.@..........
.......@..@.................@...@..@..@...............................
.....@..................@...............@........................@.@..
......@.................@.............@@......@.............@@...@...@
..@..........@...@.......@.@................@.......@..@.....@....@@..
...........................@.@............@@.........@....@.@.........
.@......@.....@@....@................@.@....@..@..........@@..@.......
..........................@..........@..........@....................@
.@...@..............@..@....@....@....@................@.........@....
..............................@..........................@......@.....
....@.............................@.@...............@.................
..................................@......@...............@......@.....
.@@......@...........@.............@......@.@..........@@........@....
......@.........@.......@.................................@...........
@....@@.@@.@............@.@....@.@....@@.@..................@@.....@@.
..........@............@...............@..................@........@..
....@........@......@.........@........@...@.....@..........@.........
.........@.@...................................@......@...............
..@............@................@..@...@.....@.....................@.@
@................@@.....................@...@.........@...............
...........................@............@....@.......@..@.............
.........@.......@.............@@.....@.....@......................@@.
....@.............@.@..@..................@.........................@.
@.......@...............@...@.....@...........@.....@.@...............
.................@.@.@....@....................@................@.....
@@......@........@..............................@@..@@@....@..........
......@...............................................................
@......@..........................@@...@...@..............@...........
................@.@....................................@.............@
.@.........@.......@@.........@.....@.....@....@.............@.....@..
......@.......@........@......@....@..............@..@.......@.......@
@@...@..........@...............@..........@.......@.......@..@.......
................@.............@.....@.........@...@...................
.....@.......@...@.@...@@...@.@......@........................@.......
...............@.@@.......@.............@.................@...........
...@....................@..........@............@.@............@......
...........@........................@...@..........@.................@
........................@.......@.....................................
......@...@.@..........@.........@.............@......................
..@.....@...............@.......@......@.......@.@....@.............@.
......@.............@@.....................@........................@.
...............................@......@.........................@..@..
...........@@.@...@....@....................@........@...@............
@......@.............................@@.....................@.........
......@....@...........................@.......................@......
......@............@.........@........@.@............@......@.........
..@......@............@..........@.....@.............................@
....@....@.......@..@........@...............@...@........@..@@@......
.........@.........@........@..@........@.@.......@..@..@.............
.....................@.@.................@........@...................
.......@................@...............@......@..@.@.@..@............
.....@..@.@...........@..@................@....@....@.................
...............@..........@...........@.....................@@........
..............@...@..............@...@........@..........@............
........@............@....@.@.@.........@..@..@@...@..........@@.....@
...@...@................@.....@.@..@...@.@........@.............@...@.
................@.......@.@....................@.......@.......@......
.............@..........@.....@..........@......@.....................
@.@...............@.@@....@....@..........@..@.....@....@.@.....@..@@.
........@....@@....@.........@.@@.................................@...
.......................@....@........................@..@..@.....@....
...@...........@.............@.....@..@.....@....@...............@....
.............@.@..........@.............@....@.....@....@.............
.......@...........@..@.....................@@...@....................
...........@..@.............@..........@.........@@............@......
.........@...@.......................@.....@.@...................@@@..
...@.............@..@..................@....@..........@..............
............@.............@@...@.......@@...................@......@..
......................@@..........................@...............@...
.@........@.............@....@......@......@..@.................@.....
Agents:
50
0,39,5,9,7
1,18,18,55,6
2,48,15,15,13
3,50,14,53,6
4,50,0,69,40
5,42,50,46,48
6,35,5,14,34
7,36,43,61,61
8,40,8,33,21
9,9,65,50,18
10,48,54,26,24
11,22,34,35,64
12,8,18,52,32
13,46,28,20,0
14,52,49,2,59
15,65,15,7,41
16,49,45,27,52
17,60,2,53,1
18,66,8,46,45
19,20,22,44,17
20,59,2,42,17
21,66,51,11,21
22,67,25,25,22
23,6,17,39,17
24,59,6,11,17
25,60,31,43,19
26,62,24,52,6
27,27,33,38,39
28,65,14,3,15
29,6,32,46,43
30,37,22,59,2
31,18,63,31,35
32,54,19,61,50
33,26,61,58,29
34,53,38,32,62
35,45,28,38,43
36,24,46,35,25
37,37,53,31,46
38,11,28,46,59
39,39,45,24,43
40,58,33,28,29
41,18,26,12,29
42,6,51,28,53
43,1,58,57,1
44,54,37,35,37
45,53,3,10,25
46,66,47,5,49
47,69,15,15,31
48,34,20,4,21
49,64,59,48,27
