0
Grid:
20,20
..@............@....
.....@...@.......@..
.@.@.........@......
@........@@..@....@.
..@.....@.@.@...@.@.
..@...@..@@@........
.@.@@...@.@.......@.
.@.@...@..@...@@....
.....@...@.@......@.
@............@@@..@.
..@@@@@...@.@@@.....
.............@......
.......@......@.....
.@...@@@......@.....
.......@...@........
...@....@@..........
.......@....@...@...
@..........@@.@.....
...............@....
@@........@@......@.
Agents:
20
0,15,12,15,17
1,14,8,19,7
2,1,4,1,4
3,8,10,11,12
4,17,8,19,17
5,16,4,13,9
6,11,5,19,19
7,7,17,4,17
8,12,18,12,17
9,16,11,17,10
10,1,14,12,5
11,19,12,18,13
12,15,6,11,15
13,8,2,14,5
14,0,6,3,19
15,15,17,9,3
16,18,6,19,3
17,6,12,15,11
18,14,10,8,12
19,18,17,16,6
