0
Grid:
20,20
@..@............@...
.........@.@........
........@...........
....................
....................
.......@............
@...................
..........@.........
....................
...............@....
....................
...@.............@..
....................
.........@..........
....................
.......@............
.....@.......@.....@
.@..................
....................
.........@....@.....
Agents:
30
0,0,14,2,3
1,5,4,2,6
2,5,14,15,13
3,5,16,5,2
4,14,13,19,15
5,19,16,7,13
6,1,16,12,16
7,14,9,15,19
8,12,6,17,8
9,10,16,16,9
10,18,11,12,4
11,5,18,14,15
12,19,19,12,0
13,3,13,18,12
14,1,19,1,17
15,16,6,13,11
16,2,0,1,5
17,1,0,4,14
18,1,1,12,9
19,8,10,11,4
20,0,5,3,13
21,17,4,19,19
22,8,12,2,18
23,17,12,16,4
24,4,4,11,9
25,15,14,15,0
26,18,7,13,10
27,15,6,9,16
28,12,1,12,14
29,12,0,7,14
