6
Grid:
20,20
....................
....................
....................
....................
....................
....................
....................
....................
....................
....................
....................
....................
....................
....................
....................
....................
....................
....................
....................
....................
Agents:
20
0,5,11,17,16
1,7,7,14,9
2,19,19,8,14
3,15,17,3,16
4,5,13,11,18
5,17,4,14,16
6,13,17,6,18
7,14,11,17,8
8,12,8,11,0
9,19,5,4,8
10,10,9,19,5
11,5,8,2,4
12,6,4,2,7
13,8,13,14,1
14,6,11,1,6
15,10,4,19,2
16,10,17,13,17
17,17,6,18,14
18,2,5,18,2
19,6,6,11,15
