4
Grid:
20,20
@@......@@@.........
...@.....@.@...@....
.......@.......@....
...........@.@@....@
...@@...@...@....@@.
...............@....
.@..@.@......@.....@
....@.......@@...@..
@.@.................
.@@@........@.@.@@..
.@@...@.@@.@.@.@.@..
......@.........@...
..@@......@.........
.......@...@@...@...
..@.................
....@..@....@...@@..
..@.@..........@.@..
..@@.....@.........@
...@....@..........@
..@...@.@..@......@.
Agents:
15
0,13,18,5,1
1,14,1,0,2
2,14,10,12,15
3,1,7,4,2
4,14,11,14,17
5,16,5,4,14
6,17,16,5,19
7,3,16,1,12
8,2,17,19,3
9,12,7,1,6
10,11,5,13,3
11,14,14,19,5
12,18,17,14,16
13,11,9,19,1
14,5,16,5,16
