1
Grid:
60,60
@......@@..@....@@..@......@.@...@.@.@.....@....@.......@@.@
....@.@@.......@.....@....@...........@@...@....@...@@@.@@..
..........@@......@.@...@.@..@@......@@..@@..@@@@.@....@....
@.......@@......@.@@..@.........@..@..@@..@@.....@@......@.@
.......@..@...@@.......@.@.@@...@....@....@...@........@.@..
.@@......@.....@.......@@@.@@.....@@..@@.@....@.@.@....@....
@.........@...@.@@@.........@@@..@..@@.....@.@..@@.@........
@........@@.@..@@.@@...@.@..@..@..@@......@.@@..@..@....@@..
@.@..@.......@@....@.....@.@.@.@@...@.......@....@.@..@@.@..
.............@.@....@.@.@@.....@.....@...@@@......@..@.@....
......@@.@..@@..@@...@..@.@.@@..@..@..........@..@.@.....@..
@@..@@..@@@..@...@@.@@.....@...@.....@@.....@.....@....@....
@....@.......@....@......@.....@......@.........@.......@@@@
..@.@.@@@@.@..@.@............@..@....@@@..@..@..@....@@.....
...@.....@@@.@..@@.....@....@@...@.......@@..@@@.........@..
.....@...@..@@.@...@....@@.....@@@.@.@@.@....@....@@..@.....
@@...@@...@@......@@........@.....@.@.@..........@@@@...@@.@
.@.@@.@....@...........@..@@....@@...@..@.@.@@...@.@.....@..
@.....@..@...@....@@...@.@.@..@.@@...@..@..@@...@...........
.....@...@.@@..@......@.@@..@...@...............@..@@..@@@@.
..@....@.@.@..@...............@.@.....@.@....@@..@.@@..@.@.@
.@....@....@@@@.@.@..@....@.@.......@.@.@..@.@.....@........
...@...@@...@@@@@.@...@@@.@@.@@.........@@...@@...@.@....@..
...@@...@......@@..@@@.@@....@...@.@..........@.........@@.@
......@.@..@@....@@....@..@@@..@@.@...@..@....@@.@@@..@...@.
@@@@...@......@@.@@@@.@..@.@..@.........@.@@..@@....@.......
.@..@@.@...@.@.@@..@@.@..@@..@.@@...@...@...@.....@....@.@.@
.......@...@.@.@..@@.@.....@.@.@..........@@.......@.@......
....@@............@@..@...@..@@.@..@.......@@@@@.@.@.....@..
@.@........@........@....@..@.@@.@@...@@@............@.@.@..
...@.@@.@.@..@..@..@.....@......@.@..@..@.....@.@@@..@....@.
....@.@.@.@.@.......@@.@.@..@....@..@@....@.@......@.@.@.@@@
..@..@@.......@.@@@@@...@@@..@.....@.....@@..@.@@.@@...@.@.@
.....@...@....@@@.......@..@........@....@..@@@@@.....@.....
......@.........@@....@..@@.....@.@...@@@.......@@...@....@@
@.......@.......@.....@@..@.........@@.@@......@...@....@...
.........@....@..........@.@.@@....@@....@@@......@@..@....@
..@...@...@@@@.@@..@.@.@...@....@.@..@@@.@..@.@@.@...@@@@@.@
.@.@@@@@..@.@.......@@.@.@.....@..@......@.......@..@.......
...@...@.@@...............@.@.@@....@.@@.......@.......@@@.@
..@.@.@@@@...@.@..@@.@.....@...@..@.........@@.....@...@.@@.
...........@@.@@@.@@@..@..@.@..@@....@.@.....@..@@.@.@...@.@
..@@......@...@.@.....@@..@.@@..........@.@..@.@.@.@.....@..
...@..@@.@...........@@@.@.@.@@..@..@...@......@.....@..@.@.
@@.@@@...@@@@.@......@....@@...@@.@@@.@@@.@..@..............
.@........@.@.@.......@.@.@........@.......@....@.@@..@...@@
@........@..@...........@@@..@..@.....@.......@.@..@......@.
...@@@...@..@.......@.@....@..@...@..@..@.@@@..@@.@.@@.@.@@.
....@....@@...........@.@.@@.@.@@..........@@.@.@......@.@@.
.@@@...@@..@@.......@..@.@@...@@..@.....@...@.@.@@...@.....@
.@@..@.....@@....@.....@.@..@@.@.....@.........@.@@.........
...@.@...@....@@.@@.@...@.......@..@....@@.@@..@....@...@...
...@.@.@.@@...@....@.....@...@.@.........@.@..@...........@@
......@...@.....@......@...@@.....@..@.@...@......@@@@.....@
.@@@...@@@@....@.@...@@@@.@..@.....@...@@.@......@.....@.@@.
@@@@..@@@@@.@.@@.@@.....@@....@....@.@.@....@.....@..@..@...
@.@..@...@@...@.@@@...@......@..@@.........@....@@@.@.......
.@..@..@@......@...@......@@...........@@..@.@..@.@........@
@.......@.@.....@..@..@.........@.@@.@......@@..@..@@@@..@..
@..@.......@@...@.@@......@@.......@.@..........@....@.....@
Agents:
65
0,15,55,17,55
1,7,22,53,22
2,19,50,45,19
3,8,37,55,55
4,33,58,17,17
5,59,14,41,38
6,13,28,52,33
7,54,46,19,21
8,29,13,45,7
9,33,51,49,42
10,42,30,48,56
11,47,45,44,54
12,33,21,56,46
13,48,59,46,59
14,30,56,26,2
15,23,11,23,9
16,20,44,38,46
17,46,39,4,52
18,3,46,44,18
19,0,21,50,51
20,53,12,15,20
21,45,29,33,2
22,25,26,25,26
23,12,27,50,16
24,6,57,55,26
25,34,57,14,25
26,34,2,5,43
27,1,30,23,41
28,7,17,5,20
29,53,48,26,45
30,5,5,9,9
31,55,21,37,0
32,0,3,47,29
33,55,22,46,44
34,47,13,56,28
35,22,25,41,2
36,37,17,44,58
37,33,32,2,44
38,6,5,16,43
39,10,15,52,51
40,33,23,30,21
41,22,0,20,8
42,50,18,47,7
43,2,12,56,11
44,25,36,11,22
45,13,36,6,13
46,7,50,7,50
47,9,28,43,50
48,8,41,23,44
49,40,35,41,6
50,6,56,17,2
51,9,49,56,57
52,4,58,28,13
53,24,44,19,19
54,41,47,51,49
55,48,23,39,32
56,52,57,46,3
57,14,48,12,15
58,57,25,50,6
59,28,42,8,7
60,6,40,39,51
61,27,57,51,27
62,54,53,33,37
63,8,12,35,2
64,7,27,16,27
