5
Grid:
20,20
.@.........@........
...........@........
..@.@..@.@..........
..@......@..........
................@..@
.............@....@.
....@..@.@.........@
.........@.@.....@..
.............@..@...
..@.......@.........
..................@.
.....@........@.....
@@..@...............
......@.............
@....@.@............
.......@............
....................
......@.........@...
...............@....
..........@.......@.
Agents:
30
0,14,2,4,4
1,7,7,11,12
2,9,11,11,17
3,2,19,1,15
4,1,16,14,9
5,11,19,4,11
6,17,0,1,7
7,8,1,7,16
8,16,15,2,13
9,5,19,5,19
10,7,3,2,10
11,9,3,8,17
12,11,10,2,16
13,6,18,16,0
14,16,0,5,14
15,10,13,2,12
16,7,6,6,3
17,4,1,3,17
18,13,19,17,8
19,5,3,0,16
20,16,12,7,18
21,5,11,9,6
22,1,9,3,5
23,14,1,14,1
24,11,17,3,1
25,10,4,1,18
26,0,3,18,4
27,9,13,3,14
28,8,7,8,10
29,14,16,12,11
