0
Grid:
60,60
@....@.@@....@.@.....@......@@@.@.@.@@...@.......@....@@...@
@@.@....@...@.....@..@..@...@......@...@@.........@@.@@..@..
.@.@..@.@.................@@@..@..@..@.@@.......@@.......@..
..@@....@.@..@.@.@....@.@.....@@...@@........@....@@......@.
.@.@..@@..........@..@...@@@@........@..@@..@.@@..@.@@...@.@
@.....@....@@.@...@..@@@..@.@..@.@@@.@@..@...@.@@.......@...
@...@@@.@.@...@..@.@....@.@..@...@.@....@@@....@...@@.......
......@....@@.@@....@@.@...@@.......@....@.........@....@...
@....@@........@...@..@..@..@.@..@@...@....@..@..@@.@.......
.@...@..@@@..@....@..@.@@@.....@.......@....@.......@@.@....
.@@.@@@@@...@..@......@@..@.........@..@@.@@@..@......@@.@.@
......@@....@.........@.@................@...@.....@.@...@.@
@....@...@.......@..@.@@@@....@.@.@@@@....@.....@@....@.....
.@.....@.@@.@.@....@@@..@..@.@.......@....@@@@.......@@..@..
@...@@....@.@........@.@@.....@.@..@.............@..@.@@....
..@......@.......@.@..@..@@.@.@@...........@@.@....@...@....
@@..@@..@.@.@.@...............@..@.@..@@@......@....@...@.@@
....@@....@.@.@...@@.@@..@@@....@.@........@.@......@.......
@.@....@..@...@@....@....@@@@..@.@..@...@@.@..........@....@
..@.....@@.....@...@.@....@.....@......@..@................@
..........@....@.@..................@..........@......@...@@
@....@....@@@.@.@@@@@......@@....@...@@@.@..@..@....@.....@.
...@.@.....@@@......@@..@.....@...@...@.......@.@..@...@.@@@
....@.@@...@......@@..@.@....@...@@.....@@.@@.@...@...@@@...
.@@@@@.@@.@.@@..@..@.@@...@..........@@.@.@....@....@@@@.@..
........@.....@.@...@@......@@.@...@....@@.@..@.@....@...@..
.@.@@@.....@...@@@...@@@..@.@.@.@@..@...@.@@..@.......@.@..@
@..@.@@..@..@....@@@..@.....@....@@..@....@@.@.......@.@....
....@.@..........@@.@..@..@....@..@@@....@..@@@...@.........
@......@@...@..@........@..@.@@...@.@.@...@.@...@....@@.@@@.
...@.@.....@..@...@...@..@....@@.@......@..@.@.@....@.@..@..
.@.@...@.....@@.@...@.@@.......@......@.@............@......
@@..@..@....@@...@.@@.....@...@@@@@...@...@@@....@..@.@..@..
..........@..@@.......@........@..@.@@.@.@@..@...@....@@@..@
..@@..@...@.@...@.@.@.@....@@....@........@.....@........@@@
...@.@..@.@.@...@@.@....@..........@..@@....@.@@.@.@...@@.@.
@.@@...@.@@.........@.@@......@.@@..@@@......@.@@@.@..@@.@..
......@....@..@.@@.@@....@@..@@...@...@@@.@...@..@.@@@.@...@
..@@@@@@......@...@..@..............@........@.@.@.....@..@@
.@...@..@@@........@...@@..@..@@.@...@.....@..@..@...@@.....
@@.@..@@.@....@.......@.@@..@....@.@........@...@.@..@......
..@@.@@.....@@....@........@.......@.@@.....@.@...@...@.@...
..@.@.......@@..@.@....@..@.@...@...@...@@.@.....@..@.@.....
.@.@@.@@@@@.@@.@.......@.@....@....@@..@.@....@.....@....@@.
.........@............@....@@@@.@..@.@..@..............@....
.@@....@.....@..@....@@..@..@@.@@@..@........@...@@.@.@.@@..
.@@..@.........@@.....@....@.@....@@@....@...@.@@..@..@.@...
....@.....@@.@@........@@........@@@.@..@@..@.@.@......@.@..
@@.@.@.@.@@.@@@@@......@@...@...@.@.@........@......@@.@@.@@
..@..@..@....@........@...@.@..@@.@@.@.@.@@....@...@....@@..
......@@..@.@@.@.@....@.@....@@...@@.@....@.@...@@@.@.@.@...
.@....@..@..@.@...@...@.@...@@@@@...@@@.@.@......@@@...@....
@.@@.....@.....@..@.@..@.@...@..@@.@..........@..@..@..@..@.
..........@.@..@@..@.@......@...@.................@@..@.@@..
.@..@...@...@@@.@@.......@..@.......@..........@...@.......@
.@@@@...@....@....@@@....@........@.@....@....@......@.....@
.@.....@@.........@.@.........@...@@.@@@....@.@@..@..@.@..@.
.@.@.....@@@@@...@@.@....@.......@@.@@...........@@.........
............@.@.@@......@@.@@...@....@..@......@.....@.@@.@.
@.@..@@@...@@....@.......@.....@.@....@@@...........@@..@...
Agents:
75
0,42,1,20,49
1,21,36,2,23
2,55,55,40,40
3,54,7,58,15
4,30,58,11,21
5,19,27,10,17
6,5,7,27,31
7,30,44,3,18
8,55,22,40,51
9,24,56,25,55
10,59,19,5,19
11,47,31,15,37
12,57,24,7,58
13,13,47,44,0
14,23,48,20,22
15,20,28,4,8
16,23,8,35,54
17,3,11,57,26
18,3,47,20,3
19,58,29,17,59
20,35,43,21,56
21,14,18,49,38
22,30,1,55,23
23,12,59,20,38
24,3,28,3,40
25,14,58,23,58
26,13,17,45,51
27,6,12,17,50
28,0,22,59,30
29,37,47,6,44
30,52,12,58,2
31,21,34,2,20
32,27,4,27,4
33,54,11,56,17
34,36,21,24,24
35,57,45,7,39
36,36,8,7,2
37,33,40,39,41
38,45,20,45,40
39,37,2,32,51
40,17,7,38,30
41,20,8,38,24
42,21,25,45,48
43,6,43,58,54
44,13,28,54,34
45,1,10,4,13
46,42,21,54,42
47,0,1,29,50
48,22,18,40,43
49,39,44,33,40
50,39,11,17,3
51,17,6,30,49
52,38,40,42,10
53,49,7,27,20
54,26,14,43,54
55,50,47,44,12
56,15,49,19,24
57,35,36,6,39
58,33,47,19,56
59,8,32,55,37
60,40,52,57,59
61,22,6,52,22
62,50,14,12,10
63,21,29,20,53
64,14,22,13,23
65,43,27,49,15
66,59,14,58,8
67,10,35,7,18
68,29,50,48,42
69,35,40,38,26
70,32,59,20,19
71,21,22,31,55
72,51,15,7,48
73,25,33,2,35
74,43,2,23,13
