0
Grid:
20,20
..@.....@@@..@..@...
....@....@....@.....
.........@.@........
.@@@.@..............
@....@......@......@
..........@..@.....@
......@.....@....@..
@@@....@..........@.
.......@@...@.@.@...
@..@@...............
......@.@...@@......
.@....@......@.@....
........@...@@@.....
@............@......
....@@......@..@@@..
.@.....@.@......@...
@@.........@@..@....
.@@@@.@......@......
...................@
.@.@@..@......@@....
Agents:
25
0,19,0,17,8
1,13,9,15,5
2,5,2,8,19
3,19,2,5,18
4,13,4,17,11
5,0,4,5,15
6,17,7,19,16
7,15,18,2,5
8,8,19,8,17
9,5,15,5,1
10,15,8,0,0
11,15,19,9,14
12,18,4,1,8
13,4,18,5,8
14,14,2,0,12
15,2,4,3,15
16,12,0,5,9
17,17,14,11,16
18,2,16,13,7
19,1,7,12,0
20,7,14,12,11
21,18,15,0,14
22,1,6,13,12
23,14,3,12,10
24,15,0,17,9
