1
Grid:
60,60
.......@.........@......................@...................
.........@......@...........................................
......@.@...........@...................@...................
................@..............@............................
.........................@@...........................@.@...
...............................@............@....@..........
..@...................@.............................@..@....
...@......@......@.............................@............
.....@............@..@..................@@...@....@@........
...................@......@........@@.......................
........@.....@...............@.............................
...............@@.................@....................@....
...............@.............@..............................
.@........@..@........................@.....................
..........@.............................................@...
.......................................@...@................
.....@.........@......@.......@.......@...@.................
....@..@....................................................
..................@........@.....@..........@...............
...........................................@................
...........................................@@...............
..........@.................................................
.............@.............@................................
.......@........@.................................@.........
..............@.....@...@.......@...........................
.....@..........................@....@....................@.
..........................................................@.
........................@.......@.............@..........@..
...............................................@............
......................................................@.....
.........@..........................@.......................
....................@................................@......
.........................................@.....@.......@....
.............@...............@..................@...........
..........................@..@.....@........................
............@...........................@.@@........@.......
.@........@........................@........................
.......@........................................@...@.......
@................................................@..........
.................@.................................@........
.................@.............................@............
..........................@..................@..............
.........@....@..............@..............................
.....@.........................@...........@..........@.....
...........................@.........@......................
......................@...........@.........................
.............................@.......@...........@..........
......................@.........@..........@..........@.....
........@.........@.........................................
.....@.......@..................@.............@.............
.................@..........................................
...........................................@..........@.....
..@........................@.....@....@.@.@............@....
.........@....@.@...........................................
.........@..................................................
.....................@.......@......@.......................
.............@@..@@..@..@...................@...............
.....@...........@..................@................@......
.........................@..........@....@......@...........
..@.........................................................
Agents:
40
0,41,22,48,28
1,27,56,45,35
2,40,31,4,40
3,37,54,44,20
4,7,50,44,44
5,37,17,13,33
6,9,20,42,3
7,48,53,6,26
8,13,15,26,1
9,0,49,33,50
10,5,38,49,28
11,15,40,59,42
12,0,13,48,52
13,25,13,32,18
14,43,20,24,7
15,48,25,2,53
16,6,39,6,16
17,38,8,39,25
18,45,14,40,56
19,44,30,54,45
20,51,29,3,53
21,34,44,29,7
22,55,57,40,15
23,40,18,5,33
24,48,27,36,21
25,10,2,17,8
26,7,34,49,1
27,30,23,48,48
28,28,54,46,9
29,6,17,52,6
30,29,44,41,48
31,14,9,39,2
32,15,5,49,39
33,29,45,51,13
34,4,34,25,47
35,32,19,41,40
36,49,19,6,30
37,31,15,58,45
38,32,25,6,21
39,32,21,28,41
