9
Grid:
20,20
....................
....................
....................
....................
....................
....................
....................
....................
....................
....................
....................
....................
....................
....................
....................
....................
....................
....................
....................
....................
Agents:
15
0,2,18,18,4
1,15,7,7,15
2,17,7,1,11
3,5,0,12,10
4,2,5,2,10
5,12,7,0,0
6,15,0,17,11
7,13,8,3,16
8,18,17,13,2
9,18,2,10,7
10,19,17,12,2
11,14,17,15,6
12,8,12,13,16
13,14,1,10,9
14,0,4,9,11
