1
Grid:
60,60
..@.@..@...@..@...@@...@....@.......@.@@..@........@......@@
@......@.@....@...@.@....@..........@...@......@..........@.
..@@@..@@......@@@......@..@.@......@.@...@@..@.....@@.@....
....@.@.@....@.@@...@.....@@.@.........@.@....@.............
.@.@.....@..@...@....@..@..@..............@@.....@....@...@.
........@.@...@.....@....@........@.@..@..@@@...@.@.........
.......@@@@@..@.....@......@@..........@.@@..@.........@.@.@
@.....@@..@@......@@.@.@@@............@..@..@..........@....
........@@@..@.@.@..@@.@.....@.....@@@..@@@..@.@.......@.@..
@......@...@..@.@...............@..@.@.@.......@..@...@.....
....@.........@.@.....@...@...@..@.........@@....@......@..@
..@...............................@@...@......@@@...@@@@...@
.......@...@@...@@..@@..@......@...@@.@..........@........@.
.........@@@..@.@...@...@......@.@@...@@@.@.@@..@...@.......
...@@.@......@............@.....@...@@.......@..@...........
..@..@........@......@@..@.@@..........@@.@@...@.@@........@
@.@........@...@..@.........@@.@..@.@@@.@@..@...@.....@..@@@
@.........@@...@....@........@..@..@@.@.........@...@@..@...
....@....@.@@.@..@@.@..@@@......@.@@.....@@...@.@@.....@@...
.@...@@..@..@..@@.@...@....@@.@........@..@.@.....@...@.@...
@.@.@...@.......@.@@..@.....@@.@.@..@..................@..@.
.....@.......@.....@...@..@..........@.......@...@..@@.@.@..
....@..@@..@.@..@@......@.@..@.@....@..@....@....@@.....@.@.
...@@@.@...@@..@....@..@@...@............@.........@@...@...
.@.@@......@@@@..@..@..@@@............@.......@.@.......@..@
....@..@..@@..@@.@..@.@.......@@..@.@.@.............@....@.@
@.@.@.@...........@@........@.......@.@@@@...@..........@.@.
.@@@@...@...@@..@@.@..@@.@...........@.....................@
.@................@.@@.@....@...@.......@.....@....@..@....@
....@....@...@..@....@....@....@...@.@..@@..@.@@......@@.@.@
@...@@...@.@.@......@.@.@.@@...@@@.@@....@....@@....@....@..
......@@.....@@............@.....@...@......@.@...........@.
@@....@.@....@@@@..........@@..@...@.........@...........@@.
@.@@..@.@.......@.@@.....@.........@@.@@@.@@.@...@@..@..@...
...@.@.....@................@.@@.@.............@.......@@.@.
....@.@.@......@@@@..@...@@......@@......@..@.@@@...@@....@@
..@.......@.@@.......@....@@...@..@.@..@....@@......@.......
.@...@...@.....@@.@.@..@...........@@....@..@@@....@@.@.....
.@.........@......@@.@@@@.@.@.@...@.@.@...@...@.........@.@@
...@.@.@.@........@.......@.@...@..@..@@..@..........@.@....
...........@....@....@.@.@.@.@..................@..@@.@..@..
..@.@.@@...@....@..@.@.@...@....@..@.@@........@@.......@..@
@..@...@..@...@..@............@@.....@@............@......@@
..@...@@............@....@......@.@@@...@.@@@@.@...@@.......
..@..@@.@@...@........@.....@.@...@.......@......@.....@..@.
@...@@....@..@.....@...@..@....@.....@@.........@...@@@....@
@@...@@@.@@.....@@@.........@.........@.......@..@..@.@..@..
.....@........@@.....@.@....@...@.@........@.@..@....@......
@..@....@.....@..@.......@.@........@.....@.@.@..@.....@....
@.@.....@.@@....@.@...@.......@.....@....@...@...@......@@..
....@.......@..@@..@.@......@@.@...@@.....@.@.@.@......@...@
@.....@@....@....@.@.@..@.....@@.........@..@......@......@.
.@....@..@......@..@.@...@....@@..@.......@.@.@@..@.@.......
...........@......@@.@...@.@@..@.....@..@...........@@.@....
...........@@.@...@.@....@...........@@.....@............@..
....@@@..@.....@.@...............@.........@.......@.......@
.....@..@......@@.....@.@....@@..@.........@......@...@@...@
....@.....@.@@.............@@@.....@...............@@....@.@
..@.@...@................@..@@.......@.@@...@..@.......@.@.@
.....@....@.@....@..@@@............@.......@......@@...@@...
Agents:
50
0,31,25,12,6
1,30,49,55,54
2,31,51,5,5
3,23,57,23,59
4,20,13,41,43
5,52,0,1,1
6,0,9,4,38
7,12,39,1,10
8,40,3,55,23
9,2,13,2,47
10,3,56,11,57
11,7,37,30,54
12,9,55,10,9
13,21,20,9,46
14,20,10,43,31
15,29,30,48,53
16,48,37,11,30
17,7,45,44,32
18,45,46,34,27
19,7,34,52,51
20,45,27,45,57
21,49,34,44,14
22,13,2,24,41
23,53,48,55,47
24,3,57,15,11
25,39,40,12,42
26,46,26,11,56
27,34,1,3,34
28,9,10,35,14
29,45,7,35,9
30,24,22,5,54
31,49,52,0,55
32,49,32,14,53
33,2,44,18,38
34,10,53,14,42
35,57,6,1,19
36,51,46,53,51
37,36,29,58,35
38,49,6,31,52
39,33,10,4,4
40,6,5,5,1
41,0,40,2,48
42,0,34,17,42
43,15,34,48,22
44,41,15,7,2
45,52,26,14,30
46,45,20,42,5
47,26,37,36,22
48,58,32,40,44
49,39,19,42,11
