7
Grid:
20,20
....................
....................
....................
....................
....................
....................
....................
....................
....................
....................
....................
....................
....................
....................
....................
....................
....................
....................
....................
....................
Agents:
15
0,9,14,9,1
1,13,2,5,15
2,11,8,19,6
3,1,4,14,1
4,9,1,7,3
5,10,18,18,9
6,7,7,11,17
7,19,1,6,11
8,4,2,9,17
9,11,16,7,11
10,18,2,16,18
11,14,2,5,12
12,5,3,8,6
13,0,14,6,5
14,13,7,13,2
