6
Grid:
20,20
@......@.@....@....@
.......@.......@...@
.@...@..............
.......@.@..........
...@........@....@..
..............@.@...
....................
.........@..........
.@........@.@..@....
....................
....................
.............@...@..
.............@......
@.@.................
..@.@...............
@..@.@..........@...
..@.....@...........
....@...............
.@@.................
..........@.......@.
Agents:
25
0,1,8,5,19
1,15,18,9,5
2,4,11,3,18
3,15,12,17,18
4,10,7,7,7
5,6,15,7,11
6,6,14,2,13
7,15,7,6,19
8,0,10,6,12
9,8,3,3,0
10,5,7,18,8
11,0,8,6,2
12,13,5,2,11
13,9,12,7,6
14,16,11,4,9
15,17,19,4,8
16,4,5,14,1
17,4,4,12,1
18,2,8,18,18
19,9,9,18,10
20,8,13,11,5
21,17,10,14,6
22,0,15,12,4
23,7,17,6,15
24,18,16,16,12
