2
Grid:
60,60
..........@..@@@.@............@...@.......@@@...@.@..@...@..
@.@@.@......@..@.....@.@.@@.@.@............@..@@...@.@...@..
.........@..@....@.......@.@@......@@.@.@.......@..@@@......
..@.@.@...@...@.........@......@............@........@......
@.@..@.@.@..@..@...@@....@..........@@.....@.@...@@@...@....
...@@..........@@.......@@@@.....@@@..@@.@.@@.@.........@@..
.................@@....@.@........@.....@@@......@....@.....
....@@@..@..........@....@...@.@.@..@.@..@@@..........@..@..
.........@@............@................@@....@@.....@.@.@@.
.@.@.@....@..@@.@....@.............@...@.....@.@......@.@...
...@@@..@...@..@@.......@........@....@.....@..@@...@@.@@..@
...@@...@..........@@...@......@@.........................@@
@@.@...@.........@.........@.....@.........@..@....@.....@..
.@@@@................@....@...@...@...@....@..@.....@...@.@.
...@@.@..........@......@@@....@....@@.....@.....@.........@
.@.@@..@.@......@............@@...........@@@@.....@....@...
@.@....@@@...@.......@..@................@....@..@@.@@......
..@....@...@..@....@@....@..@...@.@...@..@..@..@@@@.....@.@.
@...@@@@@@....@..@....@@...@..@.@.....@..@........@......@..
.@.......@...@......@@....@...@.@.@@@......@.@@.@.@..@......
..@.@..@..@...........@.@..@..@@.@...@..@..........@...@....
@..@...@@@....@@@.@.@.....@......@@.@..@........@...@.....@@
...@........@@....@.@..@.............@.@...@.......@....@...
....@@.@..........@@...@.@.@@.........@@..@.@..@....@..@.@@.
....@@@.@@.@.@@....@.....@.@.@@...........@@..@....@.@.@.@..
.@..@.@............@...@@...@.........@.@@.....@@.........@@
@@.@@........@..@...@...@@.@.........@..............@@@.@...
.@..........@@.@.@...@...@@.@......@@@@....@.@.@....@......@
.......@@..@......@@...@@....@.@@..@...@.@@.....@@..@.@.@...
@@.@.@...@...............@.@..........@@...@................
@@...@....@@.@.@..@.......@....@..@...@@..@........@@......@
.....@...@.@..@....@@.@@..@.....@@...@@@..@..@..@...@@.@..@@
.........@....@.....@....@...@...@@...@...@...@@......@....@
....@....@.@..@........@.....@@.@@....@@.....@....@......@..
....@..@.@..@@.@.@..@..........@.@.@@.....@.@@.......@...@@.
.....@.....@@@@....@@..@..@@.....@..@.@@@.@@.@@..........@..
@...........@...@.@@@@....@@.@@@......@@.@.@..@.@........@@.
.........@.....@.......@..@@.....@............@...@.....@...
.@..@.............@.....@........@.............@...@..@.....
.....@.@.@.....@.@.........@...................@..@.....@.@@
....@.........@....@..@.@.@.@..@@...@@..@..@@.@@.@.@.@@@..@.
@.@..@.@@....@......@.......@.......@@@.@...@.....@........@
@................@@......@..@.....@@..................@@@.@.
.@@@.@....@@......@......@.............@..@@@@........@@....
..@........@@.@@@@.@.@.............@..@.....@...@.@..@@.@...
.......@.@..@..@@.........@.@.@@...@.@..@.......@..@@@.@@...
....@.@.@..............@.@....@...@............@..@...@@....
...@....@.....@.@......@@..@.@..@......@@@@@@...@...........
@....@....@....@...@@.....@@@.@..@................@.......@@
@....@............@....@...@.@.............@......@.@@....@.
..@..........@...@..@.@@...@@........@...........@@.........
@..........@...@@.@...........@..@.@.....@.....@...@@@......
........@@.....@@.@@@..@@..@.....@..@@.......@...@....@.....
....@..@..@.@..@@..@...........@@.@@@..@.....@.@.@......@...
@@@.....@.......@.........@..@@@...@.........@@......@......
@@@......@...@@.@.@...@...@@...@..@@.@@......@..@@.....@@..@
..@..@..@.......@...@@@..........@.....@....@.@@.@.@..@@....
.............@..@......@.@@....@@..@@..............@...@....
...@.@...@..............@...@..@..@@.......@@..@.@..@.@..@@.
..........@..@@....@.....@..@@.....@.......@...@.@@..@.@....
Agents:
70
0,28,16,32,56
1,3,50,5,10
2,21,50,12,55
3,5,28,53,48
4,42,22,49,44
5,5,48,54,3
6,19,16,49,37
7,44,51,54,6
8,59,45,18,55
9,44,5,37,2
10,30,9,17,33
11,14,56,22,53
12,36,10,7,13
13,15,10,0,56
14,9,24,7,21
15,8,22,10,20
16,26,39,11,34
17,14,10,46,51
18,24,36,19,3
19,7,10,29,41
20,25,56,11,9
21,53,38,14,10
22,27,7,19,28
23,32,12,16,25
24,5,10,9,11
25,53,55,33,2
26,13,45,18,59
27,46,32,50,9
28,38,49,57,28
29,33,40,26,23
30,40,56,20,44
31,50,32,38,39
32,6,33,50,7
33,26,22,3,13
34,38,34,35,25
35,40,33,56,57
36,16,36,25,39
37,51,20,15,38
38,42,7,2,19
39,38,57,58,22
40,17,15,27,58
41,45,18,47,45
42,56,38,57,4
43,50,34,49,3
44,31,36,27,8
45,23,12,5,7
46,57,9,6,10
47,26,55,16,37
48,0,58,16,32
49,46,28,31,36
50,56,30,51,28
51,30,20,57,6
52,38,37,52,21
53,54,25,34,51
54,50,31,44,34
55,10,35,48,48
56,6,6,13,54
57,36,47,53,29
58,32,4,43,23
59,38,42,26,57
60,54,47,33,5
61,6,39,30,56
62,45,25,24,26
63,39,19,4,41
64,44,24,59,6
65,44,0,59,41
66,5,51,8,12
67,9,12,33,13
68,9,34,47,12
69,58,12,33,48
