0
Grid:
60,60
..........@....@@.......@@.........@.@..@...@@.@@....@....@@
.@@..@..@@..@............@...@@.@...@..@.....@......@@@..@..
...@....@...@.......@@@.....@.@....@.@@.......@..@@..@.....@
.@...@....@.......@@..@.@..........@@.@@.@......@.....@.....
.....@@@@..@.....@.@@.....@..@..@.@@@..@@@...........@@.....
.@@.@@..@.......@.@...@@@..@@@..@...@@...@..@@@@.@@..@.....@
.@..@...@@..@.@@.....@@....@@...@.@...@....@...@..@@.......@
@@.@.......@.@....@.........@.@..@......@..@@.@..@.@...@..@.
....@@.@@@.@....@.@.@.....@@.@..@.@@@@.....@@....@@..@.@....
.@.........@.......@................@..@...@@...@.@@...@..@.
...@.@..@@@....@.@.....@....@@.@.......@@.@@....@...........
.@@@@@..@@@.@@@@.@.@.@............@..@..@..............@@@..
.@....@...........@.@@@@.@..@.@......@@.@.@@..@@@....@@..@..
.@@@@...@...@@@...@.@..@......@..@.@....@....@@..........@..
...@@...@@@..@...........@@@.@@........@.@..@@..@.......@.@.
@.@@@@.@..@.@@......@@@...@.@......@..@.@.@@.@.@@.......@..@
.@....@.@......@..@@..@........@...@@@.......@...@...@..@..@
..@@......@@...@.....@..@@.......@@.@.@..@..@..@@.@..@@...@@
.@...........@....@@@....@....@.@@............@@.@.@.....@.@
.......@..@@@@.@...@.@..@....@..@.@.@...@..........@@..@..@.
.@....@.@@...@.@......@@..@.......@.....@@.@.@@@...@..@...@.
....@....@....@....@..........@.@.@.....@..@..@....@........
@@@.@@@.@@......@....@..............@@@.....@.@.@.@..@@....@
.@...@..@.@.@....@..@..........@.....@@......@@@@.@......@..
@..@@.@.@@......@..@.@..@.........@...@....@........@...@...
.@..@..........@................@..@.@..@..@.@.@@......@...@
.@@...@.....@@...@.....@.@......@..@.....@...@@@......@..@..
..@@..@.@@...@...@..@...@.....@@..@.@@..@...@....@@....@...@
..@...@..@...@@..@...@.@@..@@@...@.......@.@.@.....@........
....@...@.@.@.@@@..@...@.@.@.............@@@..@@@..@.@@.@@..
@.@...@....@@.@.@.....@.@..@@@..@....@..@..@.......@..@.....
....@@...@@.....@....@.@@@..@...@....@...@..@...@........@..
@@.@..@.@...@....@......@...@@.................@.@@.........
......@.....@....@@..@..@.........@.@...@...@...@...@..@...@
.@@..@.@...@........@@...@@@...@.@....@.....@..@.@@..@@@.@@@
...@@@@.@@@@.@@.......@...@.......@.@.....@.........@.......
@....@@.@@.@.....@.@...@@...@..@....@..@.....@@@.........@..
.@..@.@.....@.@@.@........@@@.............@.@...@.@.@...@..@
@...@.@......@@@@......@...@...@..@.@.....@.@@...@..........
@.....@.@.@@..@..@...@.@....@@..@.@..@....@...@.@.@........@
....@@...@.@@.@@...@@..@@.........@@@..@.@.....@@....@...@..
@@@.@@.@.@....@...@@@@......@......@.@...@.@@......@.@....@.
.@...@.............@@..........@.@@.@.@....@@....@....@..@@.
.@.@....@@@@..@@......@......@....@..@@@..@@@..@..@..@..@...
.....@.@@......@@@@.@..@...@@@..@.@@@.@.@....@....@.........
.@.@........@....@....@@@@.@...@@...@....@.@.@.@..@@@.@.@..@
@@@..@.....@...@.@@@.@...@...@.........@@.@.@.@....@....@@.@
..@.@@.....@.............@..@.@.....@..@...@.......@..@.@...
...@@.@....@..@....@@.....@......@@...@@.@@......@.@@...@@..
.@...@..@.@@@.@.....@..@@.@...@..@........@......@@.@@......
..@@@@.@....@.@@..@@....@@.@.......@.@..@...@.....@.@...@..@
...@.@@@.@......@.........@...@@...@....@..@...@.@..@.@@.@..
..@@.@.@.@@.....@..@......@..@.......@@@@..@.@.....@..@.@..@
.@@@....@@......@.@.@..@@@..@@.......@...@@@...@@@...@..@.@.
.@..@@@@...@.........@.@@..@.@.@.@.@@..@.@@.@.@......@.@.@@.
...@.@@@@@....@@.........@.@@@.......@.@@.@@.@.@.@..........
.@..........@.@@.....@@@.@@.....@.@....@@.......@@...@@.....
.@@....@.....@.....@@.........@................@...@.@......
@.@.@........@@.@....@.@...@......@..@.@....@@.@..@.@@..@.@.
..........@@....@@.@.@@@.......@..............@@......@...@.
Agents:
35
0,26,38,18,34
1,39,57,4,42
2,35,35,16,28
3,24,54,59,25
4,0,32,55,17
5,33,35,34,28
6,46,53,57,18
7,57,39,41,33
8,57,11,19,23
9,14,18,44,6
10,19,22,39,4
11,55,12,57,12
12,1,28,42,24
13,32,52,35,32
14,28,38,43,16
15,45,30,50,53
16,46,20,24,58
17,52,27,2,47
18,24,27,35,48
19,41,59,5,48
20,0,39,1,37
21,41,16,33,32
22,13,17,1,11
23,37,20,53,21
24,22,12,33,3
25,42,55,46,12
26,33,22,4,13
27,54,26,25,14
28,25,53,55,23
29,25,51,8,33
30,22,42,51,24
31,19,27,23,26
32,4,13,13,48
33,28,52,32,39
34,11,11,16,11
