9
Grid:
20,20
..@....@....@..@...@
...........@@@..@@..
.@....@..@........@@
.....@@.............
.@...@..@.......@...
....@...@...@@.@@.@.
.@..@@...@..........
....@........@..@@.@
.@...@..@.@.......@.
.@.....@........@@..
......@...@.........
...@...@...@@..@@...
....@........@.....@
@................@.@
................@.@.
.......@@......@....
...@.....@@...@.@@..
.....@..............
@.@.@..........@....
.......@...@@......@
Agents:
10
0,14,1,3,4
1,1,19,0,17
2,17,19,16,18
3,10,2,11,8
4,2,8,1,15
5,0,14,1,1
6,19,14,14,4
7,4,2,18,6
8,1,7,16,15
9,11,4,4,17
