1
Grid:
70,70
@...@.@..@@.@.@..@.@.....@.@...@@.@....@@..........@@.@..@....@..@@...
..@@...@........@....@..@@.@....@..@........@..............@.@..@@....
.@..@.@@.@.@.@..@@.@@...@..@@@..@.......@@@@......@@.@....@@........@.
..@.@@.......@........@@..@.....@.@@.@...@.@@.@...@@.@...@@@..@.......
@.@.@...@..............@@....@............@....@@....@.@...@..@.@..@..
..@@@.@@@@@@........@...@.@@@.@..........@.....@.@.....@@......@...@@.
.....@........@.@@.@.@..@@...@..@..@..@..@..@@..@.....@..@.....@@.@.@.
@.@@..@.......@@@@..@..@...@.@..@..@.....@@@@...@@.@.@.@...@.....@@...
............@.@...@.......@.@@@.@..@@@.....@.@.@....@..@..@@.@.....@@@
@.....@...........@........@@@........@..@...@.@@.@.....@....@...@...@
.@......@.@.@@@...@.......@..@.@@..@...@...@.@.....@@@.@@..@.@..@@@..@
.@.@.@@...........@.....@.@.@@..@...@.....@....@.......@@.@.....@.....
.......@...@......@@......@@....@..@....@.@@.@...@@@...@@.@@..........
@.........@........@@..@.........@@...@@@.@...........@......@.@.@.@..
..............@@....@.....@.....@@..@......@....@@....@..@@@..@@@....@
...@.@....@..@@@...@@.@...@@@..@@@.......@....@.....@.@@....@..@..@.@@
@@@..@.@....@@..@................@....@.@@........@@...@@..@..@@@..@.@
@.@...@@...@..@@@......@...@....@@.@..@..@....@.@..@....@..........@..
@@.@.....@...@....@...........@@@..@@@......@..@@....@.....@.......@@.
...@..@.@@@..@.........@.......@.............@..@@.@.......@..@@.@...@
...@.....@.@.@@...@@.@....@@@.........@.@....@@@.....@..........@...@.
....@.........@.....@@.@......@@...@...........@.@@@...@..@@@..@...@.@
.@..@............@..@@........@...........@.@.....@.......@...@.@.@@.@
.....@@..@@@...@.@@@@@...@..@...@.@@.@.......@@@@.....@@@@..@..@@.@.@.
...@.@...@@.@.@...@..@.@...@@@.@........@@....@..@.@.@.@..@...@.@....@
@....@@@..@@.@@.....@.....@.@..@.@@..@..@..................@...@.....@
.@....@.@..@...@@@@....@...@@.@...........@...@..@.@@....@......@.....
.....@.@@@@..@..@.@@.@.....@......@......@@...@@...@.@......@@@...@@@.
@@@.@@@@....@@@..@....@.....@.@...@@.....@@.....@..@.......@.@@..@@...
...@.@.....@.........@.@....@@@...@.......@.@.....@..........@@@@.@...
.@@.@......@@@..@.@@...@...@..@@@@........@..@.@...@.........@.@.@.@@.
@.@@..@..@@.@.....@.@..@@@.@@..@@@............@.....@..@...@@..@@.@...
@...@..@.@.............@....@...@.........@@..@.@@.@@.@...@..@@......@
....@@.....@..@..@@@..@.@@@...@..@@.@.@.....@...@@.@..@.@..@.@@.....@.
@.@...@.....@.@@@.@@.@.@.....@.....@@@@@.@@.....@..@@....@.@.....@@.@.
....@...@.@.@@.......@....@..@...@.......@...@..@..@..@..@@..@@...@.@.
....@.....@@.........@..@............@............@...@......@....@@@.
.@..@..@..@.@@.@.....@...@............@.@@@..@..@..@....@.@@.@......@.
@..@@@...@...@....@..@...@@...@@@........@.@.........@.....@.@@.@..@@@
..@..@....@.........@...@.@..@....@.@....@.@@@....@.....@......@.@@@..
.@..@@..@.@.@.@............@..@..@....@.@@@.@....@.@......@@..@@......
..@...@@@@.@....@........@.@.@@.@....@....@....@.@..@.@........@@...@@
@..@...........@.......@..@@..@....@@....@..@...@.......@.....@@@...@.
.@....@..@....@..........@...@......@.....@@.....@@@....@....@....@@.@
@@.@.@@....@...@@..@....@.@@.@@@.@.........@...@...........@...@....@.
......@..@.@@...@@.........@...........@.@@@.@@.@...@.@@@.@@.....@...@
.@.......@@@.......@.@.@.@...@.@.@.@.@@...@......@......@.............
@..........@@@..@..........@@@.@.@@..@@....@.@....@......@....@.@...@.
..@@.@@@..@@@@.@.@..@....@.@......@.@@@..@@...@......@@.@...@....@....
.@..........@@@@...@.@@...@.............@@..@........@...@...@@.......
@..@.@.@....@....@.@...@........@.@.@.@.@.....@..@.@..@@.......@......
@.@...@...@@..@@...@.@..@.........@@...@@..@@..@......@..@.........@@@
.........@..@@..@...@.@@...........@.@@...@...@..@@.@...@.@...@@@@....
@@@......@@@..@.@.....@.@.@...@@.....@....@@..@@@....@@.@@@......@...@
.....@..@..@..@.@@.@.....@@.@@.......@..........@.@@@@..@....@.@@...@.
..@..@@....@....@@@...@....@@........@@....@@.@..@@.@@............@@@@
.@.@.@.@@...@.@....@@.......@....@..@.....@..@.....@...........@@@@...
..@@@...@@@....@..@..@......@.@.........@@@.........@@@.....@@@...@..@
..@.@...@@@@@....@@..@....@.......@....@@.@........@@....@.@...@.@.@..
...@.@.@..@.....@@..@@.@...@@....@...@...@...@....@....@..@...@@....@@
@.@@.@@..........@.@@...@..@..@...@@@...@.@.@..@....@.@...........@@@.
..@@@.@.........@@.@...@@..@.@@..@........@...@@.@....@.@......@@@..@.
.@@@.@...@...@...@@@@..@.@.....@@.@@......@@@..@.@..@@@..@..@@.....@@.
......@.@..@@......@......@.@@..@..@@......@..@.@.@@@.....@.@....@@@..
.@..@.......@.@..@@....@@.@@.@.@...@@........@.......@.@.@@..@@.@.....
.@.........@......@@@.@.@@....@....@@@@..@..@.......@....@.@.@....@@.@
@...@.....@@.@.@.@@@.@....@@...@@.@@..@@..@...@.....@....@...@......@.
@...@.@.@..@...@.@.....@......@....@..@...@@.@.....@.@@.@..@..@.@.....
..@.@...@@..........@....@..@.............@@..@.@......@...........@..
.@..@..@..@..@..@.....@...@@...@.................@..@.@@.....@..@@....
Agents:
60
0,15,11,37,34
1,34,3,17,40
2,45,36,7,57
3,51,8,9,63
4,60,53,30,69
5,7,37,68,6
6,6,67,58,16
7,27,38,53,6
8,26,35,13,7
9,46,58,57,34
10,1,31,16,26
11,11,59,25,45
12,62,30,56,58
13,11,38,21,64
14,6,15,67,3
15,58,29,35,27
16,62,26,29,19
17,33,55,3,48
18,8,1,35,36
19,48,0,11,61
20,31,62,31,62
21,10,16,12,64
22,32,2,48,29
23,51,45,45,4
24,26,10,26,39
25,52,3,37,29
26,5,58,69,36
27,26,43,14,6
28,7,18,6,36
29,39,47,48,35
30,64,67,39,49
31,42,19,51,60
32,24,16,54,31
33,33,6,43,60
34,24,61,9,16
35,68,18,62,65
36,27,4,26,2
37,38,47,13,56
38,47,59,66,58
39,21,9,2,15
40,49,9,33,7
41,48,35,45,25
42,30,54,20,35
43,68,12,5,51
44,44,13,27,15
45,12,20,69,15
46,54,20,5,44
47,9,16,52,47
48,19,53,11,4
49,68,15,52,28
50,37,24,33,57
51,28,15,48,39
52,44,64,20,58
53,30,14,34,54
54,19,15,66,9
55,26,69,35,60
56,6,18,52,18
57,49,16,48,21
58,18,61,12,0
59,45,10,48,68
