0
Grid:
70,70
@.........@.................@.@..@.........@..................@.@.....
...@.......@.@...........@..........@@@........@..@......@...@.......@
@...........................@...................@...@@......@........@
.@.@........@.............@.............@.@@@........@@..@.....@......
.@.........@.@.@...@....@@..@@.@.............@......@.............@@..
@..@.@..@@........@....@@.......@.......@.@.............@...@.........
................@.@.......@.............@....@........................
....@........@.......@..........@.......@.@...@...@............@.@....
..........................@@....@.......@......@...@..@......@....@...
..@......@....@...@......@...@..@@.@....................@..@...@......
...@...@........@...@@.@..........@@............@......@..............
.....@.@..@....@@@..@.@@.......@.......................@@......@......
.@......@...@..........................................@.....@......@.
...........................@..@.....@.....@......................@...@
........................@.....@.@@@.........@.........................
@@.......@....@...@....@..........@...@.@..@..@..@...@@.......@.......
...@@.@.........@......@..........@....................@.....@......@.
.@....@@.....@....@.......@.@.@..@......@.....@.........@...@.@....@..
....@@...@.@.......@.....@......................@.......@.......@...@.
@..........@@....@.....@..@....@@...........@.@..........@..@.@.......
...@..@....@..............@..............@@.@.@.@...@@@...@...........
..@..@.......@@.......@.....@.......@...@.....@...............@.......
.......@..........@.............@.........@............@......@.....@.
@.........@..@.....................@@....@.........................@@.
@.....@..............@..@@.@.@@...@...@..@..........@.................
....@.....@...@@.........................@.........@..................
....@...@..........@..@.........@@@..@...@.@@.@.@@.......@.....@..@@..
..@........@.....@.@@........................@....@...@......@........
.........@..@............@.@..@.@.@.....................@...........@.
.@.....@..@...................@....@.@..@.@...@....@..................
....@.@@.......@.....@......................@@........................
...@..@.......@@.@@@....@@@.....@@...@..........@.....@.@@.......@.@..
@....@@@........@.....@.@..@.@...@.............................@@.....
.............@.......@.@..@...@...@..@@........@..@@........@@@.......
.........@........@...........@.....................................@@
........@..@.......@@.........@....@.....@@..@...@......@..@.@........
.@.....@.@.....@....@.........@.........@..........@..@......@......@.
.@.........@@@...@..@.@.@....@.....@..........@...@............@......
.@.......@..@@...@....@@...........@@......@.@.....@.....@..@......@..
@..@.@....@@......@@....@..@....@........@....@....@......@.......@...
..............@.@@.@...@.@@..........@............@...@....@@.........
....@..@@.......@....@.......@......................@.................
@.@..............@..@..@..@.@.@..........@..@.@...................@...
..............@.@...@..@..@.........@..@.@.@.@..........@..@......@...
..@...............@....@..@....@@.......@.@...................@...@..@
......................@...@.@..@.@@......@.@.@...@....@......@........
............@...@.@.@.......@.....@.@...@..@.@.......@................
...@........................@....@.......@..@..@...@....@.@..@@...@@..
....@................@...@...........@.@..@..................@........
@....@.@......@.....@........@@...........@......@.........@.......@.@
..............@..............@......@.................@...@...........
.@.....@................................@....@.@...........@.@.@.@....
..........................@.....@.@..........@....@......@.@...@.....@
.............@...@.@.........@........@...................@.@...@.....
.@...@.............@...@...@@...........................@.............
....@...@.....@@..@.......@........@....@@...............@.@..........
....@.........@.....@....@........@...........@...@...........@@..@.@.
...@@.................@..............@......@...@...............@.@.@.
...@.....@.............@@@..........@@.........@.............@.....@..
.@.................@...@.......@............@.@........@.@.@.....@....
..............@....@...@.@@@...............@@..........@..@....@..@...
.........@.........@@...@@.......@.......@......@..........@..........
@...........@...@..@....@.@.........@.....@................@..@..@....
....@....@.@..@...........@......@......@.............@.@..@@...@.....
@.......@...@@............@.....@.@.....@.....@@....@.@....@@.........
................@...@.@..........@....@......@..................@.....
@....@.........@..........@...@.........@@.................@........@.
@......@..@...@...........@@..@..............................@.......@
......@..............@...@..@..@@@...............@......@.............
.........@..@.....................@@@....@.@.@.@...@........@.@..@....
Agents:
75
0,45,62,54,12
1,44,64,12,48
2,52,25,41,39
3,31,34,53,67
4,22,54,11,42
5,21,8,11,18
6,61,45,34,51
7,48,32,2,43
8,45,35,14,15
9,11,48,6,63
10,57,57,14,25
11,13,32,7,20
12,62,13,51,34
13,24,36,50,65
14,30,19,62,10
15,35,16,40,39
16,66,67,18,44
17,44,36,56,37
18,59,3,2,68
19,38,31,1,24
20,13,52,0,40
21,19,54,9,1
22,1,42,66,23
23,52,36,42,61
24,49,4,10,42
25,4,56,68,12
26,11,68,37,10
27,42,8,67,8
28,29,21,41,46
29,42,1,23,45
30,48,50,42,67
31,46,7,37,2
32,10,26,16,26
33,43,19,24,1
34,28,29,26,60
35,31,20,66,9
36,56,26,22,45
37,11,9,3,9
38,4,39,36,19
39,25,60,9,44
40,31,29,49,23
41,1,62,56,3
42,9,17,12,39
43,11,26,4,26
44,63,1,64,28
45,48,40,48,69
46,27,66,42,6
47,13,43,37,39
48,45,51,15,15
49,34,16,56,43
50,45,18,23,42
51,53,55,43,65
52,46,51,54,36
53,25,50,68,14
54,10,10,62,8
55,17,4,21,69
56,26,29,7,28
57,9,16,17,25
58,68,18,69,39
59,51,33,35,68
60,66,31,16,57
61,64,43,55,50
62,23,9,47,14
63,51,29,0,24
64,27,62,35,7
65,31,7,59,62
66,63,24,67,33
67,26,30,12,10
68,56,42,36,2
69,20,5,56,26
70,33,33,5,45
71,65,17,46,68
72,32,18,34,40
73,18,36,0,53
74,23,69,30,64
