1
Grid:
60,60
..............@............@........@..@@...................
..@.........@..........@....................@...............
...........@.......................@........................
......@.........@...............@..@........................
..@.................................@...........@...........
...............................@.....@.................@@...
.....@.....................................@....@.......@...
...@..............@...................@.....................
...............................@....@.......................
............................................................
.................................@.......@..................
.....@.........@........................@.......@...........
.......................................@.@@..@..............
...........@..............................................@.
..........................@...........@...................@.
..@......................@.........................@...@....
.........@.....@.......................@................@...
..........@.........................@....@...@.......@......
......@.......@.............................@@..............
.......................@@......................@......@.....
.................@.@..................@.....................
.....................@........@...............@@..........@@
...@...............@.............................@..........
.....................................@...............@.....@
............@.......@.......................................
...................@......@@................................
.............................................@..............
@....................@..@...................................
....@...........@......@....................................
............@.........@...........@............@............
.............@@...@....................................@....
........@.....@.............................................
..@....@..................@..@...@............@@............
......................@...............................@...@.
..@................................@.........@..............
..........@...................................@.............
............@..@.@..............................@...........
................................@...........................
............@...............................@...............
....................@...........@...........................
...@.......................@....@............@....@.........
...@................@.......................................
............@.............................................@.
.............@............................................@.
............................................................
.............@..............................................
....@..@.............@......................@..............@
............................................@......@........
..........@.................................................
..............@.........@.........@..@......................
.........................................@..................
....@....@..................................................
.........@..............@.....@.....@...............@.......
...........................@................................
......@.....@@................@..........@................@.
...........@................................................
..@..@............@.....@@...............@...@..............
.........................@.....................@.......@....
............@...............................................
......................@.....................................
Agents:
75
0,51,14,26,37
1,20,59,27,11
2,9,55,25,33
3,38,19,51,32
4,5,0,52,35
5,40,21,18,23
6,25,30,6,42
7,30,8,23,23
8,23,15,57,12
9,18,12,33,18
10,52,3,51,44
11,33,6,21,13
12,42,29,20,51
13,39,52,1,46
14,25,10,0,11
15,16,0,46,45
16,1,51,4,40
17,35,25,29,55
18,17,58,40,35
19,34,33,46,35
20,31,16,11,54
21,29,53,18,20
22,0,2,56,31
23,16,46,7,16
24,48,4,25,56
25,59,16,35,30
26,30,47,34,21
27,41,13,38,7
28,17,40,20,54
29,16,45,29,41
30,53,54,41,16
31,31,23,48,12
32,5,24,13,42
33,28,39,20,48
34,32,58,10,13
35,58,20,29,11
36,37,19,26,40
37,32,17,15,11
38,37,49,54,55
39,28,36,10,5
40,36,39,43,4
41,21,24,35,21
42,17,59,47,57
43,10,21,7,57
44,41,48,3,43
45,39,36,31,31
46,45,6,58,49
47,48,36,57,15
48,33,36,11,30
49,13,50,47,2
50,5,39,6,27
51,39,10,17,15
52,14,24,3,3
53,36,27,39,51
54,8,14,56,10
55,5,5,43,53
56,54,14,38,57
57,28,10,48,56
58,49,22,24,0
59,38,48,15,9
60,40,55,57,52
61,31,30,8,48
62,3,59,18,7
63,25,31,59,35
64,18,38,5,16
65,19,20,10,3
66,59,46,15,30
67,45,40,58,30
68,23,2,36,40
69,39,24,3,52
70,3,39,1,18
71,1,42,19,57
72,42,19,4,30
73,8,3,44,14
74,0,43,13,34
