1
Grid:
60,60
.....@.......@@@@...@..@.@@..@........................@.....
.@.@...@.@.......@.@.@....@.....@..@.@......@@@.@.@...@...@.
............@......@..@....@.@.....@.@........@..@...@......
.....@......@..........@@@.@@....@.....@......@..@.@.@...@..
......@.....@@.....@.@..@............@@...@............@..@@
....@.@.....@..@.....@@..@.@....@.......@.....@......@......
........@@..@......@..@@@.@@........@@.............@.@.@...@
...@..@.....@.@.......@@......@...................@.....@.@.
...@..............@....@....@@...@@..@@..............@......
.....@..@...........@@..@..@..@.......@..@..@..@@....@.@....
..@.................@@..@.@......@@.@.@..@...@@.............
..@...@..@...@.@.@........@@.....@@......@...@...@..........
.@@@............@..@.@.@........@.....................@.....
....@@..............@.....@.......@.@@.@.........@.@........
...@....@.......@..@.@..........@..@............@.@.@@......
.@@@.@.@.....@.......@@..@@..@......@@.....@....@..........@
@.@....@............@@...@.....@.@.@@...@......@....@.....@.
.............@.......@...........@@@.........@.@....@.@@...@
@....@................@@@@...@....@..@...@................@.
@.@...@...@..@.....@@...@...@...@......@......@..@..@@......
....@@@@......@..@.@......@....@.........@....@@.....@....@@
...@..@.................@....@....@@.............@.@.@.@@.@.
.@.@...@.@.@....@@.....@....@....@.......@......@..........@
.....@.@.@@..@.....@......@....@....@....@.......@.......@@.
@@@....@@.@.@.@...............@..............@..........@@.@
@.@..@..@..............@.@......@.@......@@...@............@
.@@.@@...@...@@......@........@..........@..................
..@............................@@......@..@..@.@...@........
.......@.....@.@....@...@....@@....@.@@......@.......@@.@...
@....@...@...............@.@.@.@.......@.@..@....@@........@
..............@........@.....@@....@@...@..@................
.....@@.@..@.@.......@@.@..@.....@.........@.@....@.......@@
....@....@................@.@..............@.......@.....@..
@..@.............@..@.@..@.@@.@..............@@......@..@..@
@.@@.....@.@...@.@.@....@@@..............@@@..@........@....
....................@.......@.........@..............@.@@.@.
......@..@.@@..@@.@.....@.@@.@.......@....@..@..@@..@.......
@.....@..............@.....@.@....@.....@.........@.....@.@@
...@@.@...@....@...........@....@@...........@...@.........@
@.....@.@......@.@.@...@......@................@@.@@@@......
..@.....@........@....@...........@.@.@......@..........@...
.....@...@@@@..........@......@....@....@@...@...@....@..@..
..@.........@......................@..............@@.....@..
...@..@@.@...@.........@.@....@.@...@.........@@....@....@..
......@...@.@@.@.....@@......@@..........@.@..............@.
.............@@......@...............@...........@...@......
..@.........@................@.......@.@@..@@......@.....@..
...@.......@@....@..@.@@..@@@@....@....@..........@....@.@..
..........@.....@....@.......@...........@.@.........@.....@
...@@@...............@.......@@..........@...@...@.@@......@
............................@....@.@..@@@.....@..@@@........
@@@............@..........@..@...@@.@...@...@....@.@...@...@
........@.@.@.....@@.@..@@@..........@@.@.@..@.@..@.@.@...@.
@..........@.@....@@................@@...@.@......@.....@..@
@.......@...........@......@....@......@...@....@...@.......
...@......@...............@.......@......@.@.@...........@..
@..@....@.......@...............@..@.@......................
.@@.....@........@..@..........@.@@....@.....@....@@.....@@@
......@......@....@.....@....@.@............@......@...@...@
.@@@..@.@.@.@.....@.........@............@@@.@.@...@@@......
Agents:
80
0,8,31,44,0
1,40,16,53,34
2,36,3,59,58
3,24,42,15,27
4,59,23,25,51
5,46,54,59,31
6,2,15,43,34
7,40,29,13,23
8,34,54,20,45
9,58,45,14,24
10,13,0,23,30
11,45,35,36,14
12,31,40,9,28
13,32,25,44,27
14,17,36,55,15
15,23,27,4,51
16,31,57,5,17
17,53,42,33,50
18,52,46,13,2
19,50,53,22,35
20,26,3,1,59
21,39,3,26,17
22,53,26,8,7
23,11,11,50,16
24,5,29,58,46
25,32,24,18,13
26,13,7,51,17
27,46,4,18,48
28,45,56,31,53
29,30,59,10,37
30,24,23,21,42
31,0,18,7,31
32,22,58,29,22
33,37,48,26,49
34,4,4,8,55
35,18,9,58,0
36,6,34,53,22
37,56,27,49,22
38,46,6,2,41
39,30,54,51,39
40,54,6,55,53
41,43,45,30,18
42,55,47,45,24
43,38,30,13,57
44,25,27,28,3
45,6,4,9,23
46,1,12,33,32
47,8,17,14,33
48,9,23,20,51
49,45,19,45,28
50,52,5,33,31
51,23,17,18,9
52,21,37,11,35
53,46,10,7,4
54,41,51,47,36
55,31,35,59,21
56,23,35,38,7
57,48,58,18,2
58,3,0,20,24
59,31,12,40,41
60,29,26,21,18
61,0,39,36,38
62,43,43,56,29
63,39,44,4,14
64,44,59,47,59
65,42,19,20,0
66,38,5,0,55
67,56,22,49,27
68,26,25,13,54
69,10,44,52,1
70,30,15,29,3
71,46,15,17,18
72,49,32,14,28
73,28,10,27,1
74,20,44,24,26
75,36,56,4,7
76,17,42,37,35
77,54,19,41,36
78,8,12,6,15
79,39,25,13,11
