0
Grid:
20,20
.@........@.@.......
................@..@
........@.@..@@.....
........@...........
.....@@.............
@..............@.@..
@.....@...@.........
................@...
..@.@..@..@.........
........@..@@.@.....
.@...........@......
.@@.....@...........
..@.@.......@......@
............@......@
.....@.@@@.@..@....@
..............@@..@.
......@.............
..@...........@@..@@
..@...@.....@..@....
.....@..@...........
Agents:
30
0,18,4,11,6
1,4,13,12,9
2,6,3,9,18
3,4,14,1,2
4,7,8,4,16
5,13,14,10,17
6,6,12,2,18
7,3,17,9,9
8,17,1,5,19
9,3,7,12,15
10,0,5,17,10
11,19,19,11,19
12,15,2,10,18
13,9,9,1,4
14,4,18,3,12
15,2,19,18,18
16,8,18,15,1
17,6,19,7,1
18,11,13,11,12
19,16,3,8,11
20,8,6,6,4
21,5,6,16,8
22,0,19,6,2
23,16,2,15,12
24,5,5,13,7
25,17,3,7,8
26,13,15,1,9
27,11,19,11,14
28,11,6,15,5
29,4,4,12,3
