5
Grid:
20,20
............@.......
@.....@.........@..@
.@@.....@...@...@...
@.@..@...@..@......@
.....@.....@.....@..
...@....@.......@...
.................@.@
.....@...@..@...@...
..........@...@.....
.........@..@.......
@.@..............@..
.@..................
@....@@...........@.
..@....@.....@....@.
.....@..........@...
...................@
..@...@.........@...
.........@..@.@..@..
.@......@@....@.....
@..................@
Agents:
25
0,7,10,16,15
1,0,16,10,13
2,17,7,0,3
3,12,9,18,15
4,11,9,9,19
5,11,13,19,1
6,1,9,5,4
7,17,4,1,5
8,3,10,17,8
9,3,18,5,2
10,13,16,18,13
11,4,12,1,8
12,15,18,14,7
13,18,10,10,5
14,14,19,10,7
15,16,3,7,11
16,11,17,14,3
17,13,15,15,5
18,15,7,0,18
19,5,15,19,9
20,0,19,5,14
21,17,0,5,13
22,18,13,19,10
23,16,4,3,16
24,11,4,6,16
