1
Grid:
70,70
......................................................................
......................................................................
......................................................................
......................................................................
......................................................................
......................................................................
......................................................................
......................................................................
......................................................................
......................................................................
......................................................................
......................................................................
......................................................................
......................................................................
......................................................................
......................................................................
......................................................................
......................................................................
......................................................................
......................................................................
......................................................................
......................................................................
......................................................................
......................................................................
......................................................................
......................................................................
......................................................................
......................................................................
......................................................................
......................................................................
......................................................................
......................................................................
......................................................................
......................................................................
......................................................................
......................................................................
......................................................................
......................................................................
......................................................................
......................................................................
......................................................................
......................................................................
......................................................................
......................................................................
......................................................................
......................................................................
......................................................................
......................................................................
......................................................................
......................................................................
......................................................................
......................................................................
......................................................................
......................................................................
......................................................................
......................................................................
......................................................................
......................................................................
......................................................................
......................................................................
......................................................................
......................................................................
......................................................................
......................................................................
......................................................................
......................................................................
......................................................................
......................................................................
......................................................................
......................................................................
Agents:
80
0,34,24,12,55
1,55,62,24,46
2,18,22,15,9
3,28,65,57,51
4,15,40,2,45
5,2,57,20,2
6,65,69,43,16
7,61,48,43,5
8,57,20,48,55
9,46,15,48,22
10,58,40,53,57
11,13,38,10,20
12,1,12,58,17
13,20,14,45,45
14,35,55,30,37
15,36,7,68,40
16,25,67,55,49
17,59,17,4,1
18,55,16,58,38
19,15,59,25,4
20,6,69,48,29
21,16,0,9,56
22,53,67,5,6
23,5,11,59,63
24,16,40,15,60
25,35,47,40,19
26,63,14,48,7
27,28,64,8,59
28,10,16,4,15
29,60,5,27,19
30,2,13,11,4
31,29,29,22,31
32,4,64,60,17
33,31,68,38,31
34,10,43,0,60
35,63,41,61,36
36,4,57,48,19
37,8,59,15,57
38,24,12,30,18
39,55,3,9,11
40,6,8,41,67
41,67,64,55,68
42,20,58,55,45
43,13,11,40,1
44,39,65,21,10
45,6,39,45,67
46,25,9,44,27
47,56,62,30,53
48,39,56,56,6
49,66,58,26,57
50,35,7,37,8
51,1,42,21,44
52,47,64,54,65
53,42,6,6,4
54,5,39,3,22
55,39,67,46,10
56,31,56,65,34
57,69,63,4,5
58,15,34,64,32
59,9,15,18,8
60,50,20,64,56
61,29,14,37,21
62,36,23,43,6
63,15,65,19,22
64,0,16,44,68
65,19,37,43,21
66,16,66,8,63
67,38,69,9,35
68,7,25,26,36
69,17,25,31,49
70,16,7,62,30
71,5,69,52,40
72,25,8,37,68
73,7,39,33,25
74,10,63,25,0
75,46,4,30,61
76,46,50,11,51
77,8,14,28,48
78,48,56,53,0
79,5,23,31,2
