2
Grid:
70,70
.....................@.......@.....@.@@...........@.@@..@.......@.....
.......@..............@.@......@.........@....@..................@.@..
..@@@..@..@.....@.....@..............@@........@@.....................
.....@.....@..@..@...@..@....@...@@.......@.....@@.......@............
........@...@..............@.@..........@............................@
........@.......@..@........@.....@...@...@....@...............@..@...
...............@......@......@........@@.........@.@@.@@........@..@..
.@....@.@..@.@@.....@.@.....@..@............@.@...@....@...@@......@..
.................................@.....@...@.......@............@.....
.....@..@.......@..@.@..@@@.....@.....@..@......@..@........@.@@......
......@...@.........@.......@....@.................................@.@
......@.......@........@...@..............@@@.....@....@..@..@....@...
........@.....@.@....@...@.@..@.........@@....@@...................@..
...@.@@.......@.......@...........@......@....@.@...@..@@.............
..@.............@.....@@.@........@.@....@@@............@...@....@...@
....@@.@...........@................@...@.......................@.....
.............@@..@.......................................@...@........
.................@@.@.....@.......@........@..................@.....@.
.@...........@.@@.........@@....@.......@......@.@.....@@@.....@......
...@.......@@...........@...@.@..@..@@.@.@....@................@@@...@
.....@...@@.....@...@...@.......@@...........@.@....@......@.......@..
.@@..@..@....................@..@.@@..@...........@.....@.........@...
.....@.......@....@........@.....@...........................@......@.
.....@....@.......@.@...@@.............@@..@@.....@....@.@.@..@.......
.....@.....@........@.@....@.@.@......@......@.........@..............
.@............@..........@..........@.@......@..@..@........@....@....
........@......@.@.................................@....@..........@..
.......@.....@.............@.@@.@........@.@......@.......@.....@.....
@.@...........@...@.........@....@.@........@.....@.........@...@.....
@....................@.............................@...@.@....@.......
@.@.@@........@....@..@@....@..@@....@.........@......................
.......@@................@.........@...................@..@......@..@@
..........@......@..@.@.....@....@@..@......@.@.@...@@.@@.......@.@...
....@..............@..@.@@@.......@....@......@.......@........@......
............@....@......@.@................@@....@.......@....@...@.@.
.@.......@.@...........................................@............@.
...@.......................@............@......@.....@.......@.@......
..@......@..@.....@..@@..@....@..@..@.@........@......................
...@@....@@............@......@.@....@...........@.......@........@...
.....@.........@....@...@......@@............@...@@..@.@..........@...
........@@.......@.................@.@.....@@.....@......@..@.@.......
...@..................@....@...@.@.......@.......@...........@@.......
..............@....@...........@@..@.@.............@.......@..@.......
.....@..............@...@...@.......@.....@.......@..@@...............
........@........@@.......@.........@.........@@...........@..........
...@@.@......................@........@...............@..@............
......@........@..@..............@..........@......@..........@..@....
.@.........@@@..........@@.@.......@....@........@......@@@.@@........
.....@..@@.....................@....@......@@.......@.@....@..@.......
@.@..@..@.....@......@........@...................@@.....@.......@..@@
...@.............@...@.................@............@.@.....@.......@.
@.................@..........................................@@.....@.
@.@@....@......@...@....@......................@.......@.@.@......@...
....@............@..@.......@...........@...@....................@.@@.
...........@...@.....@@..@.@...................@.....@............@..@
...........@..@...@.@......@.@.@..@@@.....@.@.............@.@..@@.....
.@@..@....@@@......@..........@.@.........@......@@........@..@....@..
....@....@.............@...........@...@@.@.......................@...
..........@............@..............@...@.......@@@.@...@.....@.@...
@.@..............@............@...........@@.@.....@@...@@....@..@@...
..........@@.@.@@........@....@....@...@..........@.............@@.@.@
..@..@..@.........@...@......@............@.............@..........@@.
.........@..............@.......@..@@...................@........@....
@..............................@........@....@.@.....@.....@.....@...@
...@.......@...@..@@......@.....@...@..@.................@@..@.......@
........@@..@@...@...@.......@..........@@............................
....@......@@.@....@....@...................@.....................@...
..@........@..............@...........@.....@@.......@...@..@@.....@@.
@..@........@@.......@....@......@...@.....@..................@....@..
.@.@@.................................@......@..@.....@..@.@...@......
Agents:
55
0,59,21,41,68
1,18,66,41,1
2,30,66,35,14
3,55,51,25,19
4,22,29,61,27
5,7,66,9,28
6,29,53,16,60
7,2,25,57,7
8,19,55,23,7
9,66,36,57,63
10,65,47,43,10
11,47,48,43,8
12,41,63,10,31
13,55,52,50,63
14,50,8,54,5
15,41,65,36,26
16,55,47,42,26
17,15,15,14,9
18,47,9,32,11
19,52,33,37,23
20,67,25,36,17
21,7,63,0,66
22,57,41,59,22
23,21,43,8,15
24,26,0,16,59
25,4,22,40,4
26,26,40,1,5
27,19,51,26,41
28,25,62,49,45
29,66,40,66,33
30,48,68,5,67
31,25,34,69,25
32,68,57,10,0
33,33,56,64,64
34,47,10,13,17
35,2,32,24,44
36,39,39,8,61
37,40,53,45,50
38,60,0,55,17
39,42,11,8,34
40,49,63,28,65
41,52,40,11,3
42,60,32,16,11
43,65,66,9,7
44,54,60,26,31
45,37,27,53,50
46,46,8,12,39
47,42,33,15,22
48,10,16,1,18
49,67,42,38,62
50,53,56,4,6
51,69,36,1,51
52,60,24,59,33
53,60,55,8,50
54,16,54,68,64
