2
Grid:
70,70
..@@...........@.............@........@....@...@@@@...................
......@.......@@..@..@....@.........@............................@....
.............@.@...........@........@@..@............@..@......@...@..
...........@..................@.....@.......@.........@............@..
......................@.....................@.@..@.................@..
....@............@..........@..@.....@.....@....@@........@...........
..............@....@........@.@.......@.....@.......@...............@.
.....@..@.................@..@...@........@......@.................@..
.....@...........@...........................@@.........@.@..@.@......
..@.......@..............@....@..................................@....
.............................................@........@..@.......@..@.
..................@...@.....@.@...........@....@@................@....
..@.@..........................@.....@.......@.@...............@......
..@...@.............@..@.......@......@.............@...........@.....
..........@.............@.................@...........................
@.....@.......................@.......@..@..........@......@..........
..@@....@....@..............@.....@.....@.............................
.............@.........@........@.........................@.....@@....
....................................@....@.......@....................
................@...@@...@..............................@@.........@..
@.....@.......@.@...@...@....@............@...@..@.............@.@....
...@...@...@@...@............@....................@.........@.........
......@...................@.......................@.......@.......@...
................@..@..................@.............@.@.......@.......
....................@.@...........@..@.....@..........................
.......................@......@...........@.......@.........@.......@.
.........@.....@..........................@.........@.................
...@...............@........@.............@....@......................
..@....@.....@..@...........@..................@..............@.....@.
......................@....................@..........................
.................................@......@......@.........@.@.....@....
....@@....................@.@...@.......@..@.....@............@...@...
..........@..................@................@@..@..................@
..@..............................@......................@....@.....@..
....@....@........@@........@.....................@..@........@.......
....@.@.................@.............@..............@..@..@........@.
@......................@............@.......@.@.......................
.@........@......@..@@...@..........@..@@....@...@..@.............@...
............................@.........@....................@..........
.....................@.......@..........@@........................@...
..........................@..............@........@...................
.....@.......@...@......@....@..........@......@@.............@.......
......@.......................@.@...@........@.........@......@..@@...
.......@@.......@..@...........@..........@....@..@.@........@.......@
.@.@........@.......@.@...@..............@.........@..............@...
...........@.....@......@.....@.........@.........@@..................
........@@@..@.......@......@...@..@...@..@.................@.........
@..@............@.....@........@...............................@......
.......................@...............@.......................@....@.
......@.@@.@..........@..@@..@...................@...@....@..@@...@...
.@...............@.....@..............@@@........@........@.......@...
.@...........@....@..............@........................@...........
..................@...............................@.............@.....
...@.....................@.........@....@..@@............@............
..........@....................@..@.....@....@.......@.....@..........
....@@..@..................@@...........@......@.....................@
....@.@.......@.......@.....@.@.............@.....................@..@
...........@....@...@.@...@.................@..............@..@....@..
...@.@@.@.....@...@.....................@..........@.............@....
.....................@.....................@.........@..........@.....
.....@.............@...............................................@.@
..@........@@.........@...@...@...................@.....@@..@.........
@...@...@..........@..........@................@.....@@.@.@.@..@......
.....@......@.@..........@...@..@....@......@................@......@.
.................@...................@.........@.....@.......@.@......
..................@......@...........@.............@..................
.......@...................@..........@............@.............@@..@
..@.............@.....@.................................@.......@.....
......@......@.........@.........@....@............@@..@..............
....................@....................@.....................@......
Agents:
80
0,16,9,69,34
1,30,3,44,23
2,11,33,45,38
3,45,66,50,30
4,22,3,60,34
5,15,10,24,26
6,56,64,58,48
7,50,55,25,21
8,37,19,10,58
9,21,67,24,53
10,45,5,2,65
11,43,55,33,15
12,34,47,5,56
13,16,23,17,63
14,47,29,16,27
15,39,20,1,59
16,51,12,64,44
17,66,33,12,26
18,9,55,9,60
19,50,11,2,38
20,4,0,5,7
21,31,51,67,10
22,1,57,65,47
23,53,48,10,60
24,13,56,29,15
25,9,69,60,49
26,36,45,60,54
27,39,34,60,10
28,17,21,40,6
29,18,62,6,67
30,34,64,38,9
31,64,21,38,15
32,12,38,28,50
33,59,3,21,39
34,9,36,55,50
35,17,34,67,48
36,1,43,4,19
37,45,29,56,8
38,40,69,40,33
39,16,52,61,17
40,11,17,68,2
41,57,40,30,46
42,45,21,62,14
43,64,44,32,27
44,62,11,24,46
45,35,37,29,24
46,57,49,21,36
47,44,14,49,41
48,58,9,31,44
49,47,43,36,5
50,9,63,23,41
51,21,57,32,33
52,59,57,68,7
53,51,19,60,66
54,52,47,15,61
55,34,42,0,5
56,62,38,2,20
57,8,34,16,58
58,67,59,12,35
59,41,60,35,23
60,7,56,67,50
61,64,65,66,25
62,54,25,58,49
63,10,7,58,23
64,5,38,59,28
65,35,45,22,5
66,31,52,24,14
67,0,7,23,26
68,55,50,46,55
69,46,43,4,54
70,35,54,67,37
71,15,2,52,37
72,22,20,0,32
73,0,12,6,58
74,45,62,18,42
75,40,18,30,5
76,56,34,38,57
77,3,26,57,40
78,8,38,2,28
79,46,14,8,15
