1
Grid:
70,70
........@..@..@.........@....@@.@....@..@..@....@.@.......@.@@...@....
...@..........@...@.@@@...@@.....@..........@....@..@..@...@....@..@..
.@...@.@......@.......@@..........@...@...@@@..@..@..@...@............
.@.....@@.@............@......@.@.......@.@.............@..@...@....@.
.......@.@...@@........@....@...@.@..........@@.@..@.@...........@..@.
..........@...............@@.........@...@..............@...........@.
..@..@.@@@..@....@......@....@.@.@..................@.@@..@.@......@..
.@.@.....@..@..@.@.@..@..........@.@@....@@@..@.@....@...........@...@
...@@........@..@..@@......@@@@.......@.@.@........@...@....@@@....@..
...@......@......@........@...........@....@.@..@....@................
......@@.......@.....@@.@.......@...............@.......@.@@...@.@....
..@.@..........@@.......@...@..@..@.@.@.....@@...............@@.@.....
.@..@.@....@......@@@.......@.@.....@...@.@.......@@..........@..@....
.........@.....@..............@.......@..........@@@....@.@.......@...
........@.@.@.........@@@.........@.....@.........@....@.@.........@.@
.....@@.@......@.@..........@.......@.....@.@....@@.@@..@@..@..@....@.
.......@......@@...@.......@..@@.............@.....@@...@.@@...@.@@...
..@..........@@.@..@...@@.....@..@......@.@.@.....@...................
...@...................@..@........@.............@..@.@.@............@
...@@..@..@.@....@....@@.@..@..@.@.............................@@@...@
@......@...@.....@....@.......@@.......@..@....................@@...@.
.......@....@.............@@..@@.....@...@@......@....@........@.@..@.
......@.........@.@.@@@..............@..@.....@..@...@.....@........@.
.@..@.@.@.@..............@.....@..@...............@..@@..@............
..@.....@.@@@@........@@..........@......@..@@..@..@......@...@.......
@....@..@..@.......@....................@....@.@...............@.@....
@..@@...@.....@...........@.....@..@.@..@........@.@.@.............@..
.@................@......@.........@......@....@@.@..@.......@........
@.@.@.......@..@................@...........@........@@.......@.......
@..........@...@.....@.@.........@...@.@.@@..@@.....@..@.@.@..@...@.@.
@........@.@....@@........@...@........@@@......@....@...........@@...
@...@....@........@.@@.@......@......@......@.@.@.@....@@......@..@...
.@@..@..........@............@..@....@...@@..@....@.@...@.@........@..
............@..@...@.............@.@.........@.@...............@......
......@..............@...@@......@..@......@.......@.............@....
....@......@......@.@.....@......@...........@.@....@.@....@.@...@.@..
...@.@.@.@@@@..........@............@@@........@.........@.......@..@.
....@@....@......@...@..@@..@.@....@...............@.@............@...
....@.....@...@............@....@..@.........................@...@....
@.....@.....@........@....@@...@..@..@..........@.@......@.....@......
....@......@@@...........@..@@.@......@.....@.@....@@.@..@....@.@.....
....@.@.@.......@@@..@.......@...@.@@...@..@@...........@.@@.@......@.
.@....@.@@..@.....@@..@.........@...@@..@.....@.@..@@@.@....@..@...@@.
.@..@..@..@................@@....@@.@..@.@@........@..@..@.....@......
@..@@@@....@....@.....@.........@@......@@..............@...@.@.@.....
......@...@..@......@..@.........@.@@..............@.....@..........@.
...........@@.....@..@@..@.......@@..@.@....@..@.......@..........@@.@
.................@.@..@....@.@...@@..@..@..........@.@.......@@..@.@..
........@....................@.@.@.....@.........@.....@@..@......@.@@
.......@@...@.@.@......@.......@........@.........@.....@..@..@.@.@..@
...@......@..........@.............@.@@.@@........@..@@....@.........@
..@@..........@@@.....@@.@...@.......@.@.@............................
....@.@.@.........@............@.........@@...@.....@@.......@.@......
.@...................@@.@....@........@...........@..@...@............
....@.......@@......@....@@............@.@@.....@..@@.....@...@....@@@
.@.........@@@..@.@.....@.............@.........@@.......@.....@......
.........@..@..............@..@.@.....@....@...@..@.......@....@@.....
@........@@...@@.@.@@...@..@..@..@.........@.....@...........@....@.@.
..@.........@@.......@.@@.....@..@...@....@.@.........@..@.@..@.@@....
...@.@............@.@....@....@@....@..@......@..............@..@.....
........@...............@......@..@@.......@......@......@.@..@.@.@...
..@.@@@.......@@@.@.@.@..@.............@.....@@..@.@.......@..@....@@.
..............@....@.@......@.@@.......@..@.@.......@.@..@.@.@.@.@..@.
.@....@.@...@.......@..@....@@......@..........@...@.......@..@..@@.@.
.......@............@..............@.......@....@@..........@.........
......@...@@...@..@.@@...@.....@...@..@@.@.@....@.@@......@.....@@....
..@................@......@...@......@@.@...............@......@.@.@..
..@..@.@......@@.@..@..@...........@....@@.@....@@.....@..........@@@.
@......@......@.......@.........@..@.......@.@.......@@..........@..@.
..@@@@.@...@.........@.....@.....@.....@....@.@.......@.......@.......
Agents:
55
0,5,1,25,23
1,16,5,64,57
2,21,66,8,39
3,24,67,11,50
4,59,63,27,37
5,30,47,14,48
6,1,2,53,68
7,0,23,67,64
8,27,49,41,38
9,40,33,65,59
10,50,44,48,17
11,25,51,22,60
12,37,57,40,7
13,38,42,23,28
14,64,57,56,10
15,47,12,42,11
16,21,52,56,7
17,41,47,36,19
18,38,3,28,38
19,1,63,14,13
20,47,59,38,38
21,57,67,46,1
22,41,65,51,31
23,0,2,37,2
24,25,57,17,7
25,29,53,34,68
26,64,13,13,55
27,56,3,30,3
28,27,58,21,15
29,54,50,29,54
30,55,35,4,39
31,12,33,21,9
32,55,44,25,42
33,65,28,32,14
34,56,26,45,27
35,4,0,63,30
36,25,39,26,2
37,53,26,20,61
38,52,47,49,43
39,44,53,65,3
40,17,57,39,5
41,65,24,30,2
42,48,13,28,5
43,6,44,44,25
44,31,51,4,60
45,53,2,60,3
46,43,24,3,66
47,12,5,32,27
48,53,36,9,2
49,16,50,26,17
50,62,0,32,49
51,9,23,20,14
52,33,17,60,21
53,20,1,41,39
54,6,6,17,66
