2
Grid:
60,60
...@@..@...@.....@..@@........@.@@..@@@....@.@.....@..@@..@@
@...@@...@..@....@..@..@.@.@@.@...@.@@.@.@@@@.@...@@@@..@@@@
.@...@@..@...@.@..@...@.............@@....@........@....@.@@
......@.@@@@..@@@..@......@....@@.......@.....@@@.....@...@.
.......@@@.@..@.@.@@@...@@..@@@.......@.....@@@..@...@@.....
.@@..@@@@.@@.@.....@..@........@@@@..@@..@.@......@......@@@
..@...@.@@...@.@@......@@...@......@.@......@.......@...@...
....@@.@@@..@.@......@...@..........@...@@.......@@@........
@.......@..@@.@....@...@.@......@..@@...@..@@@..@.@.@..@....
.@....@....@@.@@..........@..@....@...@@@@@.....@.@@.@...@..
@@..@@@.@.@.@.@.@.@@...@..@....@@.@.@@....@@..@.@....@....@.
@.@...@...@@............@@.@@.....@@@.@@......@@@@.@........
..@.........@@..@.........@.@......@......@...@.@.@@@.@..@..
.@.........@....@..@..@@...@...@@..@.........@@......@.@....
@@@.@@.@..@.........@.@..@........@..@....@..@.@.@@....@....
.@..@@...@......@.......@@@@@@...@@...@..........@....@..@..
@....@.@.@.@@@@.@...@..@.........@@..........@....@.@....@@.
............@@@@..@.@.@.@.@..@.....@.@@..@@@@.@@@..@@@.@.@@.
@....@........@.@......@@.@......@.........@....@...@@.@....
.@@...@.@.@@.@@..@@.@@..@...@@@.@@...@@.@..@...@@.@@@@....@@
@@.....@..@.....@..@@@@@..@...@@.@@.....@..@..@@...@...@....
.@.@@..@.....@..@...@..@@..@.@..@...@...@....@@.@.@@...@@..@
@...@.@..@..@....@..................@.@.@.@@..@.@...@.@..@@.
...@.......@.@@@@..........@@@.@.@.@....@@..@....@...@@@..@.
.....@....@...@.@...@@............@...@.@..@..@@@.@.@...@.@.
.............@.@@..@..@....@......@@@..@@..@@.....@.........
@..@@.........@@...@..@@@.@......@@.........@.@@.@@......@.@
@@..@..@@@...@@.....@..@........@@@.@@.@.@@.@@@@....@.@@....
..@@..@.@@..@...@............@..@....@.@@..@.......@..@@....
.@.@.@.@.@..@..@...@.@@@.......@......@@@.@...@@...@..@...@.
..@....@...@.@.@..@.@...@......@@.....@.@...@.@......@......
....@.....@......@..@@@@.@@..@..........@......@...@.@@@....
@...........@@@..@..@@...@..@...@.....@...@@...@......@.....
.@..@@...@........@.@.@.................@........@..@.@@....
..@@..@..@...@.....@@..@.@.@@@@.@.....@.@@..@.@@..@@.@@@....
..@..@@.@@...@..@.@@@@@.@....@.@..@...@..@@..@@.........@@..
..@.@.@.@........@...@@.........@@@.......@..@...@.@@..@....
.@.........@..@.@...@.@....@@..@@.....@.@@....@@.@...@.@....
@.......@.@......@.@@.....@....@@.@..@@.@@.............@....
...@@@..@.@.......@.......@.............@.....@@....@.......
.@@@........@@.........@@@......@....@..@@....@.@....@.@..@.
......@....@......@.........@.............@@@@.@....@...@...
@.@@.....@@.@..........@..@...@.@.@...@.@.....@........@.@..
@....@....@...@.....@...@@.@..@@.........@@..@..@.........@@
..............@...@.@.....@@@.@@@@@....@....@...@...@@.@...@
..@....@.@...@@@..@..@..@...@...........@..@@...@.......@@.@
....@@@@..@...@@.......@..@.@..@..@@.@@@.@...@@..@@.@...@.@@
..@.@.@.@....@..@..@@..@..@..@...@@.....@..@.@.@....@.@.@...
.....@....@....@......@.............@....@...@@@...@.@@@.@..
............@....@..@@....@..@..@....@@@.@.@....@..@.@.@@...
..@.....@.........@.@.@@..@@@@....@..@..@@.@..............@.
@@@......@....@..@@.@.@....@.@@.@@...@...@......@..@.@..@.@.
......@..@.....@.@......@..@.@.@.@...........@.@....@....@.@
@..@..@@...@.@.....@.......@@@....@..@..@...@..@...@.@......
..@...@@....@...@..@...@...@........@...@.@@...@@@.@........
.....@@.@.....@@...@......@@.@...@.@.....@@.@..@.@..@.......
.@.@....@..@.......@@...@.......................@@..@.@...@@
............@........@.@....@......@@....@...@...@..@....@.@
@.....@@....@..@...@.@....@....@@@...@.@@......@.......@@.@@
..@......@@...@@..@......@......@.@.@@.@.@....@......@.@..@.
Agents:
45
0,46,18,10,55
1,35,54,24,59
2,51,42,14,8
3,5,35,40,30
4,40,28,35,27
5,25,28,39,48
6,16,18,12,22
7,20,57,58,24
8,10,47,42,25
9,21,34,7,30
10,39,13,46,43
11,24,42,37,30
12,52,46,41,12
13,57,17,2,53
14,52,20,41,59
15,55,50,38,58
16,51,23,37,12
17,50,56,33,14
18,32,31,38,46
19,21,53,46,51
20,23,47,20,28
21,3,18,17,8
22,32,55,41,19
23,13,5,41,32
24,49,11,16,42
25,41,7,21,57
26,53,38,43,47
27,5,24,15,45
28,59,24,52,20
29,31,42,7,46
30,19,25,26,31
31,1,7,34,56
32,52,53,9,55
33,4,10,4,10
34,18,4,21,18
35,6,49,57,16
36,1,40,46,22
37,41,53,41,3
38,34,12,13,38
39,41,51,9,8
40,53,39,45,22
41,38,18,37,18
42,52,35,4,36
43,47,49,19,36
44,35,48,19,39
