1
Grid:
70,70
..@...@...........@......@.......................@............@.......
@..............@....@....@...@.........@@....@.@......................
.......@.........@......................@.....@.....@...@...@......@..
@.......@.@....................@...........@...@...@...@............@.
@@..@@...................@....@...@................@@.................
.........@........@@.....@.@.......@..............@...................
.....@.@...@@.....@.....@..@......@............@...@.........@.......@
........@.........@..@..@...@.....@..............@@.....@@@..@......@.
.......@@............@........@...............................@.....@.
...@...........@...@...........@@.....................................
........@.............@@.....@...............................@........
.......@..............................................................
............@..............@..................@.............@.@.......
.......@.........@.....@......@.........@....................@..@.....
....@........@....@...........@..@...............@....................
.............@............@..@.........................@...........@..
.............@..@....@................@..@.......@.....@..@.....@@....
.......................@.................@......@..@........@........@
............@@@.............@..@..........@..........@................
..........................@........@.@......@........@@...............
@...@....@..@....@.@.....@.....@@.............@..........@...........@
...@@@.........@................@.......................@...@..@......
................@.....................@...............................
@............@.....@..@.......................@..@....@......@........
...@.........@.............@@................@...............@....@...
.......@.....@@..@...............@........................@.@.........
...@.....@@.@..@@..@.....@@......@.......................@@...........
..@@@.@..@..@.........@........@......@@........@..@..................
................@..........@...@......................................
......@...@...................@...@..............@................@...
.@.......@..........@.@......................@.........@.............@
................................@.@..........@@.......................
..@..@@@.....@.........@..@..@..........................@........@....
@.@@.@..................................@.....@.@...............@.....
...........@................@.........@.............@...@........@....
@...........................@..................@.@.....@..............
...@@........@....@........@.@..@.@......@............................
@.............@@....@...@......@.............@.......@...........@....
...@...........@.@.@..............@..@..@.........@........@.@........
...@.@........@...@.......................@..........@@..............@
.........@........@..@....................@...................@.......
.......@............@................@@..@............................
.................................@....@...@@.@.......................@
..............................@...@............@....................@.
...........@..............@....@.............................@........
..@..........@...........................................@@...........
@.................@.......................@..@...@.....@..@...........
.......@............@...@.........@....@..............................
.............@....@............@......................................
.....@.@.........@............@......@........................@@......
.@@..@.........@@.@.@....@......@..@..@..@...@......@....@......@.....
.......@.......@@.....@...............................@@.@..@.....@...
............@....@...........................@......................@.
......@........@.....@@...@...@........@........@....@........@.....@@
...................@...@............................................@.
........@......@.@@............@.......@.@............@...............
..................@.......@.........@......@..........@....@..........
..................@@@.........@.................@@..@..@..@...........
..................@@.............@.................@..@.......@.......
.@..............@...............................@.....................
........................................................@...@@..@.....
..............@....@...........@..@..@.....@....@....@......@...@.....
.........@............@.........@..@@.................................
..@.....@...@@......@....@...@......@..@.......@..............@@....@.
.@...................................@@..@.....@............@.........
..@......................@......................@.......@..@..........
.......................@...................@.@......@.@..@.......@.@..
....@...@@....@...........................@@...@.......@.....@........
...........@..........@........................................@......
@........@.............@@......................@................@.....
Agents:
40
0,5,56,6,57
1,22,15,66,36
2,61,46,59,50
3,60,46,56,23
4,60,4,21,10
5,41,56,54,46
6,27,27,66,40
7,27,36,60,49
8,11,52,54,67
9,26,61,14,69
10,41,45,66,31
11,7,7,27,20
12,52,52,11,49
13,54,12,46,3
14,67,25,14,9
15,65,24,26,64
16,51,47,25,68
17,23,64,56,8
18,59,54,67,12
19,33,17,18,59
20,43,33,64,45
21,67,36,49,24
22,6,56,40,41
23,28,68,14,52
24,29,14,50,42
25,33,39,30,56
26,59,0,28,28
27,4,14,41,54
28,39,23,19,47
29,39,8,11,31
30,19,28,44,54
31,59,2,60,36
32,31,7,0,41
33,25,5,32,31
34,53,32,50,47
35,46,27,7,13
36,19,9,19,39
37,17,8,57,67
38,48,40,35,16
39,0,66,8,2
