1
Grid:
60,60
@.@.......@@..@.@......@.@....@.@@@.....@..@.@...@@..@.@@...
...@@@@.@.....@......@.@...@.@...@.....@.....@@.......@..@..
..@@..@........@..@..@....@.....@@.@.@.@@...@.@....@.....@..
.@..@.....@..@.......@@@.......@@....@.@..@.......@@..@.@..@
@@.......@...@...@....@......@.@..............@@..........@@
@...@....@@....@@.@....@@....@...@......@...@.........@.@@..
.@@....@...@@.@....@.@.@...@...@....@@......@.......@...@.@.
.....@@.@.......@@...@....@.....@.@............@...........@
.@.@..@.@@...@@@.@@..@.@.@@@@.@....@.......@.@.@@@..@@.@@...
@.@@@@.@.@@...@.@.@.@..@@..@.@.@..@........@@@@.....@.....@.
..@...@...@@@.....@...@....@..@@.@...@@@@.@.....@..@....@...
...@@..@.....@@@..@...@@.@.@..@...@@..@.....@..@@..@....@...
@@.@..@....@.@..........@..@.@.......@..@.@.......@.......@@
@.@....@....@..@........@..@@@..@.....@@@.@.@@..@....@..@...
.@.............@...@@@@@..@..@.@......@@@...@....@@.........
@@....@...........@......@.@..@..@.@.@@......@@@..@.......@.
..@@.@...@..@.@..@....@@.......@@.@@@.@@@@.@.@..@.......@...
.....@@..@.....@@.@@.@.....@.@......@@.@.@..@@..@@....@.....
....@..@....@.@.@......@.@....@..@.@@..@..@@@@.@...@@...@...
@....@.......@.....@..@....@.@.....@..@@.........@..........
....@@......@........@......@@@..@..@....@.@.............@@@
.@..@......@........@.@.....@..@..@..........@....@..@....@.
....@...@@.@@@...@..@....@@@......@..@@@@..@@....@@.@.@.@...
@@.......@@..@@...@.@......@.@.....@.@...............@....@.
.@...@.@..@@...@@.........@......@@.@..@.@..@@......@....@.@
..@........@.@..@......@@.@.@@...@@.@@@.@@........@..@@.@.@.
@...@.....@.@@.........@.@@...@.@....@.....@@@.@.....@.@..@.
...@.@@....@......@@........@..@.@.@...@@.@@.@...@@.......@@
..@.@......@..@...@...@.........@.@@@......@@.@.@.@@.@......
..@@.@.@.@@.@.........@.@....@.@....@@....@.@.@@..@@.@.@.@..
.@.@....@@....@.@@@......@.@.....@....@...@....@.......@@@.@
@.@.@..@..@@..@..........@..@...@.@.........@.@......@.....@
.@.@.@......@.........@...@...........@.@@.....@...@.@.@...@
@..@.@.@..@....@.@@......@....@.@@..@..@..@..@.......@@@@..@
@......@@.......@@.......@.@.....@@..@..@@@....@@..@.......@
@..@@@..@@..@.@...@...@@.....@.....@@...@..@..@@@@.@@@@@.@@@
.....@.@@@...@........@....@.....@@..@.@.....@....@.@.......
@@@@@.@@...@....@....@........@...@.....@@@.@....@@@..@.@...
....@.....@...@@.@....@.......@...@.......@@@........@......
@......@.@.......@.......@@@@@.@@@....@@.@..@@.@....@.@@....
@.......@...@@.@..@@@..@......@..@@..@@...@@@...@.@@....@...
@@....@...@.@...@..@...@....@........@@.@.@@@.....@.@..@@..@
.@...@@......@...@...@@.........@.@.@..@@.@....@.@.........@
..@@@.@.@.@...@....@..........@.@@....@..@@@....@...@@....@.
....@@.@......@......@@....@.@....@..........@......@@.@@...
@.....@...@@.@@..........@....@..@....@....@..@......@@.....
...@@..@..@...@@@.@..@.....@.......@.@@@.@....@...@.@.@.....
..@@.........@...@.@@...@..@@...@......@.@.....@...@....@.@.
........@.......@..@..........@@.@....@....@..@..@..........
.@.@.@..@@....@.@.@@@@@@....@@...@.@@......@.............@..
@@..@..@.@.@@.@........@.........@@...@.....@..@.@..@@@@@...
...@..@@............@@...@@...@.@@.........@.@..@..@@...@...
.@@@@....@..@.@.@@@@@@.@.@@..@@.@..@@@@..@@....@..@.@....@..
..@.....@@@...@@.....@@.@.....@...@@...@@.....@@..@.@.@...@@
@...@...@..@.@...@@..@@.....@...@.@@..@.@...@..@@.@.....@...
..@@@...@.@@@...@..........@..........@..@....@@..@@........
@@..@@......@....@..@....@.@...@@.....@@..@.@.@.....@@@.@...
.@@.......@..@....@@....@@.@........@@@.@.@@..@@.@.@.@.@@...
...@.@.@...............@...@@.@......@..@..@@.@.@...@....@@@
.@........@@......@@..@.@...@......@@...@@.@@@.........@@..@
Agents:
30
0,54,3,1,18
1,13,21,43,46
2,18,34,42,52
3,36,6,26,56
4,43,36,25,5
5,11,57,39,13
6,36,35,20,51
7,23,3,42,4
8,29,11,55,24
9,31,12,39,2
10,12,21,27,37
11,57,58,55,53
12,12,17,52,45
13,25,17,0,28
14,17,42,19,25
15,50,31,40,25
16,46,26,0,27
17,12,56,44,44
18,50,30,36,43
19,6,50,49,27
20,57,57,52,55
21,53,18,45,24
22,23,19,36,12
23,21,19,5,48
24,40,29,5,39
25,48,56,7,2
26,10,58,40,32
27,21,42,31,37
28,14,7,32,29
29,0,26,34,20
