1
Grid:
70,70
......................................................................
......................................................................
......................................................................
......................................................................
......................................................................
......................................................................
......................................................................
......................................................................
......................................................................
......................................................................
......................................................................
......................................................................
......................................................................
......................................................................
......................................................................
......................................................................
......................................................................
......................................................................
......................................................................
......................................................................
......................................................................
......................................................................
......................................................................
......................................................................
......................................................................
......................................................................
......................................................................
......................................................................
......................................................................
......................................................................
......................................................................
......................................................................
......................................................................
......................................................................
......................................................................
......................................................................
......................................................................
......................................................................
......................................................................
......................................................................
......................................................................
......................................................................
......................................................................
......................................................................
......................................................................
......................................................................
......................................................................
......................................................................
......................................................................
......................................................................
......................................................................
......................................................................
......................................................................
......................................................................
......................................................................
......................................................................
......................................................................
......................................................................
......................................................................
......................................................................
......................................................................
......................................................................
......................................................................
......................................................................
......................................................................
......................................................................
......................................................................
......................................................................
......................................................................
......................................................................
Agents:
45
0,51,9,35,64
1,35,18,64,12
2,18,0,50,57
3,16,53,62,69
4,26,36,23,52
5,17,39,21,21
6,43,15,68,36
7,6,25,14,57
8,49,68,2,45
9,52,62,2,43
10,42,35,26,43
11,66,30,41,52
12,49,30,19,11
13,60,20,66,59
14,30,64,21,52
15,52,29,40,23
16,26,31,63,7
17,28,58,14,28
18,30,16,13,19
19,18,49,24,36
20,44,44,40,51
21,55,45,58,37
22,16,23,36,12
23,16,2,58,46
24,42,17,50,25
25,11,65,58,18
26,7,56,56,55
27,31,16,37,17
28,12,5,0,41
29,38,58,58,55
30,9,66,58,50
31,23,32,65,21
32,54,58,13,63
33,13,12,64,28
34,56,18,46,15
35,65,32,38,69
36,50,3,40,46
37,17,68,36,48
38,49,21,5,40
39,13,26,68,6
40,13,58,9,45
41,47,12,30,60
42,52,57,1,16
43,22,39,36,44
44,0,11,9,18
