0
Grid:
60,60
.@......@..@........@@..@...@............@....@....@...@.@..
..@..@...@......@@...@@.@.......@..........@@......@...@...@
@@...@.@..@..@....@..@@....@...@@@...@@@.......@....@@..@.@.
...@.....@....@@..@..@.@....@..@....@.@..@.......@.@...@.@@.
.....@...@.......@@@....@....@.......@@@..@..@....@.@@.@@.@@
@.@....@........@..@..@..@.@....@......@@...@@@.............
...@.@......@.@..@......@.@.@.@........@..@@.........@......
..@@.......@@....@@.@.@..........@......@.@@@..@@.@....@....
.@...@@...@......@.........@.@.@.@...@............@...@@..@@
.@....@...@.@.....@.@...@.......@..@.@.@...@..........@...@.
..@@@......@@...@............@@.@@....@.@...@.....@.......@.
@........@@@@..@.@....@......@.@.@..@....@.@........@.......
.@@@..@...@.....@....@.@.@.@.@...@...@@@.@@..@..@.....@.....
.....@.@..@.............@....@@.@..@........@.........@@....
.@.....@@........@............@..@.........@...@...@@..@.@..
@@.@...@..@@...@...@@...@@.@......@.....@...@...@@..@....@..
.....@...@.@.@@.@..@.@..@@@.@.@@@...@.@......@.@.@.@@@...@..
@..@...@.....@....@.@....@......@...@..@.......@..@....@@...
@.@@@.@@.@......@....@..@..@@@...@........@@...@@@.@..@.@..@
..@....@.....@.@@....@@.......@..@..@@..@.@.@...@......@.@..
..@............@@.@@.........@....@.........................
..........@@...@...@.@@@.@@.@..@...@....@...@........@..@...
..@.....@.....@..@.....@@@.@.@...@.@..@.......@...@@....@...
@...@@..@....@...@..@....@................@....@@@..@@....@@
....@............@@@.............@..@.@@....@....@..........
@..@..@........@.....@.@@@...@.......@.@@..........@....@...
........@..@...@..@.....@.@.@..@@.....@.....@............@@.
.@@......@......@..@..@.@......@@.@.@....@.@@..@.@@........@
.@..@@.....@.......@@.@@@@...@......@@...@.......@..........
@...@.@...@..........@..@.......@.@@..@@.@@@.@@.@....@......
..@@.....@.@.....@@..@..@.......@....@....@@..@@............
.@...@....@.....@.@.......@@...@@@......@.....@...@.@....@@.
.@...@@....@...........@@.@@.@..@@...@..@.....@..@..........
@.....@.......@....@..@@.@.@.........@@@..........@@@@......
@........@.@...@...................@.....@@...@...@.@......@
@...@...@.@..@@.@..@...@..@.@......@@..@.@@@..@..@..@......@
..@.........@.@..@...@..@.@...............@....@@.@.........
...........@...@@.@.@...@.@@@......@.......@..@.@.@.......@@
..@@@.@..@..@.....@.@@.@@...@@@...........@@..@...@...@..@..
.@.@.....@.........@..@.@@....@.@.....@@.@@.................
.@...@.@...........@...@.....@.........@.@.............@@...
.........@..@...@..@.....@...@...@..@.@...@..@..@.@@@@......
......@.....@..@.@.@.@@.@@..@......@..@..........@@.@..@...@
....@.@...............@.....@.@....@...@.@..@......@@...@...
.........@........@.......@..@..@.@...@......@...@@.@...@..@
.......@@@.@..@..@.......@@.....@@...@@...@..@...@.....@.@..
....@..@@...@..@..@.@@.@.......@..@......@........@..@..@@@@
..........@....@.@@.....@..@@.@...@..@@.......@.@....@..@...
@.........@...@@.@........@......@.@.@.@.@..@.@.....@.......
.....@@.........@.......@@@.............@....@.@..@@........
........@............@....@.@......@....@.@..@..@.....@..@..
.@....@....@@.@......@...........@.@...@..........@@@.@....@
..@.@..@...@.@..@..@@....@@........@.............@...@..@.@.
.....@.................@........@@.....@@.....@.......@@@@..
...@.@........@.@.@.@....@...@..@@.@@@.....@....@...........
.......@@.@.......@@@...@.@....@..@@@......@@.....@.@..@....
...@.......@....@.@@@@.@............@.......@@..............
...@@@..................@...........@.@@@.@@@@.......@.....@
.......@.....@..@.@@@@@.@......@.....@....@.@@.....@@.......
@.@@.......@..........................@.....@...@....@@@@@..
Agents:
55
0,52,44,40,18
1,31,20,43,1
2,43,54,4,34
3,45,0,30,7
4,0,23,18,12
5,31,30,38,44
6,39,44,33,10
7,45,22,56,49
8,27,57,10,46
9,4,27,20,6
10,17,40,45,58
11,31,53,25,9
12,29,9,5,59
13,51,28,7,35
14,34,23,16,35
15,50,44,32,57
16,41,26,27,56
17,45,12,54,47
18,26,52,40,57
19,39,18,11,51
20,58,5,58,57
21,1,25,47,2
22,26,46,8,24
23,18,38,51,16
24,25,36,5,56
25,49,8,24,24
26,52,42,6,21
27,41,1,39,12
28,12,51,49,1
29,14,38,15,14
30,14,45,25,18
31,20,9,51,53
32,59,47,47,14
33,30,29,52,46
34,17,5,34,33
35,44,2,51,13
36,8,57,22,42
37,47,19,6,57
38,34,53,28,55
39,37,40,56,10
40,27,27,13,52
41,22,57,21,58
42,52,9,56,54
43,53,52,47,29
44,32,39,26,53
45,24,32,15,54
46,2,20,57,14
47,45,15,31,36
48,58,38,55,59
49,52,15,52,15
50,3,12,8,48
51,59,20,10,24
52,41,32,46,25
53,36,13,19,51
54,31,25,23,51
