4
Grid:
20,20
....................
....................
....................
....................
....................
....................
....................
....................
....................
....................
....................
....................
....................
....................
....................
....................
....................
....................
....................
....................
Agents:
25
0,8,9,12,12
1,3,14,0,5
2,13,8,16,13
3,17,12,13,18
4,10,0,14,14
5,16,11,19,14
6,2,11,4,5
7,8,16,18,16
8,7,5,8,19
9,7,4,4,1
10,4,18,3,3
11,19,14,8,11
12,15,6,8,2
13,2,5,3,17
14,17,10,8,4
15,11,17,12,16
16,0,0,10,1
17,12,1,15,10
18,19,13,15,3
19,0,1,6,12
20,11,19,8,14
21,3,9,14,13
22,10,19,1,2
23,9,10,16,11
24,11,16,5,18
