7
Grid:
20,20
.....@.....@......@.
..@...........@....@
.@...@......@.......
....@...............
@.....@.............
.........@....@.....
.....@.........@@@..
.@..........@.....@.
....@.......@.......
......@............@
.@@........@........
.@..@.....@.@..@....
.....@.......@......
@..@......@........@
.......@............
@...@....@.........@
....................
.@.....@....@....@..
....@...@...@..@..@@
..@.@...@.....@..@.@
Agents:
15
0,1,18,15,11
1,3,19,6,1
2,17,14,0,9
3,15,12,4,17
4,7,5,7,11
5,16,13,2,13
6,3,18,10,5
7,14,16,0,16
8,19,0,14,19
9,13,12,3,2
10,2,10,6,0
11,0,14,9,12
12,9,5,17,15
13,11,5,10,18
14,0,0,9,14
