0
Grid:
20,20
....................
....................
....................
....................
....................
....................
....................
....................
....................
....................
....................
....................
....................
....................
....................
....................
....................
....................
....................
....................
Agents:
15
0,19,10,16,13
1,19,18,16,16
2,7,7,17,5
3,11,18,6,9
4,15,14,7,16
5,4,15,19,17
6,12,10,12,9
7,11,8,17,16
8,10,11,5,18
9,18,7,12,16
10,14,4,15,4
11,18,13,3,0
12,6,4,1,15
13,10,8,13,10
14,5,9,5,14
