1
Grid:
70,70
......................@.....@........@................................
@.............................@.......................................
........@....................@....................@...............@...
.....@..................@..........................@@.................
...............@.@..@..........@.............@..................@.....
@................@......@..@......@.@.................................
...........@........@.......@...............@.............@..@..@.....
.........................................................@............
...@..................................................................
......................@..@............................................
..................................................@...........@..@....
..@....@........................@..@...@...@..@.@...............@@....
........@..........................@..................................
.....................@@................@.....@........................
.@..................@..@..............................................
.@.............................@.@....................................
......@...@........@.......@..........@..................@.........@..
..............................@.......................................
...@@....@............................................................
...@.@.@.....@................@..................@....................
......................................................................
...@......................@....................................@......
..@.............................@..................@..................
..................@.........@@.......@.@...........................@..
.@@@.......................@....@.....................................
......................................................................
..............@.....................................@.................
...........@.........@@.........................................@.....
......@...........@........@.....@....................@@...@....@@.@..
..@...........@........@.................@............................
....................@...............@......................@........@.
.................@....@......................@........................
......@..................@........@...........@.......................
...........................................................@.........@
.....@@......@.............................@.......@..................
....@....................................................@...........@
............................@.....@...................................
....................@.@..@....@......................@................
.....@................................................................
........................@........@..........................@.........
........@................................@........................@...
.@....................@.........................................@...@.
..........................................................@..@..@.....
....................@.................................................
.....@.......@........................................................
...........@...........................@..............................
........................@............@....................@.@.........
...............@.............................@....................@...
..........................................@...........................
............................@.................@................@......
......................................................................
..@...............@...................................................
.............@...................@....@.........@..............@...@..
..........@..................................................@.@......
..@..@...........@............@...@...................................
...@.......................................................@......@...
@.....................................................................
...@......................@@......................@...................
.........@.................@.................@.....@..................
.@..........................................@.........................
.............................@......................@.................
.@......@.....@.....@.........@...@@..........@...........@...........
..................................................................@...
......@..@.......@.....@.............................@................
....................@..............@..@.@.............................
.....@......@............................................@.....@......
...............@@...........@......................@..................
..............@........................@@..............@...@..........
.....................................@..@...............@.@...........
.............................@..@........@.........................@..
Agents:
45
0,52,22,52,9
1,0,48,8,45
2,11,33,34,11
3,59,5,3,11
4,64,34,3,32
5,49,40,47,8
6,10,48,63,59
7,62,57,53,34
8,38,20,60,59
9,39,25,33,68
10,20,50,69,66
11,22,24,69,26
12,27,23,13,67
13,65,4,21,1
14,13,35,60,42
15,59,25,67,46
16,61,69,28,24
17,16,50,49,18
18,54,56,42,52
19,11,53,39,26
20,13,40,5,21
21,66,12,60,36
22,28,45,41,15
23,37,65,41,25
24,53,50,27,58
25,9,56,30,51
26,12,56,29,3
27,5,35,66,44
28,61,68,27,16
29,56,6,47,12
30,40,59,26,19
31,20,13,32,27
32,50,55,62,36
33,57,62,38,18
34,41,58,64,12
35,35,53,21,17
36,13,37,18,62
37,37,52,69,65
38,27,1,32,61
39,62,52,40,58
40,20,33,5,46
41,26,3,40,23
42,12,5,10,41
43,63,50,56,41
44,59,55,1,49
