2
Grid:
60,60
....@......@..@......................@...@......@.........@.
@..@...@.......@..@..@@@.@.@......@......@......@.@....@.@..
........@..@....@..@......@...@@.................@.@.......@
....@..@.@.@.@.......@.......@@............@....@@..@@...@..
...@......@@.@.......@.......@.@@.@..@@@.....@.@............
@....@@........@.......@...@....@..@..............@...@....@
....@............@....@..@.....@@...@.@.@...................
............@...@........@....@..................@@@....@...
@......@@.@....................@......@..@@.@@....@...@@.@..
......@.@...@...@.........@.....@.....@........@............
.....@...@.@....@........@..@.....@......@.........@.@.@....
...@...@@.@...@.@......@...@..@@.@@.......@....@@...........
@@.......@.@.....@.@...@...........@.@..@..@.....@.@........
.....@............@.............@...@..@...........@..@.....
.@.................@...................@.........@..@..@..@@
@.@.@..@.........@.@..............@...@......@..............
...........@..@@.........................@............@.@...
...@.....@.......@...@......@.@.@...........@....@.@........
...................@............@.........@.@..@....@.......
..........@.@..@...@....@..............@................@...
.@.....@.@.@.....................@......@.@..@..............
.@.@@..................................@....@@..........@@..
........@................@..@...@....@.....@..@.....@.......
...@......@..@...............@.............@@...@..........@
@@.@...............@..............@.........@.@.............
.@............@..........@....@....@...............@........
............@..@...............@..@.......@.................
.....@@.....@.......@...................@@..................
......@...@.....@..................................@@.......
.........@......@@................................@.........
...@......@......@.....@.@.......@..@.@......@@......@@.@@..
.......@.........@............@@.....@..............@.......
.@............@.....@.......@....@............@.........@...
.@..@...@.........@.......@....@.....@...@...@.......@.@...@
........@.....................@......@............@.........
............@..@.....@@............@......@.................
........................@@..@............@.......@.......@..
....................@.....@.@........@.....@@@........@.....
...@@.@...@.@....@........@.....@@........@...@.....@@.@...@
..@@..@.........@@..@.......@.@@...............@..........@.
@................@......@.....@.@..........@@...............
@....................@....@.@.@@.@@............@......@.....
.................................@.@..@........@...@@...@...
@@......@...............@....@........@@@...........@.......
..........@.........@........@..@..............@..........@.
........@..@.......@..@@.......................@@@.....@....
....@...@@@.@......@..............@..@.....@...........@.@@.
@......@.....@...@...........@...........@.@...........@@...
........@@........@...@...@..........@@..........@@..@..@@..
......@..@...@@.......@.@@........@@.....@@.@...........@@..
@......@......@........@.......@........@@.@@..@@......@....
.@@..@...@..@.@..@................@.......@.....@.........@.
...@...@....@...@..@...@...@.....@@.@@.@..................@.
..@.....@........@..@.......@..@.@...@.@@@.........@....@...
@....@.....@.......@..........................@..@........@.
..................@.@......@.....@..@..@...........@.@@.....
......@.....................@.............@.................
..........@...........@.........@....@......@....@..........
...............@@......@......@...........................@@
@.@............@........@@..................@@......@.......
Agents:
30
0,42,41,44,38
1,59,36,28,44
2,48,36,10,45
3,0,26,50,58
4,9,50,10,35
5,19,21,1,37
6,42,55,25,6
7,4,8,12,3
8,36,15,25,33
9,7,34,24,29
10,19,17,8,20
11,8,48,42,58
12,52,15,40,52
13,42,27,54,43
14,0,56,36,19
15,38,5,41,18
16,44,25,20,47
17,57,43,7,40
18,57,17,9,14
19,55,3,31,55
20,19,41,12,24
21,6,34,47,46
22,21,41,40,13
23,51,38,6,10
24,34,53,52,5
25,34,45,50,24
26,17,59,31,8
27,24,11,41,1
28,21,6,36,37
29,2,17,41,2
