2
Grid:
60,60
.....@..@@...@.@..@@@@@...@..@..@.@@@....@...@......@....@@@
@.@.....@@@.@@...@.@..@......@@.@..@@..@@.@..@@...@.@......@
@@@.@....@...@..@..............@.@@@@.....@.@.@.@@@...@..@.@
..........@.....@..@...........@....@...@.@....@.....@@@@...
....@..........@@........@...@..@...@.@..........@.@.@@@@...
..@..@@.@@@..@@.....@.@@@......@@....@@.@.....@.....@@@.@...
.@..........@@@.@@....@......@.....@@@@@............@...@..@
....@...@..@..@....@..@.....@..@...@...........@.@.......@..
....@.@@....@.@@.@@.@@.@..@......@..@...@@@@........@@....@.
.@..@....@@..........@@@...@.........@..@..@.@@...@.......@@
@@....@.@.@@...@@..@..@.@..........@.@.@@...@...@...........
@..@.@@...@.@@..@..@@...@@.....@......@..@@@.@.....@.@...@..
.@@@.@......@@@...@.....@@......@@.........@...@.@...@@..@..
.@@..@...@....@@.@...@.@@@@@..............@...@...@....@....
.....@....@....@.@@@..@@........@@.....@..@...@....@@....@..
@....@..@@......@..@..@.@@...@..@...@@..@..@@..@...........@
....@@@....@...@...@...@.....@@.....@@@.......@...@.@.....@.
.@@.@.@....@...@@@..@@.@@...@........@.@.......@....@@......
@.@.@@.@.@.@..@......@@.@....@@@.@.....@@.@@@.@.....@....@..
@.@.@@............@.@...@.@..@..@.....@....@@.@.....@.@.....
.@@..@@.@..................@.@....@..@...@.......@.........@
......@..@...@@@@@...@.@@@...@...@@..@@...@.@...@...@...@...
@........@....@....@......@.@.@...@..@@@....@..@...@.@......
@...@@..@.@...@@......@..@..@................@.....@........
..@......@...@.@.@........@@@@.@@..@.......@.........@@.@...
@.@........@..@.@..@@.......@@.@....@.....@.@@@@...@@...@...
.........@@.......@.....@.@@.@@.....@@@...@@@.@...@......@..
.@..@@.@.@@......@@.......@@...@@...@..@.@....@..@.@.@..@@.@
.@@.......@@@.@.....@.@.....@...@.......@@.@...@.....@@.....
@@@..@@.@..@.@......@....@.@....@@@...@@@.@@...@..@.@..@.@.@
....@@........@.@.....@..@.@.....@..@.@...@@@....@.@.@......
@.......@@.....@.@.@@.............@......@.@..@...@@@...@@..
.........@........@@........@.@@....@@.@@..@.@..........@@..
...@@@.@.....@...@....@.@@@.@..@...@.@......@....@@.@...@...
.@..@@..@..@@.@.@@..@..@.....@......@......@.....@....@.@...
@.@@@....@@..@.....@@.@.......@.@.@.@..........@@.@@@@@..@..
@.....@.@...@@..@....@.@.....@.@...@..@...@....@........@.@.
.@...@..@......@.@.@@......@..@..@....@..@..@.@@.....@@...@.
.@...@@......@..@....@.@....@............@.@....@.......@@@@
........@.....@@@@@@@..@...@...@@.@......@..@.....@.@..@@.@@
.@@..........@.@.@@@@..@.@.@......@..@..@.......@...@@.....@
..@@@..@.@........@@..@@@...@.@...........@.@......@.@......
...@..@@.......@..@@@....@.@@...@@@.@@@..@.@.@..@....@..@@@.
@@...........@@...@@..@.@@.@..@....@@@.@@@@........@.@......
@@.@.@.@.............@@.......@.@...........@.......@.....@@
.@.@@.@.@@.....@.@@@.@@..@......@@.........@.@@....@.@@@...@
@....@..@.....@@@...@...@.@..@....@.....@@@@.@....@@.@.@.@.@
.......@@...@.@@....@@......@.....@.......@.@.@@@@......@.@.
@.@..@@@...........@@..@.@.@.@.@......@@.....@....@.........
.@....@...@........@..@..@...@@.@@@..@@@@..@@...@@.@@.@@@...
@@@..@..@...@@@@.@......@@@..@..@..@...............@.@..@@.@
..@......@.@.@.@.....@..@@.@@..@@@...@........@@.@....@.....
...@@@....@.@..@.@@.@@........@...@....@@@@..@.......@.@.@..
.@@........@@@@.@..@.@.@.@.....@......@@....@...@......@@@.@
...@..@.@@@.@@...@..@......@......@.......@....@..@...@@....
@...@@@.@.@.......@..@.@.@..@..@......@.@@.@.............@.@
..@@.@..@......@.@.....@@......@............@...@...........
@@..@............@.@.....@..@@@....@......@.@...........@...
..@.@....@@@@.@@.@..@....@@.@...@..@....@@@...@@...@.@@.@@..
@@.@....@.........@..@@@.@..@@@....@.@........@....@..@.....
Agents:
35
0,14,59,41,21
1,6,34,45,37
2,26,25,53,36
3,13,16,15,26
4,8,56,56,22
5,20,48,18,15
6,26,22,52,9
7,43,34,33,39
8,2,27,10,59
9,20,18,32,8
10,36,46,33,38
11,1,7,1,4
12,44,40,7,21
13,7,16,44,46
14,45,42,58,48
15,10,20,42,51
16,43,10,43,11
17,0,43,27,35
18,48,34,23,49
19,2,41,30,58
20,11,2,25,32
21,43,29,26,25
22,30,39,32,44
23,57,39,35,59
24,14,8,16,44
25,57,53,55,35
26,39,11,52,6
27,11,1,38,4
28,55,1,51,1
29,40,26,20,33
30,3,43,20,46
31,11,22,50,36
32,51,52,31,29
33,29,53,32,4
34,17,54,31,55
