0
Grid:
60,60
............................................................
............................................................
............................................................
............................................................
............................................................
............................................................
............................................................
............................................................
............................................................
............................................................
............................................................
............................................................
............................................................
............................................................
............................................................
............................................................
............................................................
............................................................
............................................................
............................................................
............................................................
............................................................
............................................................
............................................................
............................................................
............................................................
............................................................
............................................................
............................................................
............................................................
............................................................
............................................................
............................................................
............................................................
............................................................
............................................................
............................................................
............................................................
............................................................
............................................................
............................................................
............................................................
............................................................
............................................................
............................................................
............................................................
............................................................
............................................................
............................................................
............................................................
............................................................
............................................................
............................................................
............................................................
............................................................
............................................................
............................................................
............................................................
............................................................
............................................................
Agents:
60
0,27,5,2,29
1,24,22,24,58
2,35,5,43,53
3,33,39,2,46
4,57,23,6,47
5,17,3,5,41
6,14,51,10,31
7,25,1,47,9
8,49,26,19,18
9,53,13,55,52
10,32,30,35,4
11,37,33,48,37
12,12,52,57,49
13,3,30,49,10
14,35,23,11,59
15,52,21,18,13
16,3,40,13,46
17,46,15,40,55
18,37,25,29,52
19,21,53,35,22
20,48,4,2,54
21,37,53,40,52
22,8,12,31,9
23,34,14,18,11
24,48,1,3,18
25,56,40,41,30
26,51,48,21,39
27,33,56,59,20
28,28,50,4,33
29,10,42,35,12
30,1,2,31,2
31,4,34,36,34
32,31,55,28,19
33,0,33,18,23
34,5,10,53,29
35,23,24,43,37
36,5,59,32,42
37,25,28,22,50
38,53,44,43,26
39,25,0,24,34
40,17,48,41,8
41,41,33,12,38
42,26,11,25,34
43,30,15,57,16
44,6,49,3,16
45,47,47,17,55
46,15,38,1,20
47,51,45,26,22
48,59,2,22,28
49,21,12,35,46
50,12,1,12,44
51,9,38,53,59
52,38,32,24,31
53,34,51,29,20
54,23,5,24,4
55,3,43,59,32
56,25,9,29,59
57,25,13,58,36
58,20,31,22,25
59,7,19,20,29
