6
Grid:
20,20
...@.....@..........
....................
.....@........@.....
@.@....@..@.........
...........@......@.
.........@.....@....
..............@.....
.@..@..@.....@......
.............@......
..............@@....
...........@.....@.@
.....@.@.@..@.......
@.........@.........
...@..............@.
.....@............@.
....@...............
...@@...........@...
....................
....@...............
......@.....@.......
Agents:
10
0,16,9,5,5
1,18,15,19,7
2,19,19,12,17
3,6,3,11,10
4,19,0,0,5
5,5,11,12,13
6,0,1,8,7
7,0,12,15,3
8,8,11,10,6
9,18,18,18,12
