0
Grid:
60,60
.....@......@.....@.................................@.......
...@............@..............@.................@..........
...@...........@@@....@.............@...@@......@.........@@
..........@.@...........@..........@.......@..@.........@...
................@...@.....@.....@......@....@...........@...
@........@...........@....................@..@........@.....
.............................@.@....@...@.......@...........
......@.............@...@@.@.............@....@..@..........
...............@.........@.@.@...@.@......@.................
@@@..@......................@...@.....@..@.@................
@..........@..................@....@..................@.....
@@....@...........@.............@..@..@......@..............
..........................................@.................
.....@....@@.....@@..@......@...@.......@............@....@.
.@......@...@...@.@....@@.....@..........@@............@....
........@........@...@..............@@.......@..........@...
....@.@@@..@.....@.......@............................@...@.
....@..................@.............@..........@...........
....@..............@........@...........................@...
..@..@....@..........@.........@.......@...@................
..................@@..................@...............@.....
...@....@.......@....@..@.........@.........................
...@@.......................................................
.....@........................................@....@........
...@.....@..@............................@..................
.....@..........@.................@..................@......
...........@....@.......@......@........@....@@.............
...............@.@...............@......@...................
.........@.............@.@.........@......@..@..............
..@...@@................@..@.....@...........@.............@
.......@..@...........@.........@..................@........
....@.........@.......@.............@....@..................
.......@.@................@.......@....................@....
.....................@.......................@........@.....
@...........................@..@.................@@...@.....
..@.......@......@.....@..@...........@....@...@............
....@.............@...............@@..................@.....
@.@........@.....@..............@.........@.................
.........@...............@........@.........................
............................................................
......@....@.....................@.@................@..@..@.
....@@......@....................@..@.......................
.@.@.....@...................................@...@..........
.............@........................@.....................
......@..................@..@.................@..@..........
..............@..@...@.......@........@.......@........@....
.@..@..@...................@..........@.@.@@.@......@...@...
..............@....@@.@@.....@......@...@..................@
...@.....@...@......@.................@..@@.@........@@.@...
..........@..@................................@...@.........
..@.@.........@..............@........@.....................
.........@..@.......@@...@.@@........@.....@.....@.......@..
..........@......@.@.@....@.................@...@...........
.........................@.................@....@...........
...@...@....@@.......@.................................@....
.....@..@................@.............@....@..............@
..@..@...................@....................@.@......@....
...@....@@...........................@..@..@.@@.............
...........@............@....@............@..........@......
...@...........@......@.......@@@...@.........@.............
Agents:
40
0,42,23,23,12
1,2,37,51,36
2,13,1,17,31
3,41,8,43,2
4,8,40,44,51
5,31,33,14,49
6,1,37,49,48
7,48,28,41,24
8,59,52,3,5
9,1,11,48,58
10,41,10,8,53
11,52,43,6,42
12,3,47,16,47
13,54,26,39,56
14,7,57,33,59
15,24,58,6,47
16,24,24,54,4
17,28,17,58,48
18,9,18,17,34
19,45,23,59,52
20,53,2,27,28
21,45,59,0,26
22,26,56,34,35
23,8,31,57,19
24,45,15,6,13
25,6,3,24,38
26,29,32,19,57
27,31,19,59,41
28,33,26,8,31
29,7,14,41,44
30,0,10,11,53
31,16,32,22,0
32,9,36,26,47
33,8,30,50,46
34,19,41,30,2
35,6,38,49,39
36,18,38,57,11
37,24,52,37,23
38,38,22,44,7
39,41,51,19,50
