0
Grid:
20,20
...@@......@....@.@.
.@..@....@@....@@...
.@@.@..@....@@......
..............@.@.@@
..@.@.........@@@...
@..@.@@.@......@.@..
...................@
..............@@.@..
..@....@@...@.......
@..@.@...@.....@....
...@..............@.
..@.........@.......
.....@........@..@..
...............@...@
....@.@@........@.@@
..@@......@.........
........@...........
.@...@.@...@..@..@.@
.......@..@@...@..@.
...@........@...@...
Agents:
30
0,14,13,16,14
1,2,8,4,10
2,5,9,11,14
3,16,16,19,7
4,11,16,7,1
5,10,2,19,6
6,6,15,13,8
7,10,7,13,10
8,4,18,0,13
9,5,11,18,17
10,7,18,8,6
11,14,11,8,17
12,8,4,18,1
13,8,14,1,6
14,0,17,3,7
15,5,12,6,1
16,4,13,5,11
17,16,9,11,15
18,13,5,12,13
19,18,3,12,9
20,0,14,4,12
21,8,15,2,3
22,11,18,16,19
23,15,8,1,5
24,11,3,8,14
25,9,4,10,16
26,1,7,7,9
27,14,5,4,1
28,7,6,19,15
29,2,5,1,2
