8
Grid:
20,20
.@......@........@.@
........@........@..
.........@.........@
@.........@......@.@
.@.....@@......@....
........@.....@@....
..@.......@.......@.
...@@..@....@@.@@.@@
......@@.@..........
.......@...........@
....................
.......@....@@......
.....@......@.......
....@.....@.........
......@..@.@...@@...
...@.....@....@.....
...@.............@..
....................
......@..@.......@..
........@@.......@@.
Agents:
30
0,6,17,12,0
1,17,2,10,19
2,5,19,13,6
3,18,7,14,12
4,10,18,19,16
5,13,14,1,3
6,12,10,12,19
7,10,12,11,11
8,0,11,10,11
9,19,2,5,12
10,12,3,17,5
11,9,6,5,5
12,11,16,16,15
13,16,10,14,8
14,4,6,14,14
15,10,0,5,18
16,9,0,3,6
17,2,11,15,17
18,1,6,6,15
19,1,12,10,8
20,2,3,9,5
21,7,14,7,10
22,17,5,3,18
23,2,18,17,10
24,17,10,18,1
25,10,14,1,6
26,0,3,2,5
27,18,2,8,5
28,19,6,7,1
29,1,18,17,7
