8
Grid:
20,20
....................
....................
....................
....................
....................
....................
....................
....................
....................
....................
....................
....................
....................
....................
....................
....................
....................
....................
....................
....................
Agents:
30
0,6,1,6,12
1,2,11,8,18
2,8,12,18,14
3,7,17,13,12
4,14,7,1,13
5,1,17,16,1
6,10,7,18,19
7,0,10,8,13
8,17,2,17,10
9,2,13,5,14
10,0,14,10,10
11,8,2,15,18
12,9,9,0,5
13,10,15,10,12
14,15,17,5,4
15,13,2,19,11
16,10,1,14,16
17,5,12,11,17
18,17,14,4,5
19,13,19,5,19
20,18,7,16,9
21,2,10,16,6
22,4,17,2,11
23,18,19,18,11
24,16,9,16,17
25,15,15,14,19
26,11,6,3,5
27,10,11,0,7
28,13,0,8,19
29,1,19,3,8
