8
Grid:
20,20
....................
....................
....................
....................
....................
....................
....................
....................
....................
....................
....................
....................
....................
....................
....................
....................
....................
....................
....................
....................
Agents:
20
0,5,11,15,17
1,18,14,5,15
2,11,7,18,8
3,5,8,2,16
4,9,6,3,4
5,3,2,19,8
6,19,0,15,11
7,12,4,16,4
8,6,11,12,7
9,8,16,19,6
10,7,18,17,11
11,3,6,4,2
12,14,11,3,16
13,3,9,15,15
14,10,9,1,2
15,0,5,11,13
16,10,6,6,7
17,10,10,16,14
18,18,0,17,10
19,10,14,13,8
