1
Grid:
60,60
...@.......................@..........@...@................@
@.@.@.@......@..............@..................@@...@...@...
@.@....@....@@..@@........................@@......@.@..@....
...@....@.@....@.@...........@@....@.....@@....@...@@.@....@
.@..@.@.....@..@.......@@..........@...@...@@.@..........@.@
...@...@.@...@@@...@......@...@@@.@@.@@..........@.......@..
@...@...@.....@.@.....@.....@@....@.@.@......@..@...@.....@.
.@@@@........@.........@...................@@.@.@...........
...@................@..@.@.@.....@......@..@@@...@.@...@....
@@....@...........@@@@...@.@..@.@.@@..............@.@@@..@.@
........@.@..@....@......@..........@.........@...@@...@....
.......@............@@.@@...@.....@@...@..........@@....@...
.@@............................@.@.@..@.......@..@..@@......
......@@.@@.@...@@..@...............@........@..........@@..
.@...@........@..@......@..........@.....@@..@@.@.@@@.......
@.......@.@@..........@........@........@.......@..@......@.
.......@..@......@..@......@...........@....@..@@.....@...@.
..@..............@.@.......@...@.....@..@...@@...........@..
........@...............@......@..@@.@@.@@@..@.....@.......@
.................@...@...........@.......@.....@@....@..@..@
............@..@@...@....@.@.@........@.....@@..@.@..@.....@
...@@.....@@..@.....@@.@..@...........@..@..@..............@
.@@............@.@..@...@...@..........@......@...@......@..
..@...........@.........@@....@..............@.@....@......@
@.@...........@.@...@....@.....@..@...@.......@.@....@@.@@..
......@...@.............@....@@................@.....@.@....
..........@....@.....@@....@.@......@......@..@..@.....@..@.
...@....@....@@@......@@...@........@...@@@.........@.......
...@..@@@@....@.@..@.....@....@...@@..@@......@............@
..@.@@.@.......@....@@.....@......@.....@.@@.@@.....@..@@...
@@....@@.@.......@...@.@@@............@..@....@......@@@..@.
@......................@...@.@...@@.......@......@.@........
...@.....@@@.@......@@@..@.@...@@....@..@@@..............@..
........@....@...@.@......@.........@.@.......@........@...@
.@@.........@@@....@...@.....@@.@.@.....@..@..@@.........@..
........@.............@.@...@.@@....@....@......@.....@.....
..@.@.........@...@.......@.@@......@.@.........@......@..@.
..@.@..@.....@.....@..@..@.......@.@.@...........@.@@.....@.
..@.@........................@@.........@....@.@.....@.@....
@@....@...@..............@...............@...@..............
.@@@......@..@....@..@@.@..............@.......@....@....@..
...@.@.@.@....@..@....@....@....@.........@@....@.....@....@
.@....@..@..................@......@.@@....................@
.....@..@......@.@.....................@..........@....@@...
....@..@@........@...@.....@..@...@..@@@.@............@...@.
....@....@@..........@.@..@.....@@.....@..@.@.@......@......
.@.@@.@..@..@@.@...@..............@..........@...........@.@
@....@....@.......@......@....@.@........@..................
..........@@..@@..@@..........@.@..@@.......@.@@...@.@......
.@.....@..@.@..@@...@.....................@...@......@..@..@
.@@.......@@.@@.@..@..............@...@@.....@..@..@.@@.....
....@.@.....@.............@....@....@@..@.@................@
@@............@@@....@...@....@..@.@.....@..............@...
...........@...@.......@..@........@.....@.......@.@.@.@@..@
..@..@..............@.......@@.........@@..@...........@..@@
.@.@........@....@.@.................@....@.@...............
@.@..@......@......@@..@@......@.....@..........@.......@...
.........@......@.....@........@....@...@@...@......@.......
...@..@.......@.....@.@..@.........@...@.@@......@....@.....
....@...@....@...@.@.@................@............@@....@..
Agents:
70
0,47,53,4,27
1,56,49,16,52
2,47,8,12,23
3,15,42,34,3
4,1,31,32,47
5,15,5,22,13
6,16,8,46,30
7,8,15,8,31
8,28,23,0,8
9,58,9,23,33
10,36,56,3,53
11,14,20,55,13
12,27,49,18,30
13,27,38,47,16
14,37,50,2,6
15,19,15,38,37
16,11,19,34,28
17,10,32,15,20
18,33,35,31,45
19,22,26,56,11
20,16,24,50,7
21,29,47,49,23
22,48,28,11,47
23,25,33,35,44
24,20,55,29,22
25,9,38,55,51
26,32,19,42,16
27,28,41,24,43
28,4,26,47,13
29,38,38,0,29
30,30,36,38,46
31,54,37,39,12
32,45,48,31,13
33,5,56,14,6
34,23,32,58,27
35,31,58,25,37
36,12,4,56,51
37,6,32,27,5
38,46,50,5,20
39,4,52,45,2
40,31,56,57,38
41,47,37,4,50
42,53,10,42,18
43,43,27,12,27
44,43,26,7,19
45,53,0,52,7
46,9,5,33,48
47,52,42,52,17
48,25,26,47,48
49,6,30,26,12
50,31,12,46,55
51,1,15,41,11
52,51,57,1,49
53,44,15,46,38
54,17,33,14,58
55,33,21,41,41
56,15,6,35,47
57,30,43,42,29
58,20,3,44,20
59,51,29,38,31
60,56,3,10,1
61,42,26,42,56
62,3,4,41,35
63,12,27,33,29
64,46,23,13,19
65,39,30,43,37
66,37,45,0,31
67,5,5,59,33
68,52,29,23,8
69,3,20,21,1
