2
Grid:
70,70
...............................@....................@............@....
..@................@............................@....@.@.@...........@
.......@.............@.......@...................@.................@..
..@.........@................@.......@..@...@.......@..@..@...........
....@........@....@......@.................@...@....@.............@...
......................................................@...............
.............................@..@................................@....
..@..............................@....@.@...@...............@..@......
@...............@@....................@.............@...@...........@.
..............@.........@......@......@...@..........@....@....@......
.........@..........@...........@................@..........@.....@...
.....................@@@@...@............@..@.............@...@...@...
.......@@.@........@.........@@............@.......@@.....@........@..
@....@.@...@..@...........@........@..@..@.@..@..................@..@.
.................@................@......@.......@..............@.....
@...........@...........@..@.....@..............@.@........@.@.......@
...@.@............................@......@.......@...@.@..............
....@.......................@.......................@.................
.......@...........@.......@.....@....@..@.................@..........
.............................@.......@.....@........................@.
..........@..@...@.@......@@......@.........@........@................
............@...@..............@................@@@.......@......@..@.
@.@.....@..@.@.@.........@......@...................@.................
.....@..@.......@.............@........................@..............
.@.........@.@.@.......................@@..............@....@...@...@.
.@....@............................................@....@.............
......................@..@......................@.....................
...@.......@.............@......@........@..................@..@......
....@.......@...............................@.........@.......@..@...@
.@.........@..................@......@....@@................@..@@.....
............@......@...@....@.@..........@..@.......@..............@..
.@@.@.....@.@...@...@...............................@.@...............
....................@..@..@.....@.....@....................@@....@....
.............@....@....@......@.......@.@@...........@..@.............
@@........@......@..@.......@.................@..............@.@...@..
....@@...@............@.................@.@........@................@.
....@...@..@@...@................@@.........................@.....@.@.
.......@..@......@...@.@..............@...@.............@...@@...@....
..........@.......................@.....@......@......................
...........@.........@................@@............@......@......@...
@.......@...@........@............@........@..@........@..............
........@...@.....................................................@@..
.@....@.......@......@@.@.@...@..@...@........................@......@
.........@@.......@......@...@..@...............@...@.................
....................@........@.......@...............................@
........................@........@........@...@............@..........
.@..........@...................................@...@..@..............
...................@.........@.@..@..@........@...@.@.......@....@....
..@....................@.@........................@...............@..@
..@..@.............@........@...................@.....................
.....................@.....@.@....@...................................
..................@...........................@........@....@.........
.......................@.....@@.....@..............................@..
........@.@...@...@......@.........@.......@.............@.......@....
................................@...@....................@..@.........
@.....@..........@.@...........@.....@...@......@.....................
............@..............@...................@...................@..
...@.....@........@..............................@.@..................
...........@...@...@.......@.@.............................@@@..@.....
..@.@...@....@....................@@@........................@........
.......@@....@@..@..............@....@.@...@@.................@@......
@..............@................@....@...@.@.......................@..
...........@............@..........@..................................
...........................@......@...........@@...............@..@...
..@.@.....@.@@..................@.@.....@.............................
...@.@.....@.........................@...@.@.................@.@....@.
.....@.@.......@.....@@........@...@...........@.@...@...@........@...
..................@........................@..........................
......@....@...@......@.@...........@..........................@......
.......@.@........@.@........@......................@.................
Agents:
35
0,55,10,14,28
1,53,24,6,9
2,56,30,49,44
3,55,50,36,22
4,29,17,0,9
5,54,63,26,54
6,9,39,30,35
7,65,17,46,32
8,52,21,55,10
9,10,55,33,46
10,43,34,41,27
11,6,57,68,12
12,20,51,55,32
13,4,40,39,3
14,58,49,5,37
15,30,58,5,2
16,9,6,8,44
17,31,62,5,66
18,5,48,59,20
19,25,55,33,47
20,64,1,11,38
21,3,43,59,50
22,11,20,16,62
23,41,57,57,62
24,31,69,68,35
25,45,44,51,28
26,51,21,1,6
27,55,61,21,34
28,6,47,38,24
29,12,14,65,4
30,4,30,5,65
31,9,7,28,59
32,7,45,57,31
33,59,18,62,60
34,49,57,54,55
