2
Grid:
60,60
..@..@..@.@@@..@.......@....@..@....@@.@.....@....@@..@.@...
.@@....@@.@@.@@@@.@..@...@@...@@.@.@..@@.@@...@@.@@...@....@
...@.@@.@..@@.....@..@@.@......@@....@.@@..@.@.@..@.........
@...@....@@.@@...@...........@...@.@............@.@@....@@.@
..@@....@.@.@.@........@...@.@.@....@..@@.@.@.............@@
.@..@..@...@@......@@@..@.@@@..........@...@@.@.....@..@@...
.@..........@..@.@.......@.@...@.@.......@..........@...@..@
.....@....@@@@.....@@.@......@......@@.......@.@......@....@
..@..@@...@.@..@...@@...@@@...@.....@.....@..@.@...........@
@...@.@...@..@......@@@.@.@......@..@......@@..@@@@....@.@..
.......@..@@@..@.@.@..@@.@...@.@@..@@..@.@..@..@.@@..@@....@
.....@.@.@@..@.@.@..@...@......@.@.....@@................@.@
.....@..........@@..@...@....@.......@..............@@.@..@.
@@@@.....@@...@......@.....@....@@...@.....@@@...@.@..@@..@@
.@.@..@.@...@.....@@.........@@.@.....@@..@@@@........@..@..
.@.@.@....@..@.@.@.@....@@..@........@.@.@@.......@@.@..@..@
.@..@....@.@..@....@.....@@..@@.@.@...@...@..@...........@..
@..@..@................@@.................@...@.@..@..@.@...
.@..........@..@.....@..@@.....@..@.....@@...@..@@...@....@@
...@.@..@...@.@.@@@...........@@...@........@.......@...@..@
@...@.@.@.@..@...........@...@@@........@...@.....@.@@...@@.
.....@@........@.@@...@..@@@.@@.....@..@.@@.@.@.@@.......@.@
..@@@.@......@................@@@@..@..@.....@@........@...@
..@.@...@.@...@@.....@.@.....@.............@.......@.@@.@@..
@@.@..@@..@.@...@@......@.....@.@..@.@@....@...@......@.....
...@@.......@.....@.......@@.@.@@@...@.@.@...@........@.....
....@.@@....@..@..@..@.....@.....@......@@......@@@@@.......
......@.@....@....@.....@..@..........@.@..@@.@..@..@...@.@.
.@.@@.@.....@@..........@.@..@@@.@........@@..........@@.@..
@.@@...@@..@@.....@.....@..@.@.@.@.@.........@......@..@..@.
.@@......@.@...@..@..@.@...@..@.....@@.@@@@.@.@..@@.@@..@..@
@@@.....@@@.....@@.@.....@..@@.......@@.....@.@...@@..@.@...
..@....@...@.@...@@.@....@..@.@.......@...@..@...@@@..@@@..@
@.@@.@@@.........@.@....@@.......@.@@..@..@.@...@..@......@.
..@@@.@....@..@....@.....@@....@@....@...@@@@@..@@....@...@.
.@@.........@...@@..@@......@...@@....@.@@@.@....@@..@@.@@@@
..@.@....@@@......@...@.@@..@.@....@@..@....@@..@.@........@
..@.@.@...@@@.@..@@.@...@....@.@..@......@.@..@.@@..@....@..
@....@..@..@@.......@@@@....@....@@..@..@.@@@.@..@@..@.@@@@.
@.....@.@.@@.@@.@....@....@..@@@.@...@.........@.@..@.....@.
.@.@.@.@@.....@@@.......@...@...@...@.@@..@@......@@........
..@....@@..@..@..@@..@.@..........@@.@.@.@.@.@.@.@@...@.@@.@
@@@.@....@..@@...@.......@....@......@..@@..@@@@@.........@.
.@.......@.......@....@.@@@@........@.@..@...@@@.@....@@@.@.
@..@@.@@....@.....@.@.@...@....@....@..@....@.....@....@@..@
@..........@@@...@..@@.@.....@@.@.@.....@.@@...@...@.@@@.@..
@@..@...@..@..@.@.........@@.@@@...@.......@..@..@...@.@.@.@
.....................@@.@...@@.......@.@...@@.....@@@...@.@.
....@.@..@..@..@@......@......@.@....@@@....@@@@..........@@
..@@@.@....@@.......@.....@.........@.@.@.@.......@.@@.@....
@......@@......@@.@@...@.....@..@...........@....@...@...@.@
.......@...@@....@.@......@..@@@.@@..@........@...@..@.@..@.
@..@..@.@@...@@@..@...............@@...@....@.@@@....@......
....@.....@.@.@....@@...@......@.......@.@@.@.@...@@..@.@..@
..@@.@..@..@......@@.......@.............@..@..@.@....@@@.@.
..@......@....@..@.@...@@@@......@@@..@.....@....@.........@
@.@.@.@........@..@.@..........@......@.@....@.@@.@.@.@@@@.@
..@....@@@......@.....@.....@.@.@....@@@....@..@...@..@.....
.@..........@..@...@.@..@..............@.....@..@....@.@@@..
...@..@@..@..@..@.@...@@.@......@.@...@@..@...@....@@...@@..
Agents:
75
0,26,24,44,8
1,44,51,55,53
2,53,5,55,31
3,12,56,33,13
4,53,34,20,16
5,25,11,43,32
6,5,48,47,35
7,24,5,48,1
8,6,30,0,19
9,49,7,58,49
10,46,12,16,12
11,13,8,21,4
12,34,57,43,15
13,12,41,1,44
14,47,55,32,48
15,47,8,19,41
16,30,38,47,27
17,37,26,54,24
18,59,27,13,46
19,17,33,31,7
20,50,51,45,41
21,38,3,54,37
22,10,57,13,36
23,50,31,51,2
24,19,45,27,1
25,57,41,10,58
26,18,8,12,23
27,35,43,43,11
28,17,4,50,11
29,22,52,56,37
30,12,28,11,56
31,4,50,12,45
32,16,10,25,56
33,7,18,51,42
34,55,40,19,0
35,18,43,59,21
36,4,16,24,22
37,50,24,56,58
38,2,16,44,58
39,51,41,31,55
40,15,8,31,27
41,17,17,4,38
42,23,35,50,13
43,49,27,46,23
44,12,27,8,33
45,4,33,18,20
46,59,35,0,40
47,54,10,36,31
48,8,51,3,25
49,29,20,50,33
50,10,40,29,6
51,17,49,5,47
52,56,5,30,58
53,6,11,19,45
54,16,35,50,10
55,12,4,41,52
56,0,46,45,7
57,21,35,23,46
58,48,2,14,53
59,24,8,52,36
60,9,23,0,1
61,25,49,42,6
62,53,32,21,2
63,47,25,15,26
64,29,25,6,19
65,27,11,16,49
66,7,38,57,5
67,59,30,2,26
68,55,8,47,10
69,11,18,58,43
70,58,28,44,49
71,33,40,21,13
72,48,31,11,4
73,11,28,3,38
74,59,55,59,54
