0
Grid:
70,70
..@.........@....@@................@...@..@...........................
....................@...............@.....@..@................@.......
.@......@...............@.....@....@.....@.........@..................
.......@..@................@.........@................................
...............@..........@...@................@@..@................@.
.................................@@..@....................@...........
....@@..@..@.....................................@@...................
@....................@................@.@.@...............@...........
..............@.........@............@................................
.................@..............@..@...@...@....@.............@.......
..@....@..@................@..@.....@.@@..@..........................@
...........@.@@.....@..........................@......................
.............@@........@.@.......@.........@@............@.@@......@..
.........@..........................@....@.....@...@@@................
....................................@.......@...@@....................
@.@....@......................@.......................................
...@@..........@.............@......................................@.
..@@.....@...@....@......................@..@.......@...........@.@.@.
..................@...............@...@..........................@....
.........@..@@..............@.......@..........................@......
..........@..@..............@..................@...............@......
..........@...........@......@.......@...........@..@.@..@...@........
.........@......@..............@@...................................@@
...................................@...@...@.................@........
....@........@@...........@...........................................
...................@...@..@.......@............@..@@........@..@......
.....@.............@...........@...............@.....@.@..............
.@@.@......................@.................@....@..@...@.......@@@..
...........@.....@...........@....@..........@.................@@.....
@.@.@@@.@.............................@......................@...@....
.......................@.@.............@....@...@.........@........@..
..........@...........@..............@....................@.@...@....@
..@@............................@.@.....@...............@.............
..........@.......@.....@.@......@...@.......@..@...............@.....
@@...........@................@..@...@.@.@@.@..@........@@............
....@.....@.............@...................@...@......@.@....@.@.....
.........@....@..@...@......@@...@..@.......@@............@@..........
........................@....@..............@.........................
@.....@@.........@........@.....@........@.........@@@.@@........@....
.....@....@@.......@.@.......@.........@............@.................
..................@.....................@..@..@......@................
.@.....@........@.......@.......................@.@......@............
.@@..@....................@..@...................@........@...........
............@.......................................@.........@.......
......@.@.......@.@.........@@.@@...@...........@....@................
..........@..@......@..@...@............................@....@........
.....@....................@..........@.@.@.................@....@@....
..................@@.@.....@@............@........@.....@.............
...@.............@......@.@.............@.......................@.....
...@....@............@@..............................@..........@.....
@..@@.......@.........................@..@.....@.............@........
....................@......@............@..@......@......@@....@...@..
....@.....@.....@.........................................@.........@.
....@...............@...............@.@........@.....................@
..@...........@........@@..........................................@..
@........@.........@...................@.@..........@@.........@......
................................................@.....@@.@......@.....
...@..........@@...............@.........@@@..@.......................
..............@.@.....................@....@.........@@..@@..........@
.............................@...........@.........@..............@...
.@....................@.............@@...@@@.@...@.@.@................
.................@..@@.......@......@@..@..............@..............
.....@...........@...@......@......@............@..@..@.....@.....@...
...................@......@........@......@@..........@............@..
....................@........@.............................@.......@..
.@..@........@...............@...........@..................@.........
..@........@................@................@@......@.............@..
@.@.......................@...@....@.......@.....@....................
...@..............@@........@.....@..........................@........
....@.........@...@...........@...@..........@.....@..........@..@....
Agents:
65
0,1,69,5,59
1,22,25,41,3
2,54,6,36,26
3,25,22,29,62
4,28,32,16,39
5,11,5,65,55
6,55,48,50,5
7,65,11,31,47
8,38,68,23,17
9,25,58,28,18
10,52,2,53,27
11,40,19,14,27
12,14,67,12,4
13,37,32,31,31
14,30,24,28,28
15,42,14,66,61
16,67,58,27,29
17,3,9,41,8
18,10,18,29,56
19,67,37,26,17
20,23,9,43,34
21,30,42,54,39
22,25,28,3,11
23,47,20,3,64
24,35,0,52,44
25,46,48,54,11
26,34,12,48,59
27,53,68,39,61
28,28,2,25,9
29,10,57,51,53
30,38,62,53,28
31,61,3,48,51
32,60,67,38,24
33,7,66,23,27
34,44,55,31,36
35,0,19,57,25
36,0,58,47,47
37,42,68,1,17
38,63,55,41,35
39,19,17,63,2
40,66,30,15,16
41,50,55,5,3
42,5,4,23,44
43,50,8,68,56
44,8,10,2,57
45,68,31,0,55
46,18,26,45,28
47,51,28,45,68
48,21,51,20,12
49,46,50,6,43
50,69,26,64,24
51,47,45,62,9
52,47,10,42,68
53,26,30,20,16
54,37,21,66,65
55,65,30,0,62
56,24,65,62,23
57,16,22,16,11
58,60,39,48,67
59,4,62,47,62
60,11,59,41,69
61,60,3,40,67
62,24,15,24,57
63,16,35,3,29
64,34,38,64,61
