1
Grid:
70,70
..@..@.................@.@..@.@....@@..@......@...........@........@@.
..@.@..@.@..@..@...@....@..........@@...........@@...@.@@.............
......@.....@@@..........@..@......@....@.......@.....................
.@.........@.@............@..@..@..........@.....@..@............@....
....@...@..@....................@.@.........@@..@.....@.....@.........
.....@................@....@..@....@...@..........@@@..............@..
..........@.........@...@.......@@.........@.....@...@................
...@.............@.@@..@..@@....@@..@...@...@....@.@...@@..@..........
...........@.@..@......@..@@..@@.@......@....@..@....@...@.@..@.......
...@....@..@..............@.@......@....@..............@.......@@..@..
......@........@@..@@.@.@.@.....@....@.....@...@.@..@...@...@......@.@
@......@..@@...@....@.@.....@..@...@......@..@.......@..@@..........@@
@.@..@.....@............@.........@..........@@.............@....@....
@...@@@....@....@...@..@@.........@...............@...@@@.@...@@....@.
...@..@..@.@.......@....@......@.@...@..@.......................@@..@.
......@...........@.@.....@@...@.@....@@....@..@......................
...@.............................@....@.....@@.@...@...@.........@@...
@....@..............@.....@........@..@..@@..@.@...@.......@..........
....@.@.....@..@....@......@.......@.@.@.........@@....@..........@@..
...........@.@..@@........@...@.................................@@..@.
@@....@......@@..@..@.......@....@...@.............@...........@..@...
.....@...@.@@.@....@.@...@.@..........@.@......@@...@@.....@..........
.@.@@..................@....@.......@....@.@.@.@..@@....@@.....@...@..
@..@..@...............@.@.@..@....@.......@@....@.@...@..@..@@..@..@.@
...@...................@.@..@@@..@@....@..@....@..@.......@..@@...@..@
....................@@.@........@.........@.....@@........@.@......@..
......@.@.....@....@.......@...@@..@@.......@@.......@......@....@..@.
....@.@.@.............@..@.@.........@...@..@.........@..@......@.@...
...@..........@.@...@.@@..........@.....@......@...@.....@...@..@.....
....@@......@..@@..@@@.@..@....@.....@@.........................@.....
@..@......@@.@..................@@....@........@...@.@.......@.@..@..@
........@.....@.@..@................@.....@....@..@@...@.@@@....@@....
.@...............@@......@..@.......@............@..@@......@......@@.
..@..@......@@@..@..@..@.@......@...........@..@......@.@....@.@..@...
.....@..@...........@.......@..@.@.......@@@@.@@@...@..............@..
..@.@........@.@........@....@.@.....@....@....@............@@@..@....
.....@......@@.@.......@@@@......@...@.....@.......@@......@...@......
.......@........@..@@@....@.............@@@@..@..@.@..@.@.............
...@..@........@..@...@...............@...@.............@.......@.....
.@..@.....@@.......@.....@......@..@............@@..@..@.@............
......@........@..........@.....@...@.@..@.@........@@.......@.@......
..@@....@..........@.....@...@................@.@........@.@..@.@.....
@.@@@......@......@..@...@.........@..@....@.@@...@.......@.@@.@@@....
.......@..................@..@.@.@....@.........@.@@@...@.....@.....@.
..@..@.........@@@@@@@......@......@@@..@@@@.........@.....@..@@@@.@..
.@..@.@.......@.....@..@@.....@........@...@@....@....@.....@......@..
..@....................@..@.@@.@@.@...........@......@@.........@..@..
..@...............@.....@..@.@......@@........@....@........@@.....@..
..........@....@@@.....@@@.@.........@........@....@...@......@@...@..
.@...@....@.....@@...........@...@......@...........@@....@......@@...
...@....@.......@.........@.@..@......@@.........@...@...@@...@...@.@.
.....@@..@......@@@......@.@.@...@.....@@@.@...@.........@@.....@.....
......@...@..@....@.@....@@.....@.....@..@..@...@.@@..@.....@....@.@..
.@.@...@.....@............@..@..@@......@...@...@@..@@....@.@......@@@
....@.....@.@@................@...............@@.@.@...@.............@
@.....@......@...@.@......................@......@@.....@......@...@@.
.....@......@.@.@......@..@@.@.@@......@.@@.............@..........@.@
..@@@..@.....@.@..................@.........@............@....@...@@..
@......@....@@.@...@........................@...@.@@............@.@..@
...................@......@......@...@@..@......@.@..@.@.@.....@.@@..@
...@@...@......@@.......@@@.@......@...@......@.......@...............
.@.@@.............@@............@@..@.........@..............@....@.@.
....@.......@......@.@........@...@......@.@...@.......@...@.@........
@@.@.......@....@@.@@...@...@....@.....@.@@.@@@.@........@@....@......
@.@@.@@.@.....@................@.@..@....@...........@......@.@@......
...........@..@.......@......@..............@@@.....@@@@.......@@...@.
@...@..@.@@....@.......@....@.@@@...@....@.@@......@.....@....@......@
@...@.....@....@....@..@...........@......@....@.@.....@.....@........
..@@..@.......@..@.........@...@@@@....@....@.....@....@@.@.........@.
....@.@@.............@.@......@.......@@.....@...............@........
Agents:
65
0,39,2,65,39
1,4,22,63,37
2,69,12,31,26
3,27,12,51,11
4,37,12,35,14
5,52,1,50,67
6,33,4,34,53
7,36,18,51,56
8,49,27,31,3
9,26,16,8,54
10,25,16,48,13
11,64,65,55,53
12,20,68,30,27
13,18,53,45,56
14,35,59,15,11
15,20,42,60,19
16,61,39,31,52
17,52,61,7,63
18,19,10,4,0
19,61,35,12,21
20,59,24,50,47
21,55,51,24,54
22,41,55,57,39
23,32,58,33,8
24,12,20,34,38
25,55,39,4,28
26,28,29,55,8
27,48,56,64,68
28,51,63,23,12
29,38,23,6,8
30,51,68,62,13
31,50,9,65,60
32,45,34,64,32
33,14,60,15,16
34,27,40,33,18
35,10,39,33,6
36,27,32,23,18
37,20,46,34,40
38,47,69,25,68
39,60,65,31,5
40,10,25,20,35
41,25,11,19,7
42,66,35,21,50
43,69,43,55,38
44,5,23,19,50
45,13,47,16,31
46,22,39,31,43
47,24,37,43,54
48,1,8,44,61
49,46,11,43,0
50,35,22,38,13
51,46,30,32,30
52,7,53,0,42
53,53,18,0,10
54,23,41,20,49
55,63,62,16,18
56,46,17,61,2
57,39,53,65,49
58,33,69,9,23
59,43,46,7,37
60,30,52,54,66
61,19,69,68,16
62,59,2,27,45
63,58,33,57,20
64,54,16,32,64
