1
Grid:
70,70
......@.@.......@@@..@.@@.@....@..@...@@......@......@@....@.......@..
......@....@...@.@..@....@.@@....@..@..@.............@@...@...@..@..@.
.@..............@........@@@.@.@.@......@.@..@.........@.@.@...@.@@...
.....@..@.@.@....@.....@.........@@.@.@.........@...@....@..@@.@......
.....@...@........@..@.@...@...@....@..@......@.@...@.@........@@.....
@.@..............@...........@@.@.@.......@@.@@....@@@..@@........@...
..@@....@.......@@...@.@.@@....@.@...@@@@....@....@@.@@......@@.@...@@
......@.......@............@.....@..........@.....@.....@..@.....@.@@.
@.@.@....@.@@@@@..@@..@.@.@@.............@@.....@.....@.@....@@.@.@..@
.......@.@...@@.@.@.........@.....@.........@...@.@..@@.@@.@@.....@@.@
@...@.......@.@..@..@..@....@.@..@..@.....@..@........@..@.@@.@.@.....
...@......@@..@.@.@....@....@..@@..........@@.......@@....@....@@...@.
..@.@..@.@@...@@@..@....@...@...........@..@..........................
..@..@.......@.....@@..@...@.......@.................@...@@....@......
....@.@@@.@....@.....@......@@..@.....@.@.....@.....@..@.@.......@..@@
........@@@@........@@..@......@.@...@....@...@@....@...............@.
.@@.@.....@@..@.@.@@@..@.............@.@.........@..............@...@.
..@.@..@..@..@@@........@...@@.@....@.@..@@...@...@@.......@@@......@@
.....@..@.@...@..........@.@..@..........@..@........@.@...@@@@@.....@
....@@.@..@..@..........................@..@.@.@......@@....@.....@...
...........@...@......@...@@@.....@.@...@.........@...@@..@@..@.......
............@....@........@............@..@.@.........@....@@@.@...@..
..@..@..@.@.....@..............@@@.@...@.@@.@....@.........@@@........
.........@.@......@....@.@.@...@@........@.................@@.....@...
....@....@......@.@.@.@.........@.@...@....@........@.@.@........@...@
..@.@......@@.@..@@.........@..@.......@..@....@.@..@@.............@..
@.....@.......@.@.@@@.@...........@......@...........@.@.......@..@.@@
..@.@..@.@..........@.......@.......@......@...@.....@.@..@.........@.
@.....@@..@.......@@.....@.........@.......@..@..@.........@.@@@@@....
.@..@..@.@....@..@...@...@..........@.@.....@.@...................@..@
@@@@@@.@..@..@...@......@@.................@@.....@.@@........@.@...@.
..@@.@..@...@...............@@@@@@...@...@.@....@....@@.@@.....@@...@@
...@....@@@.@.......@...@@................@.@..@.....@...@..@@@@.....@
@.........@.@...........@...@....@@....@......@@.@@.........@...@....@
...@..@..@@@..@.....@....@@....@..@@..@..@.@..@.....@......@..@..@@..@
@.....@@.@@..................@@.@@....@.@.............@.@...@@@@@...@.
.@........@@....@..@.@.....@.....@@@@@..@.@......@.@..@.@..@...@......
..@..@@..@....@.......@.@.....@............@...@......@...@..@.......@
.....@.@@...@@...@...@..@........@@..........@..@@.@....@..@@...@.....
.@.....@...........@.@...........@@..@.@...@....@.@@...@.@@....@..@.@.
..@.......@....@.....@@..@........@@..@...@............@.@......@.@..@
......@@..@@.@.......@.@....@....@.......@.......@@@@.@........@......
.........@..@.......@.@............@.@@.....@....@.....@...@.@..@...@.
.............@..@.@@........@...@.@...@..@@@...@.@..@@........@@....@.
......@.@..@..@@@@@...........@......@...@.........@.@.....@......@.@.
.@.@........@......@..@...@@@@......@@...@...@@.@@.@..@.@@..........@.
@@@@........@......@.@.@...@.....@........@..@............@...........
.@........@.@.........@...@..@.........@@.@....@@.@....@..@..@...@..@.
.@@.@@..@....@@..@......@@.......@..@.@@@..@@.@......@@....@.@..@@....
......@.@.@@.@...@...@...@..@.@..@@..@.@@..@...@...@.....@..@@....@@..
.@....@@@..@.@............@.@.............@........@..@..@@........@.@
.@..@.@.....@@@@..@.@.@.@.@......@@.@..@.......@..@....@..@....@..@.@.
.....@@....@...@...@@...@.@..@...@....@@....@......@...@.@...@....@...
.@@.@@.....@.........@....@@..@....@@.......@.......@...@@........@@..
.@..@..@@@....@.....@...@.@@..@@.......@.........@.....@@.@@@..@.....@
.@@@.@.@@...@.@.@.....@@@...........@....@.@@........@..@............@
....@@@...@..@..@....@@@..........@...@@.@.@...@.....@...@.@..@.@.....
.@........@.@........@....@.....@....@...........@..@...@..@.....@....
.......@.....@@@.@....@@@...@@............................@..........@
..@@.......@.@..@.@....@..@.....@.@.@@...@..@.@.@.........@..@...@@@..
...@.@.@....@............@@.@@...@....@....@....@@...@.........@..@..@
..@@.@....@.@.......@@@.@.@@..@@...@@.......@.@@@@...@..@@.@.@........
.@@....@@.....@..........@@.@..@@@@..@...@@@@..@@@@@@@.....@..@.@.@...
@.@@@@.@......................@.....@.....@...........@.@...@......@@.
...@@....@....@......@..@@@..............@.@.@..@@........@..@...@@.@.
@........@@@@.@...@..@..........@...@@...@...........@@@.....@@..@....
@..@..@.....@@@@..@.@.@..@...@.@...@@@@..........@.........@.....@@...
..@.@....@.@....@......................@@@.@...@.........@..@.@..@.@..
..@.......@.@@@....@@@......@..@@@.....@.@.@@...@.....@.@.@.@.........
.@.........@.@.........@.@......@..@......@.@..@..@.@@................
Agents:
40
0,65,31,57,38
1,38,15,20,61
2,57,34,40,39
3,3,59,58,16
4,63,63,28,5
5,37,19,13,39
6,18,42,26,58
7,59,59,4,22
8,20,18,22,0
9,16,57,60,17
10,16,61,18,65
11,62,27,53,25
12,67,17,57,2
13,0,13,42,31
14,57,55,26,4
15,61,66,10,69
16,7,30,58,8
17,53,40,67,21
18,54,21,12,11
19,5,38,15,25
20,65,38,51,21
21,47,36,29,12
22,43,5,15,15
23,27,60,1,12
24,44,12,68,34
25,42,45,32,5
26,2,47,27,13
27,21,29,57,5
28,11,26,3,55
29,21,48,21,58
30,3,45,2,54
31,7,40,21,32
32,27,14,41,59
33,12,32,5,26
34,67,21,57,33
35,12,55,45,59
36,19,28,39,45
37,52,16,28,23
38,64,8,11,30
39,44,39,9,39
