1
Grid:
60,60
@@.@......@...@@...........@...@..........@@..@......@......
...@..@@@.@..@.....@.@@............@........@.....@...@.....
@............@....@@....@...@@......@...@.....@..........@.@
...@.@@.....@.................@.@.....@.@@..............@...
..........@..................@@......@.............@...@...@
....@............@..........@........@@..@....@@@...@.@.....
.@.@...........@@.....@.......@.....@..@..........@....@....
@..@.@......@..@@.@.....@..@..@@@.....@.@..@@.....@.....@...
..@@...@.@........@...@.......@.............................
.......@.....................@.@.@.@..@......@.......@@@@@..
.@.@.......@...@...@.@.........@...@.@@@.@.....@............
.@.@...@.......@..@.....@......@....@.........@.@........@.@
...@....@....@....................@..........@............@.
.....@...@.....@........@...@....@.....@.........@....@.....
.@..@.@.......@..@...@..........@......@......@.......@.@@..
.......................@..........@..@...@....@........@..@@
@.@@......@@.@.@......@@@...@.....@......@@@.....@..@..@..@.
........@.......@........@.....@..@....@...............@....
....@..@.@...@..@........@.........@........@.......@..@....
..@.....@...@....@.@.@....@..@....@@.@@@.....@@.@....@......
.....@..........@@.@@@@....@..@...@........@......@....@.@.@
......@.@@.@......@....@.@@..@..@.@......@.............@....
...@@.....@.@..@....@@.@...@...@....@@@.......@.........@...
...@@.@.@.....@....@@..@.@.@..@.....@.....@...@.......@.....
...@.....@..........@.@......@..........@.@..@.@........@@..
@...............@.@.@@..@....@......@.......@........@@.....
..@...@........@.....@........@....@.....@...............@..
..@..@..........@...........@@..@....@.@@.@......@@@........
@..@@@......@.........@.@...........@.@....@.....@@@@...@..@
..@@..........@@@....@@..........@.@..@............@@@..@...
......@....@@@......@......@...@...@@...@..@@..@...@...@..@.
.@...........@.....@.....@@.....@...@.......................
.@@....@....@@..@....@.....@.................@.......@.....@
..@..................@...........@@@.@.........@...@@.......
......@......@...@...@.@........@......@.....@.....@.@..@.@.
........@......@@........@.......@................@.@.@.....
.......@......@.......@....@@.@....@@..@.@.@.....@.......@.@
.@..@....@........@.......@....@..@..@.@......@@.@...@...@.@
..@.@.............@.....@................@...@..@@......@.@@
.@......@....@.@...@.....@...@........@..@....@....@........
......@.......@...........@.....@....@...@..................
@....@..@..@......@.........@.@@..@..@..........@@@..@....@.
@.......@..@.@.................@.....@.@@.@@.............@.@
..@@.....@.....@@.@...@@....@..@....@.............@....@..@.
..@.@.....@....@....@..@......@...........@.....@...@.......
..@..@@.@............@@@@....@.@...........@.@@....@.......@
......@........@@.....@@..@.@....@..........@....@......@...
..@@.......@..@....@@.@..........@.........@@@.....@.@......
.@.....@..@.@....@.........@@........@.@.....@@.............
@...@....@....@....@@......@@...@@...@..@.@.@@.......@...@..
........@@.@..@..@...@@.............@..@..@...@....@......@@
@........@.@.@..@@@...@.....@...........@.......@..@..@....@
....@...@...@.......@..@@...@@....@.........@...@.@..@..@...
.@...@..@.@.@...@........@..@@.........@.@@...@...@.@.@@....
..@.........@@.......@....@..@.@..........@.@..@.@@@@.......
.....@...................@..........@..@.....@.@...@....@...
......@@........@.........@.......@...@....@@.....@.....@...
...@....@.........@....@.............@.......@..........@...
..@..@.@@.....@@.@............@.......@@.....@........@..@@@
........@.....@@.....@..@.......@..@@@.......@@...@...@.....
Agents:
85
0,26,22,59,5
1,19,51,20,51
2,55,20,32,37
3,2,12,25,31
4,24,33,48,31
5,6,13,27,21
6,44,57,2,49
7,18,18,39,21
8,36,10,23,50
9,39,21,24,15
10,3,47,22,39
11,37,44,1,31
12,30,26,6,11
13,39,28,56,14
14,26,50,48,57
15,34,52,34,52
16,42,44,0,29
17,7,7,19,50
18,10,9,41,2
19,12,33,47,6
20,47,16,17,6
21,37,40,59,18
22,0,16,5,24
23,30,28,11,12
24,9,2,9,27
25,58,43,34,5
26,47,35,56,22
27,39,18,35,49
28,43,25,32,33
29,5,55,17,0
30,54,22,26,46
31,37,54,14,9
32,48,29,18,27
33,15,53,19,56
34,33,53,40,50
35,56,54,30,28
36,4,6,33,12
37,25,2,37,58
38,47,26,6,25
39,12,22,12,49
40,58,46,47,58
41,22,26,12,9
42,53,58,20,7
43,31,9,9,20
44,21,15,51,26
45,3,2,9,34
46,48,31,45,1
47,0,37,7,6
48,54,15,8,5
49,38,40,53,6
50,31,17,19,42
51,12,42,31,40
52,36,15,55,3
53,23,50,43,29
54,0,35,41,59
55,22,47,25,14
56,20,12,18,19
57,59,44,39,35
58,21,42,51,37
59,40,18,42,32
60,48,42,11,35
61,27,13,45,20
62,56,51,55,16
63,51,12,37,11
64,29,26,15,9
65,24,21,32,4
66,37,19,34,49
67,53,19,31,39
68,43,26,0,28
69,55,59,27,53
70,38,46,29,11
71,40,31,55,11
72,21,54,19,36
73,30,41,0,56
74,10,14,4,14
75,33,24,7,28
76,12,44,5,12
77,7,8,12,11
78,50,28,29,50
79,57,38,57,32
80,18,46,0,24
81,14,10,40,57
82,16,59,32,39
83,4,25,20,38
84,48,20,56,31
