2
Grid:
60,60
@.@.@..@@..@...........@......@@....@.@.....@.@@@...@....@@.
...@..@@.....@.@@.@@.@......@......@..@@..@@@..@..@@....@@@@
........@.@.@..@.....@@.............@@@.@..@@.@@@.....@.@@..
....@@..@@@....@....@..@@.@@.@........@@...@..@..@.....@@.@@
...@.......@..@..@.........@@...@..@..@..@.@.........@@@...@
@................@....@....@.@.@................@.@@....@...
@.@..@.@.....@@@..@@@.......@....@.....@@...@...@.@.........
@@...@..@..@@.@.......@@..@..@@.@@@@@.@@.@.@@@@..@.@.@.@....
.....@@.......@@....@.....@....@@..@@.@....@@@.......@@.....
....@.@...@..@.@@.@.@@..@@...@.....@....@..@@...........@.@.
...@.@@..@...@@......@@.....@..@@.@@@@..@...@@.......@@.@@..
...@@.@........@..@@......@.@@.@.....@@....@..@.....@@...@..
.........@.@..@@@@@..@@...@@.@.@...@@@..@......@@.@....@.@..
...........@...@@.@............@.@.....@.@@@@@@@.....@@.....
@....@..@@@@.@@............@@@......@.@......@@@..@...@.....
@@...@.......@...@........@@@.........@.@...@@..@@....@@@.@.
@...@......@..@......@@.@......@.@.@.@.@@..@.....@..@.@..@@.
@@......@.......@@@.@@..@..@.@.....@@..@....@..@..@...@.....
...@.@.@@.@....@@@@...@..@@..@...@.......@......@.@...@.@..@
@@@.....@@.@.....@.......@..@...@@........@.........@.@...@.
..@.....@...@...@......@......@@.....@.@.....@..@@.......@@.
.@...@....@...@@....@........@.@.@.....@..@@.....@.@......@@
@@..@.@...@.@......@..@.....@.@.....@....@@..@@..@@@.@...@..
....@....@..@@..@..@@..@....@@..........@.@.......@@.@....@.
@.@.....@@.@@..@@...@..@@.....@...@@...@...@..@.@@@.@.@...@.
.....@@.....@.....@..@@@...@..............@@....@.@........@
@.........@..........@.....@@@....@......@@@....@@....@.@@..
....@..@..@...@@@.@@......@...@@@.......@.@.@@@@@...@...@..@
....@.@.....@.@..@@@@@......@..@@..........@.@@.@...@.....@.
.......@.@@..@..@..@@.@...@...@.@@....@@.......@.@.@@.......
..@.@..@......@.......@..@....@..@...@.@..........@...@..@..
.....@@...@@.@...@@@.@@...@@@....@....@.@@.@@.@..@....@..@..
..@.@...@.@....@............@..@.....@.@@.@...@@@..@.@@....@
...@@..@@...@..@..@.@...@@.@@..@..@...@.@...@.@....@......@@
@@...@..@@...@....@.@.@@@.......@@..@.....@.@..@@.@@......@.
....@..@.@..@...@.@...@..@@..@....@.@.......@@.@@...@.....@@
..@@..........@..@....@.....@..@@..@...@...@@...@.@@......@.
.......@..@...@...@@...@.............@.@.@@.@......@@.....@.
..@...@.......@@...@..@.@.....@..@..@@..@.@..@..@........@..
@@.@@...@....@@.@....@......@.@.@@.....@.@.@........@....@@@
@.@............@@..@....@@.@@.............@@@........@.....@
.......@....@@@@@.@@......@@...@..@..@.@......@.............
...@..@..@.@.@....@@@@..@@.............@@.@@.@...@..@.@.@@@.
....@.@.....@@.@.@@.......@@..@..@...@..@......@@.......@..@
.@...@.............................@@.@.@.@@....@.......@...
@.@.@........@..@.......@@..@@.@...@@.....@...@..@...@@.@@.@
@@.@......@......@@@..@..@@...@.....@.....@.....@.@.@@......
.@@.@@....@@.@@.....@@@...@...........@..@@.@.....@.@......@
...@.......@...@.@......@..@..@.@........@......@..@..@.....
.@...@.@......@...@..@.........@.@..@..@@..@@...@@@....@...@
...@@..@...@..@@...@....@..@@......@.@...@......@@@.....@...
.@@..@...@..@.@@.@.@@@@...@@@.@@.........@....@@....@@@.@..@
..@.@..@......@....@......@.@.@.@............@.@.@......@@.@
@@..@..@@@..@@.......@.@@.@........@@..@..@.........@..@....
.@...@@...@....@@...@@..@...@.@.@....@.....@.@....@@..@...@.
@@..@...@...@.....@@@...@@@.@......@@@.........@....@@@@@...
@@@..@..@@....@.@@.@..@.......@..@.@...........@.@@.@..@.@..
....@.@...@.....@@......@.@.......@@@@......@.@@....@@@@..@@
@........@@......@....@..@.@......@@...@........@..@@.@..@.@
....@.@..@.@@..@@@...@..@.......@.@.@...@.@..@...@..@@@.....
Agents:
85
0,35,56,59,25
1,15,47,9,30
2,44,8,28,41
3,47,3,47,3
4,0,35,55,39
5,2,5,21,40
6,10,33,58,11
7,59,2,26,11
8,15,31,23,0
9,16,38,34,40
10,37,45,59,47
11,59,3,15,8
12,6,46,45,23
13,46,43,54,40
14,51,43,31,31
15,20,19,12,51
16,26,59,31,50
17,34,59,34,59
18,6,45,22,25
19,0,5,32,26
20,31,1,2,51
21,8,30,8,2
22,1,37,0,37
23,59,23,39,17
24,47,16,4,39
25,29,55,46,14
26,16,27,24,40
27,38,16,34,15
28,45,15,34,29
29,13,9,10,25
30,37,59,38,59
31,4,22,17,11
32,35,30,4,0
33,22,7,5,46
34,48,59,39,51
35,16,25,41,59
36,27,58,49,34
37,18,44,48,55
38,20,15,25,40
39,52,18,40,22
40,58,13,14,42
41,33,36,58,18
42,3,57,21,24
43,34,25,36,40
44,44,31,18,19
45,18,28,5,1
46,53,5,55,46
47,10,20,45,7
48,55,21,29,28
49,25,56,30,36
50,30,11,50,10
51,51,16,40,48
52,43,45,48,20
53,4,0,16,59
54,43,23,52,33
55,5,5,24,4
56,41,55,39,18
57,6,10,4,2
58,26,51,53,27
59,49,32,11,13
60,40,41,37,3
61,25,36,6,51
62,40,33,45,43
63,40,35,49,10
64,45,8,13,40
65,1,10,10,58
66,52,25,13,6
67,57,0,37,9
68,15,21,3,54
69,21,18,9,3
70,1,48,46,34
71,34,7,0,21
72,25,7,46,8
73,14,31,6,36
74,40,38,37,25
75,57,40,51,38
76,26,4,4,31
77,4,26,30,16
78,23,52,26,2
79,11,21,49,22
80,26,5,23,36
81,32,56,48,45
82,25,45,11,17
83,0,49,48,59
84,45,44,42,30
