1
Grid:
70,70
.@@..@....@...@@.@....@...@...@@.@@..@.@..........@@....@.@..@...@..@.
.......@...@.......@...@..@..@....@..@......@..@..@@.@@..@@..@@.@.@.@.
@.@.@@@.@.....@.@@@.........@@......@.......@.@..@....@.......@.@.@.@.
@@..@..@....@@.@.@@.@@.......@.....@.@...@.@@@.......@....@.@@..@...@@
@...@@....@.@....@@@.............@@@..@..@..@@@...@@.....@@@..@@....@.
..@...@........@@@....@@@.@@..@......@...@...@.@...@...@..@...@......@
.@...@.....@.....@....@....@.@.@.@.@@@....@...@.....@@....@.@.....@...
..@.@@..@.......@@.@....@.@..@...@@.@.@@.@....@@....@@...@..@...@.....
..@.@.@@@.@.........@.......@..@.@@@@.........@.@.....@@......@.....@@
..@......@......@...@....@....@....@@@.....@@...@@...@@.@@........@...
@@.@@@..@...@...@@.@@.....@.....@...@@@@@.@@.......@..@@........@...@.
....@.@@@@.@@.......@..@@@@.....@...@..@..@.@@..@...@.@@@..........@.@
.......@.....@@.@........@@@.@....@.@@@@@.@..@..@........@@.@@.@@...@.
...@@@...@@@@...@.@..@.@....@..@@@..@.@...@.......@..@...@@@@@..@...@.
......@.....@.@@.@...@@..@...@.........@.@......@.....@@@@..........@@
....@.@.....@.....@.@.@..@.@.@@.@..@....@......@@@...@...@@......@@...
.@...@.@..@.@.....@..@...........@.@....@@.....@..@@...@@.@...@.......
@...@.....@..@.@@.@.......@.@...@.....@@..@....@....@......@.@@.@@@.@@
.@@@............@.......@......@.....@....@.@@.@@.........@.......@.@@
...@@..@....@@.........@...@.@@...@.@@...@@...@..@......@...@..@..@...
.@.....@.@.......@...@@...@..@..@..@@@@..@....@.@...@@............@..@
@.....@@......@.@.@@.@..@@..@@.@.........@.@.@@......@@.@..@@@........
.@@.@.@@.@@....@@........@.@...@....@@..@@.@..@..@@..@.@@.......@...@@
...@.@@...@.......@.@@.@....@...@...@..@@.@.....@@...............@...@
...........@...@....@@.........@.@...........@......@@@..@@@@.....@@..
.@@.....@..@...............@@.@.@@@........@....@@@@@......@..@.@.@.@.
@.@.....@..@.@@.@@.......@..@@@@.@.@..@...@.......@..........@@..@....
..@@..@....@...@.@@.@.@@........@@......@..@......@.........@@@@@..@.@
@.@.@@..@...@@@.......@@......@@@..@@......@@........@.........@@.....
.....@.@@@..@...@....@..@.@@.......@@@...........@..@........@@@..@@.@
.......@......@....@...@.......@..@...@@.........@.@..@@..@...@..@@@.@
..@.....@......@@@....@........@.....@..@.@@@@.@....@.@@....@.....@.@@
@......@.@@@......@@@@@...@@@@@...@.@.@@.@@........@....@..........@@.
.@......@@.............@.@..@..@..@.@.....@....@@...@.@@.@.@..@..@....
......@.@@..@.....@.@.@..@.....@.......@@............@@.@...@..@....@.
.....@.@@......@@......@..@....@.....@...@....@.@...@@@..@........@...
..@....@@.@.....@@..@@@.......@.@.......@@.@...@.@@@@.@...@..@.@....@.
....@........@.@@........................@@@@.@..@..@...@.@...........
....@@.@.....@.@..@@......@..@@.@.......@.@.@@..@..@....@@.@@..@@..@..
@@.......@...@@.@.@.....@.....@.@@..@.@.@.....@...@............@..@...
@.......@.@@..@@.@.@@@@....@@....@@@...@@.@@@@..@..@.@..@....@.@....@.
..@.......@.@....@..@.@.@...@@........@@.@.@.....@...@..@.......@.@...
..@@......@....@..@...@..@.@.@.@@.@..@....@...@..@...@@...@.......@@@@
...@@.....@.@......@......@........@.@@@@@..@@..............@@..@@....
@...@...@..@@@.......@@@@..@@....@..@@@..@.@@@.@..@....@..@@@....@@.@.
.@@..@@.....@....@@@.....@...........@@........@.@@.......@.@@..@..@..
@...@..........@.@@@@......@.@@@................@.@...@@.......@...@@.
..@...@.@..@@.@......@..@@.@......@....@.@@.....@..@@..@.@.@@...@.....
.........@@@..@@.......@@.@..@............@.@.@.....@....@..@@....@...
.@...@..@@....@@....@@.@@...@.....@.......@@.................@....@@@.
.@@@.....@@....@...@@..@.@..@...@@........@...@@..@...@...@..@........
..@...@...@@@....@...@@.@..@.........@...@@.@...@......@.....@...@@...
.........@.@..@.@@@@.@..........@.@.@........@....@@.@@@.@....@.@.@...
...@@...@..@......@......@@.......@....@......@.@...@@@...............
.@.@...@...@@.@@.@.....@.@.............@.@.@.@...@@........@..@.@@.@.@
@....@...@..@@..@.@.@...@....@@@..........@....@......@@..............
@...@..@@........@....@.@..@.....@.@.........@.@..@.........@...@.@@..
...@...@@......@..@@@.@@.@@.@.@.....@.......@@.@.@..@@@.@@...@.@.@@@..
.@.......@@@.@....@@@@.@........@...@@@...@...@@...@@....@@...@@.@....
.......@.@.....@..@.@.@.@..@..@............@@@.@@......@...@...@..@@.@
.@.........@@..@@@.@......@......@......@@.@...@@.@@@.....@.@@@....@.@
...@..@@.....@@.....@@..@@..@.@@..@@.@.@....@...@@...@.......@.....@@.
.@.@.....@...@..@@@.@@....@@.@.@.@@.@...@.......@............@.@......
@..@...@..@...@.....@@..@@@@...@@.@@......@.@...@.@......@@.@....@@...
.@@...@.....@....@..@....@.@....@.@.......@..@.....@....@..@..@..@.@..
@.@..@..@.......@.@.@....@.....@...@@@@.....@......@...@@@....@@.@.@@.
@.@.......@.....@.@.@...@@@....@..@@.@...@......@.@.@..@@.@@@.@....@@.
@@@@..@...@@.@.@.@.@..@..@@.@.......@.@@@.@....@@@...@..@@@......@.@@@
.@@@.....@@..@@...@.@....@.@....@.@.......@..@....@......@.........@..
@.@@....@@.............@.@.@.....@@..........@@@..@.......@.@@.@@.....
Agents:
80
0,48,43,59,57
1,69,7,3,47
2,50,56,58,17
3,31,63,7,48
4,35,12,39,61
5,22,26,9,21
6,66,36,66,36
7,13,63,14,0
8,22,11,32,46
9,65,64,68,63
10,17,25,26,68
11,42,33,53,63
12,65,4,16,60
13,17,45,46,16
14,47,4,61,2
15,52,5,62,23
16,34,59,42,24
17,65,12,33,14
18,38,17,8,13
19,2,37,28,19
20,57,42,17,8
21,45,9,19,57
22,39,47,45,66
23,28,18,59,0
24,8,21,59,21
25,53,66,36,59
26,3,50,43,56
27,62,2,42,52
28,9,4,33,20
29,68,5,56,29
30,57,24,2,43
31,31,27,8,59
32,9,24,43,63
33,58,5,50,31
34,58,15,9,58
35,35,56,60,7
36,30,20,42,5
37,23,29,11,60
38,54,68,25,67
39,59,6,8,42
40,49,13,23,25
41,62,56,43,57
42,16,0,60,8
43,33,53,33,22
44,21,30,50,14
45,14,5,41,8
46,41,58,67,31
47,23,24,56,59
48,52,27,32,24
49,53,59,23,12
50,34,51,1,52
51,25,44,6,32
52,23,12,28,47
53,19,20,7,11
54,40,30,50,0
55,8,11,52,26
56,10,61,37,67
57,49,29,18,23
58,61,43,33,50
59,33,14,32,54
60,26,68,42,50
61,19,51,15,55
62,27,46,19,16
63,10,63,46,61
64,35,11,27,9
65,49,52,39,28
66,30,5,37,39
67,59,52,44,5
68,2,20,11,30
69,49,7,56,18
70,19,24,12,5
71,59,12,20,14
72,47,29,48,31
73,12,31,46,24
74,18,67,13,46
75,0,44,37,62
76,45,59,8,56
77,61,45,69,39
78,44,56,9,67
79,38,33,29,46
