2
Grid:
70,70
...@...@..@.@....@............@....@............@...........@.......@.
..@................@........@..@.....@...........................@@@@.
.@@@....@......@.....@.......@..............@....@..................@.
....@.@...................@......@.@...........@.@@.@@............@...
.@..@...........@.........@......@.......@...............@..@@.......@
....@@@@@@@...@......@.@....@.@.....@...@....@...@...@@....@.@...@@...
.............@@........@.....@..@.............@@.....@......@....@.@..
...@....@@......@..@....@.....@.........@...@@@..@@@....@@.....@@.....
.....@....@.....@............@..@....@@.......@.....@.@...@@@..@..@...
@....@@...............@...................@.............@@......@...@.
.....@..@...................@@........@...@@.......@.....@.........@..
.@@..@@..@.@..@...@........@...@.@.....@...@......@..@.@......@.......
.....@.....@.@@....@@..@..@............@.....@.@.@.@...@..@...@.....@.
........@....@............@...........@@.@....@......@.......@......@.
..@@.........@...@.......@.....@@...@..@....@.@@........@........@....
......@...@.............@...@@@............@......@@....@..@@.....@...
..@...@.@....@@.....@@.@.@...@@..@.............@...@@....@.@...@..@...
@.@@@........@............@...@.................@....@@..@...@@.......
.................@......@.....@....................@..@..@......@.@..@
.@@....@........@................@.@...@...@.@.@...@.@..@...@..@.@.@..
.@....@@....@.@@....@@..@.@......@@......@.@..@.@....@.@..@..@@......@
...@..@.....@.@.......@@.@..@.@...@.@..@.......@..@@.@..@..@.....@.@..
@.@@.............@...........@..@............@.........@@@.@.....@.@.@
....@.............@@@@........@@.....@..@...@....@@.....@....@.@..@...
@.......@....................@@....@@.....@@.......@......@@@@....@@..
.@@@@.@.@.@@..........@...@....@...@.@.@....@....@.@.......@..@.@.....
........@..........@...@@.@@....@...@@.@.@......@..@.@@.@..@..@......@
@.....@....@................@@..@..@@...@............@@@@@......@....@
.@...@.......@..@.....@....@.@@.@.@..........@@..@...@@.@.....@.......
....@@@.@@..............@.@@@.@.@.@..@@...........@.......@.......@...
@.........@@@...@@@.@@.......@.@.@@.@@@....@.@...............@.......@
.....@.......@......@......@....@..........@...@@@....@.......@.@.....
.@......@....@.....@.....@.......@.....@....@......@....@............@
..........@@....@.@....@.....@.....@...@@......@......@.@.......@....@
.@....@.......@................@.......@....@.......@................@
........@.@...@....@..@..@.@@...@.....@...................@....@....@.
..........@...@@......@......@@...@.@....@....@..@.........@.....@....
.....@.............@..............@.....@..............@...........@..
@...@........@...@..@.....@@......................@.@.......@.@@......
.@....@......@@.........@@..@@.....@....@............@@.@.@.@@........
.....@..........@@.........@.@@......@..@@.....@...@@......@...@@.....
...@......@..@.......@........@...........@..@...@..@.@...@..@@....@..
.....@@.....@.......@..@@................@@..@..@..@....@.@.@.@....@..
.@..@...@....@......@....@@..@@.@..............@..@....@........@.....
@@.@@..@.@........@............@........@...@...@....@.....@..@.....@@
..@@.@......@.@.@..@@....@...@....@...@.@.@..@...@....@@.........@...@
....@.....@...........@......@@.@@...........@...@@......@............
.........@.@.........@..@...@.....@....@.....@@@............@..@.@.@..
.@@.....@..@@....@....@..@.@@........@@.@.@.@......@@.@.........@@....
...@..@.......@.................@.....@................@..@...........
..................@...........@.@....@.....@.....@@..@@.........@.....
..........@...@........@............@.@......@......@.............@@@@
.@...@.@.....@@..@@.@.@.....@...............@.@........@.......@...@..
.@@@@..........@....@............@..@....@.@@@..@...@......@@.@......@
@......@..@.@.....@.......@...@.@....@...@.@.......@...@.......@..@.@.
.........@.@............@.......@........@......@..@.@................
...@.....@.........@@........@....@....@@@.@@....@...@...@@@...@....@.
..@@..@..........@....@...@.............@@...@.@@..@.................@
@..@.............@@.@@.....@..@......@..@@.@......@@..........@@......
....@..................@..........@.@...@@.@........@......@...@@.....
.........@..@...@......@@........@@.....@...@.......@...........@.....
...@@......@..........@.......@.......@..@.@@....@.....@@.....@..@....
............@.....@..@@@....................@.@@..@.......@@...@.@....
@@@........@.@..@.....@...@......@..@................@@....@...@......
....@.....@.....@........................@......@.@@.@...@@.@........@
..@...@..@@.....@.......@..@.......@@...@.@....@......@.@.....@.......
@..@...@....@..@..@............@..@......@........@.@...@.......@.....
@.........@...@..@...@....@.....@...@@..@..............@....@.......@.
........@...@...@....@...@.@@..@.@...............@@......@..@.....@..@
..@.....@...@.@..@........@.....@....@............@..@..@............@
Agents:
80
0,25,27,25,41
1,44,12,60,7
2,44,50,10,49
3,59,31,59,13
4,11,7,68,67
5,44,35,17,51
6,13,30,3,34
7,54,8,54,56
8,39,18,58,39
9,34,13,2,41
10,66,45,6,28
11,21,66,69,40
12,50,5,40,54
13,24,49,44,45
14,59,1,6,19
15,66,54,34,59
16,58,58,24,2
17,55,29,1,26
18,68,46,59,27
19,22,40,23,68
20,60,47,37,69
21,62,5,45,33
22,39,21,13,17
23,16,44,36,18
24,8,53,20,37
25,7,22,34,26
26,30,68,27,30
27,61,47,19,55
28,0,53,56,24
29,18,42,40,62
30,38,28,50,21
31,42,7,30,63
32,14,24,58,13
33,10,62,34,58
34,22,19,42,21
35,52,15,27,63
36,59,50,42,18
37,41,6,3,18
38,64,44,24,38
39,34,46,38,2
40,46,38,42,30
41,33,28,68,38
42,28,20,41,48
43,37,11,54,34
44,49,8,24,40
45,29,53,33,57
46,43,14,5,24
47,60,11,23,46
48,16,45,25,7
49,20,42,23,62
50,64,26,58,22
51,47,64,47,31
52,64,65,8,31
53,49,28,68,11
54,55,59,54,8
55,16,27,35,6
56,30,64,59,11
57,60,32,12,48
58,48,16,18,20
59,48,50,59,65
60,20,57,18,60
61,33,50,36,16
62,18,7,13,34
63,56,16,23,6
64,0,4,27,20
65,44,6,37,51
66,36,16,41,65
67,29,1,59,35
68,67,53,35,56
69,65,65,40,24
70,67,4,40,66
71,63,14,37,12
72,6,4,40,13
73,48,67,1,41
74,45,56,37,46
75,9,33,3,62
76,57,62,16,44
77,58,12,31,16
78,53,24,43,18
79,27,43,43,66
