1
Grid:
60,60
............................................................
............................................................
............................................................
............................................................
............................................................
............................................................
............................................................
............................................................
............................................................
............................................................
............................................................
............................................................
............................................................
............................................................
............................................................
............................................................
............................................................
............................................................
............................................................
............................................................
............................................................
............................................................
............................................................
............................................................
............................................................
............................................................
............................................................
............................................................
............................................................
............................................................
............................................................
............................................................
............................................................
............................................................
............................................................
............................................................
............................................................
............................................................
............................................................
............................................................
............................................................
............................................................
............................................................
............................................................
............................................................
............................................................
............................................................
............................................................
............................................................
............................................................
............................................................
............................................................
............................................................
............................................................
............................................................
............................................................
............................................................
............................................................
............................................................
............................................................
Agents:
85
0,21,13,26,11
1,24,15,10,28
2,44,2,31,42
3,47,7,35,31
4,6,9,23,57
5,16,48,24,46
6,43,35,42,8
7,13,1,11,16
8,48,28,42,10
9,27,43,0,20
10,57,20,24,54
11,13,26,18,39
12,24,53,56,8
13,39,14,5,32
14,28,44,11,3
15,0,50,16,7
16,30,11,49,58
17,37,21,46,24
18,59,51,39,37
19,10,34,42,57
20,1,23,57,49
21,40,3,17,42
22,6,32,27,49
23,44,7,17,13
24,12,28,49,53
25,24,59,58,39
26,46,10,42,45
27,23,0,32,9
28,0,57,8,21
29,50,51,43,44
30,22,32,34,35
31,39,21,27,7
32,8,25,19,25
33,18,32,59,55
34,58,52,22,26
35,1,57,7,22
36,18,53,56,44
37,42,33,19,11
38,40,10,39,29
39,20,51,49,26
40,9,32,9,6
41,2,59,52,52
42,20,1,22,49
43,4,20,34,2
44,47,36,35,29
45,21,1,36,56
46,0,18,57,2
47,11,28,28,46
48,43,18,28,15
49,54,40,8,8
50,14,11,4,24
51,8,20,34,33
52,26,26,11,21
53,41,53,32,37
54,27,50,0,27
55,19,49,1,18
56,37,59,10,48
57,42,50,9,54
58,29,40,14,14
59,1,7,15,50
60,20,57,40,4
61,45,21,40,19
62,30,0,20,18
63,56,59,19,12
64,41,14,42,31
65,49,21,13,2
66,16,39,7,43
67,37,57,52,2
68,23,42,54,44
69,32,53,55,3
70,20,11,6,14
71,53,56,46,16
72,16,31,58,17
73,24,1,56,13
74,36,20,51,31
75,58,3,25,7
76,17,46,51,58
77,20,16,20,25
78,26,47,46,6
79,49,26,38,50
80,30,41,48,28
81,11,12,55,49
82,32,57,7,9
83,21,45,23,21
84,27,47,43,55
