0
Grid:
60,60
...........@.............@....@........@.@..@..@@..@......@.
....@@............@..@...............................@.@....
.@....@.......@......@.....@.@..@..@....@.@...........@..@..
..@............@@.......@......@...@@............@..@.......
................@..@........@.....@....@@..@................
.........@@..........@...@@.@@...@..............@@......@...
...@.......@.......................@.@...@........@........@
.@........@.........@@@@..................@.@@...........@..
.@.................@..@..............@.......@..@.@.........
.......@......@@...@..@.@...........@......@.@..@...........
@...@...........@...@.......@......@.@.....@@@............@@
....@.@..@.@..@.@...@.@.......@.@....@@@...@..........@.@@..
@........@@...@.@......@.......@.@.....@.....@......@.......
.....@@.......@...@.........@.....@..@@....@..@@........@...
..@...................@.@..@........@.....@@......@........@
.....@@......@..@.......@@.....@.@...@@....................@
..........@.....@...............@...@........@..............
..@.@@......@..............@......@@.@..@@.@........@.@..@..
@...@...@@@..........@......@..@............@..@.....@.@@@..
@....@...@.......@.........@............@..............@....
....@.....@.@...........@....@................@....@.......@
..........@@.....@@.....@..............@.@.....@@..@.....@.@
............@.....@.@..@........@....@..........@@.....@....
................@.@....................@......@........@....
...@.@@.........@.....@.@@.........@..................@.....
...........@.@.........@.....@...@..@...............@.....@.
@................@@......@@...............@.....@...@.......
..@......@..@............@....@....@@......@...@....@..@.@..
....@..............@.........@.@..........@...@.............
....@..@......@.@.........@.@.........................@.@@..
@.@....@...@.......@..................................@@....
...@..................@@.....@.....@...@..@.................
.........@....@...@..@...@...@..........@...................
...............................@.................@@....@.@..
@.......@@..@......@..@.....@.....@.............@...........
.....@@....@...@.........................@..@@.........@..@.
@..............@.......@..........@@..@....@..@..........@..
....@....@..........@@....................@.......@......@@.
@..................@..@.........@.@.@..........@@.....@@....
........@...............@............@........@.....@..@....
.@@@..@....@.@.........................@......@...@.........
......@......@.@.........@........................@..@......
......@...@..@..@.@@............@@....@.....@....@.@.......@
.@.......@..@........@@....@@.....@......@......@..@@.......
............@@..........@............@.@.............@....@.
...............@...@......@..@....@.@..........@.@....@.....
...........@.....@.....@................@@...........@@....@
..................@..@......@........................@......
.@..@..@........@..............@..................@@........
..........@..@.....@............@..@..@.....@...@.......@..@
...@........@......@..@@.................@..@.........@.....
.....@@.....@.....@...@..@@..........@........@.@...........
.@....@..@......@......@..@.........@....@..@@..............
......@..@...............@@..@...@.......@@.....@.@.@.......
..............................@....@..@.....@.@.@...@@......
@@....@.......@...@......@..................@.......@.....@@
@@.....@....@..@..............................@...@.....@@..
.@@..........@@...@.......................@.......@......@..
...@......@@....@........@....@@................@.......@...
.........@@.@.........@@...............@...........@.....@..
Agents:
55
0,23,42,36,17
1,46,49,44,8
2,12,3,20,38
3,12,49,36,45
4,42,46,1,48
5,16,34,26,5
6,26,14,10,27
7,37,53,41,26
8,55,42,28,59
9,47,51,45,2
10,59,20,54,14
11,29,37,58,18
12,26,22,9,34
13,32,50,37,45
14,39,48,26,39
15,20,21,3,19
16,57,36,50,10
17,1,17,11,17
18,56,23,39,14
19,2,25,46,16
20,23,30,5,5
21,6,19,35,56
22,53,15,8,9
23,26,59,1,2
24,51,31,39,53
25,43,25,19,2
26,40,47,7,38
27,33,45,4,42
28,49,49,38,2
29,16,51,44,27
30,35,47,34,54
31,53,16,38,18
32,56,18,20,21
33,41,29,27,22
34,55,36,32,2
35,18,43,27,56
36,1,58,16,51
37,31,7,31,8
38,28,17,19,14
39,23,10,27,10
40,37,7,23,21
41,4,55,25,31
42,40,9,49,9
43,27,6,1,9
44,6,10,26,30
45,50,35,5,40
46,36,27,46,9
47,25,37,14,33
48,19,7,33,26
49,17,21,29,10
50,36,6,29,29
51,28,24,59,27
52,9,46,16,28
53,33,58,42,30
54,35,46,5,8
