2
Grid:
70,70
.@..@.....@.....@.....@..........@.......@......@@...@@@......@...@.@@
.@...@.........@@.....@@..@......@.@...@.@@..@...@.@@.@@@@@..@@.....@@
@@.......@...@...@@@......@.........@.@...@@@...@......@.....@.@...@@.
@@...@@@.@...@..........@....@.....@..@@.......@@.@...................
.....@...@...@.@..@@.@...@.@@..@.....@..@...@.....@@....@.@......@....
@.......@.@.@.......@..@..@@.......@.@..@@..@@@.@.......@@@.....@.@..@
..@....@.....@@......@..@...@...@@.@..@.@.....@@.@..@...@@@@@..@@@@..@
..@.@...@@.....@.@.@.@@..@........@.@.@.@.@...@@.@.@........@......@..
..@....@...@..@.@..........@......@..@..........@..@.@.@......@.......
...@@@..@....@..........@.....@....@@@.....@.@.@@...@.....@...@...@...
@.@@@.......@.@.....@.....@...@....@.@....@.....@..@.@@@....@........@
@......@......@....@@....@@........@......@@....@.@@..@..@..@@.@....@@
.@.......@..@...@.@...@.@......@@..@@@.@@.@..@@...@@.@@.@..@..@@@@.@..
@...@...@@@@@..@.@..@...@....@..@..@.@........@@..@@@@@.@@.@@.@.@@...@
.@.@@...........@......@...@@..@......@.@@...@.@......@...@.@....@@...
..@.@@@@.@.@...@.@.@......@.@...@@@.....@.....@@@...@...@@..@...@.@@.@
......@.@@.@..@.@@..........@.@@@........@@@....@.@..@..@...@...@...@@
.......@.....@......@...@........@....@..@......@...@.@.@..@..@@.@..@.
..@...@.@....@......@@.....@..@.@@...@@.....@@@..@......@.....@@.@....
.@@...@.@@@@..@@..@.@.........@@....@.@..@.@.@..@@@..@@@@.............
.....@.@..@.@.....@@...........@@@..........@.....@...@.@...@.@..@....
..@....@.@.....@.@@@.......@@.@@@..@@..@@@..@....@@..@@..@@...@@@@....
....@.@...@@....@.@........@.@@.@.....@.....@..@.@@@@@.@..@..@..@..@@.
.@...@.....@....@@..............@..@@@.@.......@...............@......
@..@...@@....@..@......@...@.......@...@................@@.@..@....@@.
@..@.....@....@.@.@@@.@@@...@.........@@@.@.@.@@.....@....@...@..@....
.@@@..@.@.@@...@@@@..@.............@@......@.....@@...@............@..
......@.@..@.......@..@@.@..@..@..@.@.@.@@..@.........@...@..@.....@..
.@..@@..@.........@.....@@.@.....@@.@.....@...@....@.......@...@..@..@
.....@@...@...@...@@......@@....@..@@.@@.@...@@.@.@....@..@...@..@@...
...@@...@...@@......@.......@..@...@..@@..@.@.@..@...@@.@..@...@@.@.@.
.@.........@......@@.@.@......@.@...@.......@...@.....@.....@@@.@@@@..
.@@....@...@....@..@.@@...@@.....@@.@.......@@@...........@.......@@..
@.@....@.@.@@.@@....@@..@...@@..@@@@.@@.@.......@......@....@..@...@@@
@..@@....@..@....@.@..............@...@...@......@@@.@@....@@..@......
@..@@...@..@...@.........@@..@...@..@@.@@...@...@..@.......@@@.@......
.@..@.....@..@@....@..@@.@..@.@..@..@...@....@....@.........@@.....@..
...@.@...........@@@..@.@.@@...@...@.@.@......@.@.@@.@@..@.....@@..@..
@..........@..@....@...@.@.@.@....@..@.@@@..@..........@.....@@@......
@@.@....@@.....@..@.......@..............@.@.@@..@.@@...@...@@.@.@@.@@
@............@@@.@.@@@..@..........@......@@....@.....@.@.@@......@...
....@....@@@..@..@.....@.....@..@..@@.@@....@.@@....@.@.....@.@.....@.
....@@@@@.@.@@@.@@@....@..@...@.@.@..@........@.........@@.@@..@@.....
.@@...@.....@..@.....@@......@..@......@@@@.@@.@.@.@@.........@..@...@
.@...@..@@...@..@....@.....@.@@.@@...@.@@...@..........@......@@.....@
@@@@.@@..@.@...@.@..@.@..@..........@.@...@.@.....@..@@.@@.@@@.@......
...@......@@.@.@....@........@..@.@..@....@...........@@@....@@@.@.@.@
..@.@@....@@.@...@..@..@.@.......@..@.@@...@...@@@@@...........@..@..@
......@@@.....@@.@.@@........@@@.@@.....@@@@@..@.@.@@.@@.@......@..@.@
.@.......................@..@.@@@..@....@..@@@.@...........@@@@.......
@.@........................@@@...@......@....@@.@...@......@@@@.@....@
..@@.@.....@.......@@.@.....@...@@@..@@..@...@..........@..........@.@
.....@@..@....@.@.....@@..@@@@..@@.@.....@@.@....@@..@....@.@@.@@.....
...@......@.@.@.@@@@@@.@.............@..@@..@......@.....@..@@@@.@@...
@@......@........@.....@@@.@.@....@...@.@....@..@.@.................@.
@.....@@.@.@.@@...@..@.@@@.....@.@.@@@.....@.@@.....@.@....@....@..@.@
.....@.@.@....@@...@...@.@..........@..@..@@..@...@@..@.....@..@.@.@..
....@@..........@....@.@...@@@..@....@...@...@.@..@@@..@...@@.@..@..@.
.@..........@...@...@.@@..@...@.....@...@...@@..@@.@......@.@....@.@@.
............@@@..@..@..@..@@@......@..@@@@....@.@...@@@.@.@.@.@.@.@..@
..@.......@@....@@@.@.......@....@........@.......@@...@@@.@@.@@.....@
..@.@@........@@@......@...@@.@.@.....@@@@..@.......@.....@@.....@@...
@........@..@.@.@@.@...@@.............@..@@@...........@@@...@.@...@@.
.@......@....@@@.......@.@@@@.......@@@@.@..@@.@......@@..........@...
@@...@.@.........@@..@@@.........@.@........@@.@@....@.@............@@
@..@@....@....@....@@...@...@..@.@......@@@@.@.......@.....@..@@...@@@
@.....@...@@.@.....@.@.@......@.....@.@@..@....@..@.@..@...@@.@......@
@..@@...@.@@.....@..@..@....@...@.@.@......@@.@@.@.@..@@.@@.....@..@@.
..@...@.@..@@..@...@....@......@.@.@....@.....@@....@@.@.@@...@..@.@.@
@@...@....@....@..........@....@.@.....@.@@.@....@......@..@@@........
Agents:
75
0,52,34,12,44
1,61,35,51,57
2,54,35,64,9
3,49,11,67,37
4,60,41,26,32
5,46,14,27,55
6,40,7,5,39
7,55,49,66,45
8,34,67,52,67
9,24,61,3,14
10,10,15,16,57
11,13,13,19,26
12,40,45,9,67
13,36,54,5,30
14,4,2,5,2
15,55,4,66,26
16,55,3,39,27
17,29,25,8,15
18,6,45,9,19
19,49,7,0,3
20,40,62,47,27
21,69,45,55,51
22,0,44,32,51
23,27,39,37,41
24,11,52,10,52
25,35,1,2,15
26,47,56,5,14
27,2,53,61,43
28,48,37,47,53
29,12,28,44,10
30,32,10,42,1
31,8,38,31,29
32,10,46,36,32
33,43,43,9,32
34,2,25,15,59
35,65,11,9,49
36,46,16,8,64
37,61,46,25,1
38,60,45,9,28
39,21,20,46,30
40,42,65,28,62
41,51,44,64,16
42,9,19,61,21
43,29,59,59,8
44,4,7,32,39
45,41,59,2,34
46,27,3,39,54
47,50,23,22,63
48,42,0,66,3
49,51,36,33,25
50,20,52,18,43
51,45,46,39,21
52,53,13,43,24
53,8,6,21,26
54,11,53,12,52
55,5,1,38,33
56,17,18,35,65
57,61,50,36,68
58,59,43,19,59
59,39,34,57,8
60,69,47,64,28
61,63,35,10,13
62,32,65,1,34
63,64,28,7,13
64,14,36,61,63
65,25,64,48,26
66,50,18,7,31
67,35,41,58,33
68,23,40,33,13
69,54,13,22,14
70,6,61,69,24
71,44,43,38,53
72,6,67,32,54
73,63,46,20,58
74,48,68,40,38
