5
Grid:
20,20
..@.................
.........@.....@....
....................
.......@...@.....@@.
....@..@..@.....@...
...@......@.....@.@.
......@.............
..........@..@...@..
..@.................
.....@..@......@....
...........@..@.....
....................
..@.....@.......@...
.............@.@....
....@....@....@.....
....@...@...........
............@.......
....@...............
.......@............
...@.@..............
Agents:
20
0,13,1,4,12
1,0,16,12,6
2,2,10,2,18
3,12,19,6,8
4,6,0,1,1
5,6,19,2,5
6,9,11,16,15
7,9,0,15,12
8,12,17,11,11
9,7,0,19,9
10,17,16,11,9
11,6,17,12,14
12,3,5,8,12
13,15,3,10,9
14,4,5,14,3
15,14,13,5,4
16,6,8,13,0
17,12,15,17,11
18,18,18,2,9
19,0,4,1,5
