2
Grid:
70,70
......................................................................
......................................................................
......................................................................
......................................................................
......................................................................
......................................................................
......................................................................
......................................................................
......................................................................
......................................................................
......................................................................
......................................................................
......................................................................
......................................................................
......................................................................
......................................................................
......................................................................
......................................................................
......................................................................
......................................................................
......................................................................
......................................................................
......................................................................
......................................................................
......................................................................
......................................................................
......................................................................
......................................................................
......................................................................
......................................................................
......................................................................
......................................................................
......................................................................
......................................................................
......................................................................
......................................................................
......................................................................
......................................................................
......................................................................
......................................................................
......................................................................
......................................................................
......................................................................
......................................................................
......................................................................
......................................................................
......................................................................
......................................................................
......................................................................
......................................................................
......................................................................
......................................................................
......................................................................
......................................................................
......................................................................
......................................................................
......................................................................
......................................................................
......................................................................
......................................................................
......................................................................
......................................................................
......................................................................
......................................................................
......................................................................
......................................................................
......................................................................
......................................................................
......................................................................
......................................................................
Agents:
70
0,44,51,69,8
1,36,41,66,22
2,67,51,32,32
3,36,33,62,42
4,65,4,28,19
5,1,59,22,8
6,10,50,45,25
7,46,64,36,34
8,52,13,29,34
9,16,13,22,6
10,45,11,38,64
11,5,57,63,64
12,49,40,19,10
13,5,37,8,5
14,44,32,66,38
15,28,21,27,14
16,0,4,36,52
17,24,1,49,47
18,34,38,69,2
19,53,68,53,31
20,64,10,54,19
21,67,57,65,18
22,17,55,24,45
23,10,30,40,41
24,60,25,60,65
25,14,7,58,51
26,20,28,14,32
27,37,33,25,33
28,46,49,43,57
29,61,26,55,18
30,46,68,61,56
31,59,32,10,5
32,45,49,38,68
33,59,6,31,53
34,26,45,67,48
35,29,14,28,48
36,30,17,10,28
37,18,34,38,39
38,14,18,55,6
39,40,64,11,0
40,29,44,10,32
41,47,18,61,2
42,18,21,47,68
43,1,42,35,57
44,36,60,15,16
45,25,55,15,20
46,46,26,4,69
47,22,66,28,9
48,21,34,45,4
49,12,37,28,15
50,66,3,23,38
51,4,15,40,26
52,66,69,44,26
53,46,2,11,16
54,9,3,53,58
55,18,28,49,14
56,9,67,6,65
57,67,1,19,22
58,21,41,11,18
59,14,23,60,67
60,48,16,66,40
61,40,35,46,49
62,20,44,59,68
63,37,4,28,11
64,65,22,12,53
65,13,50,41,47
66,5,2,38,65
67,67,26,53,20
68,40,31,3,4
69,22,18,69,4
