0
Grid:
60,60
.......@@...@..........@.@......@...@.......@......@........
.....@@................@.@.....@.@@............@..@....@..@@
........@..@.........@@@..@.@..@..@........@.....@.@....@...
.@@..@..@@............@.@................@.@........@@@.....
.@.@..@@@...@...@..@....@....@.....@....@............@@..@@@
...@.@....@.@.@.......@.....@....@..@.......@@......@..@@.@.
@..........@.@@.....@.....@.@.@.@.......@...@...@@.@..@.@.@.
..@@@@..@@.@........@.@@@@@@...@.........@...@@......@......
..@.@.@..@@.@@@.....@.@@@@.....@@..............@....@...@...
@....@.@.........@......@..@..@.....@...@.....@.........@@..
..@...@..@@@..@......@....@@.......@@.@...@.@...@.@@..@.@...
..@.@..............@.@.@..@.....@@@..@..@@...............@@.
....@.@.@........@@.....@@.....@...@...@.@..@@@@@..@@..@@...
.......@........@.....@..@.@.@.@....@.@..@..................
@@........@...........@.@....@.@@....@....@.....@.@..@....@.
@....@.@@@.@....@......@....@@.@..@..@.....@......@....@@...
@..@.@.@.@@.....@........@...@.@..@...@.@...@.....@...@...@.
.@.....@.@.......@......@........@...@@....@.@...@..@..@@@@.
.......@......@.@......@.....@....@.@@.......@....@@.@.....@
.........@.@@......@@...........@...@.......@@@.....@...@..@
.@@@.@.......@@..@@..@...@...@....@....@.@.@.@......@@@.....
......@....@...@....@.@@........@.@@@.@....@@.@@@..@...@..@.
@....@@@.....@.@@@..@.....@.@..@...@..@......@......@.@.@...
..@.....@.@.@@@.........@.@.@..@@..@.....@.@..@...@.....@...
......@.@@....@...@.@..@@@..@...@@...@..............@...@@..
.........@@@..@..@..@.....@@..@....@.@.@.@.@.@.@@@...@.@@@@.
..............@..@@@@.....@@......................@@..@@.@..
@......@.....@..@@@...@.@....@@.@@@@.....@@.@@..............
.@@.........@.@.....@....@.@.@..@......@.......@..@..@@.....
.....@...@.....@.......@.@.@...@...@...@................@.@@
.......@@..@..@@...@..@..@@..@........@..@...@@.@......@.@..
.............@@......@....@..@......@.....@@..@.@.@..@....@.
.@@..........@....@@.@@....@......@.@.@....@....@..@..@.@...
.......@@@...@...@...@.@@........@.......@@@@.......@..@....
...@@.@....@@...@...@..@..@@......@.@...@.@@@...@..@.@.@....
..@....@...@........@....@..@...@.......@..........@.@..@.@.
@.@.@@.@@...@@@....@@.@.@@.@...@.....@.@........@.....@...@.
........@...@..@.....@..@..@.@...@..@...@..@.....@...@...@@.
.@......@@..@@@@.@@...........@...........@...@@@.......@..@
.......@........@.@............@......@...........@@....@..@
@...@..@@.......@.........@......@..@...........@...@.@.@...
@@..@.@.@@.@..@...@@....@............@@........@............
.......@.......@....@@.@...@...@.@@...@@.@.......@@.@@.@....
........@....@....@....@...@....@..@.@..@..@..@...@......@.@
..................@@..@....@..@@..@...@@....@..@@@..........
@.@......@..@@........@.@@.......@...@..@.............@@@.@@
..@@@....@........@.@......@@......@@.@..@@..........@......
..@..@.@@....@@.......@@.....@.@@@@......@..@..........@....
.@.@.@.@..@........@@....@........@@.....@...@.........@@...
..........@@......@.......@.......@......@@.........@.....@.
@......@....@.............@..@..@.@.@...@..@...@.@..@@@....@
@...@@..@.....@...@@@......@.....@.....@..@.@@..@.....@.....
@...@...@@...@@....@.@..@.@..@@.........@..@.........@......
...@...@@@...@...@.@.@.......@..@......@@.......@@@..@......
...@...........@..@@..@...@.....@@.@.@.@.@...@@@..........@@
........@...@.....@....@........@..@.....@@....@...@..@..@..
......@....@...@..@..@..@..@@.@........@..@.@@...@.@........
......@..@@........@........@@....@@...@..............@@....
.....................@.@..@..@..@.@.........@...........@@..
....@....@@@........@@@.@@....@.@@.@.................@....@.
Agents:
60
0,56,47,15,19
1,33,53,40,45
2,10,58,44,35
3,7,58,44,41
4,22,47,23,27
5,48,6,33,37
6,10,33,32,39
7,7,15,21,54
8,31,5,33,35
9,12,36,19,57
10,10,43,36,46
11,4,27,21,13
12,53,59,26,25
13,30,2,16,19
14,2,33,1,22
15,44,24,34,33
16,58,18,40,42
17,37,47,2,44
18,38,37,50,57
19,32,0,37,3
20,38,0,6,7
21,7,43,59,55
22,40,34,42,42
23,48,23,13,40
24,53,55,56,56
25,35,8,14,56
26,31,57,25,52
27,46,43,57,51
28,16,13,5,47
29,28,52,24,1
30,11,35,31,24
31,3,10,42,13
32,4,4,58,7
33,20,30,55,31
34,48,26,54,49
35,25,1,41,26
36,7,10,57,18
37,36,35,33,0
38,29,40,30,34
39,37,56,3,11
40,18,49,38,32
41,35,23,47,51
42,0,9,50,17
43,49,19,45,4
44,2,35,32,24
45,48,46,32,58
46,33,40,39,57
47,40,24,32,26
48,26,23,45,30
49,38,49,44,1
50,50,9,51,24
51,29,2,46,19
52,39,58,29,37
53,16,35,37,52
54,48,52,58,5
55,34,10,55,6
56,7,14,19,8
57,53,1,9,51
58,41,34,12,2
59,16,8,10,58
