0
Grid:
70,70
@...................@.....................................@....@......
.............................@..............@...................@.....
........................@..........@....@.@............@.....@........
...@..@.....................@.............................@...........
......................................@..@............................
........@....................................................@........
@...@.@..............@..............................@.................
@.........................@.......@............@....@.................
........................................................@.............
...@.........................@.............................@..@.......
......................................................@...............
......@...@...@@............................@..@...........@....@.....
.....@.............@..........@......................................@
...................@..@..@............................................
......@.......@..................@............................@.......
...........@..............................................@...........
...............................................................@..@...
............@..............................................@.....@...@
.@@...........@...............@...@...................@.......@.......
.@..............................................................@.....
.......@.........@..................................................@.
........................................................@.............
......................................................................
...........................................@..........@.....@.........
......@...@.........@........................................@.......@
.......................@.............................@................
......@...........@.@.................................................
................................@...............@........@............
..................................@..@....................@...........
..............@..............@......@.............@...................
...@@......@................@.@................@......................
.................@.........................@..........................
.@.................@..................................................
......................@...............................................
........@.........@................@..................................
...............@...........@.........@................................
.@.......@......@..@.....@.@....@.....................................
.............................@.......@.@.............@....@...........
...............................................@..@..........@......@.
..........................@....@.......................@..........@...
......................................................................
......................@..........................@....................
.......@................................@...............@@............
....................@....@...................@....@............@......
...........................@..........................................
.........@.......@..........................@.........................
.........................@...@..................@.....................
..........@.......@.........@.....................@........@.@....@...
......................................@...............................
..........................@..@........@..@.........@..................
.@...................@................................................
............@..................@..........@...........................
...@.....@.@...............................@..............@....@......
....@.........................................@.......................
..@.....@.................@....@...............................@......
.......@.............@...........................@....................
.@..........@............@......@...@...........................@....@
.@..........................................@........@................
@................................@........@.........@.................
.......@.........@...@......@...........@............@@...............
.......@...............@........................@.....................
.......@..............................................................
............@..........................................@........@.....
....@........@........................................................
....@..@..@.@..........@..@............@.............@...@............
............@...............................................@.......@.
..............................@.................@.@....@.........@....
...............@@........................@..........@...@.............
......................................................................
@.....@..........@..........................@.........................
Agents:
50
0,35,64,18,41
1,39,47,49,50
2,25,37,50,6
3,11,31,11,52
4,28,26,9,52
5,46,31,4,27
6,59,44,68,66
7,65,20,28,35
8,66,35,60,65
9,52,41,35,23
10,57,21,56,41
11,12,66,27,37
12,9,67,67,46
13,33,66,20,0
14,20,37,62,45
15,14,58,39,41
16,44,57,57,56
17,32,18,22,49
18,29,24,66,35
19,15,56,41,13
20,49,4,50,10
21,57,68,52,66
22,30,35,31,24
23,60,20,13,7
24,61,33,38,8
25,47,13,47,25
26,20,14,63,64
27,37,27,63,2
28,4,15,68,67
29,11,60,49,6
30,12,57,30,19
31,11,46,14,15
32,61,41,65,33
33,19,66,6,59
34,62,53,63,40
35,34,14,1,67
36,36,44,24,26
37,6,12,38,24
38,4,56,45,5
39,2,20,22,58
40,10,30,10,32
41,37,18,62,25
42,36,56,16,36
43,56,58,45,23
44,51,34,33,40
45,62,66,24,30
46,55,42,10,46
47,48,58,25,32
48,9,15,32,14
49,41,63,17,19
