2
Grid:
70,70
...@..@............@.......@@...@@..@.@..@...............@...@...@@...
..@.............@@.......@..........@........@...@.........@......@@@.
....@@........@........@@....@....@@@.......@@.@.@.@.......@@......@@.
............@.............@.........@.........@...@..@....@....@......
.@@..............@...........@.......@.@....@....@...@.@@...@@.@.@....
.@...@....@....@....@..@...@.@..@..@@.............@..@.........@.@....
..@.......@......@...@@@..........@....@...............@..@..@..@..@..
......@...@..@.....@......@....@@.@.@.........@.@@............@@...@..
..@..@@...@.@...@@..@....................@....@.......................
@......@..............@@...@..........@...@....@..........@......@....
........@...........@......@.@...@.@@........@.@.......@..............
..@....@.......@....@...@@.......@....@......@..@..@..@.........@.@...
.@.@..@........@@....@...@.......@....@......@@@......@...@...........
@..@@.@....@.@...@@@.......@..@@.@.................@...@...@....@.....
..@@.........@.@...@......@.@...@@@....@@....@@.@....@@@.....@.......@
.@...@..@..@.....@@.....@......@@.@..@...@....@..@..@....@...........@
....@......@..@...........@.@..@....@@..@@.....@........@..@..@.....@.
@.@.@.@................@........@......@....@...@@@...@.......@.@.....
.@.....@.@........@..@...@....@..@..@.@.@.@......@.......@..@.@..@...@
...@...@@.....@....................@.......@@@@....@.....@@........@..
...@.@@....@@.@.....@@.....@...@@@.@...@......@.............@..@......
.@..@..............@..@....@.@..@.............@@........@@....@.......
.@.@...@.......@...........@..........@..........@.@.........@.@.@.@.@
....@...@.....@..@.@.....@...@............@.@@@...@...@.@@.....@...@..
.@@..@.@@........@..@.@.@..@.@@.................@..@..@..@.........@@@
@@.@....@...@....@.@@.....@...@..@.......@.@....................@....@
@.....@.@@.@.@.............@......@@...........@@........@.@.........@
@...@......@.....@.......@.@..@@..@.@.@..@......@.......@..@.@...@@...
@....@.....@@@@....@........@@...@.@.@....@........@.....@@...........
....@.@@@........@...@....@...........@........@.........@..........@.
.@..@.@....@.............@@.@.........@@...@...@....@....@............
.@........@@...@..@.@@.@..@............@....@@......@...@.@.....@..@..
.@...@.......@@@................@.........@.@...........@.@.@......@..
....@@@@.....@..@@.....@...@..@.........@.....@@@..@.@......@.........
.@@........@........@..@.....@..@..@.......@.............@......@@...@
@@...@.@..@.@....@@@........@....@...@..........@......@......@...@@.@
...@@@@.@........@...@...@....@..@...@@...@..@@....@@......@..@.......
..@.@......@....@........@@.@.....@.@..@....@.....@@@.....@..@@.......
.@...@.@.@....@..@........@..@.....@......................@....@@...@.
.......@.@.....@...@@@..@......@.@..@.@.....@...@.......@.@.@.@..@...@
@..@.@.@@...........@.................@..@............@@@.@......@...@
.@@....@......@@@.@......@.@............@.....@..............@@@..@...
.@.........@.....@.@.......@@..@.......................@...........@.@
....@@@.....@.......................@............@..@.@.......@.......
..@....@............@.@...................@@@@@.@.@@.@...@..........@.
......@.....@..........@....@.@...............@.....@....@..@........@
..@.........@.....@.........@...@..@..............@@...@@....@@.......
.....@.@..............@.......@.@@..@.@.......@@........@.....@..@....
.........@......@..@@..........@..@....@.@.........@.......@.@........
.....@@..@@.@......@.....@...........@.......@......@.@..@@@..........
......@@.@.@...@@..........@..@..........@@....@@........@@..@......@.
@..............@.@.@.@....@.....@..@......@...@.@@............@...@...
...@........................................@............@@@.@.....@..
...@...@..........@...@@@.@................@@.........@..@...........@
....@@....@....@.@.......@..@..........@....@.......@....@..@.........
..@.......@...@@...@....@...@@.....@.........@......@.............@...
........@............@.......@...@.@...@@..@@......@@..........@..@...
......@.@..@.....@@.@...@@.@..@..@...@@.@.....@..............@.....@..
@....@.....@.....@.@....@...@..........@...............@........@.....
.......@........@....@...@......@....@......@...@.@...@..@.........@..
.@...@@....@.@....................@..........@.........@..@@.....@@...
.........@......@...@.........@@@...@.@@.@.@...@.@..@......@.@...@....
...@......@....@......@@...@.@.....@.@........@.@...............@@....
@......@..@....@....@..........@......@....@@..@.....@......@@........
.@.......@..@..............@.......@.................@....@...@..@....
.@..@....@.@@..@.@@@....@....@..@............@.@...@.....@...@.......@
...@.@.....@@@@.@....................@...............@@@@..@..........
.@...@....@......@@.......@...@.@....@@.......@..@.@@...@.@.@.........
.........@.....@.........@.@...@..@.......@.@@...@@....@..@.@.@..@...@
..@..@.@.....@.....@............@.@..............@@........@....@..@..
Agents:
55
0,46,3,36,48
1,47,20,31,35
2,18,55,36,29
3,29,5,36,16
4,41,9,52,64
5,15,0,39,22
6,31,36,64,56
7,60,50,24,53
8,11,40,23,69
9,53,63,49,34
10,22,44,57,53
11,62,55,62,4
12,5,31,68,11
13,32,36,21,17
14,16,33,7,59
15,42,53,56,12
16,27,52,10,56
17,43,28,10,15
18,29,20,20,48
19,12,43,42,8
20,64,25,12,8
21,41,56,29,29
22,13,40,35,21
23,5,41,3,52
24,1,53,10,46
25,51,3,43,10
26,27,32,8,1
27,49,67,58,36
28,42,54,35,51
29,15,7,22,8
30,37,32,25,22
31,42,49,18,6
32,62,31,53,11
33,11,32,61,66
34,18,61,10,51
35,63,5,41,20
36,0,40,65,2
37,0,26,4,23
38,47,28,54,32
39,27,57,64,68
40,58,9,36,23
41,47,11,26,20
42,19,22,44,10
43,2,2,38,55
44,23,60,56,22
45,18,31,48,54
46,49,51,63,24
47,60,10,28,24
48,49,36,59,68
49,49,68,13,66
50,48,22,15,43
51,30,35,36,54
52,55,22,45,43
53,20,62,17,53
54,49,4,65,64
