0
Grid:
60,60
.......@.@..@.......@@............@@.........@...........@..
....@....@@@....@@.........@@....@...........@......@.......
........@.........@....@.@.....@..@.....................@.@.
..@.....@............@..............................@..@....
.@..@....@..@.....................@.........................
@................@................@..@...............@......
...................................@..@..@...@..@........@..
....@..........@.....@..@..@..................@.............
...@..........................@.........@........@..........
@..@...@.@..........@.......@....@......@.....@.............
....@...@..........@@........@.@@.@...@.@.............@.....
@.................@..............@@....@...............@..@.
@.......@................@..@................@.......@......
..@.............@.......@..@.............................@@.
.......................................@....................
.....................@..@.....................@......@......
............@........@......@@....@.................@.......
...................@..@..........@.........................@
..............................@.............................
...................@...............................@@..@...@
......@................................@@......@@...........
........@...@.......@.....................@.................
..@............@....@...........@..@......@@...........@....
............................................................
.......@..@@..@@........@.......@.....................@.....
.....@...............@...............@............@..@.....@
.....@............@....@@...@...........................@...
.................@..........@@....@@@.......................
..................@......@@...................@.......@.....
.@.........................@..................@@....@..@..@.
..@@........@............@...............@.....@............
.@......@......@.@....................@..@.............@....
...........@@.....@...............@......@........@.........
.....................@......................................
@......@............@...................@....@..............
.@...................@............@..............@..........
................@.............@.@...@@......................
...@......@.....@.....@............@........@...............
@.@.@....................@........@.....@.........@@..@.@...
...@..@.......................@...................@.........
.......@...@.@.....@........................................
@......@.......@.....@................................@@....
...........@..@....@.@..@...@.....@......@@....@...@.@..@...
.....@@.........@.@.................@........@....@@......@.
.....@.........@.........@@..@.....@@.......@.....@@@.......
......@........@.....@......@.......@..@........@..@........
...................@.@..@...................................
.................@.......................................@..
.@....@..@................................@@......@@........
.......@@......@..@...@.......@....@..@...@.....@...........
..........@..........@...........@.....@@...@.@.....@.......
..@....@......@...............@..@..@...@.......@...........
.............@......@....................@...........@..@...
..@...@......@.......@@....................@................
..@......@....................@.@...@.......@....@.@......@.
.....@..........@................................@..........
...........@......@......@@........@.............@..........
........@...........@.@............@..@.............@.......
...........................@......@.........................
...............................@@.@.@....@........@.........
Agents:
30
0,54,46,30,11
1,53,28,37,52
2,36,52,30,49
3,14,3,13,30
4,36,21,17,58
5,41,49,51,29
6,48,10,53,59
7,5,10,56,45
8,57,0,30,14
9,39,39,11,9
10,6,34,51,10
11,19,24,54,25
12,38,52,44,47
13,56,57,50,30
14,14,46,2,45
15,26,13,42,44
16,30,58,25,26
17,32,4,38,41
18,4,42,42,54
19,7,7,12,21
20,27,22,36,40
21,9,11,5,26
22,28,59,56,24
23,49,49,47,26
24,38,6,29,42
25,4,19,39,39
26,49,56,33,8
27,6,54,9,25
28,23,34,25,36
29,40,6,26,26
