0
Grid:
70,70
......................................................................
......................................................................
......................................................................
......................................................................
......................................................................
......................................................................
......................................................................
......................................................................
......................................................................
......................................................................
......................................................................
......................................................................
......................................................................
......................................................................
......................................................................
......................................................................
......................................................................
......................................................................
......................................................................
......................................................................
......................................................................
......................................................................
......................................................................
......................................................................
......................................................................
......................................................................
......................................................................
......................................................................
......................................................................
......................................................................
......................................................................
......................................................................
......................................................................
......................................................................
......................................................................
......................................................................
......................................................................
......................................................................
......................................................................
......................................................................
......................................................................
......................................................................
......................................................................
......................................................................
......................................................................
......................................................................
......................................................................
......................................................................
......................................................................
......................................................................
......................................................................
......................................................................
......................................................................
......................................................................
......................................................................
......................................................................
......................................................................
......................................................................
......................................................................
......................................................................
......................................................................
......................................................................
......................................................................
......................................................................
......................................................................
......................................................................
......................................................................
......................................................................
......................................................................
......................................................................
Agents:
60
0,48,56,41,15
1,16,42,59,2
2,5,22,53,9
3,53,63,39,17
4,18,39,1,38
5,11,1,17,28
6,7,13,9,40
7,60,7,47,12
8,9,47,49,61
9,23,2,16,13
10,59,23,39,50
11,0,20,8,57
12,38,64,23,48
13,35,67,63,65
14,29,60,51,64
15,17,2,49,39
16,3,22,12,21
17,53,22,32,16
18,33,59,32,53
19,22,31,62,50
20,24,68,43,29
21,69,47,33,61
22,23,34,17,54
23,34,25,40,42
24,64,27,47,41
25,18,61,20,48
26,58,22,7,53
27,36,25,21,66
28,55,65,10,6
29,3,11,41,68
30,56,56,35,14
31,33,27,28,24
32,22,9,1,48
33,67,54,23,43
34,30,37,34,29
35,44,19,12,39
36,25,62,42,54
37,48,60,40,1
38,23,22,12,65
39,66,3,5,49
40,29,10,60,52
41,3,1,31,37
42,41,25,40,15
43,13,51,61,13
44,55,27,29,20
45,37,37,14,52
46,56,10,56,9
47,45,38,5,39
48,34,41,49,44
49,25,14,6,0
50,37,50,24,5
51,65,27,11,19
52,53,69,52,68
53,36,66,26,10
54,44,46,5,27
55,1,32,40,66
56,68,69,52,12
57,52,46,50,8
58,52,32,24,21
59,56,67,26,37
