4
Grid:
20,20
@...............@...
.....@..............
@...................
@@....@......@......
..@....@..........@.
...............@..@.
...........@.....@.@
....................
.................@..
............@.......
..........@@......@.
....................
.................@..
..@.................
.....@.@..@......@..
@........@....@..@..
.@@........@........
..@.........@.@.@...
...........@.@......
....................
Agents:
15
0,18,14,10,6
1,19,8,8,13
2,12,15,12,12
3,10,15,9,7
4,0,5,1,9
5,2,1,14,13
6,2,5,16,6
7,6,1,7,7
8,3,17,7,16
9,2,15,13,18
10,5,1,4,9
11,7,8,13,12
12,1,18,0,17
13,10,9,7,14
14,0,14,13,9
