0
Grid:
70,70
....@.@..@@.@........@.@..@.@......@.@.@......@......@@....@..........
..@.@...@@@...@@..@.@.@@@@...@.......@.....@...@..............@.....@.
.@.@.@@.........@...........@.......@...@.@....@....@...@.............
......@..@..@...@.@...@.@.......@...@..............@@..@@....@@....@..
@....@....@..@@..........@.@....@..@..@....@@...........@@.......@.@..
.@..@..@@...........@..@....@@...............@....@...@..@@...@...@..@
.......@.@.@...................@........@.@@....@..@@@...@...@...@....
..@...........@.@..@@.........@.@.@.............@..@..................
...@.@...@................@......@.....@.@........@@.....@............
.@..@..@@@......@..@.......@....................@..@@....@.......@...@
.....@.....@........@@.@@.@............@...@..@@.....@..........@..@..
....@@@@....@.@.@...@@..........@......@...........@....@........@...@
................@....@..@.........@.@..@.....@........@......@.@...@..
..@............@.@.@...@@@@......@@@.@.....@@...........@@@.........@.
.....@.@...........@....@@.@.@.....@....@.......@@.@...@....@.....@...
...............@..@....@....@.....@@...@@@....@.@..@.@....@.@.....@...
.@....@....@.........@..@....@@.@@.@....@@...@......@.................
...@...@@@.....@...@..@..@@...@.......@...........@.....@..@....@..@.@
...@.......@@....@.......@@............@...@@.....@.@@@.@@....@..@....
.........@....@@@.............@..@.@.......@.@...@@...@.......@.@...@.
.@.@..@....@................@..........@..@.@@...@...@..@@@......@@.@@
.@@.....@...@..........@......@.@.....@..@...@@.....@.@@..@@..@@.....@
.....@.........@@..@@.@........@.@...@@.....@.@@......................
........@@..@..@@.@.@@.@......@.@....@.@..@.@@...@..@.......@@.@....@.
@@.@....@@............@..@.@.........@.@...................@.........@
....@...@..@.........@@@..@.@....@@....@.@.@....@.@.@@.@.....@..@.@@@.
.@..........@.................@...@.....@..@@@..@...@.@@...@.@@@....@@
..@.........@@@@.@.....@..@.@...@....@....@.......@....@@...@.........
.....@.....@..@.....@..@@.@......@.@..................@..@.@.......@.@
........@......@.@..@@...@..@.....@...@.@.@.......@................@.@
...@@........@.@..@....@.......@...@..@....@..............@......@@...
@..@......@....@....@..@.....@..........@.........@......@............
..........@.....@...@........@...@@........@@.@@.@.@....@@@....@......
.@...........@.@.........@...@...........@......@.@..............@@...
.........@....@@...@.@...........@........@...................@.....@@
.@.@....................@.........@@@.@..............@................
@@.....@@...@.........@..........................@...@.......@.....@..
...@.........@..@.@.@....@...@.@.@.......@....@..........@.@..@@..@@..
...........@.@.@@..........@..@.........@.........@@....@.....@....@@.
.........@.................@......@@..@..@...@...........@...........@
............@....@.........@@....@............@.@.@@.............@....
@.....@..@.....@@........@@....@.....@@@..........@.@@................
.....@.@......@.......@@@@..@..................@....@........@.@.@@..@
.@..@@....@.@....@@.......@@@.....@.........@.......@.......@...@..@..
@.@....@........@.....@..@..@....@.......@..........@...@@@.......@...
....@....@........................@@..@@.....@@..@.............@......
........................@...@.....@@.@.....@.@..@@..........@.........
...@...................@..............@...@@..@@....@......@......@..@
.....@.@..@.............@......@..@.......................@..@.......@
.@..@...@.@....@..........@.@....@.@.@..@...............@..@..@.......
........@.....@@@@.@....@.......@.@........@........@@.@.@........@...
....@.....@......@............@@.@@@......@.....@.....@@.....@.......@
@@..@.........@@............@........@............@...@@.@...........@
.........@@.......@.@.@...@@...@.........@@@.......@.....@.@@.......@@
...@..........@...@....@...@.............@.............@..@@..........
@@.....@....@....@.........@.....@..@.@.@...@.@.@....@...@............
@......@..@.....@..@@.@.@@.........@@@@.@..............@...........@..
@....@@.@.@@..@.........@@...@........@....@@....@.@........@....@....
@.....@..@..........@........@...@...@.@@@......@..@.@..@....@@....@..
@............@................@....@.......@......@........@.@.....@..
.....@....@@...@@@....@.@....@@....@......@@.....@..........@.@.@...@.
....@.@.............@....@@...@..........@........@@....@.@..@...@....
@...@@....@.@.@............@@....@...........@....@..@................
@@@@.....@@@..................@....@.................@....@@@@.@...@..
..@..@....@.@............@.....@.@@.@...@.....@.....@....@@....@@.@..@
.@...........@...@.........@........@@....@..@.@.@..............@.....
..........@@....@........@@@..........@.....@....@............@......@
..................@.....@..@.@.@@...@..@.....@@.....@......@...@......
..........@...@......@.......@.........@..@................@....@.....
........@..@@.@.....@.....@............@@@.@....@..@....@@@.....@.....
Agents:
60
0,6,62,44,3
1,4,21,54,32
2,51,37,10,59
3,4,51,65,20
4,3,26,51,51
5,42,16,25,6
6,53,0,64,56
7,58,11,41,22
8,52,42,24,57
9,12,69,53,4
10,51,50,34,4
11,21,49,61,34
12,68,22,65,5
13,61,32,63,25
14,64,21,44,21
15,65,59,24,64
16,41,35,40,63
17,42,68,50,65
18,23,50,43,15
19,22,50,9,43
20,64,17,31,48
21,0,64,54,65
22,3,63,65,32
23,9,31,35,58
24,8,52,48,17
25,55,23,46,15
26,32,61,66,56
27,41,17,68,45
28,59,19,38,29
29,20,21,12,49
30,20,64,34,23
31,39,54,35,28
32,19,32,14,21
33,47,0,40,59
34,11,26,67,7
35,46,5,13,18
36,21,67,13,53
37,23,33,3,13
38,12,13,59,23
39,2,50,12,59
40,63,48,36,50
41,60,45,6,13
42,66,48,32,7
43,44,8,67,17
44,34,47,53,40
45,12,46,29,6
46,4,54,25,36
47,38,31,26,66
48,49,48,47,49
49,68,35,36,25
50,65,62,22,43
51,66,57,12,29
52,8,6,68,38
53,61,10,1,33
54,20,59,27,44
55,60,40,35,2
56,22,42,36,30
57,10,10,37,22
58,4,33,30,29
59,52,38,32,54
