2
Grid:
60,60
@@@............@...@....@@@...@.@@...@......@@.@.....@@.....
@@........@@@...@......@.........@@@...@.@.@.@@........@@...
...@...........@....@.@.......@..@..@.@@........@.@..@@.....
@......@..@.@@......@.@..@............@...@@...@@..@......@.
..............@...@@@.@@..@.......@..@.@.@......@.......@...
.....@.......@@@.@.@......@.@.@@.....@..@....@.@.....@..@...
@..................@...@@..@..@....@.........@..............
@..@....@@..@..@...@@....@@........@..@...@...@.@.@.@...@...
@.@.@..@@..@@@......@.....@.....@.....@@................@@@.
.@.@....@........@...@@@.@............@@..@..@@..@..........
@..@@....@..@...@..@@@@..@....@.@@.....@@...@......@.@....@.
..@..@..@..@.@..@@..@@.....@...........@@..@....@..@......@.
..@@......@@@@....@@.......@.@.@...@.@...@@.........@.....@.
@@@.@....@..........@....@..@......@..@......@@...@......@..
....@......@......@@@@..................@..@.....@@....@...@
....@@....@.@....@@.@@.....@.@...@....@.....@...@@..@.......
..@...@..@.@.@....@...........@.......@.@...@........@@@@@.@
@.@...@...............@.........@....@@.@@....@......@.@.@..
.@.@.....@.........@..@@..........@.@@@@...@..@@..........@.
....@................@....@@.....@....@..@.@..@.@...@....@..
...@.@..@.....@.....@...@..........@.......@..........@....@
.@@..@...@..@@.@.@.....@@.....@.@@.@@.@........@.........@.@
.@...........@....@..@......@...@....@....@.....@..@....@.@@
....@.....@...@@..@.@.@.@@.@@@.@@.......@@......@..@...@....
....@@..@@@@...@@....@...@@.......@.@........@.....@...@.@..
@..@@...@...@..............@.....@.....@.......@....@...@.@.
.......@..@....@@...@...@......@@...@...@.....@@..@@.@....@.
@..............@..@....@.@....@@..@.@.........@......@..@@@.
..@@@.@........@@@..........@.......@@@..@.@.....@......@...
....@.@.......@.@....@@@.@@.........@.........@..@........@.
......@@@..@@@...........@..@@..@@...@@..@.........@..@.....
.......@..@@.@..@@.@.@.@@.......@...@....@.@.....@@.........
@@.@@@.................@...@@....@..........@........@@.....
.@@@.@..@..@@..@.@@@...@@...........@.@..@@...@...@.@.@...@.
.@.@...@...@@........@.......@..@.@....@.@...........@.@....
......@.@.......@@.@@...@.....@....@...@@@....@........@@...
.@......@@...@....@.@..@.....@@@...@@......@@.....@@......@.
.@...@...@...@.........@.@...@.....@.....@.@.@..@.@.....@.@.
.@.@@@.....@@............@......@@@............@@......@..@.
.@..............@......@........@...@@@@..........@.......@.
@..@.@.....@.......@..@@..@.@.@.......@@.@@..@@@@@...@......
@@........@..@.......@.....@@..............@......@..@.@....
..@.@..@@..@....@.....@....@...@..@......@..................
@.....@....@..........@......@......@......@...........@....
..@.@...........@..@..@.@.....@@..@@....@...@....@.@..@.....
..@@..@......@.@.@...@@....@....@@.......@..................
..@....@...@..@@@..@......@.....@.@....@......@....@......@.
@...@@.....@@.....@.....@@...@..@.....@@..........@@...@@@..
....@...@@@.....@@.@@.....@@@.@..@.@.@@..@@....@.@..@..@....
@....@@.@.....@...@.......@.@...@@.......@.@.@.@@.@.........
...@.....@@@@........@@@.@.@@..@...@..@@.....@@..@..........
....@...@.@.......@...@@@.@...@.............@@......@..@....
@.@.......@......@......@.......@.@@.@@@....@@....@@@....@..
.@@.....@....@........@@.@@......@...@@.........@........@@@
@...@..@......@......@...@@.....@...@............@..@......@
......@@..@...@.@..@..@@@.@..@@@...........@....@.@@...@..@.
..@....@........@@....@.@...@..@......@.@.........@.@@@@.@.@
..@.@.....@...@..@..@.@.....@.......@.@@.......@@@.@......@.
.@.@@.@.@....@............@.@..@.....@........@..@@..@.@....
..@@....@.@@...@@.......@@........@.@@@.........@.....@...@.
Agents:
50
0,40,8,56,18
1,23,57,55,46
2,52,21,54,34
3,32,56,29,20
4,3,52,56,3
5,18,20,28,24
6,19,24,46,44
7,35,12,1,25
8,34,48,27,43
9,23,43,2,21
10,31,22,10,46
11,39,34,50,1
12,38,27,35,53
13,17,56,45,47
14,28,13,16,19
15,57,37,52,48
16,6,4,8,54
17,30,10,14,28
18,19,54,12,15
19,54,27,26,9
20,59,35,45,38
21,24,53,35,2
22,24,41,18,17
23,47,48,12,54
24,41,19,26,44
25,29,52,23,38
26,7,39,9,15
27,12,47,58,52
28,19,36,5,57
29,25,48,11,38
30,19,11,16,52
31,32,35,25,25
32,48,15,33,40
33,35,26,12,9
34,28,0,11,57
35,8,53,4,32
36,39,31,24,6
37,55,36,55,49
38,33,47,11,32
39,15,59,19,15
40,55,3,35,45
41,44,29,18,27
42,45,25,22,30
43,58,58,16,39
44,7,23,0,8
45,44,46,9,43
46,40,59,44,27
47,46,47,29,8
48,11,31,55,33
49,12,55,20,16
