1
Grid:
60,60
............................................................
............................................................
............................................................
............................................................
............................................................
............................................................
............................................................
............................................................
............................................................
............................................................
............................................................
............................................................
............................................................
............................................................
............................................................
............................................................
............................................................
............................................................
............................................................
............................................................
............................................................
............................................................
............................................................
............................................................
............................................................
............................................................
............................................................
............................................................
............................................................
............................................................
............................................................
............................................................
............................................................
............................................................
............................................................
............................................................
............................................................
............................................................
............................................................
............................................................
............................................................
............................................................
............................................................
............................................................
............................................................
............................................................
............................................................
............................................................
............................................................
............................................................
............................................................
............................................................
............................................................
............................................................
............................................................
............................................................
............................................................
............................................................
............................................................
............................................................
Agents:
65
0,22,8,55,51
1,28,39,2,9
2,50,47,43,13
3,21,56,14,47
4,57,36,3,52
5,0,34,21,32
6,47,15,47,25
7,28,21,28,38
8,22,21,26,27
9,44,37,32,7
10,42,40,38,27
11,30,45,30,5
12,3,18,23,16
13,24,26,41,24
14,8,26,18,32
15,41,52,32,19
16,30,21,18,54
17,54,22,47,48
18,1,33,27,49
19,22,25,44,31
20,21,30,0,14
21,20,29,55,47
22,32,28,56,26
23,36,40,58,19
24,47,1,42,32
25,6,48,11,52
26,52,52,57,0
27,56,41,58,32
28,37,42,38,1
29,35,32,27,13
30,23,55,31,50
31,48,30,53,17
32,55,7,45,55
33,4,26,9,45
34,21,6,3,16
35,20,48,20,41
36,59,19,44,25
37,16,12,13,55
38,20,1,54,9
39,13,35,26,4
40,42,43,14,39
41,39,6,30,54
42,19,53,27,59
43,0,38,10,10
44,25,12,7,24
45,44,18,49,44
46,57,50,49,23
47,2,25,12,51
48,42,50,22,25
49,34,25,26,33
50,23,10,4,39
51,18,41,55,15
52,41,17,44,10
53,49,33,43,8
54,35,43,20,49
55,21,36,58,53
56,29,0,2,23
57,49,39,47,17
58,15,41,8,32
59,10,2,58,17
60,7,26,57,19
61,0,8,9,0
62,22,1,5,36
63,51,8,40,30
64,17,50,57,21
