1
Grid:
70,70
.............@..@............@........................................
...........@............@...........................@.@.@...@.@.......
.............................@....@...................................
........................@..@.....@................@...................
............@.............................@.....................@.....
...................@...........................................@......
..@................................@.........@........................
..................................@@...............@......@...........
@....@...........................................@@................@..
..................................................@...................
..............@.....................................@.................
...@...........@@..........@..........................@.....@.........
.........................@............................@.........@.....
.....@.............................@......@...............@.........@.
...@.............@................@@..................................
.....@@@.....@......@...........................@.......@........@....
@...............................................................@.....
@..@.@.........................................@..............@.......
......@..@............................................................
..............@.......................................................
..@.@...@..........@................@.....................@.@.........
..@....................@..................................@.@.....@...
.........@........................................@....@..............
..............................@........@.......................@......
....................@.......@...............@.........@...............
.@.@@...............................@...............................@.
...@............@......@.............@......................@.........
......................................................................
.@...............@...............@....................................
..................................@...................................
..................@.....@....@........@...............................
........................@................@............@...............
..@......................................................@............
.....................@....@...........................@...............
...@..........................................................@.......
........................@..@..........................................
.................................................@...................@
...............@..............@..@@............@@......@..............
................@.....................................................
......@.......................@..@..............@..@.................@
......................................................................
...........@.....@...............@.......@.........................@..
....................@...........@.......................@...........@.
.@.....................................@.......@......................
......................................................@...............
.......................................@..........@..............@....
..@..@@.............................@..@..............................
.....@...@..@..............@..........................................
............................@@.....@............................@..@..
............@........................@................................
..@......................@...@........................................
......@..@.............@..@....@........@....@........................
........@.......................................@.....................
..............@.........@..........@..................@...............
.....@................................@...............................
.......................@................@....................@.......@
...............@...........................................@@.........
....................@.................................@...............
..@............@..................@.@.@..@..........@......@..........
......@@..................................@...........................
...............@..............................................@......@
.............................@.........@......................@.......
........................................@....................@........
...............................@..........@............@..............
.........@....@....@..............@.........@........@................
...................@................@...............@.....@.@.........
......@............................@..................................
@.......................@...............@.................@.........@.
.@..................................@.......@..........@..............
...@......@...........................................................
Agents:
70
0,25,30,41,9
1,31,9,34,8
2,45,19,40,5
3,37,52,66,48
4,41,45,8,12
5,43,8,28,54
6,51,18,59,31
7,2,32,45,68
8,49,46,17,12
9,39,42,46,18
10,38,12,24,66
11,59,32,16,59
12,47,17,25,5
13,39,67,22,10
14,56,2,6,48
15,17,9,47,7
16,25,47,2,51
17,4,11,61,48
18,33,48,61,36
19,34,54,42,26
20,27,27,20,11
21,6,57,17,46
22,24,36,55,54
23,20,32,44,67
24,29,18,25,13
25,18,13,51,66
26,66,52,5,18
27,62,18,2,36
28,20,12,15,40
29,41,20,3,15
30,13,44,29,33
31,61,42,36,20
32,63,25,24,47
33,27,38,56,19
34,12,62,60,12
35,46,55,60,11
36,15,10,64,60
37,5,1,1,67
38,7,11,64,11
39,37,37,27,17
40,54,3,9,11
41,12,43,60,1
42,55,56,45,8
43,61,21,56,58
44,7,14,29,2
45,41,53,16,37
46,39,35,52,19
47,43,65,3,11
48,4,60,20,34
49,6,25,53,13
50,37,11,42,66
51,37,51,2,63
52,12,18,44,59
53,4,29,8,45
54,23,6,26,40
55,6,21,37,6
56,57,57,5,12
57,29,19,63,51
58,39,41,56,33
59,47,61,27,0
60,55,32,25,33
61,14,31,5,52
62,41,40,46,21
63,5,25,48,32
64,38,1,24,8
65,2,47,32,39
66,31,28,27,26
67,36,0,7,26
68,5,3,57,0
69,43,42,19,5
