2
Grid:
60,60
.@.@..............@.........................................
..@...........@..............@.....@.@....................@.
........@@.@.....@.@..........@.............................
@....................@.@...@.....@.............@............
....@..@......@.......@.@...@............@....@.........@.@.
..................@........@.@...........@..@...............
................@.@....................@....................
...@...@.....@..................@....@...@......@...........
.............@............................@....@...........@
........................@................@..@.@.....@@......
...@........@....@@............@........@......@............
...@@...@.@....@......@.@.@..........@........@....@........
................@.................@.....@......@....@.@.....
.....@.............@...........@..........@...........@.....
...........................................@.....@..@.......
.....................@............@.@...@...................
..................@@.@..@...@........@.............@........
......@@.................@.....@.............@...@..........
..@.@......@........@.......................................
@@.........@......@@....@...@....@............@....@....@...
.............................@...........@...@..........@...
........@...@...@......@.......................@@..........@
...@.............@................@...................@.@...
@......@........@..........@..........@......@@.@...@....@..
......................@..........@.@........@...............
..@@...........................@............@..@...........@
..@.@...........@....@.@.......@........@.........@.....@...
...............@...@.@...@.............@........@...........
.........@..................@.............@..@.......@@.....
.......@..@..@..@..............@....@...@...@@..............
.......................................@......@.@...........
..............@......@..@.........@.....@...................
...@............@.@.........................@.@.......@.....
........@..@........@......@.....@....@.......@.@...........
...........@......@...................@.....................
....................@......@............@@@.@...@.....@.....
........@.................@...........................@.....
...............@................@......@...............@.@..
..............@..@...............@.@........@...@...........
.............@...................................@......@...
....@@.@@.....@..........@..................@.........@.....
.......@..........................@.........@...........@...
....@.........@...@.........@...........................@...
@......................@........@...........@............@..
..@..............@.......................@..........@.@.....
..@.....@..............@.@.@..................@.........@.@.
...@.......................@..............@........@........
....@........@....@...@..@..................@@...@..........
.........@...........@..........@......@...@...@.@..........
@.......................@..@..@.............................
@................................@...............@..........
......................................@.@................@@.
.@......@.....@....@.............@.......@.......@..........
.............@@@.................@.@@.......................
..........@......................................@..........
........@.@..@..................@........@.........@....@..@
.........@@................@.@.........@....................
................@.....@........@..@.@...@@..@........@@.@...
.@...@.@................@@.....@.....@.................@....
.@.......@............@...@.@........@.@...@...@@@..@.......
Agents:
55
0,21,30,2,58
1,35,37,52,7
2,39,20,37,28
3,28,38,17,21
4,8,32,57,26
5,48,40,41,49
6,54,19,21,57
7,16,17,35,34
8,17,4,24,8
9,9,0,1,55
10,41,48,37,17
11,46,41,39,31
12,58,8,5,53
13,25,11,45,36
14,47,14,54,53
15,33,2,51,11
16,24,30,3,16
17,39,17,56,19
18,27,45,56,23
19,3,12,32,43
20,58,28,43,10
21,33,9,30,52
22,53,40,12,57
23,7,18,53,31
24,7,20,53,53
25,49,46,40,49
26,51,47,18,58
27,55,17,22,45
28,51,53,19,37
29,59,45,30,5
30,15,24,15,17
31,40,58,9,11
32,50,32,34,23
33,1,56,33,41
34,2,12,3,52
35,25,39,30,12
36,34,15,31,17
37,18,6,5,33
38,7,15,15,9
39,54,4,25,25
40,41,52,37,21
41,26,39,13,11
42,16,31,48,22
43,17,40,37,8
44,37,35,2,6
45,46,30,52,16
46,3,9,55,53
47,49,35,14,14
48,17,11,15,35
49,18,37,42,42
50,22,49,25,49
51,57,39,24,40
52,59,44,39,33
53,45,43,5,5
54,51,11,30,54
