6
Grid:
20,20
..@.....@...........
.@.......@...@......
......@.............
.......@............
....................
...@..@...@.@...@...
...@...@.@......@...
....................
.........@...@......
....@....@....@.....
..........@.........
..........@.........
..........@....@....
@............@.@....
........@...........
..@..@......@...@...
....................
............@.......
...@....@........@.@
................@.@.
Agents:
15
0,5,7,8,16
1,11,17,8,15
2,11,2,1,18
3,14,6,12,16
4,4,6,7,3
5,17,6,7,10
6,15,8,6,14
7,9,12,4,10
8,3,19,11,18
9,10,18,15,19
10,16,15,18,6
11,16,12,7,11
12,4,9,14,13
13,0,14,3,12
14,13,10,4,6
