3
Grid:
20,20
....................
@...@..........@....
..........@..@......
........@...........
....................
....................
.................@..
..........@@........
........@...........
....................
....@...@.@.......@.
....................
...........@........
..................@.
....................
.............@......
................@...
.................@..
..............@.....
....................
Agents:
10
0,0,16,17,6
1,8,15,4,5
2,11,13,7,15
3,19,5,15,4
4,18,0,14,14
5,14,18,4,13
6,13,5,14,4
7,4,13,18,17
8,15,1,15,9
9,6,3,14,1
