6
Grid:
20,20
....................
........@...........
.@..................
...................@
....................
.@......@........@..
....................
....................
..@.................
@.....@.............
............@@......
..........@.........
........@......@..@.
....................
......@.............
....................
..@@..............@.
....................
....................
.@..................
Agents:
30
0,14,15,10,4
1,2,14,2,13
2,9,9,16,4
3,15,5,10,0
4,4,7,13,16
5,7,18,8,4
6,3,0,8,15
7,9,7,4,9
8,18,7,2,12
9,10,3,1,5
10,8,17,7,13
11,18,8,12,2
12,14,2,16,13
13,3,2,11,11
14,5,3,4,13
15,15,15,4,2
16,16,14,13,3
17,9,4,8,5
18,7,17,11,5
19,4,17,3,2
20,14,18,10,15
21,9,15,8,11
22,3,16,0,2
23,19,4,11,3
24,5,10,18,0
25,7,5,3,7
26,16,0,4,5
27,15,12,2,4
28,1,11,15,10
29,11,11,11,13
