6
Grid:
20,20
........@.......@@..
........@...........
.............@......
....@@@........@....
.........@..........
.......@@..........@
....................
..................@@
@@....@.............
.@.....@............
..@..@.....@........
...........@.......@
...........@........
..@...@.........@...
.@..................
..@.@...............
.@@......@..........
..............@.....
..............@.@...
..@...@.............
Agents:
30
0,10,15,14,19
1,12,3,5,10
2,5,14,1,13
3,16,14,19,10
4,18,6,10,7
5,14,8,15,8
6,18,5,1,5
7,9,9,3,18
8,3,14,4,15
9,5,10,1,3
10,11,4,19,3
11,7,8,2,14
12,2,11,17,12
13,18,17,13,8
14,11,1,1,18
15,2,19,3,14
16,7,1,18,17
17,4,2,8,19
18,4,10,2,7
19,7,2,11,7
20,11,16,2,18
21,7,14,1,10
22,15,19,9,17
23,4,7,2,0
24,6,11,12,13
25,11,7,6,6
26,8,16,9,8
27,16,16,14,14
28,6,3,12,18
29,5,1,3,19
