0
Grid:
60,60
............................................................
............................................................
............................................................
............................................................
............................................................
............................................................
............................................................
............................................................
............................................................
............................................................
............................................................
............................................................
............................................................
............................................................
............................................................
............................................................
............................................................
............................................................
............................................................
............................................................
............................................................
............................................................
............................................................
............................................................
............................................................
............................................................
............................................................
............................................................
............................................................
............................................................
............................................................
............................................................
............................................................
............................................................
............................................................
............................................................
............................................................
............................................................
............................................................
............................................................
............................................................
............................................................
............................................................
............................................................
............................................................
............................................................
............................................................
............................................................
............................................................
............................................................
............................................................
............................................................
............................................................
............................................................
............................................................
............................................................
............................................................
............................................................
............................................................
............................................................
Agents:
65
0,39,23,53,1
1,37,16,29,42
2,48,19,19,42
3,17,3,4,21
4,54,48,9,20
5,34,19,5,40
6,52,13,48,49
7,23,11,34,5
8,45,18,56,19
9,2,1,31,9
10,51,30,10,23
11,35,2,6,36
12,51,59,10,30
13,23,45,17,40
14,22,46,42,49
15,46,36,11,47
16,44,48,19,23
17,22,8,24,6
18,31,56,43,11
19,10,27,58,7
20,9,5,49,35
21,22,6,59,11
22,38,17,4,35
23,25,35,30,35
24,48,13,22,4
25,28,8,19,34
26,18,53,19,25
27,1,9,7,2
28,47,35,54,58
29,24,48,24,1
30,56,31,40,21
31,40,7,34,40
32,1,58,42,15
33,35,3,21,40
34,50,14,34,4
35,40,49,12,21
36,8,35,23,52
37,52,45,9,23
38,8,29,59,10
39,23,33,51,55
40,34,48,0,22
41,57,8,22,8
42,17,38,28,0
43,18,50,34,22
44,46,13,0,20
45,21,55,46,37
46,31,21,45,51
47,31,37,43,8
48,24,14,13,53
49,4,40,53,43
50,42,21,23,15
51,45,34,23,14
52,33,38,24,46
53,59,43,7,33
54,1,16,1,7
55,1,18,27,32
56,11,50,14,20
57,14,7,15,33
58,34,31,29,49
59,49,23,27,3
60,40,44,50,50
61,16,36,47,58
62,52,44,15,2
63,18,46,28,55
64,3,15,32,35
