0
Grid:
70,70
@..@.....@.@.@..@......@...@........@..@..@.@@.......@................
.....@@.@.@..@....@.....@.......@...@..@..@@.@......@.@.@..@@..@..@...
..@........@..@@@.@.....@@@......@...@.@.@.@.@..@....@@.@...@....@.@@.
.....@@....@@...@.@....@......@.......@....@..@.........@...@.....@.@@
.@@@.@@..@...@...@....@@.......@.@@@....@.....@.............@@@@......
@..@....@.....@..@...........@....@..@.@.@..@.@......@....@@@.@...@..@
..@.@@.@......@...........@.@@...................@..@.@..@......@...@@
....@....@@....@@.....@..@....@......@.@.@.....@@....@...@.....@....@.
..............@@.@.....@..@@@...@@.@......@.@..............@.@@.......
.@@.......@.@@.........@@.@.......@.........@@@@@..@.@....@@.@....@...
@..@..@@@...@.........@.@.....@...........@.........@.....@...@@......
........@@@@...@...@..@...@.@....@...@....@@.@@..@....@.@@......@.@...
...@.....@........@@.@..@........@.....@@@@@.@...@@....@.....@......@.
...................@..@.@@.@.@........@......@..@......@.@@...........
.@............@.....@@.@.........................@.........@.@...@@@..
@...............@.............@..........@.@........@.@.@......@......
...........@..@..@.@.@@........@...@.......@......@..@.@....@......@..
.@...........@.@....@.@.....@.@.....................@.....@@@....@....
.......@....@@.@...@..@..@......@......@.@.................@.@....@...
...@.@.....@......@.....@....@...@......@...@.@...@.@@.@@.....@......@
..@.............@....@...@@..@...@.@..@.....@@.....@..@@......@..@.@..
..@@.........@.@.@....@@..@.@.@.@.........@...@....@@....@.@.@.@...@.@
..........@....@...@..@..@...........@.@.@@...@...@........@....@.....
@.........@@....@..@.@.@@@..@...@@.@..@.@@..@.....@@@.......@...@@@...
..@...@.@..@...@.....@.@........@........@......@....@........@.@....@
@.@.@@....@@..@@..@@.@@......@.@@@.....@...........@...@.@.........@..
@.@..@@....@.@.........@.......@.@..@.....@.....@@.....@..@..@..@...@.
@.....@.......@.............@....@@.@....@..@.........@@..@@...@......
......@.@@@@@@@.@@.@....@........@.@@...@...@.....@@@@@.@..@..@.@.@...
........@.......@...@..@..@..@....@@@@@.......@...........@..@......@.
@.@..@@@.@....@...@.......@....@@...............@@.@.@.........@..@...
.........@.@..@@..@..@@.....@@...@.@....@..@@.....@..@...@@.@..@@....@
..@........@.......@.....@@@...@...@...@..@.....@..@.@......@......@@.
.@.@@...@...@@.....@..@@..@.......@@.....@...@..@......@...@........@.
......@....@.@.@.@@..@.@.@.......@@.........@...@...@......@@.@...@..@
..@@........@......@@......@..@.@.@....@@.@.....@..@......@......@....
......@.@.@@.............@.....@....@.@..@.............@.@..@@@..@...@
.@..@.@@.@.......@@@.....@..@.@@@@..@........@.....@@@....@..@@..@.@..
..@.......@....@@@.......@..@....@..@@....@......@@@...@.@.....@@.@@..
...@........@......@@@.@.......@.......@...@.@@......@..@@@@......@..@
@..@..@@..@@.@....@.@...............................@....@.......@....
@.@......@..@.@......@....@..................@.....@@.@..@.....@@....@
.@......@@@...@.@..@....@....@.@@@...@@...@@.@....@..@.@.@...@..@....@
..@@.....@.@.@..@..@...@.........@.@....@..@@.......@@..@@....@...@...
.....@..@@.@@.@................@......@.@....@@....@....@..@.@.@...@..
@.@.@.....@.@....@....@...@.@.@.....@.@..@..@..@....@.....@.@..@@....@
........@.@.@..@.....@.@..@..........@...@.@....@@.....@...@.@@..@@@@.
......@.@....@.@@.@..@...@@..@..@.....@.......@@....@@......@@@....@..
...@....@................@.....@..@.......@@.@......@.@...@.@@..@.@...
...@.........@@...@@@..@@...@....@@.@..............@.@.........@..@...
.@.@...........@...............@@@.......@.....@....@.........@......@
..@@..@..@@.....@.@.@...@....@..@..........@......@...@......@....@..@
..@@.@.........@.@@.......@..............@......@..@.....@..@...@@.@@.
@.........@@..@.@.......@.@..@.......@....@..@@...@..............@....
....@...@..@..@......@.....@....@@..@...@......@@.....@...........@@.@
.@................@@.@.....@.@.........@@@...@......@.@.@.........@.@.
.....@..@@...........@..@.@@@@.@.......@.@...@.....@@@.....@@...@.@...
.@.@..........@@.@.....@..@@.@@...@....@@@....@.....@......@..........
.....@@.@..@.@@.......@.@...@.......@......@@.@@...@......@...@.......
@@......@.@..@.@@.@.........@.@.......@.@..@.......@@..@@.......@.....
@....@@@@.@.@@..@@@.@.@...@..@...@@@..@..@.@..@@..@.@.@....@...@......
.@.@.@@.......@@..@.....@......@..@@@.@..@......@.....@@...@.....@....
...@.......@.......@.@.@..@..@.......@@...@..@.@.....@....@..@...@..@.
@...@..@...@@.......@@@..........@.@@.@....@..@..@@...@.@....@@.......
.....@......@@...@@......@.@.@@.@@.......@..@.@@.......@@..........@.@
@....@@........@@.@..@@........@..@......@.....@@@..@......@@.@..@....
@..@......@@.@....@.@.....@..@@.@@........@@..@@.@...........@..@.@@.@
......@@.....@..@.@......@@.....@..@...@...@.......@..............@@.@
.@.@@.@..@..@......@@....@.....@@..@.@........@@.@.....@@@.....@......
@@....@...@..@.@.....@...@............@@@..@.............@.......@@@..
Agents:
70
0,67,41,50,42
1,53,66,53,69
2,50,37,41,16
3,53,5,44,7
4,3,61,25,6
5,14,47,45,56
6,27,30,1,58
7,19,25,38,47
8,15,2,69,18
9,58,37,53,1
10,4,4,30,10
11,14,15,49,5
12,15,65,52,22
13,32,41,61,51
14,34,5,2,28
15,55,58,68,41
16,7,62,0,18
17,56,33,53,62
18,65,57,22,29
19,7,61,17,61
20,11,23,37,40
21,14,50,64,35
22,9,62,58,26
23,2,47,26,32
24,43,39,29,53
25,26,12,25,41
26,17,48,26,17
27,27,49,56,0
28,17,23,55,57
29,51,42,37,14
30,24,24,39,52
31,41,16,32,13
32,67,22,61,67
33,6,53,6,53
34,51,51,52,44
35,2,8,8,55
36,15,37,49,4
37,10,14,7,65
38,34,32,63,64
39,51,56,34,1
40,14,60,23,30
41,69,37,45,50
42,37,47,5,32
43,5,26,10,48
44,41,3,16,44
45,8,10,30,13
46,67,33,40,68
47,66,65,30,17
48,30,55,29,65
49,46,34,24,60
50,57,42,9,40
51,8,24,48,9
52,58,41,13,44
53,52,19,1,47
54,39,61,31,12
55,4,24,61,64
56,2,58,5,57
57,54,52,23,69
58,21,14,35,0
59,55,17,59,41
60,40,34,27,30
61,45,65,19,37
62,39,51,14,39
63,19,58,46,6
64,14,36,4,18
65,28,48,17,3
66,64,4,46,39
67,13,35,7,6
68,51,21,50,18
69,31,27,3,40
