1
Grid:
60,60
....................@.............@........@................
..@.........................................................
.............@.@.............................@..@......@....
.....................................@......................
@.......@.....................@.............................
...........@...@...@..@...............................@.....
........................................@........@..........
...........@........@...........@...............@...@......@
...........@...@.......................................@....
.................................@..........................
.......................................@....@.....@.........
............................................................
........@............@.............@........................
..........@@..........@......@...@.........@.......@........
...@...............................@........................
..............................@........@....................
.........@.@.....................................@...@......
.............................@.@.........@..................
.................@....@.....................................
....@......................@.............@..................
@..@........................................@.....@.........
.......@.......................@.............@..............
..........@...@.....@.......................................
..............@..............................@..............
...............@............................................
...............@...........................@..............@.
..@.@......@................................................
........................@@............................@....@
.........@@.................................................
.....@...@.......................@..@.@..........@@.........
............@........................@.....................@
..................@............@.........................@..
..........@.........................@.......................
...........................@...........@....................
.....................................................@....@.
...............@@...................................@...@...
...@..................@.@................................@..
............@......................................@....@...
.@............................@...............@..........@..
..@..............................@....@.....................
.@..........................................................
.........................@....@.............................
.......@......................@......................@......
.............@...............................@..............
.....@..........@...@....................................@.@
.................@.....................................@....
.......@.....................................@..............
.................................@..........................
.........@.....@.........@....@......................@......
.....@...................@........@.........................
............................@....................@@.........
..@...........................................@........@....
...@....................@..@................................
.....................@......@.....@.........................
............................@@....@.....@...................
............................................................
.@.........................................@...........@....
....@..........................@.....@..................@...
.....................@......@..@@...................@.......
.....@....................@......@........@...........@.....
Agents:
60
0,56,56,5,5
1,2,20,41,35
2,55,55,55,56
3,35,25,11,30
4,26,12,27,47
5,5,45,53,41
6,10,12,58,39
7,6,6,1,39
8,1,6,50,25
9,55,44,10,52
10,26,21,22,19
11,10,2,38,24
12,4,4,5,47
13,10,32,4,23
14,11,32,46,59
15,10,29,50,59
16,36,5,38,52
17,5,32,17,43
18,48,42,16,14
19,19,39,7,44
20,39,51,7,50
21,3,25,52,21
22,55,18,29,46
23,26,8,24,33
24,56,59,29,54
25,53,38,33,52
26,20,23,29,13
27,29,35,26,37
28,45,59,23,49
29,15,51,3,7
30,45,2,13,8
31,14,53,14,5
32,2,36,33,36
33,8,5,3,6
34,6,34,14,54
35,17,19,30,1
36,46,15,6,31
37,4,34,16,50
38,17,44,26,35
39,7,46,4,18
40,37,2,38,38
41,36,11,54,44
42,39,31,18,48
43,8,12,2,32
44,36,30,50,45
45,46,48,49,49
46,26,28,28,50
47,54,37,32,43
48,36,10,44,0
49,23,19,46,3
50,9,21,29,20
51,1,21,37,7
52,41,33,17,0
53,51,4,20,38
54,19,54,58,49
55,17,1,2,11
56,52,29,7,29
57,26,3,34,36
58,13,30,22,44
59,27,55,45,35
