1
Grid:
60,60
............................................................
............................................................
............................................................
............................................................
............................................................
............................................................
............................................................
............................................................
............................................................
............................................................
............................................................
............................................................
............................................................
............................................................
............................................................
............................................................
............................................................
............................................................
............................................................
............................................................
............................................................
............................................................
............................................................
............................................................
............................................................
............................................................
............................................................
............................................................
............................................................
............................................................
............................................................
............................................................
............................................................
............................................................
............................................................
............................................................
............................................................
............................................................
............................................................
............................................................
............................................................
............................................................
............................................................
............................................................
............................................................
............................................................
............................................................
............................................................
............................................................
............................................................
............................................................
............................................................
............................................................
............................................................
............................................................
............................................................
............................................................
............................................................
............................................................
............................................................
Agents:
80
0,0,23,49,21
1,45,24,53,0
2,43,4,46,30
3,36,21,10,34
4,18,32,29,24
5,14,10,11,23
6,58,28,10,22
7,3,59,20,50
8,41,32,7,37
9,23,53,37,31
10,19,24,21,24
11,56,53,14,11
12,48,26,14,44
13,26,10,40,21
14,21,52,33,58
15,23,26,30,38
16,59,1,46,42
17,40,57,53,32
18,28,31,20,9
19,18,42,42,24
20,6,49,46,58
21,47,6,12,6
22,17,36,56,29
23,2,15,29,7
24,9,50,8,16
25,19,42,56,6
26,21,7,51,37
27,9,36,30,58
28,26,52,17,10
29,36,16,17,38
30,37,25,29,48
31,0,26,7,32
32,8,47,19,46
33,10,56,13,36
34,47,5,13,9
35,31,9,35,49
36,13,41,9,40
37,46,29,26,16
38,36,49,32,49
39,35,12,21,40
40,24,10,24,39
41,0,30,42,36
42,32,41,9,28
43,5,52,25,13
44,51,4,2,7
45,31,36,53,36
46,55,1,57,36
47,4,40,47,52
48,48,21,41,29
49,57,29,17,12
50,26,5,33,38
51,28,4,40,2
52,19,9,36,12
53,28,40,15,26
54,20,39,2,27
55,59,36,1,24
56,16,23,32,50
57,52,27,40,16
58,24,29,0,59
59,53,27,47,51
60,42,17,10,35
61,5,43,15,12
62,33,55,55,38
63,14,12,38,8
64,36,6,37,4
65,41,15,28,8
66,51,5,12,10
67,46,18,4,44
68,42,56,22,6
69,11,22,26,3
70,12,25,21,22
71,32,11,15,40
72,5,54,24,40
73,19,31,35,28
74,9,37,33,32
75,15,18,38,49
76,27,30,37,55
77,47,8,4,1
78,0,45,23,31
79,30,23,10,10
