5
Grid:
20,20
.....@..............
...@...........@....
....................
....................
......@.........@@..
....................
....................
....................
@....@..............
...@................
.................@..
.........@...@..@...
@........@..........
....................
....................
..................@.
@..............@....
...........@........
....................
...............@....
Agents:
30
0,0,16,4,2
1,19,13,18,3
2,10,8,3,4
3,3,8,10,13
4,3,14,3,1
5,9,14,0,18
6,13,9,5,7
7,8,12,5,11
8,10,6,18,0
9,15,8,8,9
10,4,19,11,11
11,7,10,10,5
12,11,15,0,2
13,5,10,0,12
14,1,16,16,4
15,4,2,18,6
16,19,4,13,0
17,6,8,9,16
18,12,13,11,4
19,12,4,11,0
20,6,1,13,15
21,11,10,11,5
22,3,9,12,8
23,6,16,2,6
24,15,9,3,11
25,1,1,14,14
26,8,8,1,11
27,7,7,2,7
28,2,12,5,15
29,9,11,18,13
