0
Grid:
60,60
......................................@.....................
@.......@.......@..@.....@...........@...@....@.....@.......
...................@....................@...................
........................@....@..............................
.......@....................................................
........................@.........@......................@..
...............................................@..@@........
.........................................@.................@
@..............................................@........@...
.........@...................@..@...........................
..............@........@...@......@.................@.@.....
..............@...................@.........................
..............@......................@@...........@..@.....@
....@...................@................@......@...........
...............@......@.......@..........................@..
....................................@@.............@........
............@...............................................
.@............................................@......@..@...
@...........................................................
.............................@.........................@....
....................@................@....................@.
..........@..................@..@...........................
.@.................................@........@...............
....@....................................@...@..............
...........................@...@.......@..............@.....
.............@..............................................
.........@....@...........................................@.
...........@.....@..............@.....@@...@................
..................................@......@......@.....@....@
......@....@....@..............@...........................@
........@@..................................................
................@........@.....@............................
..............................................@@..@.........
......@......@..............................................
.......................@........@...........................
..@...@.............................@.@.......@.............
...@............@.........@.@.@...........@.....@...........
...................@........................................
..............@......................@......................
....................................@.................@....@
......@.....................................................
...@.....................@.........................@........
............................................@...............
................@................@@.............@...........
......................@.....................................
.@.............................@...............@@...........
............................................................
@.........................@..@..............................
.@.........@..@..................................@@.....@...
.....@..........@..................@........................
............................................................
...................@@.......................................
........@......................................@............
..............@..........@.......@................@.........
@...................................@.............@.........
....@...............................@.......................
.............................@..............................
...................@...@........@.........................@.
...........................@........@@@...@................@
...............................@....................@.......
Agents:
40
0,44,9,17,10
1,56,24,21,50
2,16,53,13,47
3,32,14,39,0
4,27,27,2,54
5,20,3,21,11
6,9,51,51,0
7,52,24,58,16
8,1,11,43,23
9,40,10,1,47
10,41,23,6,10
11,4,9,4,45
12,47,39,51,14
13,14,42,21,24
14,7,6,53,38
15,41,17,56,15
16,20,28,6,24
17,0,24,57,30
18,36,33,6,7
19,15,13,56,50
20,8,24,33,0
21,32,3,3,13
22,4,55,34,36
23,28,40,18,22
24,58,34,20,31
25,35,40,39,19
26,32,21,32,17
27,4,46,40,35
28,36,37,34,1
29,39,49,35,20
30,7,20,27,23
31,46,3,11,25
32,42,41,50,3
33,51,27,29,12
34,47,28,30,49
35,55,27,38,35
36,2,17,46,10
37,51,1,38,8
38,4,52,18,37
39,11,33,5,48
