1
Grid:
70,70
..........@@....@...@.........@..@.........@...@..@@..@......@..@...@.
.@.@.@@@.@@.@@...@....@......@.@.....@........@............@@.@.....@.
.@.@.........@.................@.....@.@.@.@......@...........@.@...@@
.@...@.@.......@@..@..@....@@.........@.@.@.@@@.....@.@.....@...@..@@.
.@..@.........@...@.....................@.@.@....@.....@..@.@..@......
.@.@.@....................@@...@.......................@...@....@.....
......@....@@@..@.........@.@@.....@.@...@..........@.@....@..@.@..@..
...@.@..@....@@..@....@@@@.....@...@.....@........@.@..@....@.@...@@..
@@@..@.@.@...@....@......@..@....@.....@........@..@.@.....@..........
....@.....@......@.........@..@@.....@@....@@..@.@..@...@..@....@..@@.
@.........@@..@.@@......@.....@.......@...@..@....@..@.@@.@...@.....@@
...@...@..@......@....@.@.@.....@..@......@...@.@.@....@....@@@.@@..@.
@..@...@.@.@.@.@.....@.@...@........@.@.@.....@........@.....@.......@
..@....@..@...@@...@.............@..@..@....@..@...@......@...@@...@..
.....@...@@@.@@..@@@..@@.@.@@..@......@..@...@@...@.@.........@@......
@...@.................@@..@....@...........................@.@...@@.@.
.......@.....@.......@.....@....@.@.@.@.......@@...........@@@@.......
.@@..@@.@.@.....@@.........@@.@@@...........@@..........@.......@.....
.....@..@.@.@@@....@@..@@...@..@.@...@@.....@.......@@...@@@.....@....
.@...@@@.@..@.@@.@.....@@@@.......@..@......@@.@@@..@@.@@..@@.........
...@.@.......@@..@..@..@....@...@...@.@@@.@...@@@@..@@....@..@.....@..
.......@.@...@......@@...@....@...@....@@.@..................@........
....@@..@....@.....@@..@@@@@.@..@..........@@@....@@..@........@.@....
@....@..@......@..@.....@@.@.@@...@..@..@...@...........@@.@.@@.@....@
.@@.@.............@............@.@...........@....@@...........@.@...@
@.....@............@@..@.@@....@..@@.....@.@.@@..........@..@....@@...
@.........@.....@.@...@.............@@@...@@@...........@..@..@....@@.
....@.@..@...@@...@..@.....@......@....@.@@............@@..@....@.@...
.@...........@.@......@.....@...@.@.............@@.......@@...........
...@....@..@....@@.@...........@....@.........@....@..@@........@@....
.........@.@............@..@.@.@@...@@@@.....@.........@......@....@..
.........@....@@.......@......@...@.......@....@.@.@...@..@...@....@@.
.@..@@..@@@@@@......@..@@@....@.......@.@@..@@..@............@.....@..
.......@.@@..........@.@@.............@@..@.......@.@........@.@.@....
@.@@..@...@@.@.@..@.....@.@.@.....@.......@.......@@...@.@..@....@..@.
....@.@.@......@@...@......@..@......@...@.@@@@..@...@@.@..@....@...@@
..........@@..@..@..@.@......@@......@..@....@....@..@........@..@.@..
...@.............@...@......@@@@@...@....@.@..@.@@......@@......@.@...
..@...@...........@@.@....@.....@.@.........@@..@...........@...@..@@.
.....@@@...@..........@.@.....@.@..@.....@.@....@.@...........@@....@@
.......@.@.....@.@.@.@@..@..@..@.......@@.....@..@.....@......@@.@.@..
.@....@....@..@....@@..@...@......@.@..........@.@...@@...@...@.....@@
......@.......@.@..@.......@....@.@.....@......@@....@.@...@...@.....@
..@...........@@@@....@..@.....@.......@...@..@@@.@.@........@.....@..
............@.@...@...@...@...@.@.......@.@.@@@@@..@@....@..@@@......@
.@@..@.......@.....................@@..@@..@..@.....@.................
...@...@@@....@@..@...@.@@@....@...@..@.......@..@.@......@.@..@.@....
.@@@.......@.@.@@.........@...@.@........@.............@.@.......@@...
.@...@.@...@..@@.@@...@...@.@@.........@....@..@..@..@.@...@@....@..@.
.@....@@.@@.....@..@.@@...........@@@..@@........@@....@.....@........
@.@@.....@..@.......@...@.@..@..@.@.@.@......@..@...@.....@..........@
..........@....@.....@....@....@.@...@.@@.@@.@@...@..@......@....@....
.@.......@...@@@@.@........@...........@...@@..@@...@..@@......@.....@
....@.....@..@..@@.....@@...@@..@.....@..@.....@@.....@.....@....@.@@.
.....@.....@..@..............@.@.@.....@....@...@@......@.@.@....@..@.
@.......@.......@...@..@@...@.@..@....@.....@.@@@...@.@...@.@..@.@...@
....@.....@@............@....@.@..@.....@.@....@......@..@......@@@...
..@.@..........@.@....@..@....@.@..............@....@......@......@..@
....@.....@....@.@.@...@@@.@.@..........@..@@.....@@...@......@....@..
........@..................@.@@.....@..@....@@.....@..@.....@@.@.@..@.
.@.....@@.....@.@@......@@.@.@.@@.@.@.........@.@....@..........@.@@@.
......@..@@...@.....@.@...@....@...@...@.@..@@....@.@@.@.........@....
........@.@....@.@@@.@.............@...@......@...@...@@.....@........
@@......@...@@..@@...@@@....@@...@.@@..@.@@@...@......@..@.@..........
....@@@.@..@@@..@..@..@..@@..@@@.......@...@.@...@..@@........@@......
...@..@....@.....@...@...@...@......@..@.....@@..@@.@@@........@@..@..
.@.@..........@@.@...@.@.@....@...........@..@......@.@@.@.......@.@..
.......@..@..@@@.@.@@..@.....@...@@.........@...@@@.....@@......@@..@.
@@......@..@.@.@.............@............@...@.@..@........@...@....@
...@@@@@.@@@...@@@.@@.@........@.@.....@@.@@.@.@...........@....@.@...
Agents:
85
0,38,51,30,16
1,23,41,10,15
2,59,21,23,46
3,2,66,40,54
4,41,63,3,35
5,56,44,20,57
6,44,16,12,52
7,40,50,52,62
8,41,42,5,14
9,10,33,47,45
10,36,69,37,69
11,37,61,53,21
12,22,10,10,22
13,25,54,12,43
14,7,49,31,19
15,16,2,55,3
16,59,69,37,4
17,58,14,28,25
18,53,61,27,30
19,9,40,67,11
20,28,26,59,69
21,42,20,61,37
22,34,66,1,51
23,40,44,61,3
24,18,49,7,30
25,66,9,58,14
26,32,42,60,41
27,37,65,43,3
28,69,38,64,9
29,60,42,33,35
30,54,66,68,57
31,49,44,15,25
32,59,67,56,36
33,33,66,56,6
34,42,58,6,10
35,34,29,21,23
36,10,22,17,51
37,35,28,19,2
38,51,9,21,64
39,28,37,10,26
40,2,26,1,63
41,59,42,60,57
42,36,4,41,42
43,29,62,44,55
44,11,44,61,29
45,64,64,31,0
46,5,40,62,65
47,68,22,63,26
48,6,7,10,64
49,59,19,49,31
50,59,3,65,40
51,54,47,56,21
52,2,32,36,52
53,60,45,24,49
54,6,69,54,9
55,22,15,29,50
56,53,42,28,8
57,17,38,32,18
58,38,16,60,2
59,16,65,2,49
60,29,28,7,64
61,2,9,52,60
62,55,9,55,40
63,28,62,50,4
64,36,55,30,6
65,57,58,60,63
66,1,67,4,33
67,1,36,26,13
68,66,58,68,6
69,48,52,5,40
70,45,61,33,68
71,15,6,62,20
72,55,43,2,32
73,35,36,4,22
74,34,38,25,53
75,30,7,22,0
76,3,32,4,26
77,42,38,14,56
78,20,6,4,66
79,63,2,16,56
80,12,33,16,65
81,14,56,52,2
82,42,50,35,34
83,20,37,20,66
84,13,65,6,66
