2
Grid:
20,20
@@.....@.........@..
.........@@.@.......
..@.................
......@......@.@.@@@
....@@..@@.@....@...
.@..@@...@....@.....
................@.@.
@...@.@@.....@.@....
...@....@...........
.@......@...........
.@...@.@..@.@..@..@.
....@......@........
@..@...@..@.........
@..@.@.......@@...@@
.@.....@.@.........@
@..@@..@..........@.
..@........@....@@..
.........@.@....@..@
.@@................@
.@....@..........@..
Agents:
25
0,1,7,9,16
1,7,8,17,8
2,2,6,5,10
3,15,17,0,18
4,8,16,10,19
5,16,0,8,14
6,8,14,18,4
7,2,15,18,5
8,13,7,12,14
9,14,6,4,2
10,9,18,2,18
11,1,0,3,9
12,11,0,19,7
13,7,17,15,12
14,16,14,0,3
15,15,1,2,11
16,13,17,2,17
17,12,17,11,7
18,19,19,14,15
19,2,16,19,8
20,14,13,7,1
21,9,13,19,15
22,2,12,7,17
23,13,16,5,7
24,8,2,17,4
