0
Grid:
20,20
..@..@.......@@.....
.......@.........@@.
.......@...@@.....@@
...@..@..@........@.
....@@............@.
@.@.................
.......@......@.....
.@@.@........@..@..@
.@....@......@.@..@.
...........@..@.@...
..@..........@....@@
@..@....@..@...@..@.
@....@..@..@.....@.@
..@........@@.....@.
.......@.@@...@.....
....@....@......@@@.
....@...........@..@
.@@............@....
.....@@...@.@..@....
.@....@..@..........
Agents:
15
0,17,14,9,0
1,10,7,17,4
2,3,1,8,9
3,17,11,10,15
4,13,9,12,10
5,6,1,10,12
6,19,15,19,5
7,15,8,12,9
8,17,12,10,10
9,15,11,13,0
10,12,1,14,16
11,17,9,4,12
12,5,17,16,17
13,17,6,5,19
14,10,6,2,13
