8
Grid:
20,20
....................
....................
....................
....................
....................
....................
....................
....................
....................
....................
....................
....................
....................
....................
....................
....................
....................
....................
....................
....................
Agents:
10
0,3,19,0,12
1,2,18,9,18
2,0,5,17,6
3,16,3,12,18
4,18,17,14,13
5,18,16,2,3
6,1,13,16,12
7,17,17,15,11
8,10,2,11,4
9,14,13,12,17
