2
Grid:
60,60
....@.........@@...@.@........@............@@..........@....
@.....@........@........@.....@..........@.....@.@.@........
....@.@......@...........@....@@................@..@....@...
...@@............@.....@.....@.@...@..@...@..@..@..@........
....@............................@....@.@@......@...........
.........@......@...@....@@...............@@................
.......@...@.@....@......@..@@...@@...........@..@.....@....
...@.....@........@...........@......@.............@....@@..
@...@...........@.......@.@...@.@................@.@......@.
...@@..........@...@......@...........@..@..................
..............@.......@@........................@...........
@.............@..@.......@.......@.@...........@..........@.
.@...@.......@........@@.@......@.@...@......@..............
....@@.@...@.......@...@.@.@..........@...........@...@..@.@
.@...@...@........@........@@...............@.....@.........
.@..@@......@........@...@...@...............@@@@@..@..@@.@.
...@...........................@....@.@.......@.............
.@..@..@...........@.........@......................@..@....
...@...@....@..........@..@@.@..@@@..@...@............@.@...
...@..............@..@.....@...............@...........@..@.
........@.....@@....@.........@..@@..........@.@..........@.
....@.....@...@.@@@..........@@............@.@.............@
................@@.@.........................@.....@........
@............@...@.......@@........@.@....@@..@...@.@...@...
.....@.@......@.@..@..@.........@..@........@............@.@
............@...........@.............@......@..............
..@@.........@@..@..@...@.@......@....@......@@.@@.......@..
...@.@@...........@........@@.........@@.....@..............
..........@.....@................@.......@@.................
...@......@............@..@.....@...@..................@....
@.....@................@.@......@@....@........@.@.........@
.......................@.....@.....@@@..@......@..@.@....@.@
@.........@.............@........@.....@..@.............@...
...@...@@............@@@@......@@..@.@@.......@@......@.....
.@.....................@.......................@...@@.@.@.@.
...@.........@.@.@..........@.@.@...........................
.@@.@.@.....................@............................@..
@..................@......@.@@..@@...........@....@.........
.@.........@..@@@....@..@...@......................@.@......
.......@..............@..............@.@..@................@
....@.......@.@..............................@.@...@...@....
..@......@@.............@...........@.......@.........@@....
...............@......@@.....@...@........@.....@...@.@@.@..
....@@........@..@..@....................@..................
.@........@..@..........@.@...@......@...@......@...@..@@@..
.....@..@@...@..@..........@.........@..........@.@....@@...
..@@.@....@.............@........@...........@.@.@........@.
............@.@.@@@@.......@.@.........@...........@...@....
@....@..............@.@@@.@@................@........@....@.
......@...@....@..@.......@......@.....@...........@..@.....
.....@..@.......@..............@..@...@.......@..@..........
.....@@......@............@...@......................@..@...
@...@@.@.@.@...@...........@..@.......@.@......@..@..@......
..................................@.@@......................
.....@.....@......@...@@..........@.....@...@@@.............
................................@........@.@..@......@@@....
@...@....@.........@.....@...@..@........................@..
.@.@..........@...@.....@............@@@...@....@@.@......@.
......@.......@.@..........@................@...............
..............@.@.@............@..........@...@.......@.@...
Agents:
85
0,35,43,54,24
1,30,50,17,36
2,22,1,30,56
3,34,34,20,41
4,44,33,41,12
5,50,9,23,8
6,15,38,31,48
7,39,26,35,48
8,17,15,37,22
9,36,21,1,57
10,45,49,26,50
11,34,57,9,16
12,24,6,38,27
13,43,46,7,23
14,40,17,5,10
15,29,45,53,54
16,36,38,34,12
17,51,12,52,56
18,54,32,33,43
19,11,57,45,21
20,46,17,19,1
21,24,43,45,19
22,36,14,53,18
23,57,16,44,18
24,26,16,3,37
25,18,48,12,36
26,54,27,25,40
27,6,12,22,21
28,39,29,18,38
29,2,1,53,33
30,34,4,16,58
31,20,3,29,13
32,1,17,50,1
33,37,36,34,22
34,11,6,56,48
35,22,56,10,52
36,26,19,7,53
37,45,38,45,53
38,14,31,53,20
39,32,44,31,26
40,51,33,50,12
41,37,38,41,50
42,22,22,37,44
43,42,32,9,10
44,13,39,56,17
45,38,35,21,41
46,21,19,33,5
47,18,59,51,51
48,26,58,38,40
49,56,43,29,53
50,11,24,0,18
51,42,43,22,9
52,19,42,59,45
53,49,30,24,29
54,45,53,20,54
55,28,18,12,55
56,56,59,48,45
57,40,28,49,35
58,2,8,43,21
59,40,50,15,7
60,58,25,20,0
61,19,15,42,7
62,48,7,30,19
63,22,13,30,12
64,56,39,38,43
65,47,54,3,2
66,22,0,13,56
67,43,42,13,42
68,49,42,43,29
69,50,59,55,26
70,2,26,43,34
71,12,7,18,16
72,2,42,3,40
73,22,34,52,19
74,2,44,48,15
75,17,53,9,9
76,22,33,56,40
77,25,11,35,9
78,4,37,33,6
79,15,15,7,54
80,12,52,12,2
81,26,39,55,22
82,45,19,23,9
83,13,55,32,22
84,35,19,8,7
