0
Grid:
60,60
.....@..........@................................@..........
...........................@.................@..............
..@...@.........@......@....................................
..............................@............@................
........@...@......................................@........
@.@....@.......................@.....@..............@.......
....@@.....@.........................@.@....................
.......@..@.............................................@...
................................@...............@.....@....@
@@................................@...............@...@.@..@
............@....@.........@............@..........@........
..@....................................@.@.................@
..........................................@.................
.......@.@..............@...@...............................
...@......................@.........@..@....................
.................@............................@.............
...............@....................@.......................
............................................................
................@...............................@...........
.....................@......................................
...............................@.........................@..
...........................@.@.@.........@...........@.@....
....@.......@..............................@................
.......................................@....................
............@..........@....................................
..................@...................................@.....
.........................................................@..
...............................................@............
............................@.@@..............@.@...@......@
....@.................@........................@...@........
.........................................@...@..............
.............@......@.......................................
................................@......@..@.............@...
.....................@.........@@.....@.....................
..........................@.......@....@....................
.............................@.....................@....@...
..........................................................@.
......................................@....@........@.......
................@..........@..............@.................
...............@@......@.......................@..........@.
.............................@@.@................@..........
....................................................@.......
..............@............@.@..............................
.............@.........@.@@.@............................@..
............................................................
@......................@...................................@
....@............................@.................@......@.
.........@.............................@@......@............
....@.@.............@@......................................
...........@.......@..............@......................@..
..@....................@................@................@..
...@................................................@.......
..........@...............................@.@...............
................................@......@....................
....@....................................@..................
......@.................................@........@..........
......@.....@......................@....@...................
......@.....................................................
.............@..............................................
@..................@........................................
Agents:
75
0,30,38,30,14
1,12,32,10,7
2,26,2,21,15
3,33,51,41,33
4,56,8,53,47
5,50,8,2,58
6,20,21,41,35
7,26,40,55,27
8,32,45,21,12
9,9,7,14,48
10,27,16,6,46
11,52,5,22,0
12,42,0,12,11
13,42,41,0,57
14,7,41,46,21
15,59,44,51,8
16,31,3,23,44
17,25,5,51,51
18,47,0,46,53
19,26,58,29,23
20,23,21,13,33
21,14,30,29,39
22,2,43,7,30
23,40,48,2,33
24,16,53,24,38
25,6,44,10,44
26,28,5,4,56
27,4,9,39,27
28,10,0,16,12
29,23,33,57,17
30,9,14,34,3
31,0,8,52,35
32,9,35,58,38
33,15,6,41,2
34,51,32,48,25
35,18,10,28,11
36,43,5,16,55
37,2,21,28,34
38,2,58,18,34
39,19,54,54,44
40,25,14,52,18
41,35,14,42,18
42,15,26,52,11
43,58,15,11,31
44,55,47,50,7
45,49,8,33,46
46,21,5,38,19
47,53,17,54,56
48,32,10,11,14
49,1,33,19,11
50,21,58,2,37
51,7,49,35,45
52,58,24,2,19
53,14,14,16,3
54,49,45,10,29
55,33,54,41,21
56,19,23,1,44
57,24,59,55,9
58,11,4,25,17
59,55,26,34,21
60,21,35,52,50
61,44,56,36,13
62,0,35,49,51
63,5,1,1,4
64,21,14,30,9
65,13,1,41,47
66,48,57,23,0
67,8,5,58,9
68,48,12,58,34
69,38,34,29,5
70,19,35,24,27
71,32,26,9,11
72,7,29,57,50
73,59,56,20,28
74,38,59,11,46
