2
Grid:
20,20
@...@...@......@..@@
....@...............
................@@..
..........@....@...@
...@....@.@.........
.........@..........
..........@.........
....................
.@................@@
............@.......
@..@..@.............
......@...@@......@.
...............@....
....@..............@
....................
@@..................
......@....@........
...@...@............
..@....@............
.........@..........
Agents:
25
0,16,4,12,3
1,13,17,8,13
2,19,17,12,4
3,9,8,14,2
4,0,16,5,13
5,4,5,19,4
6,16,7,2,4
7,11,5,12,5
8,2,4,7,17
9,2,11,15,8
10,18,3,17,10
11,5,1,1,2
12,10,1,6,4
13,16,1,7,10
14,17,5,10,14
15,12,7,13,15
16,1,13,11,8
17,17,6,10,12
18,9,18,15,9
19,2,8,13,9
20,7,8,16,1
21,18,14,3,0
22,6,15,5,11
23,1,5,13,12
24,6,4,1,18
