2
Grid:
60,60
.............@...............@................@.............
..........@............@.....................@..............
@....@........@...........@@...............@.......@........
.......................@....@..@..............@.........@@..
........@.....@............@........@..........@............
@.@..........@..............@..............................@
...@@..........@.................@.@..................@...@.
..........@@....@.@.@..........................@....@@......
....@@.........@........@.......@.@..@....@.................
@....@.....@..@...@@@........................@..............
.............@......@........@....@.@........@.@@..@........
...............@...@..............@.....@..............@....
.@....@...............................@.....................
......@...@...@..@..............@..@........@@...........@..
.......@.............@@...........@@....@@@@............@...
................................@...............@...........
.....@.@...........@...@..........@.........................
......@..........@.@.......................@.......@........
..@................@..@...........@@@................@...@..
.................@......................@...................
.........@...............@..................................
.........................@.@..@.........................@@..
.......................@...@.....................@.....@@...
...................@.....@.............................@.@..
..............@@..@...@...@.@...................@..@@..@....
...@...@.............................@......................
..........@..@..........@.......@.....@.@.................@.
..@................@....@.................@.........@......@
.......@..@.........@@.....@.........@.............@........
.............@...@.....................@..@................@
..........@......@....@..............................@......
..............................@......@.........@............
@@..................................................@..@....
.........@@.....@..............@..@.@...........@........@..
..@.....@.....@...........@..............@.............@.@..
.......@...@....@............@....@...........@@..@......@..
@.....@........@..............@@...........@@...............
.....@...@....@@...@.@....@@..............................@.
.........................@.............@..............@...@.
........@@.................@........................@......@
...................@@........@...........@..............@...
@@.................@.........@...@........@.................
..................@..............@........@.......@...@.@...
@............@.@.....@...@..@.@.......@....@........@...@...
..........@.....@......@...............@........@.......@...
..@.............@@.....@...@..........@.....@.@....@.@..@@..
.........................@................@.@...........@...
.........@..@................@...................@@...@.@...
...@.........@....@............@...................@...@....
@..........@.........@@...................................@.
.....@....@.@....................@..@.......................
....@@@.......@....................@....................@...
...@..................@..@...................@.@......@.....
......@.....................@............@..............@...
............@.........@..@..@.....@......@..........@.......
....@............@...@.........@.........@..@...........@...
...@...............@@.....@...............@..@.....@........
....@....................@....@.............................
..........@.@.@.@...@..@...@..@..........@...........@......
.......@.................@......@.....@..................@..
Agents:
45
0,47,16,8,38
1,18,31,37,8
2,16,25,31,52
3,18,39,24,2
4,18,29,27,4
5,6,16,50,50
6,47,1,47,2
7,25,40,30,1
8,3,37,39,45
9,9,10,34,28
10,58,9,45,15
11,17,2,24,23
12,18,12,37,37
13,6,26,30,37
14,8,40,41,4
15,20,59,6,46
16,21,3,6,53
17,59,37,37,42
18,58,8,26,9
19,23,39,32,14
20,10,8,0,9
21,16,55,55,38
22,4,9,23,2
23,18,27,57,17
24,24,27,26,51
25,17,8,21,2
26,13,13,37,49
27,7,6,41,13
28,55,48,28,14
29,40,22,50,13
30,41,25,25,27
31,39,40,3,0
32,26,42,45,22
33,46,22,12,41
34,7,57,10,41
35,16,53,25,1
36,30,43,58,22
37,46,50,43,46
38,23,44,45,9
39,0,16,58,36
40,7,51,56,8
41,54,45,6,55
42,12,27,46,45
43,15,42,21,32
44,28,52,46,34
