2
Grid:
70,70
.........@@...@.....@..@......@.....@......@....@.....@@...........@..
....................@.....@.......@............@..@..............@....
...@..@....@......@.......@.......@.@......@..@..@.@.@........@@.@....
...........@.....@.............@@..@.@......@.@....@....@@...@@...@...
...@........@....@...........@..@.....@...............@...@.....@.@...
...@....@..................@..@........@....................@...@...@.
@...@...@.......@@........@@@......................@....@...@.@.......
...@....@@....@....@@......@.@......@.@......@....@......@...@..@.....
......@@..@.@...@....@.........@.@...@...@........@...........@.......
@.....@....@@...@...................@.........@..@@@@.............@.@.
...@@......@@............@..........@.....@@..@.......................
..@.@........@......@....@@.@......@....@...@......@..@..@.......@@...
.@...@...@...@....@..........@..@.@...@.......@..........@...@....@@.@
....@...@...@.......@.....@@......................@..@@..@..@@........
@...@@@.......@@.@...@..@@.@...@@@@.....@....@..@.....@...@....@@...@.
.@@@............@...@...@.@..........................@...@..@...@.....
.@..@..........@.....@...@.@......@.....@@....@@................@.....
@.@..@.......@...@..........@............................@@......@..@.
.......@.........@@.@@.......@.............@....@@......@........@.@..
......@@.............@.@..@@.@.@..@@..@..@....@.@..@.@............@...
..........@..@@.@..........@.......@@...@......@...@....@.@.@..@......
.@..........@..@......@....@.......@...@..........@..@.....@.......@..
.@....@........@.......@..@@...........@......@.@.....@@.@.....@......
.@....@@..............@..@@...@.@@......@..@.@....@......@.........@.@
@....@......@......@@..@..............@@..@.@.....@@.....@.@.......@..
@.....@@.........@@.@..@..........@@@.@@....@....@..@.....@@@....@@@..
@..........@.......@............@.....@..........@@....@...@..........
..@...............@@.@.....@.@@....@.....@...@.............@@@.....@..
@@....@......@....@....@.@......................@..........@..@.....@.
..@@.@@.@......@..@.@@..................@...@@.............@..@.@....@
...@..@...@...@...@...@.........@....@.@@.@....@.....@....@........@..
...@...........@......@@@@....@...@...@@...@.....................@@..@
.@.@@.....@@@......@..@......@....@..@..@...............@...........@.
....@..@@...........@.....@.@..@..@...................@........@....@@
.@...@..@.............@..@.@.@...@..@.....@...@.....@..@@.@.......@...
.....@.@@.@@@..@........@..@.........@.....@@........@@...@.@..@......
..@.@...@@....@.....@..@.....@..@.........@.....@..@........@...@.....
@@@@@.@@...@..........@...@.....@.....@.@@@.@..@.......@@.@.@...@@...@
@..@.@@......@....@..@.......@@@....@..............@.@.@@......@...@..
.....@................@.@......@.......@@.@..@..@.@.....@..@...@@....@
.@@...@.........@.....@@...@@.@@........@@.@......@@@....@.@..@.......
.@..@........@...@...@@.........@@............@......................@
...............@....@..@.@.@................@.......@................@
......@.....@.@.@....@..@..@.....@.@@...@..@@..@...@..@..@..........@.
@@...@@.................@.......@..@.......@.@......@.......@..@@.....
.................@........@.....@..@........@..@......@...@...........
......@......@..........@@...@...@....@......@........@.@..@......@...
.@.@..@@..@......@.....@.....@........@@@.@......@@...@....@..........
.......@.....@..@.......@@..@......@......@....@....@@.....@@....@.@..
.@@.@.........@.@@.@...@....@.@.@..@......@.@..@@.@...................
.@@............@...@..@...........@...@......@@.@@@..@.....@..@@@.....
........@..@....@..........@....@.@..@...@@........@...@@.......@....@
............@....@..........@....@@@.@.@@......@....@@..@.......@..@..
...@.@........@.......@....@........@...@@...................@..@..@..
.....@.@@....@..@.....@.......@.@..@@..@...........@...@.....@........
...........@...@....@.............@.@..@@....@..@.....@@.........@@...
@@.@.....@.@.....@.@....@...............@.@......@.@.@.@...@@..@......
..@.@....................@.....@..@@.@.@@.........@.........@....@...@
...@....@.....@@.@....@.............@..@....@...@.@...............@@..
@...@....@.......@...@.....@.@...@.@@@..@@..@........@...@.@.@........
.....@@.........@.........@.@@..@.@.....@.........@.......@...@.......
.@....@.....@.....@....@...........@..@...@......@.....@.@...@.@...@..
............@@..@...@...@.@..@@..@.@...............@..@@..@..@...@@...
.@.@...@...............@@.@..@.........@.........@@.@..@...@@....@....
..@........@@......@......@.@@...@............@@........@...@....@....
......@.....@....@@..@@.....@.@....@.......@..............@.........@.
@......@.@.....@.@.@..@..........@........@.@..........@...@...@......
.@.....@.....@.@....@.@......@@.@...........@.@...@@......@.@.....@..@
.@...........@.........@.......@...@@.@...@@.....@...@.@.@@@.....@.@@.
....................@....@.@@@....@..@.@..@.@.@@.@...@...@@..........@
Agents:
35
0,36,40,46,20
1,40,45,27,26
2,27,69,6,15
3,10,30,25,30
4,7,48,24,31
5,26,40,25,46
6,37,27,60,18
7,23,0,38,35
8,11,3,18,39
9,43,56,25,64
10,16,65,19,2
11,5,22,8,25
12,63,16,51,30
13,55,22,2,30
14,53,49,67,26
15,58,53,20,21
16,32,58,1,61
17,15,40,0,31
18,21,60,25,69
19,12,42,44,28
20,67,61,29,36
21,67,68,25,14
22,1,8,63,46
23,17,40,8,46
24,34,69,11,53
25,5,41,57,62
26,24,55,65,2
27,54,53,67,8
28,57,41,44,55
29,35,46,50,9
30,52,23,43,32
31,42,1,50,33
32,64,34,44,46
33,54,40,32,32
34,51,53,7,49
