0
Grid:
60,60
............................................................
............................................................
............................................................
............................................................
............................................................
............................................................
............................................................
............................................................
............................................................
............................................................
............................................................
............................................................
............................................................
............................................................
............................................................
............................................................
............................................................
............................................................
............................................................
............................................................
............................................................
............................................................
............................................................
............................................................
............................................................
............................................................
............................................................
............................................................
............................................................
............................................................
............................................................
............................................................
............................................................
............................................................
............................................................
............................................................
............................................................
............................................................
............................................................
............................................................
............................................................
............................................................
............................................................
............................................................
............................................................
............................................................
............................................................
............................................................
............................................................
............................................................
............................................................
............................................................
............................................................
............................................................
............................................................
............................................................
............................................................
............................................................
............................................................
............................................................
Agents:
70
0,57,37,54,14
1,32,24,58,4
2,35,35,36,48
3,31,16,11,32
4,55,34,4,45
5,9,43,35,29
6,20,38,21,33
7,25,2,11,3
8,49,50,25,52
9,27,59,56,10
10,47,3,46,28
11,58,40,20,18
12,18,28,48,31
13,17,21,42,11
14,26,12,13,47
15,15,7,44,42
16,5,10,25,43
17,14,48,21,17
18,46,58,48,21
19,19,51,54,20
20,46,48,2,5
21,46,14,20,7
22,6,34,10,31
23,48,35,27,40
24,10,1,23,20
25,33,53,52,52
26,54,18,17,55
27,50,54,31,43
28,39,52,21,51
29,6,7,31,12
30,18,10,20,16
31,49,43,17,27
32,19,2,30,17
33,38,10,42,15
34,24,37,13,4
35,15,50,25,55
36,31,35,21,37
37,12,59,39,11
38,16,43,54,1
39,34,43,5,12
40,39,42,12,53
41,11,24,37,44
42,38,21,24,19
43,12,47,47,44
44,19,19,13,7
45,8,54,34,50
46,52,12,16,57
47,33,36,41,49
48,59,3,4,20
49,55,3,19,12
50,55,38,23,24
51,10,32,32,53
52,46,42,51,43
53,22,18,11,36
54,5,51,8,14
55,37,55,22,57
56,18,22,15,15
57,27,36,39,44
58,59,24,25,31
59,4,57,28,39
60,49,51,44,45
61,50,4,9,24
62,29,21,58,11
63,57,18,40,29
64,2,35,24,13
65,59,13,36,33
66,48,30,8,49
67,48,1,52,23
68,31,38,15,59
69,38,56,41,25
