1
Grid:
20,20
.@......@.@......@..
.....@.....@.@...@..
..@........@...@....
.@..............@...
..@....@...@..@.....
.......@.....@......
..........@......@..
....................
.@@.@..@@......@....
@......@..@.........
...........@.....@.@
......@.........@...
.@..@..........@..@.
....@..@............
..@........@........
......@.........@...
....................
.@@...@..@..@..@..@@
.@....@@....@......@
..............@..@..
Agents:
15
0,7,19,3,7
1,12,0,10,4
2,14,7,11,1
3,10,2,7,15
4,12,8,5,2
5,7,17,6,8
6,15,18,13,13
7,13,8,15,4
8,6,4,2,13
9,11,4,3,5
10,13,2,5,16
11,14,3,18,8
12,18,9,0,2
13,3,12,4,16
14,3,3,0,6
