0
Grid:
20,20
.........@.@........
..@.................
.@..@...............
.....@.......@@.....
....................
........@@..........
......@.............
....................
@.@.........@@......
....................
....................
....................
.................@..
....................
....................
.............@......
....................
.....@..............
.....@..............
.....@..............
Agents:
10
0,0,19,10,8
1,10,5,17,12
2,16,12,7,19
3,2,3,17,10
4,11,9,2,6
5,9,11,11,6
6,1,7,10,2
7,9,9,12,15
8,7,15,6,16
9,8,8,1,18
