1
Grid:
70,70
.@.@................@............@......@................@...@........
.@...........@................@......@@............@@..........@......
.@....@.@........@...............@........@.@.@..@...........@........
..@................@.......@..@.@....@.............@.........@.@......
...@@....@@..@...@@.@.....@.........@..@@..@@..@@.............@.......
...................@...........@.........................@.@.........@
..@.@................@..........@...................@.@........@@.....
@.@..............@..@.....@@................................@.@......@
....@.............@........................@........@......@......@...
....@.@@.....@......@@..@..............@....@.........@........@@.....
.@....@.@@......@................@@....@.@........@..................@
..@.......@......@....@...........@.......@@..@........@.....@....@...
..........@.@.........@......@.......@.@.......@@@....................
.....@......@.@.....@....@............................@...............
..@..............@.@@.....@.......@@.....@.@....@....@@.@.@..@.....@..
@.@....@.@@............@........@@........@......@..@..@.@............
@......................@.@......@...@@.......@.@...@...@..@@....@...@.
......@..@....................@.....@.................................
.@...............@@...........@....................@.@@.....@......@..
......................@......@@.............@.....@@.....@....@....@.@
@....@.............................@......@@..@.@.........@...........
.........@..........@..@....@@.@....@...@..@.....@@.@...........@....@
@@.............@.......@....@....@........@...@.@........@@...........
......@......@.........@.........@.....@...........@.......@..........
...@@......@..@.@...........@.@..@....@.....@..@......@........@..@..@
..........@........@@.......@..........@.....@.@@@......@@........@...
..............@.............@..........@.@.............@........@.....
@.@.@..@.............@.........@...@....................@............@
......@@..@...@..@............@..@......@...@...@..@@@.@.@...@........
...@..@..@@...@.@@@.....@@.......@.@@......@@.....@...................
.........@.........@.............@.@............@@.....@..@...@..@....
.....@@.........@.@.........@.@.....@.@.@......@...@......@........@.@
............@@.........@.....@@.......@.........@....@.....@..........
..@...........@...@.@........@.@..@@............@.........@.....@.....
...........@@..@........@...................@@.@...@@.....@.....@.....
..............@.@@.......@@..@.................................@......
..@....@@.@............@.@.@..@.....@...@...........@.................
@@..@.....@..@..........@.@.@...................@........@....@.......
...@@.......@...@........@.@.@........@......@..........@........@....
@...@...@........@..@.....@........@@...@.........@.@......@@.........
...@...........@...........@....@.........@.......@....@.@.........@..
.......@...@.............@..@@........@...@@........@.@...@.@....@....
...@....@.......@........@......@........@@..@..@...@.....@......@...@
....@@@.............@@.@..@.@...........@...@@...@@.....@..@.....@.@..
@....@........@....@.@......@.............@....@...@.......@....@....@
@.........@..........@.@......@..@.....@............@...........@.....
.......@..@......@.....@...@...................@...@..@.....@.........
....@.....@..@..@@......@.............@.....@@..@....@.......@..@..@.@
.....@.........@.........@.@....@......@.....@......@..@...@@.@....@..
....@@...@...........@...@..........@@................................
..............@@...........@..@.@..............@...@.......@...@......
........@....@....................@......@........@@............@.@...
.....@............@....@.....@....@....@........@........@.......@.@..
..........@..@..........@....................@.........@.@......@...@@
...............@..@.@......@..........@...@..@.....@...............@@.
.......@............@.........@..........@....................@...@.@.
..................@@@.........@..@................@........@@..@@.....
........@@..@......@.@............@.@..@.@...........@.@..@.....@@@...
......@...@........@@..........................@.......@...........@..
........@@..@........@@.................@.@....@........@....@@..@....
..@..@..@@......@....@..@.@................@.....@..............@.@...
.............@....@.......@........................@..............@...
.@@.....@@...........@..@...@.....@..@@....@.@.@.....@.....@..........
...@................@..........@...@@....................@............
.@.............@@.@............@..@...@@...............@..............
@.@...@..@...@...@..@..@@....@.....@@.@.......@.........@..@..........
......@.@..@..........................@.................@.@.@.......@.
..@@............@.@.@@........@................@.@..........@........@
.@.@@....@......@......@......@..@.....@.......@..@....@..............
...@......@...................@.....@.............@....@...@@@.@....@.
Agents:
55
0,27,3,31,4
1,48,29,54,0
2,46,59,30,29
3,51,53,44,25
4,61,28,19,32
5,61,36,60,10
6,16,31,69,21
7,44,68,37,47
8,5,26,35,61
9,35,62,5,56
10,58,36,10,0
11,69,51,22,55
12,44,6,27,55
13,22,44,11,40
14,6,26,0,55
15,45,14,3,33
16,7,48,49,48
17,23,44,15,61
18,32,9,22,30
19,61,52,41,67
20,16,42,54,17
21,66,67,5,38
22,29,55,17,63
23,64,25,23,54
24,54,60,14,21
25,3,66,33,54
26,55,39,55,44
27,47,34,61,49
28,52,46,55,2
29,28,37,15,14
30,35,66,44,12
31,68,2,5,47
32,1,6,63,55
33,19,27,46,12
34,55,46,56,29
35,47,36,11,58
36,31,19,10,24
37,63,28,38,21
38,63,33,68,51
39,40,36,52,2
40,24,58,3,17
41,66,54,69,8
42,5,51,37,66
43,60,19,25,2
44,39,61,0,21
45,63,68,14,36
46,27,18,13,51
47,47,47,28,68
48,40,46,30,15
49,62,0,48,56
50,64,69,31,66
51,52,0,53,37
52,29,69,13,16
53,42,9,9,5
54,5,17,60,68
