0
Grid:
70,70
..@....@..@@........@@.@...@....@.........@.............@@...@...@..@.
....@...@@........................@...................................
.@@...@...@.............@.......@..@..@..@........@@...@......@@....@.
@...........@.@............@.....@@...................................
...@...@...@.@@@.@........@...@.......@........@...............@@.....
..@.@...@.......................@...@....@..........@.......@....@.@..
.@..@..@...........@@..@..@@@.........@.....@..@..@.@.......@@.....@@@
......@.........@..@..@@..@......@............@.............@.........
.......@........@@.......@......@@.@.@......@..@..@.@........@....@...
.@.@........@@..@........@.@.......@@...@................@..@.........
@......@.............@..........@@..........@........@...............@
@.........@.......@....@.................@...@.........@.@...@........
.@.........@...@............@.@.........@.@..@@.............@...@..@..
......@.............@...@...@...............@.@..........@...@........
@..@.@@.@..........@.........@.....@....@.@.@..@............@.@.......
....@@............@............@...@.......@...@......................
...@.......@...@..@..............@.........@.....@..............@.....
....@............@.@@....@...@@@.....@@..@......@.......@.....@..@.@..
...@@.......@@@@..@.@........@@....@..@.......@..@.........@.....@....
..@.@......@.....@....@.......@.........@....@@..............@.......@
@.............@................@.@..@......@......@......@.......@.@.@
@..@............@@...@.....@...........@......................@.......
@....@...........@....@.............@@..............@..@.....@...@..@.
..@...@..@..............@..........@........@..@.@@...................
....@....@.......@.....................@.....@....@@.@....@@@@........
.@....@.............@....@.................@.@..............@........@
@...@...............@.........@..@@...@......................@..@.....
........@..............@..@...@......@....@...................@.......
.....@......@..................@.....................................@
..............@@...@@....@......@........@...@.@......@............@..
.......@.@......@.....@...........@.........................@.....@..@
@......@.@..@.......................................@..@.@..@......@@.
.........@.....@....@@...@@...@.....@...@.......@.@........@...@..@@..
......@@@@@...........@.@................@@@@.@..@......@....@........
....@.....@..........................@...@.@........@@@...............
.....@..........@..@............@...@.@...............................
......@......@.......@.....@@.....@..............@...@......@......@.@
@.@...@.................@....@@..@@........@.@......@...@...@....@@...
.@......@.@..@............@..........@@@...........@..............@...
....@.@.........@.....@.............@..@.........@.........@....@.....
.................@........@.....@..@.@@........@.@.........@.........@
........@@...@...@.@@......@..@.....@..@.....@....@..@.@...@@.....@.@.
...............@@...........@................@.....@......@.@.........
@.@..@.....@...@...............@.......@..........@...@........@......
..........@.@@...............@@..............@..@@..@@.@@..@.......@..
..@....@@..@...........@.....@............@.....@.....@.......@...@..@
.@.........@.................@...............@.........@..@...........
......@.............@.....@..................@....@@.....@.@........@.
.......@@....@.@..........@..@...............@@.........@............@
.....@....@.....@..........@...@.......@@...........@...........@.....
@@.........@...........@.......@..@.@...@..@.@...@@...............@@..
.....................@@.....@.......@....@..@....................@....
.@@..@.@......@@@@@.......@..............@@.@....@...............@..@.
...@..............@......@@.....@.........@........@.@...@............
...........@....@.@.@@.....................@..@@.......@............@.
...@@......@..........@@@.@....@...@..@...@...@.@...............@..@..
..............@.@@..@.....@...@..........@..........@.@..............@
.....@...........@...@@........@.....@...@.......@................@...
..........@.@......@.....@.....@@....@...@...@............@..@........
@.......@........@.................@...@..........@...@...............
@.....@....@.@.........@........................@.......@.@....@......
.@......................@....@.@.........@.@...@......................
......@.....@....@.@@................@....@.........................@.
@...........@.....@.........@.........@.....@...@...................@.
..@.....@............@@....@............@.@......................@..@.
@...@....@.@...............@...@.........@......@..........@.@........
.......@..@....@@@...@........@@@@.......@..@..............@....@.....
.....@........@.......@.@.......@.......@...@...@.....................
.@.@....@...@.@............@....@........@...........@......@.@....@.@
.@@@.................@.....@@.@@.@.....@...@@...............@.........
Agents:
35
0,52,12,29,5
1,23,37,3,60
2,61,30,48,4
3,45,50,37,59
4,8,1,45,56
5,0,26,38,7
6,49,65,2,39
7,16,22,11,7
8,53,68,60,28
9,20,39,55,44
10,50,38,36,40
11,61,25,10,29
12,21,38,43,37
13,32,68,47,62
14,33,59,13,18
15,12,12,56,2
16,9,30,16,50
17,3,29,51,20
18,59,65,20,35
19,36,64,16,55
20,4,48,44,36
21,11,12,26,27
22,47,39,16,28
23,56,23,40,21
24,60,38,42,24
25,59,53,39,46
26,49,32,61,2
27,64,51,5,21
28,31,26,32,19
29,9,55,38,43
30,23,22,26,16
31,2,15,65,62
32,36,5,3,61
33,63,55,64,3
34,40,67,38,27
