0,kiva_0
Grid:
24,55
@@@@@@@@@@@@@@@@@@@@@@@@@@@@@@@@@@@@@@@@@@@@@@@@@@@@@@@
@.....................................................@
@.....@@@@@@@@@@.@@@@@@@@@@.@@@@@@@@@@.@@@@@@@@@@.....@
@.....@@@@@@@@@@.@@@@@@@@@@.@@@@@@@@@@.@@@@@@@@@@.....@
@.....................................................@
@.....@@@@@@@@@@.@@@@@@@@@@.@@@@@@@@@@.@@@@@@@@@@.....@
@.....@@@@@@@@@@.@@@@@@@@@@.@@@@@@@@@@.@@@@@@@@@@.....@
@.....................................................@
@.....@@@@@@@@@@.@@@@@@@@@@.@@@@@@@@@@.@@@@@@@@@@.....@
@.....@@@@@@@@@@.@@@@@@@@@@.@@@@@@@@@@.@@@@@@@@@@.....@
@.....................................................@
@.....@@@@@@@@@@.@@@@@@@@@@.@@@@@@@@@@.@@@@@@@@@@.....@
@.....@@@@@@@@@@.@@@@@@@@@@.@@@@@@@@@@.@@@@@@@@@@.....@
@.....................................................@
@.....@@@@@@@@@@.@@@@@@@@@@.@@@@@@@@@@.@@@@@@@@@@.....@
@.....@@@@@@@@@@.@@@@@@@@@@.@@@@@@@@@@.@@@@@@@@@@.....@
@.....................................................@
@.....@@@@@@@@@@.@@@@@@@@@@.@@@@@@@@@@.@@@@@@@@@@.....@
@.....@@@@@@@@@@.@@@@@@@@@@.@@@@@@@@@@.@@@@@@@@@@.....@
@.....................................................@
@.....@@@@@@@@@@.@@@@@@@@@@.@@@@@@@@@@.@@@@@@@@@@.....@
@.....@@@@@@@@@@.@@@@@@@@@@.@@@@@@@@@@.@@@@@@@@@@.....@
@.....................................................@
@@@@@@@@@@@@@@@@@@@@@@@@@@@@@@@@@@@@@@@@@@@@@@@@@@@@@@@
Agents:
25
0,22,1,8,3
1,16,51,7,51
2,22,41,9,51
3,7,38,22,45
4,18,51,10,49
5,10,23,5,50
6,16,30,10,29
7,9,38,1,33
8,3,16,19,12
9,16,46,10,22
10,6,2,16,52
11,9,51,10,2
12,18,4,6,49
13,8,5,19,52
14,4,26,13,4
15,6,38,15,16
16,7,6,7,52
17,5,4,1,17
18,4,14,1,45
19,10,25,3,4
20,1,26,10,10
21,4,15,1,27
22,1,52,16,48
23,4,20,1,9
24,16,20,10,52
