8,kiva_0
Grid:
24,55
@@@@@@@@@@@@@@@@@@@@@@@@@@@@@@@@@@@@@@@@@@@@@@@@@@@@@@@
@.....................................................@
@.....@@@@@@@@@@.@@@@@@@@@@.@@@@@@@@@@.@@@@@@@@@@.....@
@.....@@@@@@@@@@.@@@@@@@@@@.@@@@@@@@@@.@@@@@@@@@@.....@
@.....................................................@
@.....@@@@@@@@@@.@@@@@@@@@@.@@@@@@@@@@.@@@@@@@@@@.....@
@.....@@@@@@@@@@.@@@@@@@@@@.@@@@@@@@@@.@@@@@@@@@@.....@
@.....................................................@
@.....@@@@@@@@@@.@@@@@@@@@@.@@@@@@@@@@.@@@@@@@@@@.....@
@.....@@@@@@@@@@.@@@@@@@@@@.@@@@@@@@@@.@@@@@@@@@@.....@
@.....................................................@
@.....@@@@@@@@@@.@@@@@@@@@@.@@@@@@@@@@.@@@@@@@@@@.....@
@.....@@@@@@@@@@.@@@@@@@@@@.@@@@@@@@@@.@@@@@@@@@@.....@
@.....................................................@
@.....@@@@@@@@@@.@@@@@@@@@@.@@@@@@@@@@.@@@@@@@@@@.....@
@.....@@@@@@@@@@.@@@@@@@@@@.@@@@@@@@@@.@@@@@@@@@@.....@
@.....................................................@
@.....@@@@@@@@@@.@@@@@@@@@@.@@@@@@@@@@.@@@@@@@@@@.....@
@.....@@@@@@@@@@.@@@@@@@@@@.@@@@@@@@@@.@@@@@@@@@@.....@
@.....................................................@
@.....@@@@@@@@@@.@@@@@@@@@@.@@@@@@@@@@.@@@@@@@@@@.....@
@.....@@@@@@@@@@.@@@@@@@@@@.@@@@@@@@@@.@@@@@@@@@@.....@
@.....................................................@
@@@@@@@@@@@@@@@@@@@@@@@@@@@@@@@@@@@@@@@@@@@@@@@@@@@@@@@
Agents:
25
0,2,52,13,41
1,19,41,6,53
2,11,16,22,19
3,19,52,4,51
4,20,5,6,1
5,2,50,9,4
6,13,25,21,3
7,12,4,7,50
8,4,34,16,53
9,17,1,6,50
10,2,1,19,18
11,9,50,18,4
12,4,22,11,52
13,9,3,7,26
14,10,16,13,42
15,13,15,22,35
16,11,5,4,34
17,22,12,12,50
18,14,38,3,4
19,3,4,19,44
20,7,42,1,41
21,9,5,2,3
22,6,27,10,51
23,16,40,9,51
24,18,52,1,3
