2,kiva_0
Grid:
24,55
@@@@@@@@@@@@@@@@@@@@@@@@@@@@@@@@@@@@@@@@@@@@@@@@@@@@@@@
@.....................................................@
@.....@@@@@@@@@@.@@@@@@@@@@.@@@@@@@@@@.@@@@@@@@@@.....@
@.....@@@@@@@@@@.@@@@@@@@@@.@@@@@@@@@@.@@@@@@@@@@.....@
@.....................................................@
@.....@@@@@@@@@@.@@@@@@@@@@.@@@@@@@@@@.@@@@@@@@@@.....@
@.....@@@@@@@@@@.@@@@@@@@@@.@@@@@@@@@@.@@@@@@@@@@.....@
@.....................................................@
@.....@@@@@@@@@@.@@@@@@@@@@.@@@@@@@@@@.@@@@@@@@@@.....@
@.....@@@@@@@@@@.@@@@@@@@@@.@@@@@@@@@@.@@@@@@@@@@.....@
@.....................................................@
@.....@@@@@@@@@@.@@@@@@@@@@.@@@@@@@@@@.@@@@@@@@@@.....@
@.....@@@@@@@@@@.@@@@@@@@@@.@@@@@@@@@@.@@@@@@@@@@.....@
@.....................................................@
@.....@@@@@@@@@@.@@@@@@@@@@.@@@@@@@@@@.@@@@@@@@@@.....@
@.....@@@@@@@@@@.@@@@@@@@@@.@@@@@@@@@@.@@@@@@@@@@.....@
@.....................................................@
@.....@@@@@@@@@@.@@@@@@@@@@.@@@@@@@@@@.@@@@@@@@@@.....@
@.....@@@@@@@@@@.@@@@@@@@@@.@@@@@@@@@@.@@@@@@@@@@.....@
@.....................................................@
@.....@@@@@@@@@@.@@@@@@@@@@.@@@@@@@@@@.@@@@@@@@@@.....@
@.....@@@@@@@@@@.@@@@@@@@@@.@@@@@@@@@@.@@@@@@@@@@.....@
@.....................................................@
@@@@@@@@@@@@@@@@@@@@@@@@@@@@@@@@@@@@@@@@@@@@@@@@@@@@@@@
Agents:
40
0,10,43,11,3
1,22,40,1,48
2,22,49,9,3
3,10,39,4,40
4,10,50,20,5
5,18,1,13,24
6,19,8,1,20
7,18,4,10,43
8,4,23,3,51
9,1,32,4,32
10,7,49,2,50
11,4,35,8,4
12,7,21,13,25
13,9,38,2,27
14,16,46,14,53
15,1,46,1,45
16,19,4,17,49
17,21,4,22,3
18,22,23,18,51
19,13,30,13,5
20,4,48,5,5
21,10,47,19,2
22,17,27,19,27
23,22,27,1,9
24,12,16,16,3
25,11,50,16,45
26,3,1,10,28
27,19,39,19,9
28,13,29,19,12
29,1,25,5,52
30,4,51,22,41
31,7,2,4,49
32,1,40,15,4
33,7,24,13,47
34,10,7,17,50
35,10,15,18,52
36,13,33,11,52
37,1,8,7,53
38,2,5,8,27
39,13,6,9,2
