7,kiva_0
Grid:
24,55
@@@@@@@@@@@@@@@@@@@@@@@@@@@@@@@@@@@@@@@@@@@@@@@@@@@@@@@
@.....................................................@
@.....@@@@@@@@@@.@@@@@@@@@@.@@@@@@@@@@.@@@@@@@@@@.....@
@.....@@@@@@@@@@.@@@@@@@@@@.@@@@@@@@@@.@@@@@@@@@@.....@
@.....................................................@
@.....@@@@@@@@@@.@@@@@@@@@@.@@@@@@@@@@.@@@@@@@@@@.....@
@.....@@@@@@@@@@.@@@@@@@@@@.@@@@@@@@@@.@@@@@@@@@@.....@
@.....................................................@
@.....@@@@@@@@@@.@@@@@@@@@@.@@@@@@@@@@.@@@@@@@@@@.....@
@.....@@@@@@@@@@.@@@@@@@@@@.@@@@@@@@@@.@@@@@@@@@@.....@
@.....................................................@
@.....@@@@@@@@@@.@@@@@@@@@@.@@@@@@@@@@.@@@@@@@@@@.....@
@.....@@@@@@@@@@.@@@@@@@@@@.@@@@@@@@@@.@@@@@@@@@@.....@
@.....................................................@
@.....@@@@@@@@@@.@@@@@@@@@@.@@@@@@@@@@.@@@@@@@@@@.....@
@.....@@@@@@@@@@.@@@@@@@@@@.@@@@@@@@@@.@@@@@@@@@@.....@
@.....................................................@
@.....@@@@@@@@@@.@@@@@@@@@@.@@@@@@@@@@.@@@@@@@@@@.....@
@.....@@@@@@@@@@.@@@@@@@@@@.@@@@@@@@@@.@@@@@@@@@@.....@
@.....................................................@
@.....@@@@@@@@@@.@@@@@@@@@@.@@@@@@@@@@.@@@@@@@@@@.....@
@.....@@@@@@@@@@.@@@@@@@@@@.@@@@@@@@@@.@@@@@@@@@@.....@
@.....................................................@
@@@@@@@@@@@@@@@@@@@@@@@@@@@@@@@@@@@@@@@@@@@@@@@@@@@@@@@
Agents:
30
0,19,13,3,4
1,15,4,10,38
2,4,31,18,50
3,6,1,10,50
4,7,18,10,16
5,6,2,13,52
6,4,41,12,52
7,16,8,7,48
8,19,45,5,16
9,15,49,22,5
10,5,52,20,51
11,2,5,2,1
12,5,38,13,11
13,7,46,6,50
14,21,3,19,2
15,10,18,1,43
16,1,22,7,23
17,6,5,2,4
18,13,29,17,38
19,7,37,18,53
20,15,50,7,4
21,5,50,17,2
22,19,26,16,42
23,10,45,1,20
24,9,16,19,4
25,19,31,4,3
26,13,30,14,3
27,5,49,22,17
28,13,40,10,44
29,16,27,1,6
