9,kiva_0
Grid:
24,55
@@@@@@@@@@@@@@@@@@@@@@@@@@@@@@@@@@@@@@@@@@@@@@@@@@@@@@@
@.....................................................@
@.....@@@@@@@@@@.@@@@@@@@@@.@@@@@@@@@@.@@@@@@@@@@.....@
@.....@@@@@@@@@@.@@@@@@@@@@.@@@@@@@@@@.@@@@@@@@@@.....@
@.....................................................@
@.....@@@@@@@@@@.@@@@@@@@@@.@@@@@@@@@@.@@@@@@@@@@.....@
@.....@@@@@@@@@@.@@@@@@@@@@.@@@@@@@@@@.@@@@@@@@@@.....@
@.....................................................@
@.....@@@@@@@@@@.@@@@@@@@@@.@@@@@@@@@@.@@@@@@@@@@.....@
@.....@@@@@@@@@@.@@@@@@@@@@.@@@@@@@@@@.@@@@@@@@@@.....@
@.....................................................@
@.....@@@@@@@@@@.@@@@@@@@@@.@@@@@@@@@@.@@@@@@@@@@.....@
@.....@@@@@@@@@@.@@@@@@@@@@.@@@@@@@@@@.@@@@@@@@@@.....@
@.....................................................@
@.....@@@@@@@@@@.@@@@@@@@@@.@@@@@@@@@@.@@@@@@@@@@.....@
@.....@@@@@@@@@@.@@@@@@@@@@.@@@@@@@@@@.@@@@@@@@@@.....@
@.....................................................@
@.....@@@@@@@@@@.@@@@@@@@@@.@@@@@@@@@@.@@@@@@@@@@.....@
@.....@@@@@@@@@@.@@@@@@@@@@.@@@@@@@@@@.@@@@@@@@@@.....@
@.....................................................@
@.....@@@@@@@@@@.@@@@@@@@@@.@@@@@@@@@@.@@@@@@@@@@.....@
@.....@@@@@@@@@@.@@@@@@@@@@.@@@@@@@@@@.@@@@@@@@@@.....@
@.....................................................@
@@@@@@@@@@@@@@@@@@@@@@@@@@@@@@@@@@@@@@@@@@@@@@@@@@@@@@@
Agents:
35
0,14,1,2,4
1,20,50,17,52
2,13,9,19,27
3,16,51,7,29
4,18,16,7,7
5,14,4,20,16
6,18,52,19,12
7,4,33,19,18
8,4,49,4,1
9,4,29,3,50
10,11,52,22,28
11,13,22,16,1
12,13,33,10,22
13,13,43,8,5
14,19,37,20,3
15,1,43,11,16
16,7,32,22,24
17,3,50,10,35
18,7,35,22,22
19,10,37,8,38
20,20,1,22,12
21,16,20,3,52
22,17,53,19,20
23,19,35,20,52
24,16,17,5,53
25,4,20,13,36
26,7,51,13,14
27,1,39,4,2
28,16,11,22,9
29,22,31,22,30
30,13,53,6,51
31,19,18,5,2
32,2,50,10,9
33,1,10,2,5
34,16,49,19,26
