0,kiva_0
Grid:
24,55
@@@@@@@@@@@@@@@@@@@@@@@@@@@@@@@@@@@@@@@@@@@@@@@@@@@@@@@
@.....................................................@
@.....@@@@@@@@@@.@@@@@@@@@@.@@@@@@@@@@.@@@@@@@@@@.....@
@.....@@@@@@@@@@.@@@@@@@@@@.@@@@@@@@@@.@@@@@@@@@@.....@
@.....................................................@
@.....@@@@@@@@@@.@@@@@@@@@@.@@@@@@@@@@.@@@@@@@@@@.....@
@.....@@@@@@@@@@.@@@@@@@@@@.@@@@@@@@@@.@@@@@@@@@@.....@
@.....................................................@
@.....@@@@@@@@@@.@@@@@@@@@@.@@@@@@@@@@.@@@@@@@@@@.....@
@.....@@@@@@@@@@.@@@@@@@@@@.@@@@@@@@@@.@@@@@@@@@@.....@
@.....................................................@
@.....@@@@@@@@@@.@@@@@@@@@@.@@@@@@@@@@.@@@@@@@@@@.....@
@.....@@@@@@@@@@.@@@@@@@@@@.@@@@@@@@@@.@@@@@@@@@@.....@
@.....................................................@
@.....@@@@@@@@@@.@@@@@@@@@@.@@@@@@@@@@.@@@@@@@@@@.....@
@.....@@@@@@@@@@.@@@@@@@@@@.@@@@@@@@@@.@@@@@@@@@@.....@
@.....................................................@
@.....@@@@@@@@@@.@@@@@@@@@@.@@@@@@@@@@.@@@@@@@@@@.....@
@.....@@@@@@@@@@.@@@@@@@@@@.@@@@@@@@@@.@@@@@@@@@@.....@
@.....................................................@
@.....@@@@@@@@@@.@@@@@@@@@@.@@@@@@@@@@.@@@@@@@@@@.....@
@.....@@@@@@@@@@.@@@@@@@@@@.@@@@@@@@@@.@@@@@@@@@@.....@
@.....................................................@
@@@@@@@@@@@@@@@@@@@@@@@@@@@@@@@@@@@@@@@@@@@@@@@@@@@@@@@
Agents:
40
0,10,35,6,1
1,8,53,1,37
2,10,15,9,27
3,11,2,22,49
4,19,40,10,34
5,13,37,13,1
6,16,52,13,12
7,16,2,1,46
8,7,18,1,18
9,18,5,14,4
10,7,25,11,52
11,14,4,7,19
12,20,38,20,3
13,13,15,4,35
14,10,36,10,10
15,4,16,15,53
16,1,8,12,52
17,7,16,7,9
18,18,52,2,51
19,19,4,4,21
20,1,33,21,38
21,3,52,1,49
22,1,7,1,26
23,16,18,1,10
24,19,2,19,14
25,22,26,16,27
26,22,41,19,3
27,7,33,4,24
28,20,51,1,3
29,3,50,14,3
30,13,41,19,18
31,11,38,19,11
32,19,22,7,32
33,20,53,13,21
34,22,43,7,5
35,6,50,14,27
36,19,8,7,20
37,2,51,8,52
38,4,13,19,27
39,19,44,13,16
