1
Grid:
70,70
@...@@......@............@..@.@...@..@..@...@...........@..@....@....@
....@..@........@...@.@........@@...@.....@@.@..@..@......@....@......
........@....@.....@@.@...@@.@.@@.....@................@....@@.@....@@
........@...@..................@.@..@...@@...@..@.@.@...@@....@.@@@...
..@.@....@.........@.@@.@..@...@..@...@....@..@.....@..@..@.@......@.@
...................@..@...@.@...@.@@@@......@..@.........@......@.@..@
....................@@........@........@@.......@...@.@.@@@.......@..@
....@@.@....@....@@..@.......@............@......@@.@..@.....@........
.@.@@.@.....@..@.@..@.....@.....@.....@.....@.@@........@...........@.
.@.....@..@@@..@...@....@..@..@.........@...@.....@.......@@..........
.@.@@..@@........@.....@.@@@.@@.@@..@..@..............@@........@.@...
..@...........@.......@..........@..@@............@..@.....@.........@
..@.......@....@@@.......@.......@@....................@....@.........
@......@.@.......@..@..@..@................................@.@....@...
@.@@.....@......@........@....@.................@....@...@.........@..
...@@....@.@@...@....@.............@..@.....@..@.@.@.....@............
.@.@@...@.@..@.......@........@.......................@@@...@.@....@..
@..@..@.@..@..............@.....@.@.....@.......@@.@@....@............
@..@....@.......@.........@.......@....@......@..@...@.@...........@..
.....@.....@..@.......@.@.....@......@...@.@@...@..........@..@....@..
.@@..@.........@..............@......@@..@......@........@@..@@.@.....
....@..@.....@@....@.@..@....@.....@.@..@@....@@@.@...@.......@.......
@.@@@..@.............@.........@....@..@.....@@.@...@.................
.......@....@.................@...............@....@.......@.@.......@
..........@.@.......@.........@..@....@@.........@......@@..........@.
.......@@.@..@..@....@.....@..........@@.@@@.......@...@@@@..@@....@..
.....@@.........@....@.@@.@.........@....@.@@....@..........@.@.....@.
.@..@...............@........@...........@.......@....@.@....@........
..@........@..@.@......@@.....@...............@...........@...........
...@@@..@..@....................@........@.....@....@.....@..@@......@
..@.@....@@..@.@.......@..@@..@.....@........@..@.......@.@.......@...
....@@.@..........@....@.@@....@....@.....@@....@....@.......@....@@..
.@...@.@..........@..@..@..@...@.@.@..@...@..@.@...@...@@...@@........
@@@.@........................@@@........@@...@@......@................
.@............@.....@.@.@.@..@@...@.........@..................@.@@...
@.......@.@......@....@..@@.........@...........@..@..@.@@......@..@.@
...@.@......@@................@....@@...@@................@..@@.......
.@.....@..@.@.@....@@..........@....@..@..@..@..................@.@...
@......@@.......@.....@.....@@.@..@......@.........@.....@@..@........
.@.@@......@.@@...@......@.@@......@......@...@@@...@.@.......@..@....
.........@.@...@@.@...@@.@....@.........@.........@....@.....@...@....
.....@..............@.......@...@@...@@.......@....@...............@..
...@..@.......@..............@........@.@....@.....@...........@..@@..
........@.........@...@...........@........@...@......@..@......@@@@..
@.@.@......@@.........@.....@..@@.@.............@@.@....@.........@.@.
.@.@.........@.....@..@......@.@@.........@.@..@......@.............@.
..@.....@.@..............@.@....@...@@......@.......@........@.@......
@..@....@.@.....@..@@..@..........@..........@.@..........@....@....@.
.@......@............@........@...@.@.....@.@....@.@.@.@......@@.@.@.@
.@.@..@.....@..@........@@.......@..@..........@............@@........
..@...@@........@.@....@......@......@............@...@@.@............
..@...........@.@......@.@..@.@......@@......@....@@.@....@.....@.@..@
..@..@...@@.@@..............@.......@....@@@....@@..@@@.@.@.........@@
.....@@..@.......@.@...@@..@.....@@..@...@.@..@.@...@..........@.....@
.@.......@.@...@.........@........@@..@....@@.@@..@...@..@@......@@...
..@@......@......@.....@@...@.@.@..@......@....@.............@..@....@
..@................@......@...@...@......@..@......@.@.@..............
@...............@....@......@.............@.@...........@.........@.@@
.....@@.......@....@@.....@@..................@......@.......@....@.@.
.@.@......@...........@......@....@.......@..@............@@.@........
......@..@.@..@...@.........@........@...@...@@@@.............@..@....
....................@..@..@..........@.....@..@..@..@....@....@.....@.
@.......@..@.........@@.........@@..............@.@....@.@@@..........
..@.......@.@.......@.....@....@......@..@.@@.....@...@............@.@
.@@......@@.@...@...@....@@..@....@@@........................@@.......
........@.....@........@...@@...@..@.......@@...@.....@......@@...@...
...@..@..........@...@..........@@@....@........@..@.@..@.@...@..@.@.@
....@........@...@@...@.@@.............@................@....@.....@..
.@.@@..@.............@..@.@...@.......@.@.@........@@@..@....@.@.@@...
....@..@.@.............@.@@....@@@..............@.......@..........@..
Agents:
60
0,5,51,39,7
1,33,36,46,33
2,23,66,10,49
3,52,27,8,54
4,42,55,47,30
5,15,20,10,13
6,57,54,2,17
7,41,58,14,39
8,23,62,11,12
9,59,60,3,42
10,23,54,40,17
11,51,63,26,34
12,65,25,55,15
13,37,3,12,19
14,49,68,38,47
15,44,36,15,29
16,9,4,35,14
17,52,55,25,25
18,51,57,10,6
19,32,28,43,49
20,12,21,62,36
21,9,37,17,41
22,32,40,9,53
23,57,25,46,26
24,20,42,28,1
25,45,8,36,18
26,31,17,34,8
27,18,12,41,2
28,40,58,17,14
29,9,5,61,66
30,48,18,12,57
31,3,37,42,4
32,24,23,46,62
33,34,28,35,30
34,62,66,58,25
35,25,46,56,33
36,48,54,24,7
37,54,10,24,37
38,10,48,23,35
39,39,19,46,35
40,57,23,28,28
41,11,3,64,46
42,30,43,21,63
43,64,44,7,35
44,1,67,19,27
45,61,60,10,9
46,24,22,58,63
47,56,24,21,58
48,33,33,14,62
49,27,64,36,45
50,34,69,64,48
51,63,24,50,59
52,12,39,2,58
53,43,4,12,48
54,35,27,13,24
55,43,30,54,16
56,40,48,22,41
57,35,53,7,30
58,52,3,62,30
59,53,56,27,3
