0
Grid:
70,70
.@..........@...@@@@..@@.........@@..@.........@@@...@@@@@@.......@...
........@.@.....@@@.@@@....@.@@....@@.............@......@.@.@@@@@@...
...@..@.@.@..@@@........@@..........@@.@.@....@@@.@@.@....@@......@...
...@.......@..........@..........@...@@@...@.....@@...@..@...@.@@....@
......@.@.......@.@@@......@@...@..@..@..@..@..@...@@.....@@........@.
.@..@.@........@.........@....@......@.@@@........@.....@.@.@.....@...
@.@@..............@..@.........@@@.@.....@@.......@...@@..@.@.@.@..@..
.@....@.......@...@...@.@.....@@..@.......@..@.@..@......@.@@..@......
@........@@.@......@..@.........@@..@.@....@....@.@.......@.@.@......@
..........@.@@@......@....@..@...........@.........................@..
...@................@...@......@..@........@........@..@........@.....
.@...@......@.....@....@.@.@..@........@..@..@...........@....@.@.@...
.........@....@.......@..@.@...@.@..@..@.............@........@.......
.....@@.@....@.....@......@......@..@.@@......@.@..@...@....@..@....@.
....@..@.......@.@@@.@..@..@..@........@@@@...@@@....@.@.....@@@...@..
..@..@...@........@....@@.@..@...@....@.....@@..@.....@....@@...@@..@.
..@............@.......@.@...@@.........@.....@.....@.@@@@...@.@..@..@
...@....@.....@@.@@.@....@...@@.@...........@.@..@.@....@....@....@@..
........@......@.@.@...@@..@@.......@.........@....@.@...@.@..........
@...@......@@.........@@@@@...@.......@@..@.....@..@..@.@......@...@.@
..@@@...@....@.@....@@@..@...@..@@..@.@....@@.@......@..@......@@.....
.....@....@...@..@.@.@.....@@...@@@.....@@......@..@..@...@.....@@@.@.
....@@.@.........@.@.@@..@........@..@@...@...@...@........@@....@@.@.
............@@@.@.......@..@..@@..@@@...@.@.@...@@.@.@..@@.@@....@....
....@......@..........@...@.@........@...@.....@..@@@..@...........@@.
.@.......@....@..@.@.......@.........@......@@.@..@......@@.@..@.@@@..
....@@...@@.@..@.@..@@..@@....@.@...@...@@.......@@.....@...@@@...@@..
....@@...@.......@..@..........@@....@.....@..@.......@.........@.@...
..@.....@@.......@.@.@.....@...@.....@.@@....@...@.@....@.............
.@....@@..@@...........@..@.@................@.......@@........@.@..@.
.....@@@....@...@...@...@.@.@.@.@...@..@..@..........@..@@..@...@.....
...@.@@.@.@.@....@....@@...@..@...@@..@.@..@@@............@.@@...@@@@@
......@@...@@..@@.@....@.....@..@@......@.........@@@..@.@.@.......@@@
...@...@@.@@....@...@@...@...@...@..@....@..@..@..@.@@......@...@@@..@
.....@@.@@.......@@@@......@..@......@....@........@@....@........@...
@.@.@.@@.@...@..@@..@..@..@....@..@............@..@.@..........@.@.@.@
.........@.....@@......@...@........@..@@@..@@..@....@@.......@..@..@@
........@.@@.@.............@........@..@@..@...@....................@.
@@..@@...........@......@..@....@.@.....@....@@.@.......@.@.@@..@@.@..
@.@@@......@.@@...@........@..@@...@@..........@......@.....@.@......@
@.....@@@@.@....@.........@...@..@....@..@@.@........@.......@@.......
..@............@..@....@@...@....@.@....@@....@@.@...@........@.....@.
...@@.....@.......@.@..@@..........@.@@..@@.@......@..@..@....@.@.@@@.
@.......@..@.@@.................@...@.............@...@.@.......@.....
@.....@@@....@..@....@@...@..@.@.@.........@@....................@.@@.
@.....@.@.@.....@...@............@.@@......@@...@.......@...@..@...@@@
.@....@@@.....@@......@.@..@.@@...@.@.......@@...@@@.............@....
.....@......@..@@.@....@.@.....@......@...@......@@.......@..@..@.@...
.....@...@...........@..@.......@@.......@.........@..@@....@@.@.@....
...@..@..@..........................@@.@..@@.........@..@.@@@....@...@
..@.@.....@...@....@.......@.....@.@......@.@......@.......@@@.@.....@
.@.@...@@..@@@@@....@.@.@@.@@..............@@..@...@....@.@.@..@.@.@@.
..@.@......@........@@@@........@.@.......@@@@@....@........@.........
.@.......@...@.............@...@.@@.@.......@....@.....@.......@...@.@
.@@....@....@....@....@.@.........@.........@.@@.@.@.@....@.........@.
.....@...@.@..@......@..@.@@.@....@............@.@...@.......@..@.@...
...@.....@.......@@...@......@.......@@@.@@@.....@...@.........@.@..@.
..@@..@.@.......@...@.............@......@.@..@...@...@.@....@..@.@..@
..@..@.@...@@.@...@..............@@.........@.@...........@@..........
.@.....@.......@..@..@.@......@..........@...@@@....@.@.......@.@...@.
..@.@.@@................@..@.........@..@@.@......@.@@@@..@@..@....@@.
@....@@....@.........@@@.......@@.@@.@.@.@..@@.@.......@@....@........
..@......@.@.....@.@..@........@.@@@.........@.@.......@...........@@.
.......@..@....@.@..@@@..@...@.@@.....@.........@...@...@@........@...
@..@..@.......@....@@.@...@@.@@...@@....@@..@.@.@........@...@........
...@.....@.@................@............@@.......@...@..@.@@@@...@...
.....@......@......@..@..@........@..@.@..@.@.@......@.......@...@..@.
....@.........@.......@.........@.@.@@.....@..@@@..@...@......@@.@.@..
@..@.....@.@...@.@.@....@......@.@@....@@@....@@...........@@......@@.
..@.......@..@....@.@..@@.@.......@...@.@@...@@.....@.@.@......@..@...
Agents:
45
0,68,38,15,1
1,2,31,30,69
2,1,56,51,18
3,35,38,22,18
4,22,49,43,24
5,48,18,36,59
6,52,3,35,15
7,67,56,12,11
8,26,39,61,42
9,10,25,57,58
10,63,64,38,8
11,18,3,53,18
12,45,18,28,54
13,27,10,1,2
14,0,65,43,49
15,30,17,49,15
16,40,57,56,12
17,20,52,33,54
18,30,49,28,64
19,8,65,22,52
20,24,3,1,44
21,10,57,11,60
22,44,14,23,8
23,42,9,24,21
24,45,28,29,0
25,30,44,66,18
26,43,23,2,43
27,25,5,59,25
28,18,35,49,52
29,43,34,10,6
30,36,43,47,47
31,22,2,30,66
32,65,14,51,59
33,48,42,34,24
34,8,40,41,30
35,35,56,61,1
36,34,53,24,23
37,42,12,64,50
38,26,45,50,54
39,9,64,9,1
40,52,24,21,11
41,23,33,6,27
42,47,56,53,17
43,67,40,59,14
44,14,31,12,59
