0
Grid:
70,70
@...@@.....@.@@.....@.........@.......@....@.....@.@......@...........
..@..........@...@....@..........@@@....@..@....@@............@..@.@..
...@.....@........@@.@...@@........@@.@@..@@......@@.@...@.@.....@..@.
@@......@.@.@@..@......@............@.....@@@.@@...@.........@.@......
........@@...@........@@....@.................@..@.........@..@@.@....
..........@........@@.@.@......@........@.........@...@....@....@..@..
@....@.....@.....@..........@.@..@..........@....@.........@...@....@.
....@...............@..@......@....@..@..@.......@........@........@..
......@..........@.....@.....@@..@........@..@....@@..............@...
..@..@.@..@...@.@.........@....@..............@..@...@........@.....@.
........@.........@.....@....@.........@.@.@.........@.....@..@.....@@
........@...@@@@.......@.....@@.@........@...@.@@.@.............@....@
.....@..@...@...........@..@..@.@@....@....@.....@..............@.@...
..@@.......@...@.....@.............@......@....@....@..@........@.....
......@.@..............@@@....@..........@..........@........@..@@...@
.........@@...@@@...@...@@......@...@.@..@........@...@@@....@.....@@@
...@....@...@@.@@...@@...................@....@@...@.@@@..............
.........@...@..@.......@.@.@..........@@.....@...@.........@.....@...
...@@..........@......@...@....@.@.@.@..@.@@....@...@...@.......@@@.@.
@@.@......@@............@..@.........@............@.............@@...@
@....@........@....@..@.@.........@@@.....@.@.@.....@.....@@....@@....
..........@@.@@.@.@..........@.@.@....@...@..@...........@.....@..@...
@@........@....@.......@.@..@.@.......................@@.......@.@....
..@.@.@.@.......@..@.....@.....@.......@..@@.................@@....@..
.@@....@.......@@.......@@.....@@....@.@..@.@...@.....@..@............
....@.@..............@@.....@@...@.@.@...@.@........@...........@.....
.................@.....@.......@.....@...................@.@..@@......
@...@......@@@........................@..............@@.@.........@...
...@.....@..@@....@.@..@@........@....@..@.@..@@......@...@......@....
@......@...@...@....@.....@.............@.@...@...............@.......
..@..@@@.....@..@..@...@........@.@@..........@@........@.........@..@
@@.@@@......@...@@@@@@@.@@.@....@.......@.........@..@...........@...@
@@...@......@@...@......@..@@@@@.@.@@.......@....@..@.@...@....@....@.
@.......@.@@..@@.....@..@..@.@@.......@.....@.@.....@..........@...@@.
..@@.........@......@.....@....@......................@...@@..@@......
....@...@..@..@.....@.@.@.@..@..@....@..@.....@..@...@..@.....@...@...
........@...........@.@............@..........@.......@.@..@..........
..@...............@......@...@@...@.........@.......@..@....@........@
...@...@@..@.@.....@................@...@........@.@.....@..@.....@...
.@@..@.......@..@@...........@.@...@.@@....@@.@.....@...@....@@.......
..@.....@......@..@...@..@.@...@@@..@.@.....@.....@.@.....@...........
.......@..@@@@...........@@.@@.@@........@.....@@..@....@...@@..@.@...
..@@.........................@...@..@..@.....@@..@....@.@@@.@.@..@....
.@......@.....@.....@@@.....@..@.........@.......@....@...@........@.@
...@.....................@....@.....@...@....@.@..@....@...@.@......@.
..@..@...@.@..............@....@.......@..........@.....@@.......@....
....@@.....@...................@........@@@..........@@.@....@.@......
.@..@.@..........@..@......@..@.........@.....................@....@@.
.@...........@.@@@..............@@.@.@...@...@.@............@.....@...
..............@@..@................@...@.....@..@@..@..@..@.@.@......@
............@...@..@.@@...@@..@......@.............@....@.@.........@.
@..@......@...@.....@....................@...@...@...............@..@.
..@.@...@.@.@......@.....@...@@.@..@....@....@..@..............@......
.........@...@..@...........@.@.@...@@@...@...........@..@.......@.@..
......@@.@....@.....@......@..............@...@@@.......@@.....@..@.@.
.............@@@....@........@.@...@....@@..@...........@....@.@.@@...
....@..@..........@..........@.........@@.@..............@@...@.@..@..
...@....@....@................@....................@..................
...@.....@....@.....@.........@....@......@...@..@.@..................
.@@..................@.@......@..@@...@@......@@@......@@....@........
.@............@......@.........@.............@....@.@@.@...@..@..@....
...@@@....@.@.@.@..@......@@@.....@......@..@.....@.@.@....@...@....@.
.@.@..@.@............@..@.@@@...@....@...@@.........@.......@.@......@
.@........@..@......@.@.....@...@.........@.@.....@..........@........
@.....@.@..........@.........@@...@.@.......@@....@...@....@.@........
..@...@....@@@...@.......@@.......@.......@...@...........@........@..
....@@......@.....@.@.......@..@@@@@......@.......@......@...@@.@.....
....@.@.@@.....@...@@.......@@.............@@......@@........@@.@..@..
.@...@.@....@....@.......@...............@.@....@.......@...@....@..@@
.....@..@@@..@@@....@.@@....@.............@.....@...@....@....@.......
Agents:
50
0,34,5,21,61
1,12,23,10,60
2,8,5,23,35
3,17,35,45,60
4,50,9,68,2
5,51,11,60,56
6,60,9,4,32
7,50,49,44,34
8,48,56,69,45
9,24,22,57,61
10,40,53,42,59
11,16,30,49,33
12,55,21,48,40
13,23,18,34,48
14,25,39,32,47
15,54,55,47,24
16,3,60,22,9
17,52,17,63,5
18,16,36,20,15
19,50,31,68,30
20,38,31,8,63
21,27,3,23,23
22,52,13,68,14
23,34,29,30,53
24,6,48,5,0
25,20,66,4,15
26,62,61,5,23
27,56,48,68,11
28,51,37,51,17
29,65,62,13,7
30,53,33,50,47
31,40,23,47,48
32,37,49,39,15
33,49,23,12,17
34,35,54,27,39
35,2,13,31,34
36,4,68,58,67
37,6,6,3,38
38,35,6,2,23
39,67,60,67,0
40,30,37,60,60
41,60,47,33,4
42,46,18,68,36
43,8,59,26,41
44,30,12,42,50
45,68,66,37,16
46,12,61,36,41
47,0,42,46,44
48,31,58,61,31
49,27,46,62,56
