1
Grid:
60,60
@....@..........@....@.................@....................
....................@.......................................
..............................................@.............
................@@...@.............@.@..............@.......
.............@..........@...................................
..@@.......@...@....@.......................@....@..........
................................@...........................
....................................................@.......
........@............................@......................
.@.@........@...............................@...............
............................................................
..@...........................@...................@.........
...............................@................@@...@...@..
................@.................@..........@.........@....
@.........@.......................@...........@.............
..................@.........@...............................
..............@....@...........@.......................@....
.......................@....@...............................
.............@..................@............@..............
...................@@....@.@................@...............
@.............@................@............................
.............................@..@.................@.........
.......@...........@..@...................................@.
.......@.......@...@.......@.............................@..
.........@...........................................@......
..............................@..@..@.......@...............
.............................................@............@.
...................................@......@......@..........
................................@......@..@..............@..
...@.@....@...............@......................@..........
..............@.............................................
................................@.@............@............
..................................@.........................
................................@.@.........................
.@.....@.................@..................................
.@.........@...................@..........@..@@.............
......................@.....................................
..@...................@.....@...@...@.......................
............................................................
...................................................@........
@.........@..@..............................................
...@........................................................
............@...@.............@.@...........................
...@............@@............@.............................
.........@..@...................@.......@..@................
.....@............@...................@............@........
.....................@..................@...@..........@....
.................@......@.....@..@......@...................
............................................................
...............................@...............@.......@....
......@@...........................@........................
............@..............@................................
...............................@@..........@................
@...............@.............@.@..........................@
.............................................@@...........@.
................................................@......@....
.......@.............................................@......
.......@....................................................
.............@.......................@@.@...................
...........................................@......@.........
Agents:
45
0,2,13,44,8
1,35,22,2,55
2,19,24,16,40
3,21,3,19,40
4,59,33,37,58
5,9,20,10,10
6,59,36,17,6
7,20,46,47,12
8,35,13,26,23
9,3,40,42,21
10,37,57,52,24
11,58,46,27,20
12,40,6,30,58
13,43,35,21,28
14,34,46,20,17
15,39,45,56,1
16,8,36,55,19
17,19,48,3,43
18,31,22,6,17
19,18,8,28,25
20,57,20,40,45
21,36,53,10,42
22,11,18,24,0
23,46,23,17,32
24,44,38,39,22
25,1,5,48,46
26,40,21,1,26
27,36,38,18,56
28,24,32,33,41
29,43,15,3,2
30,19,23,18,37
31,58,23,48,23
32,41,58,43,29
33,8,23,7,31
34,15,12,55,3
35,21,4,52,59
36,34,21,34,38
37,50,56,31,45
38,44,33,33,1
39,5,46,15,29
40,0,41,42,13
41,24,58,54,56
42,39,2,32,54
43,48,33,57,40
44,22,12,44,23
