1
Grid:
70,70
@@.@@......@...@...@...@@..@@.....@.@@@.@..@..@@.@.....@........@....@
..@..@.@...@.@@....@.....@.@.@.@..@.@...@......@@.....@...@@.......@@.
......@..@..@..@.@@....@@..@@.@.......@.@..@@.....@.@.@@.@...@........
@..@@...@.@.@@..@.@@....@.....@.@@@@..@....................@.@..@.@.@.
.@....@..@.@..@.....@@@..@.......@.........@..@@.@...@.@........@.@@..
....@.....@.@@@.@.@@...@.....@..@.@....@...@.@...@......@.@..@..@@..@@
..@@@.@@.....@..........@.....@.@..@..@@....@@....@..@....@..@......@.
..@................@@..@@@..@.@...@........@@....@....@.@..@.@........
..@@.@@..@.@.@.@......@.@.@...........@.....@..@@..@@..@..........@...
@@...@@@..........@..@...@.....@.............@@..@@@.@@..@.@..@@.@@.@@
...@@@@@......@.@.@..@....@......@...@....@...@.....@@...@...@@@.@@...
@.@.@...@@@....@@.@....@@@.@.@.....@.......@...@.@..@....@@....@....@@
..@..@.....@.@.@@@@@...@@.....@.@....@.@.@...@...@..@......@..@@@@..@@
....@...@...@@.@........@.@.@..@.....@.....@..@...@@.@@@..@@@@.@......
..........@.@.....@.@.@.@.@.@...@@..@....@...@..............@@.......@
..@.@.@..@....@.@...@@@...@.@.@.@....@@...@@........@..@...@.@@@@...@.
@.@..@....@.@...@@@.@@.@@@.@...@@..@..@.@.@@@....@..........@@..@@...@
@........@.....@@.@@.@.....@.@@..............@.......@@@.......@.@..@.
@..@@......@..@.@@............@.@.@.@@@.@@.@@.@......@@@@..@....@..@.@
@@..@@.@@@.@...@@...@@@....@@@..@..@....@@.@..@..@.@@.@@.....@.@...@..
.@............@......@@.........@@@..@.@@@....@...@....@@....@@@...@@@
.@@....@.@@...@@......@.@.....@...@@....@...........@..@..@.........@.
@.....@@@........@.@......@......@.@..@.....@..........@......@..@..@.
...@@...@......@@.@.......@..@@@......@.@.@@@@.....@@...@@.@.@...@@@..
.@@....@.....@...@@...@.............@..@@..@@......@@@........@@@..@@.
.@..@..@.....@@.@.@.....@..@........@@.@@.@.@......@.....@..@.@..@@@@.
...............@@@.@.@........@..@..@..@........@@.@@@.@.....@@.......
@@@@.....@@@@.@@...@....@@.@@.@.@...@.@......@....@.@...@.@.@....@.@..
...@@..@..@.@@...@..@..@...@......@@.@..@.@..@.....@@@.@@....@@.@.@@..
@.......@@.@...@..@@@........@@......@..@.........@.@@.....@..@.....@.
..@......@.@....@.@..@.@...@....@.@.......@@..@@@....@........@....@..
.@..@.@@.......@@.........@..@@@........@.........@.....@@......@...@.
...@..@....@......@.@....@@@.@@.@@...@..@......@...@.@.@...@.@....@...
..@.@@.@...@....@.@@@@@.@.......@@.@@@.@.@@.......@@.......@..@.......
........@@..@....@............@@....@@..........@.@..@....@.....@...@@
.......@.@@@.@.@...........@.@@.......@..@......@..@@@@.@...@..@@..@..
.@.@....@....@@.....@.....@....@.@.@@.@....@..@.......@....@@.@....@..
@.@....@@@...@@.@@..@..@@..@.@.@...@......@@...@......@.......@...@.@@
@..@...@..@.......@...@@...........@.@..@.@..@...@..@.@........@....@.
@@@@@@.....@......@@...@....@@@@..@@@..@..@.........@@.@@@....@.......
.@........@........@.........@@.@.@.@@@....@@...@.@.....@.............
@...@@@@@.......@@@......@@.@.@.@..@.@..@.@.@@..@@@...@@...@..@..@@.@.
...@.@....@.....@.@.....@....@@...@@@@@@...@..............@...@.......
.@...@@..@..@.....@..@......@@....@....@..@.@@@.....@@........@.......
...@@@.@.......@..@@.....@.@...@....@@@@....@...@.@@@..@..........@...
....@@@@...@.@@.@...@@@@.....@@@@.@.@.@....@.@@.@....@@.@.@...........
.@.@...@..@@@........@.@.@.@.@@..@...@@...@...@@.@........@.@@.@...@..
.......@.............@...@@...@.@...@@@@.....@@..@.@.@.....@.......@..
...@..@.@.@@.@@@........@.@.....@...@....@.@@....@.@..@.@....@.@@.@.@@
....@.@.@....@..............@.@.@.........@...............@.@...@..@@@
....@...@.@..........@@@.@..@@....@@.@@....@@.......@..@.@.@...@..@@..
@@@..@@@@@..@@@.@...@...@.....@.@...@....@@..@@....@..@.@@.@@@.....@..
...........@..@......@@.@.@@....@@..@...@..@..@..@............@.....@@
@.@.@@..@@......@@...@....@..@@..@....@.....@..@.....@.@..@.@.......@.
...@......@.........@...@...@.@.@@.@...@..@....@@.@...@..@.@@.........
..@@.@...@.@..@.................@......@@...@......@..@@.@..@..@...@..
..@..@.@@......@@@..@....@@.@.@@@............@..@...@.@...@...@.......
@...@@.@.@.....@@.....@..@..@.@.@@.@@....@@.....@..........@.@@.@@..@.
.@@.@.....@.....@........@@......@.@...........@.@@@..@....@........@.
...@@......@..@.......@.@.@.......@..@@...@...@.@....@.@......@.@.@@..
@.@@..@..@....@@...@.......@..@.@..@...@@@@.........@...@...@...@....@
@@@.....@@...........@@.@@..@...@.@..@.@...@...@@.@..@..@@...@.@..@.@.
@.@.@.@.....@@....@................@........@..@@@@@...@....@@..@@....
@@....@..@...@@......@..@.........@.........@.@..@...@...@.....@..@.@.
..@..@.@.........@.....@...@.@...@@..........@@.@@@...@@@.@...@.......
.......@@@.@..@..@.@@.@...@..@...@......@@@.@@.@..@....@@...........@@
....................@.@@.@.@.@.....@.@...@@....@.@.@....@@....@.@@.@..
..@.@.......@.@.@@..@..@.@@..@....@@.....@@@.@...@@........@.......@..
........@...@.......@.@.......@..@.@.@@@.@.@..@@...@........@.@..@..@@
@....@.@....@...@@......@....@...@@.@.@@.@.@.@.......@..@.@....@.@.@.@
Agents:
75
0,43,36,63,30
1,33,46,30,38
2,10,35,16,56
3,54,62,18,65
4,68,25,66,34
5,5,46,22,61
6,34,11,69,1
7,42,44,5,40
8,19,68,19,68
9,24,28,35,61
10,30,22,22,48
11,47,6,8,65
12,0,33,30,19
13,28,30,12,20
14,13,49,28,48
15,18,68,18,68
16,33,17,66,18
17,57,58,20,31
18,19,69,19,69
19,62,10,37,64
20,58,38,49,59
21,8,56,68,9
22,33,25,46,16
23,24,26,24,54
24,39,61,37,19
25,17,28,1,46
26,68,63,68,25
27,25,48,4,3
28,62,3,61,7
29,67,37,4,56
30,40,41,58,56
31,2,48,21,16
32,45,59,65,12
33,21,19,46,40
34,68,57,39,43
35,25,61,38,55
36,25,0,4,28
37,62,58,39,33
38,38,28,62,54
39,68,17,7,9
40,46,5,25,5
41,55,1,32,57
42,43,61,27,49
43,47,34,12,48
44,67,28,38,60
45,7,40,48,4
46,38,34,10,49
47,23,62,6,31
48,18,9,6,10
49,43,55,19,57
50,46,15,62,40
51,6,34,31,38
52,13,16,8,42
53,30,38,62,38
54,27,55,4,18
55,65,27,7,16
56,61,10,33,67
57,20,27,42,15
58,30,20,58,53
59,57,54,25,31
60,49,29,50,50
61,4,18,44,67
62,58,43,68,15
63,28,57,14,31
64,14,31,45,26
65,28,32,49,40
66,42,27,18,20
67,49,0,62,52
68,28,69,11,19
69,35,40,8,59
70,66,60,41,11
71,18,58,3,51
72,61,16,23,0
73,47,29,46,35
74,41,12,36,21
