1
Grid:
60,60
............................................................
............................................................
............................................................
............................................................
............................................................
............................................................
............................................................
............................................................
............................................................
............................................................
............................................................
............................................................
............................................................
............................................................
............................................................
............................................................
............................................................
............................................................
............................................................
............................................................
............................................................
............................................................
............................................................
............................................................
............................................................
............................................................
............................................................
............................................................
............................................................
............................................................
............................................................
............................................................
............................................................
............................................................
............................................................
............................................................
............................................................
............................................................
............................................................
............................................................
............................................................
............................................................
............................................................
............................................................
............................................................
............................................................
............................................................
............................................................
............................................................
............................................................
............................................................
............................................................
............................................................
............................................................
............................................................
............................................................
............................................................
............................................................
............................................................
............................................................
Agents:
30
0,16,19,25,59
1,49,29,53,58
2,30,33,1,14
3,17,53,58,36
4,27,26,48,18
5,31,57,38,5
6,56,29,48,49
7,39,44,10,55
8,21,27,29,33
9,13,5,22,25
10,26,49,39,3
11,32,43,8,49
12,11,21,4,37
13,48,53,55,6
14,23,36,12,48
15,26,58,38,13
16,43,8,42,7
17,0,12,49,58
18,27,58,35,0
19,36,15,54,19
20,43,25,34,21
21,5,10,53,10
22,1,17,33,46
23,15,38,51,1
24,5,48,51,27
25,27,55,36,58
26,59,1,55,41
27,15,27,45,14
28,47,5,31,22
29,17,8,0,52
