1
Grid:
70,70
@...@@.@@....@...@.....@.@..@.@@.@..@....@.@..............@...........
.....@...........@@.......@.@@@....@@@.@...@..@.....@.@.@...@....@...@
@@..@@..@.....@....@.......@...@......@.@@@.....@...@..@...@@...@.....
.......@.....@....@.@..@@.....@@.@....@.......@.@@.@@....@@...@@@.....
@..@.@@@@........@@@............@@@@.@@@.@....@...@.@.@.....@.@@..@...
@...............@....@..@....@...@@.....@@.@............@....@.@.@....
.@@@@..@........@..@..@..@@...@@.@.@.....@.@..@.....@..@@@...@..@.@..@
@@@.@....@..@.@....@..@...@.....@@...@..........@...@...@......@......
.@@.@.@.@...@@.@@.@...@@.@.@@..@@@.@.@.@@....@.@..@........@..........
.......@.@.@@@..@.@....@..@..@.....@@..@.@..@..@@..@@.@..@.@.....@@@.@
.@@...@..@..@@.................@........@@..@..@@...@....@@..@@@@@@..@
..@@......@.@.........@......@@@......@@.@@....@...@..@@.@...@@..@.@@@
@....@....@.@.@.@.@@...@..@....@@@.@@@@......@@...@.@.@@.@........@...
..@.....@...@.......@.....@.....@...............@..@.@..@@..@..@....@@
.@..@.@.....@.@...@@..........@.@.@@@@.@@..@.@.@.@.....@@.@...@@...@..
.@..@@...@..@......@...@@@@@@@....@..@.......@@..@..@..@@.....@@...@@.
..@@@...@..@...@..@..@..@..@@.@@....@.@@..@........@....@@...@@.@@@.@@
..........@@.@@.@@.@.......@...@..............@.@.@.@.@...@.....@.@...
.@....@@....@....@...@......@@@....@.@...@.@..@....@@....@@.....@..@@@
...@.@@..@...@@.@@@@...........@.@@..@..@.@@..@.......@......@@.....@.
...@....@.@...........@@......@.@@..@.....@..@.@@@@.@....@@...........
@.....@.@..@....@@..@@..@......@..@.@.@@....@@.@@@.@...@.....@.@@.@@..
.....@.@@.....@@..@.....@@.@@....@.@.@...@@@.@@....@..@...@.@......@.@
@.....@.@..@..@.........@@..........@@.@@@@.@..@.....@.....@.@..@...@.
..@..@@@.@@.@@.....@@.@..@..@@.....@....@...@.@.@..@.@....@...@......@
.@@..@...@@..@@..@..@@....@@.@.@.......@...@@.@.@@..@.....@...@@@..@..
.....@.......@..@.@@......@@.@.....@..@.......@...@...@......@....@.@@
..@....@.@..@.@.@...@@.....@...@..@.....@.....@@.....@..@.@@@@....@.@.
......@.....@.@@..@..@@..@..@@....@.@@.@@..@.@.@@@.@.@................
....@.....@........@.@..@@@.......@...@@@...@.@..@...@....@...........
@@.@@.@@.@@@@@.....@....@@.....@......@.......@..@.....@..........@...
.@.@......@.@.@.@@@.@.@...@.@@@.@@......@..@......@......@.......@....
@...@....@....@.....@..@@.@..@@..@..@@...@@...@.@........@.@@..@..@...
.@@.@@...@.......@..@@@....@@.@@.@.@@.@@...@@@..@.@.@..@.@.@.@@@@.@.@.
@...@..@@@.....@.@..@........@@.....@....@...@@@.@....@..@.@@...@.@...
.@..@@@.......@.@........@......@.@..@@@......@...@..@.....@..@@.@....
.@..@@.@.......@...@@........@.@@......@......@.@......@..@....@..@.@.
.@@..@..@.@..@...@...@...........@.@.........@.@@....@..@.............
......@...@...@@...@.@.@.@.@...@.@....@...@@...@.@.@..@.@..@......@...
...@....@@@@@@@@.@.....@...@...@..@...@..@...@....@.........@.@.@...@.
..@.@...@.@....@...@..........@.@.@.@.@@......@....@........@.@.......
.@.....@....@.....@.@....@@....@@@...........@@.....@.@.@..@@.....@.@.
.@.@..@.@.@..@.@.@@.@..@..@...@....@@@...@..@........@...@.@@....@@@@.
.....@..@.@.@..@@.....@@....@@..@..@@@....@..@@.@@........@@@...@...@@
........@.@.@@.@@............@..@@.@.@..@@....@@..@............@@@.@@.
.....@@.............@@@..@........@...@............@.@..@.@...........
.@.@@......@..@...@@.@.@@@..@@@..@.....@.......@......@...@...@.......
........@.@.@....@..@....@@.@......@...@.@@...@@.........@@....@...@..
@..@@.@@@@.@.....@@@......@......@..@@..@.@.....@..@....@@@...@@..@..@
...............@..@.@.@@.@...@@@..........@@..@..@...@@..@.@.@..@.@...
@......@.@....@@...........@@..@@...@.......@@.......@.....@.@.....@.@
.....@............@@....@....@.@@@...@...@....@@......@@....@.@.......
..@@........@@@...@.......@....@@............@.@..@@.........@....@@..
.......@@.@.@............@@.@.....@@......@@.....@.@....@.@...@..@.@..
...@.@.@...@..@@.....@.@..@@..........@@@..@@@@.@.@.@.........@...@@..
.......@@....@.@@@.@.@..@.@......@@......@..@..@.@..@.......@....@.@..
.@....@........@....@...@.....@@@..@..@..@@...@..@@....@..@@.@.@@...@@
.@.........@...@..@@..@.......@.....@.....@...@@.....@..@.@......@...@
.@@.@..@@....@@...@...@@....@...@.....@...@@@@@@........@@.@@..@......
...@@.@@.@..@....@.@@..@@@.....@@@....@..@....@.....@.@@....@@.......@
.@..@....@....@....@....@...@.@....@@..@.......@...@.@.@@...@.@..@..@.
.................@....@..@...@@..@.@..@..@..@@...@.@.@....@..@.@...@..
..........@.....@@...@@@.@.@..@.@.@@.@..@@........@@.@........@@....@.
@@@@.....@@.@.@...........@.@..@@.@@..@.....@.@....@.@.@@.@..@@@....@@
.@...@..@......@@...@.@.@.@@....@............@.@.@...........@.@..@..@
....@@@@.@.@@.@@..@@..@@.@............@..@@@.........@@@...@@.@.@.....
......@...@......@@@@@..@..@.@......@@.@@.@@.@@..@@.@..@.@.@..@.@.....
.@..@..@@..@.......@.@...@@...@......@.@.........@..@....@............
@..@@....@.....@......@....@..@..@..@..@@....@@@..@.@.@.@@....@@...@..
..@....@.......@@@@....@....@...@..@...@...@..@@@........@.........@.@
Agents:
65
0,30,29,23,16
1,53,27,46,68
2,42,51,15,33
3,53,52,53,54
4,47,61,18,5
5,28,27,22,9
6,12,27,68,14
7,59,36,57,62
8,47,51,58,52
9,9,33,46,53
10,21,3,63,5
11,38,0,65,31
12,16,40,65,67
13,29,11,58,62
14,29,47,62,39
15,60,57,36,45
16,12,24,67,17
17,25,59,62,55
18,37,38,54,10
19,1,15,19,11
20,31,61,49,0
21,10,38,55,27
22,7,50,36,3
23,58,58,17,39
24,34,12,10,5
25,22,36,22,36
26,32,50,51,25
27,37,24,46,66
28,1,23,56,28
29,34,25,49,21
30,48,47,56,0
31,47,62,14,27
32,49,32,10,36
33,29,12,65,65
34,9,24,5,44
35,15,35,55,5
36,46,27,12,62
37,41,21,49,62
38,1,24,47,1
39,48,35,46,35
40,34,23,23,63
41,11,9,36,57
42,34,44,55,29
43,35,41,11,49
44,3,44,0,67
45,68,43,20,16
46,28,50,38,61
47,25,41,10,60
48,38,36,30,65
49,41,28,59,14
50,40,27,48,13
51,48,21,23,43
52,6,49,47,34
53,54,0,63,36
54,3,6,3,26
55,0,69,15,40
56,59,40,11,33
57,0,10,17,45
58,62,60,43,41
59,28,67,21,43
60,62,65,69,41
61,56,11,37,51
62,63,6,12,28
63,52,53,58,50
64,31,13,38,8
