2
Grid:
60,60
............................................................
............................................................
............................................................
............................................................
............................................................
............................................................
............................................................
............................................................
............................................................
............................................................
............................................................
............................................................
............................................................
............................................................
............................................................
............................................................
............................................................
............................................................
............................................................
............................................................
............................................................
............................................................
............................................................
............................................................
............................................................
............................................................
............................................................
............................................................
............................................................
............................................................
............................................................
............................................................
............................................................
............................................................
............................................................
............................................................
............................................................
............................................................
............................................................
............................................................
............................................................
............................................................
............................................................
............................................................
............................................................
............................................................
............................................................
............................................................
............................................................
............................................................
............................................................
............................................................
............................................................
............................................................
............................................................
............................................................
............................................................
............................................................
............................................................
............................................................
Agents:
50
0,14,5,48,6
1,54,50,23,7
2,30,5,39,22
3,36,20,2,13
4,19,53,12,29
5,27,15,25,24
6,53,53,32,38
7,13,56,20,9
8,42,54,45,7
9,26,45,18,20
10,36,47,44,46
11,37,5,29,49
12,21,5,5,22
13,46,48,59,43
14,21,7,6,35
15,42,49,4,55
16,28,19,28,13
17,49,4,11,9
18,56,5,28,46
19,45,31,40,34
20,6,51,54,10
21,26,50,42,57
22,31,54,10,13
23,56,19,22,26
24,19,31,54,11
25,47,4,9,26
26,2,29,11,0
27,32,26,13,42
28,28,48,16,57
29,28,24,15,8
30,19,48,32,32
31,58,12,55,18
32,10,37,44,0
33,47,34,33,55
34,3,9,51,33
35,0,37,38,37
36,8,54,46,29
37,38,45,3,52
38,21,46,33,7
39,34,27,12,53
40,8,26,27,46
41,28,50,28,30
42,19,37,57,55
43,46,58,22,48
44,46,22,0,13
45,35,7,41,37
46,37,21,0,20
47,12,18,29,24
48,52,13,16,45
49,39,53,41,11
