0
Grid:
70,70
.@@@...............@.@@....@...@...@..@..@@.@..@@..@...@....@@...@....
..@....@......@.....@@....@......@....@.@@..@.@.....@........@@@.@.@..
.@.@....@@........@....@....@@@.@.........@...@....@......@.....@.....
.@.@@..@........@........@.@....@@......@.......@.@.@......@@.....@...
....@@@.@@@@@.@@.@.......@@.@.@..@.........@@..@..@.@.......@.@......@
..@...@@.@@@........@@....@......@@@..@@@.....@.....@.......@....@....
@@@.............@@..@..@..@@...@.@..@@..@....@..............@.....@..@
.@...@.@...@.....@@.........@...@..@..@@....@..........@........@...@.
..@..@......@.@.@.......@..@....@....@@...@..@......@.@.@@........@...
..@@@@..............@.@....@.@...@....@@@@.@@@.@...@...@.....@..@..@.@
...@...@..@..@.@@@@...@.@.@@.@.@.......@...@@............@..@.@.......
.........@..@..@.......@..........@.....@.@@.....@.....@.....@@..@...@
....@..........@.@........@.@@@@@..@@@@.....@....@@.....@..@@..@..@@@@
...@....@@@......@.@...@.........@.@.@..@..@....@@..@.@.@..@.....@....
@.@@......@@....@..@....@..@@.@.....@@@.@....@.@@....@.......@..@@..@.
@.@...................@.@@...@...............@@..@....@..@.@@.....@...
................@...@..@@....@..@@..@.@.@..@...@@.......@....@.@......
@...@..........@.....@...@.....@@@..@.......@..@.....@@....@.......@..
.@...@.....@....@@....@..@@@......@@@@......@........@@@@.@.@@@..@@...
..@..@@...@.....@.@...............@@.....@@........@@..@.@....@......@
........@..@......@@.@.....@@@...@.......@..@.@......@.......@@@...@@.
...@@.........@...@@.@..@...@@.@.@.......@....@.@.@......@....@...@...
..............@.@..........@@.......@..@..@.@..@....@....@.@..@.@...@.
@@.........@.......@.@@@....@.......@..@.@...@....@.........@..@@.@..@
.@..@.......@.@..@..@......@...@.@@@@.@@..............@@...@..........
.@@.@......@...@@........@@....@..@.....@@....@..@.@@.@...@..@@@..@@@@
.....@.@........@....@.@.@.@....@....@@..@@.@@..@.......@...@.........
@@.....@..@..@..@.......@@@....@....@....@@..@@.........@......@..@.@.
.@.......@.@...@.....@..@...@..........@@.@@.....@....@...@.....@...@.
@..@......@........@.@.@.....@.@.@.@.@.@....@@.......@....@..@........
..@..@..........@....@....@...@......@...@..@.........@.@....@........
.....@.........@..@...@@...@..@.@.@.@.......@@...@..@....@@...@...@...
....@...@.@..@....@@.@@...@..........@....@...@.@......@..@...........
..............@@.....@.......@...@@.@..@@.@......@..........@.@...@@@@
.....@....@@....@.@@...@..@..@@...............@......@................
@.........@.@.@..........@.@.@.@........@.......@..@.@.@.@..........@.
...@.@@..........@......@.@..@...@.@.......@.....@...@@...@@.@.......@
.....@......@......@......@..@..@@..@@..@@..........@@......@@........
...@...............@.@..@...@............@...@.@........@............@
....@......@................@@....@.@.........@@.@.............@@.....
.@@.@..@.@.....@.@.........@....@....@.@@...@@..@@........@...@@.....@
@...@..@@......@.......@.@......@........@@.@.......@...@...@.....@...
.........@@@..@@......@...@..@@@..@....................@@....@@....@@@
.@@.@@...@..@..@...............................@..@.@.@...@....@@.....
...@.@....@.@....@.@..@..@.........@.@.......@...............@......@.
..@@@......@...@@.....@@...@@....@@..........@.@...........@..@..@@@..
@@.......@@.......@.@.@@......@....@.@@@..@@@.....@..@................
@.@....@@..@.@......@@..@@@.....@.@..........@...@..@.....@..@.@@..@..
.@.@.@@......@.@..@.......@....@@@......@.@.....@......@.@..@.@..@....
.....@@@@............@@@.......@@.@....@.....@............@.@@...@....
@@.....@@@...@.....@@@.....@..@....@.........@.....@..@@..@@....@@....
.....@...@..@..............@@@@..@....@.@...@.@...........@.......@@..
.....@..@@@...@..@@...@@...@.@.@.@..@..@.....@@@..@@.@....@.@..@......
..............@@.......@.@.@@@.@@...@......@@............@.@...@......
......@........@.@.@.......@.@.@@.@@..@.....@@........@..@@@@........@
..@@..@.@.....@...@....@.........@....@.....@.@....@.@.@.....@....@.@.
@.@@...@..@....@.....@.......@@..@@.@@...................@..@@...@..@@
..........@@.........@.........@..@@.....@..@..@.@...@..@..@..........
........@.@........@@@..@...@.....@@.......@...@........@..@..@@@..@..
@............@.@.....@.@.@....@...@@..@....@.@....@@..@.....@@..@.@@..
@....@...@.@...@@...@.@.@@......@......@@.....@...@....@.........@....
.@@..@@.@........@.@.........@........@....@..@...@.@.@@@.@.....@..@..
@.....@...@.@.@...@...@...@@...@......@..@..@..@@...@.@@...@.@....@...
..@.@@@@@...@....@....@...@@...@@..@..@.@..@...................@......
.@@...@........@@...@..@.@@....@...@...@.......@......@.@.@@@.@..@@.@@
....@....@@.......@...@.@@....@..@......@@....@..@..@...@........@....
.@.@......@.@@...@....@@.........@...@.................@..@@@.........
@.....@.....@..@@..@.....@..@@....@@@@@.........@......@...@......@...
@@......@@......@@.@.....@..@............@..@..@@.......@............@
@.......@.........@.@@....@..@.@....@@...@@.....@...@@.....@..@..@@@..
Agents:
40
0,24,52,34,43
1,34,64,48,56
2,15,37,65,68
3,50,44,22,53
4,52,35,5,54
5,22,20,63,67
6,22,25,68,63
7,5,51,31,46
8,50,17,64,14
9,63,54,23,12
10,41,2,62,35
11,45,12,54,24
12,30,7,55,50
13,60,67,23,31
14,56,56,6,46
15,54,41,7,48
16,26,33,17,60
17,45,19,9,9
18,66,40,36,67
19,34,48,50,57
20,67,50,50,69
21,62,56,28,6
22,2,16,18,9
23,1,36,37,54
24,33,38,60,14
25,65,47,32,63
26,68,34,46,68
27,49,35,42,19
28,36,50,59,32
29,5,31,18,15
30,21,22,52,26
31,20,16,48,41
32,57,55,42,23
33,19,43,55,65
34,15,17,16,69
35,65,39,5,30
36,54,18,15,7
37,8,58,37,0
38,38,68,2,39
39,20,31,44,49
