0
Grid:
60,60
............................................................
............................................................
............................................................
............................................................
............................................................
............................................................
............................................................
............................................................
............................................................
............................................................
............................................................
............................................................
............................................................
............................................................
............................................................
............................................................
............................................................
............................................................
............................................................
............................................................
............................................................
............................................................
............................................................
............................................................
............................................................
............................................................
............................................................
............................................................
............................................................
............................................................
............................................................
............................................................
............................................................
............................................................
............................................................
............................................................
............................................................
............................................................
............................................................
............................................................
............................................................
............................................................
............................................................
............................................................
............................................................
............................................................
............................................................
............................................................
............................................................
............................................................
............................................................
............................................................
............................................................
............................................................
............................................................
............................................................
............................................................
............................................................
............................................................
............................................................
Agents:
55
0,8,18,7,17
1,28,35,50,32
2,39,49,4,3
3,5,24,27,8
4,28,16,22,35
5,14,0,55,49
6,44,33,52,26
7,0,12,48,53
8,34,24,11,16
9,23,43,56,36
10,39,12,6,28
11,31,20,13,33
12,16,39,43,50
13,7,35,24,11
14,49,39,17,36
15,12,53,51,45
16,2,55,1,9
17,16,33,10,46
18,14,46,22,36
19,0,32,25,1
20,9,23,35,11
21,32,35,26,53
22,18,51,25,28
23,7,40,36,36
24,59,56,6,38
25,39,43,34,2
26,31,31,53,25
27,43,55,17,57
28,47,7,45,52
29,19,0,54,45
30,42,29,22,20
31,34,49,31,42
32,4,20,4,55
33,57,48,10,57
34,17,27,35,28
35,58,48,39,41
36,24,50,4,39
37,34,15,12,7
38,40,56,33,20
39,2,24,10,29
40,32,26,58,37
41,36,52,53,51
42,0,28,52,19
43,22,31,6,47
44,11,20,9,16
45,45,6,45,49
46,26,0,46,59
47,50,40,20,58
48,49,43,13,21
49,31,58,42,37
50,53,19,9,34
51,22,32,22,10
52,58,50,51,46
53,19,41,54,50
54,57,28,37,2
