1
Grid:
70,70
@..@@@............@@@.@.@..@@.@..@@@.@.@...@@@..@.@@...@.@.@@..@....@@
..@@..@....@.............@@..@.@@..@.@.....@........@.@@.@.@...@......
@............@..@.@.@@........@.@...@@@.@..@@..@.......@......@@..@..@
@@@...@@..@@...@...@@.@@....@.@@@...@@...@....@.@....@@.@....@@.@.@...
..@@....@...@..@@.......@@.....@..@..@@...@.@@....@@..@..@@...@..@@...
..@.@@@@..@...@...@.@..@@@@@...@...@...@@.@...@.@....@.....@@.@.@...@.
.@@...@@...@@@...@..@.....@@@....@..@@..@@......@@..........@..@...@@.
...@@.....@............@.@@..@..@..@.............@..@@@.@.@....@...@@.
@......@.@..@...@.......@..@...@.@.....@@@.@....@@@@..@....@@.......@.
@.......@.@.@@..@..@@......@.@.@..@@..@@.@....@....@..@..@...@.@@.....
@.@..@@.........@.@....@.....@..........@.....@@@.@..@...@@.@@.@......
@@.@@.@....@..@@@.....@@@..@...@.@@........@..@.........@@@.@.......@@
.....@.......@@.........@.....................@..@...@@...@..@.@..@..@
......@@...@......@..@...@@@.......@..@@...@..@@@@..@@.@@...@.......@.
@.@........@...@....@.@....@@..........@.@....@..@...@....@...........
@....@@..@..@..@.@.@@.@...@...@@@........@@.....@....@....@.@.@@@.....
.@.@..@.@..@.@.@..@..@...@.....@...@......@.@@.......@........@@@@..@.
.@.@.@...@.@.@@..@...@@....@@...@..@@..@@.@.@@.....@..@.@...@..@.@...@
.....@@.....@.@@.@@.@..@........@@@..@.@.@..@..@@......@@..@.@.@@.@.@.
.....@.@....@.@.......@@@..@.@.@@.@.@@..@@.@..@.....@.@....@@.@.@.....
..@......@@...@.....@........@@.@......@..@@....@...@.@.....@....@@...
.@.....@....@..@...@..@@@...@.@......@@@....@@....@@.@.@...@.....@...@
@....@.@@@..........@.........@@...@.@...@...@@@...........@@.@....@@.
@............@.@..........@@@..@....@@@..@@..@...@.@.....@.......@@.@.
@....@@.@.@...............@.....@@....@@...@........@...@@..@.@.@@..@.
....@..@.@.@@@.....@...........@...@@@..@.@...@..@.@@.........@.......
....@.@...@...@.....@.@....@...........@.....@.........@@@.@@.@....@..
.@@.@..@..@.@@@@@......@..@..@...@.....@.......@.@.@......@.@....@....
...@.....@@..@....@...@@...@@.@@...@........@.@@@.....@@......@.@.....
.@@@...@.@@.@@.@...@...@.@..@@.....@.....@@.@@.@....@.......@@@...@..@
@........@..@..@....@@..@@@.@@@...@.@......@@@..@.@@.@...........@.@..
@.@.@@@@....@.@..@....@....@..@@...@..@@@@.....@@.@@.....@.@.....@..@@
.@...@@...@...@..@@....@..@.@.....@.@.@@.@.....@@@..@..@...@...@@.....
.@.@.@..@@..@.....@...@@...@...@..@@@....@@@.@@..@@....@@....@..@.@.@.
...........@.....@@.....@.@...@.@....@...@.@.@@.@.......@..@.....@.@.@
..@..@...@....@.@..@..@...@...@.@......@.@@.@...@.@..@@.....@..@@.@.@.
..@@@.................@......@....@..@@@.@.....@@.......@...@.........
.............@@@...@.@@.@...@@@.@..@......@....@@..@@...@...@@.@@.@..@
@@@.@...@.....@.......@.@.....@@@.@....................@...@..........
@.@.@...@@@.@....@.....@.@@@........@..@@...@..@.@...........@..@.....
.@...@@...@......@...@..@.@..@.....@.@.......@..@@..@.@.........@...@.
..@..@......@....@@......@.@@@....@.@...@..@...@.@...@.............@..
........@@......@@@..@....@@@..@..@@...@.....@.@..@...................
.@@.@......@.@..@.....@.......@.@@@.@..@....@@.....@.@@.@@....@..@...@
@@..@..@..@@.@@@...........@.@.@..@..@....@@..@.@@.@@....@@....@..@...
.......@.@.@...@@@..@.@....@..@.@@@............@..@.@@......@....@.@@@
@.@........@@..@@..@@@...@..@..@@@.@....@@....@.@..@..........@.....@@
.....@...@@@.@.@..@@@........@..@...@@.@.@......@@.@.........@@..@..@@
.....@.@@..@...@.@..@@......@@@@......@.@.......@@@.@@..@@..@.@@..@@@.
..@......@@....@@.....@..@@...@...@@@....@.@.....@@..@.....@.@...@@...
..@...@@@@@.@.@..@.@@......@..@....@...@.@..@.......@..@....@.....@.@@
....@.@@.@..........@....@..@...@@.@......@.@@..@.....@.@..@.@....@@..
@@@..............@...@...@.......@.........@.....@........@@@......@..
...@.....@....@....@..@...@@...@........@..@........@..@..@.@..@@@@...
@@.@@..@@@@@@......@@@.......@..@@.@....@..@...@.@.@........@@.@.@.@..
..@@.......@....@......@@...@.....@..@.@.@@.@....@.@.@.@..@.@.@..@....
...@@@.@.@..@............@@.@@.@..@@...........@@.......@...@....@@..@
@.@.@....@...@...@.@........@.@...@@@.............@.@@.....@@@@.@....@
....@...@@@@...@...@..@...@.@......@......@.....@@@.@..........@..@.@.
.......@.@.@..........@@...@........@..@....@@.......@@..........@..@.
......@........@@.......@.....@.....@.@..@@.....@.@.@.@@.....@.....@..
@@@@@...@......@@@.......@@@.@....@@........@@.@.......@..........@..@
..@@@@.@..@..@@.....@..@....@@@.....@..@.......@@..@...@..@@.......@..
...@....@...@@.@.....@@@..@.@.......@@...@.@@...@.@....@.@.@..@..@...@
.....@..@@@@....@..@.@...@.....@.@.@...@.@.....@@....@@..@.....@@@...@
...@@@@.......@...@..@.....@@...@...@...@@....@@.@......@...@......@.@
.@.....@......@.@@......@@.....@...@.....@.@@.........@.@@....@......@
.@@...@.@..@...@......@........@....@.......@....@.@...@..@@@..@..@...
@@.....@..@..@.............@..........@...@@..@@..@...@...@.@.@@@@....
@..@...@.@..@..@.@.@.@...@....@.@..@..@@@...@@..@@@@..@...@....@@.....
Agents:
80
0,26,40,5,11
1,27,46,8,11
2,61,36,3,27
3,42,55,3,45
4,27,37,45,1
5,9,67,10,17
6,68,8,40,19
7,52,61,9,65
8,61,5,45,54
9,33,54,42,5
10,21,0,26,17
11,63,32,48,3
12,2,12,34,49
13,59,35,37,23
14,22,65,5,17
15,34,27,51,2
16,39,18,28,38
17,66,58,15,47
18,5,55,39,38
19,68,53,69,14
20,63,42,39,50
21,7,21,26,37
22,3,21,27,25
23,61,51,39,33
24,36,14,14,7
25,67,43,15,69
26,67,29,61,38
27,38,65,43,7
28,14,14,38,39
29,23,39,67,65
30,34,19,25,68
31,15,54,21,26
32,31,37,21,61
33,31,1,24,59
34,50,62,66,39
35,36,58,31,56
36,51,39,15,8
37,6,22,55,1
38,61,46,22,29
39,36,51,0,62
40,14,1,24,27
41,14,57,63,51
42,27,63,24,29
43,68,34,13,31
44,47,52,38,42
45,16,17,19,4
46,1,39,3,38
47,15,49,33,51
48,32,54,27,48
49,33,21,28,17
50,42,53,30,68
51,4,14,15,45
52,39,54,44,55
53,39,67,38,13
54,23,67,42,68
55,40,63,29,54
56,20,22,29,5
57,49,55,26,32
58,55,35,11,66
59,17,2,9,33
60,31,13,36,51
61,1,27,46,59
62,10,30,62,49
63,10,33,47,64
64,38,29,29,57
65,14,18,56,45
66,53,68,2,67
67,38,56,54,45
68,57,27,22,44
69,29,4,55,7
70,36,68,32,4
71,6,25,22,54
72,66,65,51,18
73,57,54,14,37
74,21,56,47,42
75,19,4,23,62
76,43,7,43,24
77,32,37,7,42
78,0,31,0,32
79,61,23,41,63
