1
Grid:
30,30
..............................
..............................
..............................
..............................
..............................
..............................
..............................
..............................
..............................
..............................
..............................
..............................
..............................
..............................
..............................
..............................
..............................
..............................
..............................
..............................
..............................
..............................
..............................
..............................
..............................
..............................
..............................
..............................
..............................
..............................
Agents:
18
0,12,12,13,17
1,16,15,9,10
2,26,5,23,17
3,1,24,19,0
4,14,29,18,5
5,19,6,26,5
6,9,10,17,0
7,24,6,17,19
8,20,4,28,26
9,16,4,9,29
10,19,27,18,19
11,10,19,1,17
12,15,3,10,25
13,8,10,15,22
14,12,14,7,16
15,23,3,25,21
16,5,6,5,14
17,5,12,25,2
