0
Grid:
70,70
..@........@@.@@.@.....@......@.....@.......@..........@.....@.@.@....
.....@..@...@.@@.@...........@..@...@@.@.@@@@.......@.....@@@@.....@@.
.@@.@.@@...@.@........@.@@.@....@.....@@@@.@..@..@....@...@..@.@@.....
..@.@............@.@..............@....@...@@....@..@...@....@....@...
@.@.....@.@.......@@.....@.@.@@...@.@.@@.@.@@@..@.@...........@...@...
..@@..@@.@.@....@....@..@.@..@.@@.@..@...........@...@.@.@.@@@.@...@@.
....@...@@.@.@....@...@......@....@...@..@@.............@........@..@.
@..................@.@.@....@..@..@.@@.@@...@..@....@....@@.....@..@..
.@..@.@.............@.@.@@......@..@..@@@@@....@.@...@@@@..@..@....@@.
....@.@.....@..@..@...@@....@................@.@.@...@@....@.@...@..@.
..@.....@@.......@..@@..@...@...@...@....@...@.....@@@..@...@.....@..@
...........@.@@@.@..........@@..@...............@@..@.@....@..........
.@@...@.......@........@@.@.......@....@..@.@..@.....@.@@.@@..@@@.....
......@..@@@.........@@.....@........@...........@@......@..@.@......@
.@......@...@@@@..@@......@@.@@..@....@...@@..........@..@@...........
..@@..........@..@.....@.....@@..@@@.@@...@........@..@.@..@@@@..@.@.@
@.@...@@@...@@@.@..........@.......@.@.@.@..@.......@.@.....@..@@.....
@.@.......@@.@.@......@..@...@@.........@@...@@.....@............@....
@........@@...@.@...@..@.@.......@@.@.....@@...@...@.@...@..@@.....@.@
...@@.........@...@..@........@..@...@.@@.@@.@....@@.@..@..@..@.......
@..@@..........@@..@@.@@@.....@.@.@.......@....@@@@@@...@....@.....@@.
....@....@..@.@.....@.@@@...@@.@@@.....@.@@@@@..@@......@...@@@....@@.
@...@.....@@@@@.@.....@@.@@@@.@....@...@....@@..@.......@....@...@...@
.@..@@.@...@@@............@.@@@.@...@@@.@......@.....@@....@.@..@..@..
......@...@.@@......@@.@@.@..@@..@@..@..@.@@.@@.....@...@@....@..@....
@..@..@@..@..@@@...@@.@.@..@@....@.@.@.@........@...@@.......@.@@...@.
......@...........@.................@.@.......@.@...........@@...@..@.
@...@@@.......@.@.@.@.....@.@...@.@....@@..@.............@...@..@.@.@@
...@..@.@.....@........@.....@.@.@.@....@.@.@..@..@@........@...@@....
.@@..@..@.@...@.................@.@.@.@...@@......@@......@@........@.
@@..............@.@@.@..@@...@.@.....@...@..@.@.........@@..@.@....@..
..@....@@...@...@@@@.@@@.....@@.....@.@.@.@@..@..@...@@..@.........@..
....@@.....@...@.@..@@.@...............@@.@.@.@.@..@.@@@......@@....@.
...@..@...@..@..@.@.....@@@@@..@@.@...@...@.....@@.@@@......@@@..@....
.@@..@.@@.......@....@@@@...@@@.@...@@@..@.@@..@@...@.@..@..@@@..@...@
@..@@@.............@@....@......@.@..@@.....@.@........@@.@..@........
.@....@@@.........@.....@@.....@...@..@..@.....@@...@.@......@........
@....@........@@.@..@.........@.@@.@@.@..@.....@...@@...@.@.@.@@@@....
..@..@..@...@.@...@.@..@..@..@@....@..@@@....@..@.@.@.@@.@.@....@.....
@@......@.......@..@.....@..@..@.@...@.@.@@@@.@..@@....@.@@..@@.@@@...
......@......@.@@....@.@.@@....@.@..@@@.@...@@....@@@....@....@..@..@.
.@@@@......@..@@...@@..@.@..@......@.@......@..@....@........@..@..@.@
...@.@@.@.@....@...@.@....@@.@@..@@@.@.....@..@@.@@...@.@.@@@...@@.@..
@@......@.....@@.........@.@.......@...@.@..@..@..@.@@.@..@@.....@@.@.
..@..@@@........@@@@.....@..@.@........@..........@...@@@.@..@@...@.@@
..............@.@..........@@..@@.@..............@@@............@..@..
...@...@..@..@@@@...@...@...@@........@.......@.....@.@@@.@..@..@...@.
@...@@..@..@..@.......@@..@...@@...@@.@.@.....@....@.@..@....@@....@@@
@.......@@..@...@..@@.@@@@@..@@......@.@.@..@.@......@...@@.@.@.....@@
@.@@.@....@@...@.@.@........@....@.@@....@....@.....@.@.@@.@@..@.....@
...@.......@.....@..@@...@.....@.@@.....@@.....@.....@....@..@@..@@.@.
@.......@....@...@@.@...@@.@....@..@.@..@..@@@@@.....@@..@@@@.@@......
.@......@.@@..@....@..@.@.@.@........@@...@@@.@.@@.@@@..@..@...@.@.@@.
@.......@.@.@..@.@...@@......@..@.....@.........@.@..@...@@@....@.@...
......@.@.@....@@......@.@..@@..@...@....@..@......@........@..@@....@
.@.@.....@...........@.@@.@@.....@..@@..@..@....@......@@..@....@..@..
@.@..@...@....@....@..@...@....@@.@@@..@..........@..@...@..@@@....@@.
@..@.@..@..@...@.@@..@@.@..@.@..@@@.@..@@.@....@......@.@...@....@....
.@@@.@....@.@@............@.@..@...@@@.@@@....@@@@...........@........
@....@........@..@...@...@..@@..........@.@......@@.....@@@...@.@@..@@
...@@.@.....@@@@@@@..@.@@...@@...@@........@...@....@.........@@@....@
...@..@@.@......@@....@...@..@@@.@.@..@..@.....@@.........@......@@..@
.....@.@..@....@.@....@.@....@.......@...@.@..@..@..@@.@...@.@.@.@...@
..@....@.....@...............@..@.@.@..@.........@@@@.@@.@@....@@@..@@
..@......@.@.....@....@@@..@..@....@.....@@@.@@....@..............@.@.
.....@@.@.....@.@..@..@@.@.@@.@.................@.@@.......@..@@@@@.@@
.@@.@.@.....@.@.@@.@....@@..@.....@@.@.@@.....@.@...@.....@@...@...@@.
.@....@@.@.@.....@...@..@....@@.@.......@..@.@...@..@..@.........@@..@
............@@.@.@@....@..@....@...@...@@..@@...@.@.@.@...@@.....@@...
....@@......@......@@.....@.@..@@......@.@...@..@@..@@@@....@@@.....@.
Agents:
55
0,36,32,12,51
1,55,50,26,13
2,0,48,38,7
3,7,12,3,25
4,44,33,13,68
5,10,63,67,5
6,58,65,29,48
7,55,69,33,21
8,11,4,20,2
9,55,30,58,59
10,0,25,15,47
11,24,25,46,6
12,55,0,36,57
13,2,48,58,30
14,27,36,29,39
15,26,27,56,12
16,26,23,28,12
17,69,30,31,32
18,17,24,66,33
19,51,14,27,59
20,62,54,17,57
21,2,0,66,32
22,36,2,55,17
23,26,12,46,1
24,5,19,40,35
25,9,0,38,6
26,43,10,64,48
27,0,35,16,24
28,55,13,3,26
29,0,28,7,66
30,43,57,11,51
31,30,39,55,44
32,8,69,61,2
33,64,1,48,48
34,11,24,31,63
35,9,13,40,8
36,18,26,27,9
37,50,60,50,59
38,18,8,25,57
39,54,43,54,48
40,27,49,22,8
41,68,34,51,50
42,52,35,19,9
43,11,9,25,5
44,26,1,61,60
45,3,10,45,17
46,9,24,8,36
47,10,16,1,62
48,7,13,46,11
49,43,22,8,33
50,10,26,53,35
51,30,5,49,24
52,41,45,34,63
53,49,21,6,5
54,44,32,35,28
