0
Grid:
70,70
..@.@@.@....@.....@.....@.....@.....@@.....@..@..@.........@.@@...@..@
..@.@@@@.........@@...@.@...@..@.@...@@@..@@@.@@....@.@.@.@........@..
...@@.@..@..@..@.@@......@...@..@@....@.@.........@..@...@@......@....
...@.@.......@..@...@....@.@.@..@@.@.............@.@@..@......@.@.....
.........@.......@.@.....@....@...@....@..@.@@...@....................
@@....@.@........@...@....@@@..@........@...@......@................@.
.....@......@...@.@...@@..@.......@@..............@...@@.@.@..........
...@.@@@.............@.@........@..@@....@.....@.@@......@@.@....@....
@@......@.@@....@@........@.@..@.............@..@....@@.@...........@@
..............@......@...@.........@..@...@@...@.........@...@@.......
...@.....@....@.@.@...@@@@.@......@...@...@.@@@.@.@@....@.@.....@@....
.@....@...............@..@@..@.@@@.....@@.@....@....@...@............@
.....@@@..@.@..@..@...@...@...@...@@@...@...@....@.@.@.......@...@....
......@....@.......@.....@.@.@.@@@.....@...@...@....@@....@.@@........
@..@..@..@@.@..@@.@.@..........@...@..@..@.@@@.........@....@@@@...@..
........@.@............@.@.......@.@.......@@.@.....@@....@......@@.@@
.@@...@..@.@.@......@.....@@....@.......@@...@....@.........@.@.@.....
............@..@@.....@.@.@@...@....@@......@....@...............@....
@.......@@.....@@.....@...@@.@@.....@....@....@.@@....@.@.....@.@.@@.@
@...........@................@....................@@....@..@..@.......
....@.........@@.@..@.....@..@.........@..@..@...........@...@..@@...@
..@..@...@...@@...@.@....@..@.....@...@......@@........@@.@@...@@@....
.@@.@............@...@.....@..@@...@...@.......@...@....@..@..@.@...@.
..@......@...............@.@..@..@@@@@...@@..@@@...@.@.@@.@@....@.....
.........@..@.@..............@..@@........@..........@............@..@
.@..@........@@@@.....@.....@@..@.....@..@.....@@..@.................@
..@..@.@@.@......@........@.......@@...@.@...@.@@@....@..@........@@..
....@.@....@@..@.@..@@.@............@@@.......@..@@@....@..@.......@.@
.@@@....@@.@@..@.@..@....@.@..@....@.........@@.........@.@.....@...@.
...@..@.@..@.@......@....@@.@...........@.............@.@...@.........
.....@@...@.@..@.@@........@.@.@..@.@@..@..@.@@@...@.....@...@@@....@.
..@...@....@.....@@..@.....@.@....@....@..@@..@.@@..@...@.....@.@.....
....@.@...@..@@......@..@...........@.@...@.........@@..@..@.@.....@..
.@.@...@@@..@..@@.@........@......@@....@@....@...@....@..@@....@@....
@...@.....@...@..@..@....@.@.@..@@..@.@@.....@..@.....@.@...@@..@...@.
@.@..@.@..@@@........@.@..@..........@@..@...@.@....@.@...@.....@....@
........@.@..@.....@.@.........@..@@..@..@@...@...@.....@....@.......@
..@@.@..........@......@@@....@@@..@@.....@....@..................@.@.
@.@..........@......@.@...@@.@...@@.@..@......@@@.@.@....@..@.......@.
.@.............@....@..@.@.@@..@...@..@@.@@....@........@.....@..@@@..
.....@.@@..................@......@...........@......@...........@@...
.......@..@.@.@@.......@...@...@@.....@@@.@@.@...@.@..........@..@....
@.......@..@.@@....@...@.@.@@.@......@..............@....@@@...@@.....
@......@............@.......@..........@@.........@...@..@..@@@@..@...
....@.@...@...@.@@.........@..@....@@...@......@.....@.@.@@.@..@@...@.
....@....@....@@..@..........@.......@..@@..@@@.@@@@@.........@.....@.
..@..@...@..@...@....@@.........@@.@......@......@..@......@......@@..
@.........@........@.@..@..@.@@.@..@..@...@....@....@....@@.@@.@......
@@.....@....@.@@.@.....@@..@.@@........@.@.......@.@@...@..@.....@@...
.....@@.@.@.@@...@......@@.@....@@...@......@.@..@..@@.@@@.@....@.....
.@..@.@....@.@.@...@@.@.........@...@....@..@@.....@....@....@....@.@@
....@.....@@@@@...@.@.@.......@........@...@.....@@..@@...............
............@...@@@....@.@..@@........@..@...@@...@.@.......@...@....@
..@.........@.......@........@.@@.....@....@.@.@..@.@.@.@...@@......@.
..@...@..@.....@@.......@@.@...@@.@.@............@..@@....@@@.@....@@.
........@....@...@..@.....@.....@@...@.@.......@@...@....@.........@.@
.....@....@..........@...@.........@..@.........@.......@.....@......@
.....@..@@...@....@...........@.....@..@.@...@...............@..@.....
......@..@...@@........@.@...@........@.....@..........@..@..@....@...
@@...@.@...............@.@@.......@..@.@@@@@@.@@.....@@......@.@@.@..@
..........@...@.....@.@..@.....@..@..@@.....@...@........@......@.....
@..............@.@@..@@..@@......@.@........@...@.....@......@...@....
..@....@.@........@@....@@..@...@.@@@.......@......@.@...@...@@.@@....
@..@@.@@........@@....@@.....@.@@...@......@.@@......@@@.@...@........
.@.....@....@...@@.......@@.........@..@.@.@....@.....@@.@.@.@....@.@.
@@...@@....@..@...@........@.@.....@@.....@..@@............@@@......@.
.@.....@..@.@@....@.@.@.@......@....@....@@.....@..............@..@@.@
....@@...................@@.....@.....@.@...@.@..@.@....@.@...@@@@..@.
...........@@.@.........@.@@..@...@@@@......@.....@.@..@@@............
.@@.......@......@@...@.@@...@@..@.@........@..@@.......@@....@..@@...
Agents:
70
0,3,65,7,42
1,21,7,58,56
2,31,20,38,24
3,51,31,30,14
4,1,45,55,10
5,63,51,23,5
6,26,58,66,53
7,3,45,35,63
8,1,14,22,32
9,26,31,28,5
10,41,35,8,50
11,33,29,27,8
12,46,10,9,23
13,7,28,41,47
14,19,58,15,41
15,46,23,39,18
16,63,37,17,41
17,31,15,53,8
18,60,46,15,4
19,56,41,51,59
20,52,65,9,34
21,55,50,24,17
22,39,60,13,36
23,36,65,22,53
24,56,22,28,31
25,55,60,60,62
26,57,58,10,66
27,55,25,47,55
28,49,43,65,57
29,44,69,8,25
30,46,50,56,54
31,25,27,33,32
32,61,47,4,61
33,53,3,67,35
34,1,36,68,15
35,29,38,44,2
36,14,21,54,23
37,43,58,1,65
38,55,12,69,38
39,8,66,65,26
40,23,49,25,36
41,8,65,40,38
42,15,36,43,1
43,68,51,0,58
44,45,5,64,24
45,39,54,46,1
46,56,54,16,24
47,57,59,40,13
48,28,16,31,9
49,34,5,55,31
50,29,22,25,35
51,26,9,56,2
52,18,34,20,11
53,3,12,42,10
54,60,58,68,13
55,50,58,35,35
56,57,35,62,42
57,62,55,26,19
58,8,3,26,13
59,19,1,66,58
60,25,23,24,27
61,9,33,49,58
62,20,40,54,39
63,57,3,2,0
64,36,62,58,47
65,9,58,51,1
66,33,11,54,22
67,32,7,43,3
68,7,30,35,39
69,29,50,12,45
