1
Grid:
70,70
..........@....@@@..........@.................@.@...@.........@.@....@
.@.@......@.....@...@...@........@.@...@.@@...@....@@@..@.....@....@..
......@@.........@............@....@.....@.....@@.@.......@....@..@..@
@..@.........@@..@...@...@.@....@........@@..@@.........@..@..@..@..@.
.@.@...@........@.............@.@..@..@.@...@..@....@...@...@....@.@..
.....@...@...@@.@...@@..@@..........@..@.@...@@..........@.........@..
@@@......@........@..........@........@.....@@.@...........@.....@....
@...@@........@......@@.........@.......@@......@@..@.@..@.@.@..@....@
..@@@@@@...@.....@..@.......@@.......@@.@.....@.@..@..@.....@..@....@.
...@....@@@.@..@@......@@......@.@@....@@.@.@...@................@....
.....@......@...@....@............@@............@.................@...
@...@@@........@.@@........................@...@.....@.......@........
........@@@........@..........@....@...@..............@....@@.....@...
..@.@.....@.@......@......@....@@....@...............@......@.@...@...
@....@.@.@@....@......@....@...@.@@..@.........@.....@.....@...@......
.@@...@.......@...............@.@....@..@........@.@.@..........@.....
...........@@.....@.......@..@....@.@......@@.............@@@........@
@........@@.....@@.@@@..@.......@@.............@.....@................
.........@...@.....@@.@.@@....@@.......@...................@@...@.@...
.........@...@.....@....@..@.....@.....@....@..@@......@...@@@......@.
.....@....@@.............@....@....@..@..@...@@...@.@.................
.@...@@....@........@...@@...@.........@..@@...@.......@..@.@.......@.
@........@.....@........@@........@@......@......@...........@.@......
.......@.................@..@...@@@.......................@@@.....@..@
.@....@..@..@.............@...........@.@.@....@.@@..@................
.@@..@.@.@.@......@.@.@.@@@...@...@.......@@...@.....@@.@.............
...@..........@@................@........@.............@......@....@@@
..@.......@@...@..@.......@....@...@..@@....@..@@....@@@.@@@.@.@.@@...
.@........@.............@.......@@..@..@...@..@.....@..............@..
@..@.@.@............@@..@@@.@.@.@...@..@..@.@....@@.......@.....@.....
....@..@@.@.....@@....@.@.@....@@......@..........................@...
.......@.....@..@.....@@.....@..................@.......@@..@@...@...@
....@....@@.....@....@..@.......@..@@........@.@...........@....@....@
...@...@...@@@..@.......@@.@.........@......@..@.........@..@.@.@..@@@
...........@.....@...........@@@...@........@.@...@@.....@............
..@................@..........@.......@......@...@..@.....@....@......
@..@.@....@@.@.@..@.............@@........@......@....@....@@...@@....
..@.......@..........@.@.@...@.....@...@...@..@......@@..@.....@...@..
.@.@........@.....@.......@.............@...@.@.....@@...@..@..@.@....
@...@..@...@..@........@@....@.@.@@@...@.@@..................@.......@
.........@@.@.......@.@...............@.................@@...........@
...@..........@...........@...@...................@......@@..@....@...
@..........@............@......................@......@.........@@@@..
..@......@..@.....@@.@@.......@...........@@.....@..@....@............
.....@...@.........@@....@.@...@@........@........@..........@...@@.@.
..@.....@..@......@.@.@...@........@...@..@...@...............@.......
...@....@@@.....@.....@@.........@....@...@.@..@.....@......@@....@...
.............@@....@......@......@....@................@@..@@....@....
........@....@@.@........@..@@..@....@@........@@@...@@...@........@@.
........@............@...........@@..@....@.....@....@.......@........
..@@@@.@..@.@..@@.......@..@.....@@.......@........@..........@.......
..@.@...........@.........@........@.......@......@........@@.......@.
@...@.@.......@...@..@@@@....@@...@.@..................@..@.@...@.@@..
..@......@..@.@.....@..@.............@.@@......@@.@........@..@@......
...@@.@....@@......@.......@.........@..@.@@@....@..@.....@......@....
.........@@@.@.@..@......@..@@.....@.......@...........@.......@.@.@@.
.........@.@.......@@..........@.....@.....@@..@..........@.....@..@..
..@.@..@............@........@..@...@@@...@......@.......@....@.......
@@@.@@.@...........@@....@@@................@.@@.@.............@.@....
.....@...@..........@@..@....@.@....@.@.......@.@....@..@.....@@...@..
..@.................@.@@........@.@@........@.........@@.@.....@.@.@..
.@@..........@...@....@..................@@.@...@.@@..@......@...@....
@@......@.@@.......@@...@...@....@@......@.....................@....@.
.......@..@..@.@......@............@........@......................@..
...........@@....@...@@....@....@........@.@@..@.......@.........@@...
.@....@...............@....@.......@.@..@.....@.......@..........@@...
...@.........@............@@..@.@.@...@....@@....@.@.@...@............
..@.....@..@.......@..@...@...........@@@..........@.....@.@....@.....
..........@............@@@.@@..........@..@.......@...@...........@..@
@.........@@@@...@...@@......@@...@..@@.@............@...@.@.@..@..@.@
Agents:
45
0,6,57,6,68
1,15,19,49,32
2,69,68,55,7
3,66,63,51,31
4,62,25,34,7
5,68,37,30,1
6,15,56,2,57
7,39,2,53,65
8,38,27,19,4
9,53,19,3,53
10,31,37,52,25
11,15,22,29,45
12,53,32,55,5
13,14,32,14,32
14,3,31,38,15
15,37,32,23,20
16,0,39,49,56
17,38,25,69,19
18,16,31,46,43
19,56,48,66,29
20,34,45,57,40
21,38,58,47,41
22,16,49,8,64
23,34,55,4,31
24,37,28,59,51
25,48,11,64,59
26,1,64,16,5
27,41,35,54,46
28,23,43,32,62
29,39,55,31,55
30,34,6,68,62
31,26,13,48,31
32,51,30,31,54
33,66,0,0,19
34,51,36,42,56
35,58,17,62,48
36,30,65,49,23
37,28,7,44,67
38,66,31,40,62
39,16,8,7,36
40,54,59,44,0
41,38,43,29,35
42,8,12,33,42
43,6,50,19,7
44,6,52,52,11
