2
Grid:
70,70
@@......@..@@...@@.....@.......@@..@.@.@.@.......@.@.......@@........@
@@..@@..@....@.....@@..@@..@........@@@....@....@.@@@............@....
.........@.@..@@@@.@.......@..@..@.@@..@...........@..@.........@..@..
....@.@...@.@............@@....@..@............@@.@...@......@....@...
@.@.@.....@@.@.....@@............@...@@.....@......@......@....@..@@.@
.@..@.......@@.@...........@........@..@.@@..@..........@.....@.@...@.
..@.........@......@........@..............@..@........@.@@@.@@.@@..@.
@@@...@@...@@..@....@.@@.......@@@.....@@...@.....@....@@@.........@@.
.@.@..@.......@....@@@.......@....@.@..........@.@.....@.@...@...@.@@.
....@....@@...@...............@...@.@.@.@...@@....@.@....@.....@..@.@.
@@@.....@...@......@@@..@.....@..@@...@..@.@@@......@@......@@.@.@....
.....@....@@...@@...@@...@..@.@@@..............@.........@.......@....
......@@.....@..@...@@..@@..@..@...@.@@.@...@...@...@.@..@....@.....@@
...@@...@@@@...@.@..@.@..@.......@.......@....@......@........@..@@@..
.......@..@.@...@.........@..@......@.@......@.......@...@...@.....@..
..@@....@.@.........@...@..............@...@.......@.@....@@@.@.@....@
.....@.@....@....@...........@......@.@......@@..@..@......@@....@....
...@..@@.......@..@@@........@@@.@...@@....@@@..@@@....@...@.@@@.....@
..........@@........@...@...@@....@.@@.........@...@....@...@@@..@@.@.
..@..@....@....@.@.@.@@..@.@@......@.@@.@.....@@.....@.@.@.@@........@
..@.@..@...@........@.@@.@...@.......@@@...@.....@.....@.@..@@........
.@@......@.@..@.@@.....@@@.@.@.......@..@@...@.@..@@@.@.....@@...@...@
...@.....@.@.....@...@.@@...@....@...@@.......@.@....@..@.@@......@@..
@@@....@.@@@....@...@.....@...........@..@..@@...@@....@...@.........@
.@@.....@.....@.@..@@@........@.@@..@...........@.............@.......
..@@@@.@......@.......@....@..@............@.....@.@.............@..@.
...@........@....@...@@...@.......@..@..@......@......@.....@........@
.......@..@@.........@.........@.....@@.@@@@@.@.@....@..@.............
@.@.@@.....@.@......@@.........@@.@.@...@...@...@.@...@@.....@..@..@..
.@.............@@.......@...........@........@@..@.@..@..@.@.@.....@..
@........@.@....@............@.@@....@......@........@......@.@....@..
......@..@..@..@....@.@@.@...@@.......@.......@..@@.@@......@....@....
@@@............@..@..............@.....@.........@.@.......@....@.@.@.
.........@@@@.........@@@.......@....@..@@.......@@...@...@.@...@.@..@
.@@.....@.@.@.@..@..@@........@....@@.@..@.@.......@.@.........@......
..@@@...@..@.@........@...@.@@..........@.....@@.@@....@.........@@@.@
@......@..@......@....@.@@@..@...@@..@@.@..@..@..@.@.@....@.......@...
@...@...@...@.@.....@...@......@.@.......@@..@...@..@..@.@.@.@.@...@..
@.@.....@....@@..............@....@.@............@..@@@@@..@@..@.@.@@@
..@...@@.@...@.....@..@.......@...@...@.@@....@.....@.....@..@.@.@@...
...@@..@.@@.........@.............@.......@...@@@......@......@..@...@
..@......@@.....@..@.....@@@..@@@..@..@...@@...@..........@.....@.@..@
.@@..@.@...........@.....@@.....@..@.........@....@.@....@........@..@
.............@..................@@.@.@.@.@@..@.@...@........@.........
@@...............@@@....@.@..@@@...@....@.@@@.@.....@..@@....@...@....
......@......@.....@.@...@@..................@........@@@.....@...@..@
.....@..........@..........@...............@.....@...@....@....@.@.@..
..@.......@@.@.@....@.............@...@...@.@......@....@.....@...@@.@
.@@..@@........@..@...@.......@..@..@..@....@..@.....@......@....@....
@...@..@.......@........@..@@@@.@@.@.....@..@....@..@.....@..@...@.@..
@....@...@@.....@..@...@@@......@.@..........@.....@.....@.@..........
......@@.@...@..........@@......@.......@.............@.....@..@......
.@.@...@@..@..@...@.............@..@........@...@...@......@....@..@..
.....@@....@......@...@........@.........@.@.......@.@..@....@......@.
........@@@..@...@@@@@....@...@...........@@........@..@....@....@@..@
.....@@........@...@....@.@@@.@.....@....@.....@.@@....@@..@........@@
@@..@@..@....@........@@..@@@.....@@.....@.@@@.@@@@@.@..@..@@@...@....
@........@.@@.....@.........@....@....@...@...@@..@.@.........@.......
.@.....@...@.@.....@....@.@..@...@..........@...@..@...@...@@..@..@@..
@@.........@@@...@..@@@..@.@...........................@.@.@@..@....@.
@.@..@...@....@@@.@@.@@.@.....@.@.@.......@....@..@.@..@....@...@.....
..........@....@@.@..@.......@@.@............@.@......@@...@.@.@@.@@@.
@@..@@@.@@..........@..@................@.@.@.@...@.@.......@.@@......
@..@...@.............@....@.@@.@.......@...@.......@......@@.......@..
@......@....@....@@@......@.@.@....@.@..@......@......@..@....@.......
....@@....................@.@@.......@@.................@@.@@.@..@....
.....@@.@..@.......@........@..@..@.@@.@.......@...@..@@..@@.....@...@
@@@...@...@@@.....@@..@..@...@...@....@.@.............@@.....@....@..@
@@..@...@.....@@..@.......@...@@.@..@.........@.@.@.@...@...@.@.@.....
.@.@@..@........@.....@...@....@....@@...@..@....@@.@@........@@......
Agents:
70
0,51,49,26,42
1,27,9,52,49
2,67,15,35,16
3,22,63,28,6
4,27,69,66,22
5,23,34,57,17
6,39,39,18,9
7,64,53,9,41
8,31,68,60,7
9,11,6,46,41
10,42,59,43,56
11,38,61,43,21
12,0,30,38,37
13,12,2,9,1
14,29,0,29,0
15,43,52,67,37
16,30,20,30,17
17,25,67,20,3
18,11,22,6,7
19,67,9,65,49
20,22,34,25,38
21,57,1,57,64
22,25,36,12,59
23,23,37,13,69
24,34,49,8,64
25,45,9,38,46
26,66,66,41,17
27,28,7,9,15
28,65,40,18,22
29,49,48,55,62
30,18,54,2,6
31,4,39,16,2
32,26,65,50,27
33,64,22,51,27
34,58,65,12,50
35,5,63,6,26
36,30,10,48,10
37,53,58,52,10
38,12,53,7,41
39,56,20,20,64
40,44,36,40,8
41,33,21,8,53
42,58,28,24,38
43,36,69,3,44
44,54,23,24,18
45,8,26,23,51
46,11,35,36,68
47,47,54,65,61
48,60,54,1,57
49,1,15,27,63
50,25,0,20,33
51,52,16,15,0
52,56,14,61,3
53,15,61,6,23
54,21,38,43,1
55,29,8,48,8
56,21,15,28,45
57,7,58,58,5
58,48,29,58,31
59,24,60,61,35
60,17,56,54,12
61,42,13,24,37
62,1,21,65,18
63,59,51,13,48
64,30,59,54,29
65,65,58,59,40
66,13,40,52,51
67,7,42,23,18
68,35,39,36,55
69,4,42,33,45
