0
Grid:
70,70
........@.................@....@.................................@....
.@.@..@......@......@@.....@...@...................@..................
@.....................................@...............@@.........@....
.........@@......@..@..@...........@..................................
.......@..@.....@......@.@........................@...................
........@.@........@@...@....@.@@..........@....@..........@..........
.....@...........@......@@.........................@....@@............
............@.@.@.......@....@.@...@@...@@@.@..@....................@.
.....@.@.......@......@..@....@......@..............@.................
.@...........@...........@......@........@..................@...@..@..
.@@@..........@.@...................@.............................@...
@.....@..@....@...@................@...............@......@...@.@...@.
....@.@.....@........@...........@@.................@...@.....@.@@...@
.......@....................@@.............@................@.....@...
.@......@....................@...................@...@.......@........
.....@.@....@......................@.@........@.......@...@...........
........@@............@......@.@........@..@.........................@
..@...@@...................@.........@................................
......@@................@@...@.@..@.....@...@......................@..
..@.....@.......................................@......@...@......@...
.............@..........@.......@....@............@................@.@
............@..@.....@......@.............@....@@..@@..............@..
....@......@...@...........@.@..............@...............@.........
....................@....@.......@.....@..............................
.........@.@....@.@..@................................................
..@.....@..@............@..@.@......@@....@......@.......@.........@..
.@@...................@.............@....@@...........................
...@.....@..........................@...@.......@.............@......@
....................................@@..@.@.....@..@..@..........@..@.
.............@.........................@@....................@......@.
@............@.............@.....................@..............@....@
...........@.....@...................................@...............@
.@................@@.........@.......@@@..........@..........@@.......
............................@.............@..@.......@......@........@
..................@..@.....@.......@......@..@.................@......
..........@..................@......@........@........@.....@..@......
.......@........@.........................@.......@.@.........@....@..
.....................@....@@..@..@..................................@.
.........@.........@.................@................................
....................................@.@.....................@@.@..@...
..........@....@..@........@..........................................
.@....@...................@......@......@..@.@...........@..@.........
...@....................@...@.........@.................@.@.@.........
..........@......@.......@...@.................@....@........@........
..@....@.....@.................@.@@...................................
......@..............@......@@...............@........................
.......@.......................@.................@............@.......
..................@..@.@.........................................@..@@
....................................................@......@....@...@.
.....@...............@......@.....@......@....@.@.......@....@........
.....@.......@@..@..@..@@....@..@@..@.................................
@...................@....@..@.......................@@..@.............
.................@.....@.@.............@.....@.......@@...............
...........@...@@....................@................................
................@......................@............@.....@....@......
.@...@...............@........@.@.......................@...@@........
...........@........@...@@...........................@.@..............
@.........@..@..........@@....@........@.............@................
..........@...@.............@.@.......................................
.........................@............@.@......@@.....................
.@...................@.....@......@.....@................@..........@.
...........................@..@.....@............@.............@......
.@............@.....................@...@........................@@...
...@....................................@@..@...@..@.@@...............
.......@..............@......@..@....@.......@..@........@..@.........
............@.@......@......@........@.@.......@......................
@............@......@....@..................@@.........@.@............
..@.......................@................@@.....@...................
@...@................@.@.....@..@......@..@........@.....@...@........
..............@@........@........@.....................@....@....@....
Agents:
75
0,37,36,67,61
1,21,10,10,46
2,41,14,21,60
3,69,69,21,26
4,52,21,64,10
5,56,68,23,34
6,32,40,65,54
7,35,55,37,25
8,51,35,41,10
9,61,0,55,7
10,48,55,65,26
11,62,68,11,15
12,62,15,2,68
13,20,58,15,63
14,15,2,40,22
15,16,64,58,37
16,60,20,39,29
17,4,11,44,51
18,43,21,43,57
19,32,13,35,14
20,67,3,17,32
21,48,48,67,52
22,48,22,51,45
23,35,50,59,33
24,52,37,46,39
25,58,35,57,17
26,17,43,34,15
27,22,53,14,67
28,49,63,2,35
29,5,53,5,58
30,50,31,13,38
31,57,61,53,28
32,62,39,53,20
33,37,34,16,24
34,14,47,24,64
35,1,58,34,6
36,37,41,53,65
37,10,63,45,41
38,37,35,31,59
39,12,22,43,6
40,63,67,61,12
41,38,60,18,58
42,7,56,39,58
43,68,17,19,22
44,35,44,16,17
45,58,12,28,35
46,69,23,54,54
47,20,40,1,17
48,42,33,10,49
49,16,7,32,15
50,53,12,33,1
51,16,16,50,38
52,52,12,5,45
53,37,59,7,2
54,23,2,38,3
55,67,69,37,13
56,27,27,32,32
57,14,42,38,36
58,34,3,31,58
59,43,62,17,51
60,23,8,3,28
61,17,22,56,1
62,25,4,7,56
63,43,34,27,2
64,55,65,26,23
65,3,66,59,5
66,51,55,42,40
67,49,45,28,58
68,20,55,53,1
69,15,0,32,46
70,66,63,67,13
71,26,0,25,47
72,69,13,60,30
73,34,61,8,43
74,54,24,20,57
