0
Grid:
70,70
@.@...@.@@.@.@..@....@...@.@.@...@..@.@....@....@.@..@......@.@.@@....
.....@...@.........@..@.@.......@....@......@.@@...@...@....@.....@...
.....@@....@.@@@.@@...@......@@.@@.....@@...@.@......@......@.........
..@...@...@.@.........@@@.....@..@..@@...@.@......@.....@.....@..@.@@@
...@@.@..@.......@....@..@..............@.....................@..@@...
.@.......@......@.........@.....@.@@.@.@...@.@@..@..@...@@...@.@...@@.
@.@@..@@@.........@......@..@.@......@.@@@.@.....@...@.........@@.....
......@...........@.@.@.@.@.@..@@@.@.....@@......@..@.@..@.........@..
...@@@........@.@..@...@@.....@.....@.......@..@@.@..@@.@@..@..@.@.@@.
..@.......@............@.........@.....@......@...@.....@......@@.@..@
.@.@@..........@@....@...@..@.@....@..@..@.@@........@.@@......@@.....
......@.@@.@........@........@.......@.@...@..@.@........@..@.@....@..
.@...@...@......@.@.....@@..@@...@@....@@....@.@.......@...@......@...
.......@.....@@.@@@..@@@.@....@@.@............@...@.........@.......@.
@....@....@...@..@..@@.@.................@..@......@.......@.@...@....
.......@.......@.@.@@.@@.@...@............@@@@....@..@..@...@@......@.
@@@@......@.@.....@..@...@..@.........@.......@....@.@.@....@.......@.
.@.@.@.....@...@....@..@....@@@..@..@..@......@@@...@...@..@.@...@..@@
.@...@.@..@..@@..........@@......@....@..@.....@......@....@......@@..
@....@.@..@.@.@.................@.@...@.........@........@.@@.........
@@@@@........@.@@.....@@...@..................@@@...@@.....@..@.@.....
..@@@@.....@..@.....@..@@..@.@...@@...@@@...@@..@....@...@@....@.@@...
@...........@@..@..@@.......@@.............@..........@@.@.@.@.@.@...@
@......@..@..............@.@..@@@@......@.......@......@..............
.......@..........@......................@@...@......@.........@..@...
...@..@......@..@....@.@........@...@..@@@......@@....................
........@.@.@..............@.@.....@....@.@.....@@...@..@.@.@....@....
........@.@@.@.@....@.........@@....@.@.@@...@...@@.@......@@@...@.@..
...@......@.@..@.................@@......@@..........@................
....@....@.......@@.@...@..@....@@@@.@@.@@@.......@@@....@.@.@@....@..
@@...@........@@..........@.......@@@@..@..@...@.@...@@.@@..@@@.@@.@@@
@.@@.@@.@..@@@.@..@.......@..@..@...........@....@..@..@........@.....
.@..........@.....@.@.@......@@......@@...@...@..@...@.........@.....@
@...@.@@.....@@............@@@...@.........@..@.@@.........@.........@
.........@.......@.......@................@@...@..@@...@...@....@.....
......@.....@.....@.@....@.................@...@@@.@...@.....@@.......
..@......@......@@....@.@.@.@@@..........@.@.....@@......@............
@..@@.@@@@@........@@....@....@..@.@@..@.@@@..@....@...@.....@@..@....
...@.......@.......@....@.@......@@.@....@...@.@..@@..@..@.@..@@...@@.
@@.@.....@...@@..@.@.@..@......@@@...@.........@@.....@@..........@.@@
.@@.@@@@........@.........@..@@@@@@.......@@@..@...@...@...@.@..@@....
.....@..@..@...@........@.......@@.....@@@@..............@............
.@@@...@....@...@.....@.@.@...@.@...@..@@.@....@...........@...@......
@..@...@...@..@......@.....@@.............@.@...@......@......@...@..@
.....@@@..@...@..@......@@.....@...@...@......@...@@.@@.@@..@....@.@..
..@.....@..@.@........@@.......@...@@..@@.........@.@......@@.@@...@@.
.@...@@.@...........@......@...@.@..@@@@..@..@...@..@....@............
.@.@...........@..@@..........@...@@......@.......@@@.......@@@.......
.....@..........@..@...@.@.....@@..@.@......@..........@..........@@..
......@@.@@....@@.@.@.......@...@..@.@....@..@..@....@....@.........@@
@.@@.@....@.@...........@.....@@........@...@....@........@..@........
..@........@.@@@@.@.@.@.@.@...@.....@.@.@......@..@@@....@...@@.......
.@.@....@...............@...@...@@.@............@@......@......@@...@.
..@@......@.................@.@.....@.@...@.@.@.@........@.@@@.@@@.@..
@.......@.......@...@.....@@.........@..@@@....@.@...@........@.....@@
.@....@.........@..@.............@..........@..@@..@...@@....@.@.@@..@
...@..@.@....@@@..@@.@@.@.@..@..@@...@@.@@..@.@...@.@@..@@@...@.......
..@@.@@..@...@.@@@....@.........@..@..@...@@.....@......@.@@.....@....
..@@.......@@....@.@.@....@.....@...@..@........@.@....@..........@@@.
.....@.@@@...@............@....@...@...@.........@@.......@...@..@.@.@
.@.........@............@..@@....@.........@@@....@@@..@.@.....@...@..
............@......@..........@@.....@.@.@....@.@.....@.....@@@.......
.@@......@...@.@.@..@@.@..@..........@@..@.@.@..........@.@.@.......@@
.@........@......@..@......@@.@..@....@.@..........@....@....@........
...@......@...@..@.@.......@...@.@@..@@..@.....@....@@......@.@.@.@..@
.@........@...@...@.@@@..@@@....@.@.@.@@@...@..@....................@.
..@@....@..@..........@.@@.......@.@......@..@...@.....@...@..@.@.@...
.....@.....@.@.@@@@@..@.....@@.@@..@.@....@.@@@@@...@....@...@..@..@..
@.........@@.@...@..@..@@..@......@..@................@......@@......@
....@.....@@...@.....@........@.......@.@.....@.@@@.@........@@....@@.
Agents:
85
0,56,63,28,68
1,12,64,45,48
2,39,30,35,63
3,34,39,24,16
4,41,13,28,44
5,39,60,14,45
6,13,64,0,49
7,32,32,38,44
8,23,35,47,2
9,10,34,62,57
10,31,65,61,66
11,43,18,6,61
12,3,20,30,29
13,2,24,51,63
14,14,35,50,63
15,16,63,52,43
16,2,61,2,2
17,54,44,7,8
18,3,39,28,56
19,67,53,39,42
20,41,19,60,26
21,14,16,42,15
22,54,65,33,54
23,61,20,68,8
24,36,20,6,51
25,11,15,3,8
26,45,48,43,24
27,48,62,27,21
28,24,35,60,0
29,47,49,18,37
30,32,40,60,56
31,37,48,20,38
32,47,53,2,27
33,6,55,48,49
34,43,65,20,30
35,13,29,52,14
36,4,38,27,1
37,8,52,63,66
38,28,52,69,22
39,65,48,11,33
40,63,13,38,65
41,11,54,2,62
42,8,9,60,2
43,38,52,8,10
44,14,25,12,11
45,45,26,49,50
46,4,53,60,13
47,52,52,55,25
48,35,8,39,39
49,41,49,54,38
50,12,54,52,50
51,40,52,5,69
52,57,27,4,36
53,7,68,15,63
54,30,29,34,34
55,20,65,7,63
56,38,2,36,37
57,7,51,32,8
58,48,33,2,50
59,66,12,32,3
60,27,69,61,28
61,47,9,61,68
62,40,8,1,30
63,69,26,23,58
64,14,26,50,16
65,48,39,11,26
66,64,56,58,69
67,33,18,24,67
68,25,42,35,37
69,46,53,24,59
70,21,62,51,32
71,11,10,8,55
72,47,58,33,17
73,3,66,15,35
74,2,45,58,45
75,48,61,40,20
76,61,68,61,32
77,14,64,62,10
78,16,31,48,63
79,30,51,9,26
80,38,58,16,7
81,57,12,33,68
82,61,34,37,45
83,27,7,22,41
84,67,59,17,60
