2
Grid:
60,60
....................@..............@..............@.........
..........@......@......................@...................
........@......@................................@.........@.
.........@..............@.................@.................
...................@............................@...........
...@..........................@...@.........................
.....@..@.........@.........................................
............................................................
............@..@..@...................@.......@.............
.............@..............................................
........................@...........................@.......
............................................................
...........................@...............................@
........@...............@........@.............@.......@....
..............................................@.....@.......
....................................@.....@.......@.........
..............@......@..............@...@...................
...@.@................................@.....@...............
...........@................................@............@..
@..................@....@.@.............................@...
........@.............................@.........@......@....
............@...............................................
................@@..........................................
...........@................................................
...@...............@...@..........@.@.....................@.
...............................@............................
.................@....@..@.....@...............@............
.................................................@..........
....@....@.........@.....@............................@.....
.......@.........@.......@..................................
........@@................@...............@.................
.........................@..................................
...@........@.....@........@............@...................
....................@.....@.................................
.....@.......@....................@.......................@.
.@..........................................................
....................@.....@.................................
..........................................@............@..@@
@.......................................@.................@.
...................................@........................
...................@.@......................................
....@.....@.......@..............@..........................
.......@..........@@.......................@................
...............@............................................
...@..............@.............................@.@..@......
..............@.................@...........................
.................@..........................................
................@...........@..@@......@.................@@.
..@................@.......@......@..................@......
............................................................
...........@....@@.....@.@.........................@........
..............................@.@...................@.......
...@..@......@......@.......................................
............................................................
.........@........@........................@...........@....
....@@........@...............@.............................
...............@.@...................@................@.....
........@.....@......................@.............@........
........................@...................@...@.....@.....
............@...................................@...@.......
Agents:
40
0,16,8,16,12
1,25,35,3,7
2,11,10,31,51
3,35,2,9,8
4,21,23,10,58
5,21,24,10,56
6,9,6,38,9
7,13,56,18,27
8,23,35,46,22
9,0,47,19,25
10,53,18,45,30
11,14,33,50,37
12,41,3,30,29
13,21,55,54,35
14,20,5,19,6
15,51,9,20,39
16,38,38,24,45
17,52,39,25,52
18,53,8,31,4
19,8,21,36,38
20,51,22,25,48
21,20,1,53,53
22,12,12,27,24
23,24,29,44,26
24,0,9,58,21
25,41,52,33,48
26,56,1,0,43
27,21,18,16,30
28,1,26,26,39
29,4,4,13,12
30,4,14,11,46
31,57,4,43,32
32,54,29,44,32
33,22,45,13,35
34,41,22,49,56
35,20,41,5,38
36,27,46,53,58
37,41,50,47,49
38,51,34,2,18
39,37,27,28,41
