1
Grid:
70,70
..@.@@....@............@..@...@.@@.@........@.........@.@..@.....@..@.
.......@..@..@......@@......@..@@@...@@......@.@.@......@...@.........
.@......@..@....@@...@.........@...@...@....@...............@....@.@..
.@....@...@@.......@....@.........@...............@@@....@............
@.........@..@@.........@..@..@...........@..@..@...@.......@@@@.....@
.@@.@.....@@.......@@.......@..................@.........@....@.......
..@.@......@...@..@....@.@@..@@.@...........@.......@..@.@.@..........
.@..@.....@@........@.......@..@...@..............@......@.@@...@.....
..@.@.@..@.@.@....@.@......@..@@...@.............@..@.@@@.....@.......
.@@......@........@..........@.@@@....@@.........@.@...@.@.....@...@..
.....@.......@.@..@..@.....@.@....@.@.@..@..@@..@..@........@........@
......@@@..@@.@......@....@@.@..@..@.......@@.......@...........@....@
@@......@..@..@@....@..@...@...@........@.....@.......@...@.......@...
....@...................@@...@@...........@...@...@..........@..@.@@..
@...@........@......@@.............@..@@..@......@.@.........@@.....@.
..@.@...............@.@@.......@.........................@.....@....@.
@.@..@.@.@.@...@..@...@......@.....@@@...............@...@...@@....@@.
@..@..@.@......@@@.....@......@@.@..@@.....@..........................
.......@@...@@......@@.@.@.@.@....@.......@...........@.........@@...@
............@@..@...........@@.........@..@......@.......@@.........@.
............@....@.@......@.@.@..@@..@.....@.@.........@@........@....
.@.@.@.@@.....@...........@.........@.@...........@.......@@@......@@.
@...........@....@@......@.....@...@.@....@.......@..@............@@.@
.@...@.....@..@....@@.@......@....................@....@..@.@.........
...@..@.@@............@...................@.........@....@........@...
....@.......@...@.@..@@....@...........@.@@.......@@.@...@............
..@@....@....@@.....@.@.............@.@....@@@....@.........@.@......@
@.@@.......@....@..@@....@....@........@....@..........@........@.....
....@@............@...@@@.@..@...@..................@..............@@.
@@.@..........@@@.........@..@...@..@@@.@.....@...@..@@....@...@......
..@.@.......@.@....@.@..@.@..@.@.@.@....@..@.@@.@............@....@@@.
..................@..@.@........@.....@......@@@.............@....@...
..@..@...@.@...@........@..........@@..@.......@.........@.@@.@....@.@
@@..@...@@...........@.........@@.....................@.@...@@.@......
.@.@.........@..........@..@...@............@....@...@@....@....@...@.
.@...@........@.@@@..................@.......@..@...@....@......@.@...
..........@@..........@@..@..@.@............@....@.@@@...@..@...@.....
.@.....@@..@.....@......@@....@@..@.@..........@.....@....@@....@.@...
........@.........@@.............@...............@...........@..@.....
.......@.@.....@.@..@...@.....@@..@.........@...@..............@@@...@
@............@@@..........@.@@...........@@........@...@.@.........@@.
.....................@....@...@.....@...............@.......@.........
....@.............@@.@@..........................@..@...@@.......@@...
.........@...@......@.....@@.....@.@@@...........@..@@.....@.....@.@..
..................@....@.....@....@@@..@..@....@.............@@@..@..@
...@@................@....@...........@...@........@..@@.@@.@@.@......
........@.@.@...@.....@..@.......@.........@@..........@@.@...........
.....@@....@...@.@.@...@@.........@....@@@@..........@@@.....@@.....@.
.@@..@..@@....@.@@........@.@..@..@@....@.@....@@...........@......@..
@...@..@.@....@@......@.......@.@..@..@.@.@......@..@.@....@...@......
.@....@.@....@.@...................@@.....@@......@@...@.............@
...@...@....@...@................@@@..@...........@.@.......@@........
.....@........@.......@.@@...@...@.@................@..@...@.@...@....
....@.....@.@....@.....@@..@@............@@....@@.............@.......
@@.@..@.@@..........@.....@....@@....@...@@......@@............@@.....
.........@...........@.......@..@.........@.@..@..............@.@@....
.........@....@.........@@.@@.@.@...................@..@@...@...@@....
.@......@.....@....@...@.@..@....@...@....@........@.....@..@.......@@
......@@.....@....@@.@..@......@@......@@.....@...........@@@.........
..@.@.@....@@......@..@........@@..@..@....@.@..@.@.@....@....@.@....@
..........@..@....@.......................@.@@.@...@....@.@......@@...
....@.@.@.........@................@......@.......@@@.@@.@.......@....
...@.@..@@@...@....@..@@.@.....@......@.......@.....@.@...@..@...@.@..
..@.@...@.................@....@.@....@............@..@.@.......@@....
....@.@.....@............@......@..@....@......@.............@.@......
@@............@.@...............@.............@...@.......@...........
........@...@@......@@............@@...........................@.@..@@
@.@...@........@.......@@....@..............@.@.@.@@@@..@.....@..@.@..
...........@.............@....@...@..@..@.@...@..@...@........@@......
@.@......@.......@.@.....@..........@.........@.@..@...@......@.@.....
Agents:
70
0,19,51,28,45
1,11,16,53,16
2,43,29,38,13
3,10,47,38,55
4,60,27,17,67
5,42,51,0,47
6,15,61,17,14
7,51,53,52,58
8,47,4,20,25
9,33,53,16,43
10,56,42,54,22
11,59,13,55,58
12,68,20,25,23
13,45,1,6,9
14,21,62,55,35
15,39,11,21,34
16,25,20,56,1
17,36,41,1,40
18,8,53,4,40
19,36,63,63,41
20,39,28,7,22
21,39,38,45,1
22,65,27,11,36
23,61,0,30,42
24,8,46,50,62
25,52,34,6,31
26,6,37,50,9
27,38,40,31,44
28,3,45,14,26
29,21,40,55,59
30,64,15,66,26
31,49,13,26,68
32,18,37,49,11
33,6,17,7,51
34,5,61,39,19
35,50,16,48,4
36,32,8,48,41
37,45,64,51,69
38,1,39,59,46
39,49,60,25,49
40,13,68,37,39
41,50,65,36,58
42,37,32,42,27
43,37,14,3,12
44,42,69,5,45
45,34,23,10,55
46,8,23,63,27
47,63,60,19,5
48,56,21,18,50
49,0,20,46,63
50,20,51,22,41
51,37,52,25,67
52,35,58,41,58
53,69,20,27,65
54,57,10,65,23
55,24,60,13,18
56,32,51,37,50
57,52,8,27,46
58,19,62,37,13
59,45,12,42,11
60,40,59,22,52
61,31,16,65,26
62,64,60,6,27
63,31,52,2,38
64,58,0,54,30
65,53,57,10,3
66,36,38,38,66
67,39,4,54,60
68,45,7,14,41
69,35,42,13,32
