0
Grid:
70,70
.....@..@.....@@..@.@...@@...@.@@@....@.@.@....@..@.....@.@@...@@@...@
............@...@@..@@....@.@@@.@.....@....@..@...@@.......@@......@.@
.......@.@.@...@.@.@@....@.@@.@@..@...@..................@@...@.@..@..
..@..@.....@.....@.@@@...@...@.....@.@@@@@..@.....@.@@@....@@.@..@@.@.
.@...........@.@.....@..@@.@@@........@.@.........@.@......@..@@....@@
@.@@...@.@.@........@@...@....@@@....@..@.@..@...@..@..@@.......@@...@
.@....@..@@.........@.@.@..@..@....@.....@.@@.@.@.@@..@.@..@......@@..
..@@@@.@..@@@.@.............@@@.@..@@..@@......@@@.....@...@..@.@.@...
.@@@..@.@.@@@.@.....@@........@@....@....@...@.....@@@.@..@....@...@..
@.@..@...@..@..@.@........@...@.......@@............@...@@....@@....@@
.......@....................@.............@.@..@....@...@.@@@.....@...
@@.@..@@@.@...@.@.@...@@....@.@..@..@..@@@@@..@................@......
.@.@.@.....@...@..@....@@@@..@......@..@...@...@....@...@.@@....@.....
.@....@...@....@@@..@.@.@.@..@.....@..@.@..@@@.....@@..@.....@...@@..@
.@.@.@...@.@@..@.@@.@......@@.@.......@@.@@@..@...@@@@@@......@@@...@@
......@@..@.....@@..@.....@.@@........@@@@.@..@..@.@........@..@.....@
.@.@..@.@............@@...@..@.@..@.@....@..@.@...@........@.@@@.....@
.@..@@@@@...@..@.@........@@@.....@.@..@@@....@@..@@.......@.......@@.
......@..@@......@@..@.@.@...@...@....@....@...@@.@@@.@..............@
.@........@@.@.@.@.....@..@....@...........@....@...@...@.@....@......
@.@.@@..@..@......@@...@@..@@....@........@....@.@@..@.............@.@
.........@.....@.......@@...@....@......@.@...@...........@......@.@..
@....@@......@.......@@..@...@.@..@...@@..@....@.....@@@@@@.....@@....
.@......@@@.......@.@.@..@@@.....@.....@......@@@@...@.@..@@@.@......@
...@@....@.......@.....@.@...@@..@@...........@....@...@@...@@..@@....
@...............@..@..@........@.......@.@@.....@.....@.@...@@..@.@...
..@.@.@..@...@@@@@@@..@@.@.....@@.@@@.@.@......@@........@...@.@@.....
.@@..@.....@.@@@.....@.@@.@..@..@....@.@.@..@.@.@@@...@..@..@.........
@.......@......@@@.@@....@.........@......@.....@.@..@..@.@@@.@...@..@
.....@..@@.@@.@...@@@...@....@@..@.@@@.@.....@.......@..@.......@.....
@@...@...@.@@@..............@@...@...@....@.@.@.@@.....@.@@......@....
....@.@.....@....@@..@...@@@@...@.........@..@@.@...@..@...@.@...@....
..@@@@@.@@..@.@@.....@..@..@@..@@.@@.@.@.@@@......@@...@.@..@....@....
@.@@.@@............@.@@...@@@.@@.@.@.@@.@.@...@@@@...@..@..@.......@..
....@...@............@...@.@........@@....@.@..@@.....@....@@@.@..@...
.@@....@..@..@.@..............@..@@@..@..@.@@.@.@.@..@..@....@.....@@.
@...@....@..........@..@..@...@@...........@..........@...@..@.@.@@@@@
.@@@@@@..@..@....@....@........@@.@...@.@.@@@@@....@..@.@.@.@.....@...
@..@....@.@....@.@.@@....@@......@..@@.@..@...@..@.@.@.@..@@......@...
@.@@.@.@...........@....@........@@...@@..@...@.@.....@.@.@.@...@.@@.@
@..@...@.....@@.@.@.@.......@@@...@@@.@....@......@....@...@@.@@@.@...
...@@@...@@.@...@@.@@....@@.@@..@...@.@....@.@.@@..@.@.@.@....@......@
..@..............@@.@.@.......@...@....@.@@@.@@@.@@@..@..@@...@...@@..
..@.@..@...@@.@.@...@@@.....@....@..@..@..@@...........@...@@.@..@@.@.
........@.@...@...@.@.@.@....@..@.@@.@...@@....@.@.....@...@....@.@...
...@..@...@.@@@............@.......@............@......@....@@...@@@.@
.@@..@@@..@@@....@.@.........@.....@.....@.@......@........@.@...@@@..
.......@@.@...@....@.@...@@@..@..@......@.@@.....@@@@@@.@...@..@@.@...
@.@.@.@.......@@@@.@...@..@@.@...@...@.@@...@.@.@.@...@@.@..........@.
.@...@.@.@@.@.@.@...........@...@...........@.@..@.@...@.@.@.......@..
@...@@...@.@.....@...@......@.@.....@.@...@@.........@.@.........@.@..
..@..@..@.@.@......@@@.....................@....@@.....@.....@.@......
......@@...@@.......@.@.@..@...@@...@...@..........@@..@@.@@.........@
@.....@......@@.@@@.........@@.@..@.....@@..@@......@.....@....@....@.
...@@.@..@..@......@..@@.@...@@..@.@.@@..@...@@......@...@...@@.......
...@..................@...@.....@@....@@@.......@@@@.@........@.......
....@.......@....@...@...@.@..@......@.......@@@..@@...@@.@...@.......
.@.....@.......@.@..@..@.@.@@@...@....@@@..@......@.....@.....@..@.@.@
.@.@.@....@.....@.@.@@...@...@..@........@...@.@.....@...@@..@..@@....
.@@.....@@.@@@@..@...@..@@.@@.@@@........@.....@....@...@.@...........
..@...@.......@@@.@......@..@@..@....@.@..@........@.@...@.....@.@@@@@
..@@....@...@@@.@.....@@...@..@.@@@.........@..@.@..@.@@@.@.........@.
@....@@...@...........@..@@@.@.......@@....@....@@@..@@@...@.....@@@..
....@@@....@.@.@@@.....@....@..@@.@.@.....@..@..@..@@..@.@@@...@@@@@@.
..@..........@@.....@...@@@.........@...@..@.@.@...@@@..@.@.@.@@@.....
...@..@@.@@.......@@...@......@.........@...@.@.@..@.....@.@..@....@@.
..@.@..@....@@.@.@..@.....@....@..@....@...@...@..@@.....@............
.@..@..@.@.@......@@....@......@..@.....@.@.....@........@@@...@@.....
@...@....@...@....@...@.@...@@....@.@.@.............@@@@...@.@@....@@@
@.@...@....@@.@....@....@@@.@@...@.....@@.@....@@...@....@@.........@.
Agents:
45
0,57,24,34,67
1,26,27,57,2
2,3,36,23,35
3,63,22,51,18
4,57,41,41,63
5,8,47,46,56
6,7,44,47,47
7,2,55,46,39
8,56,26,14,56
9,30,25,16,5
10,20,7,17,65
11,41,68,20,3
12,25,62,43,56
13,51,54,45,22
14,61,9,53,30
15,51,56,20,29
16,23,16,6,14
17,23,15,20,16
18,59,69,57,31
19,45,56,21,56
20,40,6,57,54
21,62,28,61,28
22,21,35,31,53
23,37,69,50,32
24,60,22,18,5
25,50,69,23,30
26,21,56,47,4
27,50,34,19,49
28,37,35,52,65
29,46,69,2,42
30,0,22,19,54
31,32,26,48,42
32,41,52,56,28
33,60,45,13,53
34,40,27,62,68
35,20,21,35,27
36,28,64,15,22
37,8,23,64,1
38,6,40,59,20
39,10,1,40,40
40,4,5,15,54
41,66,14,38,30
42,30,7,53,60
43,28,29,67,46
44,18,67,69,41
