1
Grid:
70,70
@.......@..@.@.........@@..@...@@@....@.........@....@@..@.@.@....@.@.
..@....@..@.@..@...@.@.@........@......@..@.@@...@@.@.......@.....@@@.
.@..@@@......@@@@..@.@............@@...@@.@@.@...@..@.....@@@@@.@@@...
.@...@@.@..@@...@@.@@@.......@@@.@@.@..@.@@.@...@.@@..@....@..........
.@........@...@.....@.@.@.@@@...@..@@@@.@..@....@@.....@....@.........
.@..@.@.......@...@..@........@@..@@.....@..............@@.@@.@@@.....
...@@@.@@.....@@.......@........@..@@...@@.@....@@.@.@@..@@.........@.
....@....@..@..@..@.@@@..@.@........@@@..@..@@.@..@...@...@..........@
.....@@..@.@..@......@..@.@.@.......@...@@..............@.@......@.@.@
@.@..........@@..@@...@....@.....@@...@.............@@..@.....@.@.@..@
.@...@...@.@@.@...@.@...@@@@.@@...@....@...@....@...@....@@....@.....@
.@@...@...@..@@@......@..@.@.@@.....@...@...@...@.....@@....@.......@.
....@......@@.......@@....@....@.......@@...@@.@..@....@.............@
...@......@...@....@.@.@..........@@@..@.@@..@@.....@.@@......@..@..@.
..@@....@..@..@@.@.@.@@.@...@..@.....@..@.@@....@@.@...@.@.....@......
@...@.....@..@.@...@.@@.@..@......@.@......@......@.@..@....@.@@..@.@.
.@...@...@@@.....@..@..@@...@.@..........@.@@..@..@....@@.....@..@....
@........@...@......@.@@....@.......@@.@@..............@..........@.@.
.@@@...@@..@@....@......@@..@.@.@....@.........@@@..@........@@.@.....
...@@@@....@....@@......@.@@@@@........@...@.@@...@.....@@@...@@..@..@
..@.....@.....@...@@@..@@@...@......@@.....@@@..@.......@@.@@.@@......
.....@..@@@..@@....@@.@............@@..@@....@....@.@.@..@..@.@@..@@@@
@@......@@..........@...@.@.@........@..@.@...@.@..@..@@.@.@.@......@.
...@.....@..@...@@@@.@......@........@.@@.......@......@.....@.@@.@...
.@............@.@@@..@@@..........@@.....@.@.@..@..@.@@...@..@...@....
@@.@@@@.@...@@.......@@@...........@.@..@@.@@.@.@....@@..@....@@.@....
.@....@......@...@@.....@.@......@...@...@@@..@..@@....@@@.@@..@.@@@@.
...@.@.@....@...@.@.....@...@.@@........@...............@@.@..@....@..
.....@@@......@..@....@..@..@@..@@@..@@.@..@@.@@@.@.@.........@....@..
...@.@.....@.@.@.@.@....@.@...@...@.@..@..@........@@@.......@.@@..@@.
..@@..@...@..........@.....@.@@..@@@@@..@.......@..@....@..@@..@.@....
@@.@.@....@........@...@@@.@..@....@@.@@..@@....@.@..@.@@..@@...@...@.
@@...@....@.@@...@.....@..............@.@...@..@...@@.....@....@.@....
...........@...@.......@@......@@..@@@.@@..@@.@......@......@..@..@...
.........@....@.@@@@.@....@....@.......@@.....@.@...........@.......@.
...@@@...@.@.@@..............@..........@......@......@.@......@@..@..
...@.@@@...@@@@@.....@.@..@....@....@.@.@.@..@....@@..@......@......@@
.@..@@..@......@......@...@.......@.......@@..@.......@.@@.........@..
.@.@.......@.@@@...@@.@..@..@......@@...@.......@.@@.@.@@@..@....@....
.@.........@.....@.....@.@...@@.@.@...@........@...........@.....@@.@.
@...@.@@.@..@........@@@@.....@..@.@@...@.....@.@........@.........@..
...@...@.....@.@......@@@....@@...@.....@...@@...@.@@@@...........@@@@
@.....@@..@...@.@..@@.@@......@@.@.@.@...@....@..@@.@..@..@......@.@@.
........@.@.@@.@@.....@.@.@..@......@..@..@.@...@..@@@@.@..@...@......
.....@..@@...@.@.@..@..@......@@@.@@..@...........@.@...@@@......@@.@@
.@...........@@@....@...........@@@....@..@.@...@..@..@.....@@....@@.@
@.@...@......@.@....@..@.@@.@.................@..@.........@.@.......@
@@.@..@..@....@@..@@..@@.@..@.@..@.......@..@.@...@.@.....@..@@....@.@
@...@.@......@....@.@.@..@@.....@..@...........@@....@@.....@.....@..@
@..@..@....................@@.@.@.@@..@@@.......@..@.@.@..@...@.@....@
.......@..@@...@..@.@.@.....@...@......@@@.@...@.@..@..@.....@....@..@
..@@...@@.....@..........@..@.@......@...@.@.@@.@..@@.....@.@..@......
..@@..@..@.@@.......@@..@.@........@@@@.....@......@@...@@.....@...@.@
..............@.....@........@@@@.........@.@@....@....@...@...@@.@..@
.@@.....@..@.@..@@.@@...@.....@....@...........@.@....@....@...@...@@.
@..@@@.@.@@..@@@.@@@.....@@..@@....@..@@.@.@...@@@.@@..@....@..@@.....
.@@.@...@..@.@.......@@..@.@.@.....@.@.@@.@.....@.@.@.....@@@@....@@@.
@....@..@....@@..@...@@.@.@..@@@...@..@...@............@@......@..@@@.
....@..@@.@.......@.@@...@@..........@@..........@...@.@.@..@.......@.
...@.@@...@......@.@......@...@.....@...@@...@@@......@........@@.@.@.
....@....@..@@@@....@......@....@@@...@.....@..@@@.@....@.@..@.@...@..
..@...@@.....@..@@....@.@.@@.@@.@..........@...@.....@@@..@...@.@.....
....@.....@.....@@@.....@@@@....@..@@.........@@...@....@......@..@@..
...@.@@@@.@@.@.......@.@@@...@@@@@@...........@@@..@.@..@@..@.........
@..@@.@.@..@.@@.@@.@....@....@.....@@@...@@@.@.....@..@.@......@@..@@@
.@....@..@.....@...@...@.@....@...@.@.@@@.@@...@....@....@@.@...@.@...
@@@..@..@.@...@..@..@.@..@....@...........@......@@..@@@@..@.@....@...
.@@..@@.....@@.......@.....@....@.@@..@@@.@.....@@..@..@@@.@....@@...@
..@@...@.....@@.@.....@.......@@@.@@....@....@@@....@@.@..@....@@....@
...@@.........@...@.....@.@.@..@...@...@.@...@@@@...@@.@@@@@@@...@.@..
Agents:
40
0,31,52,11,65
1,30,39,29,38
2,16,12,37,29
3,62,64,31,17
4,26,20,1,3
5,24,68,9,43
6,65,44,45,57
7,32,22,22,21
8,59,39,48,55
9,61,50,11,46
10,30,69,5,33
11,12,28,21,59
12,39,40,35,15
13,61,1,56,53
14,66,47,69,5
15,47,31,5,7
16,10,65,23,32
17,55,68,9,4
18,5,39,58,47
19,61,45,49,33
20,63,62,38,26
21,9,28,35,30
22,65,31,39,15
23,69,33,26,64
24,25,56,55,32
25,37,58,7,55
26,27,35,7,56
27,53,12,36,41
28,56,54,31,29
29,40,34,40,34
30,13,18,11,23
31,64,48,13,47
32,23,69,47,35
33,39,12,57,44
34,61,37,14,69
35,52,0,60,22
36,37,13,33,41
37,28,66,66,28
38,41,25,27,60
39,50,62,36,22
