1
Grid:
70,70
.@........@...........@.@..@..........@.@.................@.......@...
........@.....................@......@................................
..@..........@...............@...@.....@...@.@.@.....................@
..@...@..........@..............@@.@.......@.....@..............@.@..@
..@......................@.@.....@...........@...@.@......@...@...@...
@....@@@@.......@........@..@@@....@...@...@@......@..................
..@@....@....@..@.......@.......@...........@.@.@.@.......@....@.@....
....@.@....@.....@.........@.....@....@.....@..@....@.................
.....@....@..@........@.@@...@.......@..@.@............@...@...@......
...........@.@.@.....@..........@.@....@...@.................@.@...@..
..@.@.@.....@....@..@.........@..........@...@.........@..@.@...@.....
.....@....@@....@@..@.@..............@..............@.......@.....@.@.
.......@......@......@...@................@..@...........@..@..@.@....
..@.@..@.@...........@................@...@...................@@......
@.@..............@......@@......@......@............@.@........@......
...........@.............@..............@.....@@........@@..@@........
..@.@......@.@.....@.@..................@....@....@........@...@......
..@.@.....@.@.............@.@............@..@..........@...@@..@......
.............@.................@...@.@@.....@.@..@....@....@@........@
...@..........@.........@.@.@...........@.........@....@..............
.....@......@.@.@........@...............@..........@......@.@........
@....@...@....@....@..@.....@...........@.............@.@.......@.@@..
@...............@.....@....@.........@.@@.........................@.@.
@@..@......@..@@..@....@.................@..@....@....................
.@@.......@.@..@.@@.............@...@........@.............@...@...@..
..@......@............@...@...............@....@........@.....@...@...
..@..........@...@.....@..@@.@.......@@@...@....@..@............@...@@
..@...@...............................@...@..@@.@@....................
..........@......@.........................@...@.@......@..@..@......@
..@.....@.@.@.......@............@.@......................@...@.......
..@@.......@@..@.....@..@.@..@.......@..@@@.@@.............@.....@...@
.........@......@..@.@@..@......@..............@....@@......@..@....@.
...@........@.....@.@.....................@..@............@..@.......@
@.@....@.....@.@..@@.......@.@.....@.......@@..@...@......@...........
........@.............@@.@.....@@..........@..@.@...@..@..........@@..
.@@..@....@..@........@...............@.......@.@...@..@...@..........
..........@@...@...@..........@@........@.@...@..@.............@......
...........@...............@.........@.@.........@........@...........
....@.@@.............@....@...........................................
...........@......@.....@.@..........................@................
..@.@@....@.@......................@..@....@.......@....@......@...@..
..........@...@...@......@..@.............@............@............@@
...........@...@.......@.@@..@....@...........@..@..........@.........
...@.@..@@..........@.@....@...............@.........@....@..@..@.....
....@.@.@.@..@....@...@....@.............@................@.@....@...@
.@.....................@................@...@......@.@.@@....@..@.....
..@........@...@...............@...@....@........@.....@@..@..........
...@.......@.@.@.....@...@......................@.......@..@.@....@...
..@.......@......@......@......@...@..@......@@.........@..@.....@@...
..........@.@...............@......@.........@.@...@..@..@........@.@.
@.....@.......@...............@.............@....@.@.....@.....@......
.@.@@.......@.....@.......@...........@@..............................
..............@@......@.@............@..@@............@.@@.......@..@.
@...........@.@..............@.@@.@....@......@@..@..@...@..@....@....
......@...........@..............@.@............@........@...@.@@.....
........@.......@....@...............@.........@....@@.....@..........
........@............@...........................@...@..@@..........@.
.....@.@..@......@..@......................@.....@....................
@............@@@....................@.....@...@..........@.....@......
.............@...................@............@.....@.........@.@....@
@.@..@@..........@@..@....@.....................@.@..@.....@......@...
...@.................@....@.......@....@............@@@..........@@...
...@....@.@.........................@.....@...@...@...@@..............
..@..@......@................@.......@..........@.....@.@@...........@
...@..@...........@.@@......@@....@...........@.@..@..........@.@.....
.....@...........@...................@.........@.......@......@.......
...@.....@...@.@.@...@..@..@...@..................@@......@...@@......
..@...@.....@@...........@....@...@..@................................
..@..........@.@.....@......@.@.@@........@@.........@.........@@..@..
......@...@....@.......@@..@..............@@.@...........@..@.@.......
Agents:
50
0,16,62,4,4
1,58,24,9,38
2,26,16,14,19
3,22,58,55,51
4,35,28,62,53
5,66,59,18,33
6,15,31,45,65
7,64,11,48,50
8,24,37,22,35
9,22,15,17,38
10,43,50,30,34
11,3,48,5,45
12,42,27,29,32
13,19,18,13,20
14,56,67,11,21
15,25,40,21,42
16,24,57,9,44
17,29,19,27,29
18,48,68,42,21
19,13,44,56,31
20,68,14,25,31
21,6,39,46,26
22,57,34,17,0
23,23,32,66,56
24,58,28,13,26
25,64,17,52,43
26,39,35,1,6
27,58,10,46,18
28,51,68,14,46
29,66,4,61,59
30,2,38,52,42
31,3,26,67,23
32,2,44,27,11
33,33,25,56,51
34,23,48,58,34
35,68,5,5,68
36,42,2,64,55
37,40,54,53,24
38,64,23,16,14
39,8,66,25,65
40,46,6,29,45
41,18,63,49,26
42,31,38,16,66
43,16,14,15,13
44,47,63,7,32
45,12,13,46,8
46,64,50,42,37
47,4,28,61,13
48,32,48,59,26
49,4,16,24,48
