2
Grid:
70,70
..@.....@.@.......@@.@.........@.@......@...@.@..@@@...@.@......@.@.@@
@.@@@...@.@@......@....@.@@@..@..@....@@.@@@...........@..@...........
....@.........@.@..@........@@.@.....@..@....@...@@.@...@....@.@@..@@@
..@.@..@...@....@.................@@@.@@......@..@.......@.@...@@...@.
...@......@...@.@@..@@.....@.@.....@@....@....@@...............@@..@.@
........@@...@....@...@.@..@......@....@@.@@...@.....@..@.....@...@@.@
.......@...@.@....@..@...@.....@......@...............@........@@.....
...........@@@..@....@.@@..@......@.@..@......@.@....@..@.@....@@.....
..............@.@..@..@.......@.@..@.....@....@@..@.@@....@..@@@.@.@.@
....@....@...@..@..@@@@.@...@..@.....@....@@@@@.......@@....@.@.....@.
....@..@........@.@.....@....@@.@.@......@...@...@@....@..@.....@..@@.
..@.@@...@..@@....@@.@@@.@.....@....@..@..@.@....@.@.....@..@......@..
....@..@..@..@.......@@...@@.............@@............@....@....@.@..
..@@..@......@@...@..@................@@......@..@................@..@
@...@....@........@@.@...........@@@@......@@....@.@@.....@....@..@@..
@.......@...............@@@..@.......@@.@...@.@...@@@@...@.......@...@
...@..@........@.@..................@@.......@.@.@.....@....@.........
...@......@.....@..@.@......@@......@@.@@....@....@@.@...@..@...@....@
...@.....@...@...@...@...@.@@..@..@@.@@......@.@...@..@.@.......@@.@..
......@.@@....@...@......@..@......@....@.@.@.......@.@.@@........@...
...@@......@..@..@.@.......@...@...@@........@...@@@.@.@....@@@@@@..@.
@.........@................@.@..@......@..@....@....@.........@.......
........@@.....@..@.@..@.@....@......@.....@@@...@@@@....@@.....@..@.@
......@@...@..@....@...@....@.@@...@................@..@...@....@.@...
@@@.@....@...@...@.............@.....@.....@@@@@........@...@........@
....@.@@...@.@@@@..@.@.....@....@@....@......@@@............@.........
@....@@..@@.......@.....@..........@...@......@@............@.@.......
.@..@..@....@@.@.@........@....@@..@..@..@@........@@.@.@.......@..@@@
.@@....@.@.@....................@..@....@..@.........@@.@.......@....@
..@.......@..@......@.@.......@@@.@..@......@.@.@...@@@....@...@..@...
....@........@....@....@..@....@........@.............@...@......@...@
@...........@...@...@.@..@@..@.@.@@..@......@.@....@...@..@@....@.@...
@.@.@.@@.@..@.@@@@....@.......@@.@...........@....@....@.@..@..@......
.@@@....@@...@.@@..@.@@................@..@...@.............@....@@...
@.@@.@...@....@.................@@.@......@.....@............@......@.
..@..@.@....@.....@.@...@....@...@.............@@@.@@@....@.....@....@
@.....@.@.@....@....@......@...@@..@.....@..........@@....@.@.....@...
.@.@..@..@..@..@@.@@...@.......@...@...@.@@..@@@..@...@....@@@..@...@.
...........@..@@.........@@.....@...@....@.@.@...........@............
@.@@@........@...@...@........@..@@.@..@@.@...@...@....@...@...@.....@
@.@....@..@...@....@..@.@..@...........@..............@.@...........@@
@............@.@..@.@@@..@@..@....@.............@..@..@.......@.@.@@@@
@@...@........@.@..@....@.@@@@@@....@..@@.....@.@...@@.....@.@@@......
...@...@...@.....@...@@@...@.@..........@@@..@@@......@.......@..@..@.
........@..@..@.......@..@@..@..@....@...@........@..@.@..@...@.@.....
.@.@@...@..@.......@....@@.@.............@......@.......@..@@....@.@..
..@.....@...@..@@....@...@..@..@..@.......@@..@.....@.@..@..@.......@.
@..@..@.@..@..@..........@..@.@.....@....@...@..@@.....@..@...@...@@..
....@........@@...@@......@.@@@@.@...@......@@.@.@.....@....@..@..@@@.
..@@..@@.@....@@.......@..............@..@.@......@@..........@......@
...@.@.............@.@..@.......@@@.....@.................@....@...@..
@@.....@@.....@....@..@@.............@..@@.@.....@..........@@...@@.@.
..@@.@...@...@.......@..@@.@..@.@.......@.....@.@@..@....@..@....@@@..
.@..@......@...@@.......@.@@....@.......@....@@.@..@@.@@..@@.....@....
@...@...@.........@.@.....@@.......@@..@.@......@@.....@.....@......@.
....@@..@..@..@............@@.@@..@@...@.@.......@...@@.@...@@@.@@...@
@@.....@...@........@.........@........@..@@..........@.........@.....
@......@@.@........@.@...@.....@@..@.@......@...@.....@.@.@.@.@.@@.@..
..@.@......@.....@@...@.@.....@@@....@......@@.@.@...@....@..@........
.....@..@...........@.....@..@........@..@.......@.@.@...@............
......@@.@.@..@..@@..@........@@@.@...@@.@@.....@.@....@.@@.@...@@...@
........@...@.......@@....@..@.@.@...@..@@@..@...........@....@...@.@@
@..@................@..@..@....@...@.......@.@@@......@...@@.@...@....
@...@@....@.............@...@.@..@@..........@@...@.@......@......@.@@
@@@...@.@..@@......@@.@@...@...@@...@...@........@..@.@.@.............
..@...........@..@@@...@..@.................@@@...@.......@.........@.
@@@......@.........@.@....@....@@.@@@@@@..........@.@....@...@........
...@...........@..@@...@..@..@....@........@@@@@........@.......@@....
....@.@...@........@.......@@.............@....@.@..@.@@.@......@@@...
..@...@.......@....@..........@...................@...@.......@@...@..
Agents:
50
0,50,52,49,63
1,59,69,32,24
2,68,7,31,48
3,66,27,15,45
4,43,26,5,38
5,58,51,22,36
6,67,51,59,13
7,68,36,2,47
8,21,2,68,63
9,34,38,34,23
10,34,54,62,56
11,11,29,31,43
12,61,22,24,29
13,6,27,20,38
14,29,29,69,27
15,26,45,9,49
16,31,11,22,17
17,35,57,51,27
18,25,65,44,68
19,32,13,7,66
20,31,57,45,29
21,34,29,56,51
22,15,14,28,45
23,34,36,8,28
24,3,21,49,0
25,45,9,54,60
26,28,38,37,63
27,43,53,7,38
28,69,38,40,45
29,40,23,50,27
30,2,47,11,38
31,6,52,1,7
32,13,62,9,5
33,66,63,30,53
34,55,48,26,50
35,61,17,39,16
36,13,12,62,42
37,7,14,60,4
38,12,39,50,28
39,54,42,18,39
40,4,55,32,42
41,16,10,33,24
42,27,65,60,1
43,5,33,67,25
44,39,20,36,22
45,12,34,42,68
46,52,64,21,61
47,61,51,36,63
48,25,66,45,51
49,34,46,51,47
