2
Grid:
70,70
.......@..@.....@.@...@...@@......@..........@.@..@...@......@.....@..
......@@.....@.....@..@.@....@.@@@....@@@@..@@...@....@.@@...........@
.....@..@...........@@.....@.@......@.....@....@.....@..@@...@@.......
..@@@@..@..........@.........@.......@@........@@@.@@..@.@..@@......@.
...........@.@...@...........@...@......@............@..@...@....@....
.@@@.@.............@..@........@...........@................@..@......
.....@..........@.......@...@........@@.@.@.....@...@........@.@..@...
@.@.@.@..@.@@.............@..@...............@@..@...@.......@........
....@...@...@.@.......@@.@......@@...@...@.....@..@...........@.......
@..............@..@.........@.@........@...@@.......@....@............
.@@......@..@...@@...@......@@..............@.@..@@@..@.....@...@.@...
..........@..@.@...@..@.@......................@...@...............@..
.@..@..@@....@.........@................@..........@............@.....
@.@.@........@......@.........@....@......@..........@..@@...@........
......@......@....@.............@.......@..@.............@..@...@.....
@......@..@.....@..........@........@@.........@..@..@...@...........@
.@.@...........@@@@.@...@...@...@...@.........@@.@..@@...@@.....@..@..
........@.....@.@.@.....@.....@...@@....@@.@.....@..@.................
..............@..@.@.........@.......@....@@..@........@@............@
...@..@..@@....@.@..@...@..@..@..@.@@..@....@.....@.....@........@@..@
.@.@..@@..........@@.@@........@..@....@@....@..@......@@...@.@......@
@@..@..........@@@....@@....@..@......................................
@...@..@@@....@@..@.@.....@..@...................@.@@..@......@.....@.
..@...@........@..@..........@.........@......@..@....@@.@...@..@@.@..
....@......@@..........@......@............@.....@.@..@.@.@@@..@......
@...@@@@..@.........@.....@.@..@........@...@@.........@...........@@.
..@.@....@......@..@....................@@....@.@............@...@....
...@...@....@@@....@.@.....@.@@..............@......@@.@@@.@..........
..@.@.@..@.@@......@......@.@...............@.....@.......@..@......@.
@........@.......@.......@...@.@@.@@..@..@@.@.@....@....@...@@.....@.@
............@.@@...@..@@.@..............@...@...@.@.@.....@.@...@.@@..
.....@..@.......@.........@....@............@...@...@.......@.....@...
..@.@................@.@.........@@..@...@......@.@...@...@.....@..@..
..@@......@.....@@..@..@.@....@......@@.....@.@.@@@.@....@......@..@..
@.@..@..@..@.............@...@@....@.@...@.@@...............@....@....
@..................@.@.@.@..@....@@..........@.....@@...@.@........@..
@......@@.................@..@..........@...........@.@@.@.@@.@@......
.@.@..@..............@..........@.@.@@@..@..............@.@@@..@......
@.............@.....@@....@......@....@....@.........@.@.@@.......@.@.
...........@...@@.....@...@..@.@@..@.......@@@..........@.............
.@@...@..@......@@.....@@.@......@.....@@.......@....@....@..@........
..............@.@.@@..@.....@...@.@.....@...@......@..@......@.....@@@
.@@.@.@..@.@..........@.@..@..................@..@.....@...@...@..@...
@........@@@...@.............@.....@@....@...@...@...@@..........@....
.....@@......@.@..@.....@.@.................@...@....@.....@......@..@
.....@@..@.@@...@.....@.@....@@...@........@@...@.@......@............
......@..................@@........@.............@...............@....
...@..................@@..........@..@..........@.....@....@...@..@...
..@..........@@@.....@.@.....@......@...@.@.....@@@@@@@...............
......@....@@....@.........@.........@.@..@.@.....@.@....@....@....@..
.............@....@@.@.......@.@........@.@.....@.....@..@............
.....@......@..........@.@.@.@@............@.......@........@..@.....@
....@...@@@............@.....@..@..............@.........@.....@.@....
.@.@.........@.............@..@.....@.........@@.@....@........@@@..@.
......@.@@......@.......@................@.......@.@......@...........
.......@.@@...@@............@........@.....@....@..............@@@....
.@.....@@...@..........@@.@...@.@.........@..@....@.........@..@.@.@.@
...@.@..@...@...@@..........@..@......@.....@..@.......@@...@@...@....
.....@@........@..@.@....@..@@...........@@........@@@...@@.......@...
...@.@...@.............@@.......@.@...@..@..@@@......@......@.@@...@@.
@....................@.@......@..@....@.@........@@...@..@....@.......
.@.........@.@.@...................@..........@.....@.....@...@.@.....
..@....@@@@..@..@...@@..@........@..................@.....@@.@@@......
@...........@@...............@@...................@@@@.@........@.....
..@@......@...@@.....@........@.@....@@...........@@....@..@..@.......
..@@..@@.........@..@.......@@..@.....@..@........@...@........@......
...@..@.....@...@@.@......@...@.@.@......@.@.....@..@@....@...@.....@.
.@......@......@..@.........@..@........@...@.......@.........@.@.....
@...@@@..@...@@.....@.................@......@.@..@....@....@@...@.@..
...........@.......@..@.@......@........@.@...........@....@..@....@..
Agents:
60
0,24,31,6,41
1,68,8,56,49
2,10,18,65,57
3,40,18,30,43
4,41,45,49,55
5,23,28,34,7
6,54,68,28,66
7,24,25,1,66
8,49,36,35,68
9,15,58,59,69
10,2,52,61,39
11,45,26,66,39
12,15,18,24,40
13,65,21,25,1
14,10,10,53,6
15,9,10,34,59
16,26,43,45,54
17,54,39,33,55
18,10,42,49,22
19,32,65,14,66
20,47,67,27,62
21,17,42,54,15
22,13,33,7,31
23,39,55,15,31
24,68,51,63,43
25,15,63,62,4
26,9,37,65,15
27,45,15,37,15
28,29,5,7,39
29,33,32,47,1
30,58,14,8,39
31,16,54,6,43
32,6,21,66,25
33,36,9,11,44
34,26,42,11,45
35,4,27,53,31
36,12,52,16,60
37,64,6,68,46
38,52,24,10,38
39,11,27,24,28
40,34,17,52,26
41,63,65,25,56
42,12,26,30,65
43,32,14,41,50
44,9,2,22,19
45,25,29,12,17
46,29,43,18,23
47,11,26,41,65
48,49,33,40,30
49,2,59,39,37
50,60,44,64,64
51,56,19,10,41
52,16,30,49,8
53,30,69,63,31
54,44,60,55,56
55,17,4,17,64
56,46,53,45,61
57,25,61,29,49
58,65,55,65,64
59,43,51,69,2
