0
Grid:
70,70
...........@@....@.@@.@......@@...@..@.....@.@@.@.@...@....@..@....@@.
@..@..@.@....@.@@@@..@.@.@.@@....@@.@@.....@......@..@.........@...@@.
............@@@...@..@....@@.@...@@@@.@@@.@@@@@.@........@.@.@@.......
.@@..@@.@.@..@@..@@....@.@.@.@@.....@@@..........@.@................@@
..@....@....@@.......@...@.@..@..@..@@...@@@.@..@@@@....@.....@..@....
....@@.@@...@@...@@@@...@@..@@.@......@....@...@.@............@..@....
@@........@.....@......@...@@@.............@.@@..@...@@@.........@..@.
..@@....@.@.@@...@.@..@.@....@@.@.@@.....@....@.@.@....@@.@@..@...@@@@
.@@.@..@@.@..@...@..@@..@...@@..........@.@@@@.....@.@@...@@.@@.@....@
...@.....@....@@.....@...@@...@......@....@.@..@.@@.@....@@@..@@......
.@@@........@@.@...@..@..@@..@...@......@@...@........@...@....@.@....
.@.@@.@...@............@.@.@........@@@..@....@@@@...@.@.@.@.@@.@@.@.@
...@....@.....@..@........@@@.....@@..@@......@.........@..@.........@
....@...@.....@...@.@.@.....@..@...@.@...@@@@....@...@.@@....@@...@.@.
..@@..@....@.@..@..@..@.@...@@..@.@..@@.@.@@.......@@....@.@.@@..@....
...@.....@...@.@..@...@.@.@.....@@@@.@...@.@..@...@@@...............@.
...@.@..@.@..@@..@@...............@.........@@.........@@......@@.@...
@@@@...@.@.......@...@@...@@...@.........@.@.@..@........@.@..@...@...
..@..@@@..@@.....@.@@......@.......@@.@........@........@...@......@..
.......@...@.@......@..@.@.@@.@.....@....@........@....@@@...@...@...@
.@@@@@@@..............@@..@..@.....@.@@.@@@..........@.@...@...@......
@...@@.@.........@..@@.@.@.......@.....@.@..@@....@...@@.@..@..@...@..
@..@.@.@@...@.@@...@...@...@.....@.......@..@.@@@..@.@@..@....@@......
.@......@........@.@...@...@.@.@.@........@.@.@.@...@..@.@@@...@......
.@@@...@...@.@@.@..@...@@@.@..@..@@@..........@.@.@....@.@.@.@@@@.@..@
..@.@.@.@@.....@.@@@.@..@@.@..@.@@@.@@@...@..@@..@@@@@........@......@
@@..@.@.@...@.@@@@.@..@.@............@.....@..@.@....@@.@@@.......@@@.
....@@.@@...@..@....@..@@@.......@@..@..@.@.@.@..@...@........@..@@...
@..@.@.@.@...@...@..@@..@@...@@.@.@....@.....@.@....@.@.@@.....@..@@..
.....@@.@..@......@.@.@...@..@.@@..@....@........@..@...@@@.........@@
.........@@..@.....@........@@....@...@@@@...@.....@......@...@...@.@.
..@@@.@..@@@.@@....@....@.@.........@@.@..@@...@.@..@@...@...@@@.@.@.@
@......@..........@@.....@@......@@.@.@.......@@@..........@@.....@...
.....@..........@...@...@..@@....@.@.@...@@.......@.......@.........@@
@..........@.......@.@..@@..@..@....@@..@.@.@.............@...@..@....
.......@.@..@.@..@......@.@...@.........@@.@....@@@...@.@@@........@..
@..@@...@.@.@..........@@@@....@.@....@.....@@.@.@@..@...............@
.....@...@...@..@.@.......@.@...@@@@@..@..@..@@.@.@.@..@.......@.....@
.....@@...@.@...@..@@.@....@@@..@@..@@@@@..@.@@..@..@@@..@.....@.@@@..
....@........@...@..........@..@.@....@............@...@@...@........@
..@....@.....@.@.@@.@....@@..@..@@.@@.....@.@...@..@@.@..@.@.@.@@.....
@.@@.....@@.@...@@@@...........@....@@...@@.......@.....@.........@@.@
.@.@...........@......@@@.@@.@..@.@...@....@......@@....@...@.....@@@@
.@.@@@...@....@..@...@........@.@@..@..@.@..@...@@@.@....@.@.@......@.
@...@..@.@@@...@@..@.....@@.@...@@.@..@.....@..@@...@.@...@...@.@....@
....@@.@.....@......@...@....@@...@.@.@..@..@..@@@.@@..@.......@...@@.
..@@......@..@..@@.....@..@.@.@.@..@....@.@........@@@...@....@.......
..@@..@@@.....@.@......@@.....@.....@@..@@...@.@@.......@@.........@..
@.@@..@..@......@....@@.....@.@...@..@.@..@..@...@..@...@@@.@@.@@...@@
@...@...@.@@...@..@.@@......@@.@.@@.@.@@.....@@...@..@......@..@......
@.....@.@......@@...@.@@....@.............@@@......@@......@@..@...@.@
@.@.....@....@..@.....@...@.@..................@.@.........@.@..@..@@.
...@..@..@.@....@@.@@.@@.@.@......@@.@.@...@.@@.@...@......@...@@.....
@..@@..........@@.@@....@....@@@....@.......@.@@.@@.@.@...@......@@@@@
.......@..@@....@.@..@@.......@.@@@@.@@...@.@@.....@@.@@..@@....@...@.
@.@.....@......@.@...@@....@...@......@@.@..@....@.....@.@....@..@@...
@.......@@.@....@..@......@.....@..........@.@..@.@@................@.
.....@.@..............@.@.....@.............@@@@...@..........@.....@.
@.@.......@..@@...@.@..@@...@..@@.@...@@..@..@...................@.@..
...@@.....@..@...@...@.......@@@@.......@..@@@...@.@@.................
@@..@..............@...@@.@.........@........@@.@....@..@..@......@...
@@...@.@......@@.......@.@.....@.@...@.@...@.@.....@@.@..@.@@@.....@.@
@.@.@...@@@...@.@@@@...@.@@..@@.@.@....@..@...@..@@@@....@....@.......
@..@.@@.@...@...@...@.@......@@....@.@..@@@...@..@....@...@.@....@....
@..@.@.@...@...@..@..@..@@@.......@.........@.......@......@..........
...@@...@@.@.@@..@@@..@.@...@.@...@.....@......@..@......@@...........
.....@...@.@..@.@..@@....@.......@.........@....@@....@..@@@...@@...@.
........@...@.@@...@..@@..@...@.@...@@@.@@..@.@@@.@....@..@.......@...
@..@...@.@@....@..@.....@.......@...@.@......@@.@...@..@@@.........@.@
.@.@.@..@.@....@@.......@.......@.@.@.....@@........@@..@...@.@.....@.
Agents:
40
0,21,2,22,2
1,66,45,45,11
2,17,56,2,25
3,64,16,5,64
4,41,30,39,42
5,50,53,48,47
6,58,57,36,62
7,54,29,46,25
8,68,31,34,39
9,9,33,20,65
10,46,0,15,16
11,14,7,23,11
12,51,46,48,38
13,23,60,1,46
14,66,34,63,55
15,22,6,23,5
16,44,56,54,53
17,11,19,53,56
18,31,51,10,38
19,45,32,69,11
20,7,7,31,23
21,39,68,65,10
22,2,11,29,3
23,34,49,53,42
24,33,12,33,14
25,34,47,1,65
26,41,64,36,56
27,58,49,51,29
28,1,65,4,64
29,24,31,41,68
30,15,42,62,63
31,50,34,53,40
32,27,14,35,44
33,22,64,55,48
34,16,12,0,57
35,17,68,54,41
36,69,51,69,13
37,61,16,35,1
38,19,49,45,27
39,44,13,60,38
