2
Grid:
70,70
@......@..........................@...........@..@......@.....@.@..@..
....@.@@.............@.@@............@....@...............@...........
..@...@..@............@.............@............................@@...
...........@@@...@............@....................@..@...............
@...@.....@.@..........@...@.............@...@.......@....@...........
..@....................@.@........@........................@..@.@.....
.@..............@.@@............@.................................@..@
.@.......@@...............@.@@.............@...@......................
......@.@@...@........@..@..@.@..@..@.@...........@.@.................
....@..........@@....@.@...@@.......@@..@...@.....@...@.@..@..........
........@....@.@.....@..@...@...@.............@@.........@...@.@......
....@..@...@.....@.....@....@..........@@....@...............@.....@@.
.....@.........@..............@@.....@......@...................@.....
.....@.......................@........................................
........@@.@......@...............@..............@.@..........@....@..
......@.@@@@.................@@....@@..............@..................
@..@......@........@@....@@.......@................@.......@.....@....
..........@...........@...@@.....@....@..@...@.@..............@...@...
...@...@...........................@...............@.......@.......@..
..........@@..@@..@..@@.@@@......@@.@..@.........@...@...@............
......@........@............@..@...@@..........@.....@.............@..
@...@......@.@......@..@..@.@....@.....@.@......@.....@...........@@..
..............@.....@........@..@..@.........@.....@..@...............
.@@...........@.....@.......@.@...@..@..@@...............@...@........
........@.....@........@..@...............@...@.@...@.......@.........
.@.....................@...@.......@@.@....@...@......@@....@.......@.
.......@.....@@....@....@.......@...........@.@..................@.@..
......@...@......@....@.................................@..........@..
...@..........@......@.....@.....@............@.....@.@....@......@.@.
...@.......@................@....................@@.@..@..............
...........@.@.@..............@.......@@........@......@......@...@...
.@....@..............@..........@..@......@........@........@.....@@..
@...........@.........@.....@@....@....@........@........@.....@.....@
@@@.........@@.......@@..........@@.....@.@.....@...@...@..@...@......
.............@........@@..@@......@.@@...@.....@@.....@..@@....@.....@
..........@@.......@..............@.......@@..........@....@..@.......
@...@..........@....@....@...@........@........@.....@..........@...@.
.@.......@.........@..@.@....@..@..@.............@...@......@...@...@.
........@.......@.@.@.....@...@.......@..@.@@.......@......@@@....@...
............@.........@...........@.........@......@.............@.@..
.....@@.@..@.....@......@.........@..@.@...............@..@.........@.
.........@..@...........@....@@@......................................
...........@..........@....................@..@.....@.....@..........@
......@...@........@@.....@.....@........@.......@............@.....@.
@.@.....@.@.................@.........@..@..@.......................@.
@.@.....@.@......@...@..@...........@.................@.@@@.........@.
..............@.........@..@@........@.@....@.@...........@...........
............@.@.....@.......@.@......@............@...@.@....@@.......
.@.......@.......@.@@..@...................@...@....@.@......@.....@..
.......@.....@..@....@....@.@...@.@.......@..@..............@......@..
........@..@......@.@...........@@...............@@..@.@....@...@.....
..@......@............@.....@.@.@.@..............@......@.@.@.........
....@....@...............@...@..@......@@...@...............@........@
@............@.....@@.@.@.@......@....@......@.............@.....@....
.@.@@..........@@..@...........@.....@.........@.@.@..@@.....@@.....@@
..@..@...................@........@..........@..@..@..@.@.@.@....@...@
@.@............@@.@...............@.......@.......@...................
....@.@...@@.@@...@........@.@........@.......@@..@...................
.....@....@.........@..........@...@.......@...................@......
.....@......................@...................@.................@@..
.....@.@..@..@.........@.......@............@..@............@..@......
.........@........@....@.@...@@@...........@@......@..@..@@..@..@....@
..@...@.........@..@..........@...@...@..................@.@@@....@...
@.....@...@.@..@...@............@.....@..@......................@.....
..@.......@.@.@.@..@....@.......@@@....@.@..@....@@@..........@.......
.....@.@@..@..@......@@............@....@..........@........@..@.....@
......@....................................@.@..@..@..@....@.......@..
@.........@........@.....@...@.....@..@.@@.......@....@..........@....
@...@.......@...................@.@..@..@@......@.....@...@@.........@
@...@@..............................................@.@@.@.........@.@
Agents:
40
0,2,21,25,62
1,35,4,36,42
2,35,21,63,3
3,14,21,16,63
4,62,44,45,34
5,9,52,65,17
6,13,32,46,34
7,42,1,67,28
8,8,24,57,52
9,47,7,27,65
10,20,12,6,51
11,33,41,5,17
12,6,12,15,18
13,56,52,5,26
14,16,62,10,30
15,11,19,63,60
16,68,65,1,44
17,23,16,20,40
18,65,9,9,8
19,40,16,22,8
20,57,52,11,3
21,14,17,18,13
22,44,37,24,50
23,10,37,26,41
24,8,4,17,68
25,0,68,1,14
26,27,63,69,58
27,68,23,43,65
28,35,32,8,61
29,4,69,38,10
30,32,59,44,27
31,53,18,0,31
32,6,68,5,66
33,19,37,9,51
34,61,56,56,60
35,27,58,32,21
36,38,19,47,65
37,42,49,40,53
38,54,6,63,31
39,17,3,57,8
