0
Grid:
20,20
....................
....................
....................
....................
....................
....................
....................
....................
....................
....................
....................
....................
....................
....................
....................
....................
....................
....................
....................
....................
Agents:
10
0,10,12,17,0
1,3,3,11,15
2,5,14,18,16
3,19,15,0,3
4,7,4,3,19
5,18,14,19,14
6,12,16,6,16
7,0,18,5,8
8,3,2,4,2
9,16,16,13,19
