2
Grid:
60,60
.......................@.........@...........@..............
....................@.......................................
........@.............................................@.....
@..........@................................................
...........@...................@....................@.@.....
.....@..@....@.................@...............@..........@.
.....................@...............@......................
...@....................@..@......@.........................
............@@.............@..............@.................
.@.....@...........@...............@........................
........@...........@..@@...@..................@..@......@.@
......@.@....@....................@...........@.............
...............................@...........@@...............
.................@.....@...........@.@.......@@.............
............................@...............................
...........................@..@..................@..@.....@.
..@......................................................@..
...................@................................@.......
........@......................................@.........@..
.......@.............................@..........@...........
.............................@................@.........@...
.........@........................................@.........
............................................@...............
..........@.................................................
............................................................
................................@...........................
............................................................
....................................@.......................
..........@...............@..........@......................
..................................@........@..............@.
..............................@.................@...........
............@...............................................
.....@...@............@.......@....@....................@...
.................................@..........................
............................................................
.@.............@......@...................................@.
............................................................
..........................@.......................@.........
.......................@....@.....................@.....@...
.@.................@...@......@...............@.............
....................................@@......................
.......@..............................@.@....@..@...........
..@......................................@.........@....@...
.@............@.......@...........................@.........
............................................................
......@..........................@..........................
...@@.................@..................@...........@......
..@.................................................@..@@...
..@..................@.........................@......@.....
...........................................@.@..............
@.......@.....................@.............@....@..........
.......@@........@..@...........................@......@...@
....................@.............@....@....................
....@..........................@.............@...@..........
.......@..@................@.................@..............
.......................@.@..............@...................
...........................@...................@............
...@..@............................@.@...@................@.
....@............@...........@..............................
............................................................
Agents:
45
0,1,53,50,1
1,27,47,52,54
2,17,32,1,19
3,1,18,12,52
4,39,18,50,32
5,6,32,58,53
6,50,37,28,46
7,43,57,50,47
8,50,12,26,32
9,12,28,26,11
10,33,38,36,15
11,39,9,10,49
12,50,16,24,36
13,5,40,6,42
14,15,22,30,25
15,19,0,3,29
16,36,26,14,7
17,2,19,41,5
18,4,5,56,16
19,14,29,55,6
20,19,52,56,37
21,29,54,51,6
22,39,2,44,25
23,11,3,42,31
24,23,44,43,28
25,58,26,28,12
26,43,41,42,36
27,47,23,8,41
28,14,18,8,32
29,56,0,46,39
30,26,20,18,7
31,3,16,25,51
32,59,6,14,39
33,34,24,57,13
34,53,44,52,14
35,58,43,42,27
36,9,40,21,17
37,8,44,3,2
38,29,48,20,30
39,4,1,19,30
40,16,30,9,25
41,23,52,22,18
42,17,55,27,46
43,39,39,19,15
44,5,45,23,15
