1
Grid:
70,70
.....@..@.@......@.............@...@@.......@......@.@...@.@..........
....@.@..........@.......................@.............@.@.@.@........
..@......................@.@.@..@.......@..........@@.@...@...........
..@.@.....................@@.....@@...........@.@............@........
........@...............@@.................@.......@.@...@..@......@..
.....@.@...@....@@...@....@.......@.@..........@....@...@@.@..........
.......@..@...................@.................@@......@..@........@.
@..@@..............@......@..........@....@..@@............@.......@..
..@@@@....@..........@....@@......@.........@@.@@.@........@....@...@@
...@......@...@.@@......@...@..@.@...@@.@..@............@.............
.@......@.........@...........@...@..@........@@@...@....@............
........@....@..@....@.....@.......@...@.......................@....@.
.............@......@..@.@@.......@................@...............@.@
........@....@...................@......@.@........@..@.............@.
...@...@......@....@......@....@..@@..@@.@.@......@.@..........@..@...
.@.....@................................@...........@.......@..@...@..
.@@.............@......................@@........@........@...@.......
..............@..@.@..@.@..@.........@......@...@.@..@@@.....@........
.......@.@.@.....@.........@@.....@.................@.................
.....@.....@@.@..@@@..................................@.....@.@......@
..@@.................@....@...@.....@.....@.....@@@.....@...@@....@...
@.......@@.@@.....@............@.............@......@.@@..@.@..@@.....
........@..@.......@..@..........@.....@@...................@.......@.
.@..@.........@..@........................@@...@@....@.@@......@.....@
..@..@...@....@...........@............................@............@.
............@.@..@.....@..@.....@..@.@...@......@.........@..@........
.........@..@......@..........@.......@..................@...........@
....@.........@......@.@...@............................@.@..@....@...
......@...@.........@..@............@.@......@...@.....@.....@........
..@.@......@@..@....@...........@...@.........@.......@......@.@.@@...
.........@..@.@@.........@@....@..........@.@...........@.......@.....
.@..........@.@.@..........@.............@....@.......@.....@....@....
.......................@.......@..................................@.@.
..@..@@.............@...............@@..@@.................@.....@...@
............@........@........@..@@........................@....@.....
...............@...@........@.............@....@...@.....@@@.@..@.....
@.@..@...@.........................@.@............@....@......@....@..
..........@.......@@..@@....@.............@...........@.........@..@..
@...@............@.......................@......@@@..........@........
..@.....@....@......@....@....@..@.....@...............@@.@..........@
@@@...........@@.................@..@...@......@....................@.
.......................@@...@...........@...@......@.@...............@
...@....@...........@.@@......@.......@..@.@@@.........@..@..........@
@@...............@@..@@............@..@........@.......@..............
.............@..@.......@....@.....@@..@...@.........@@....@..........
..@@..@..@.@..@..@..@........@@......@@.@@...@.....@..@@@.............
....@....................@.@..@..@......@........@.@..@...............
.@.......@........@.............@......@..............@..........@....
.........@........@...............@@..................................
.........................@.............@..@..@.........@.@.........@..
@...@.....................@..@@...@..@.@.......@..........@.@.@...@...
..@........@..........@@..@.....@.@.@.......@...........@@.@......@...
...@....@........@....@.........@.@......@@....@..........@......@..@.
..@..@......@..@..@......@...........@..........@.@........@..........
.................@.@..................@@@....@....@..@.@............@.
.@..........@.@.....@@...........@........@.........@..@...@...@.@....
....@..@@.@..@...@@@............@...@..@...........@@.................
...@....@...@........@....@..@.@......@.......@............@.......@..
.........@....@............@........@.@.@............@.........@....@@
..@.....@...@..@.@..........@...@......@.........@.........@.@...@..@@
............................@....@....@.@.....@....................@..
.@....@@.@...................................@....@........@@..@...@..
............................@.@.......@...@.....@.....................
@...@.........@.@...@..@......@......@@...@......@@......@.....@......
..........@........@...@.@@...@....@..........@.@......@......@.......
........@.@......@....@.@.@......@...........@.........@@....@.@......
@.@.............@.....@............@.@....@@...@...........@....@....@
.@@..........@..@.@.....@....@@.....@........@.................@......
@.....@.@.....@.@..@........@@.@......@..@....@.......................
.........@......@.....................@@...@..............@......@....
Agents:
65
0,59,16,40,42
1,62,24,21,6
2,20,38,53,52
3,22,5,35,52
4,60,66,57,43
5,0,1,42,68
6,16,67,14,60
7,64,67,58,1
8,57,17,47,60
9,50,6,63,56
10,36,60,3,49
11,5,19,48,22
12,35,60,11,29
13,56,46,48,65
14,20,44,36,7
15,35,20,1,40
16,32,50,60,68
17,12,62,33,24
18,14,68,32,18
19,35,62,32,16
20,53,19,36,19
21,22,50,9,41
22,44,14,64,40
23,1,32,61,61
24,69,20,29,58
25,65,69,50,68
26,10,13,61,3
27,61,26,46,0
28,35,66,27,47
29,53,56,16,42
30,34,5,62,65
31,62,64,20,41
32,40,43,15,54
33,69,35,6,65
34,38,5,22,50
35,15,36,24,36
36,46,69,44,14
37,6,0,35,12
38,51,61,4,37
39,67,14,53,31
40,58,22,27,64
41,1,34,27,65
42,4,56,47,48
43,16,25,22,21
44,61,33,35,65
45,42,62,60,47
46,43,27,67,35
47,32,33,51,38
48,54,49,16,29
49,31,5,48,1
50,67,25,49,6
51,10,45,10,21
52,20,53,17,11
53,24,1,67,14
54,67,58,51,18
55,63,18,49,3
56,42,35,67,67
57,31,48,12,10
58,48,2,28,24
59,44,51,13,10
60,26,48,0,34
61,6,17,30,61
62,52,53,63,27
63,24,46,52,18
64,23,29,24,34
