0
Grid:
70,70
@.@.......@@@@.......@....@......@..@...............@..@.@@@.......@..
@@.....@.......@.@..@@..........@@....@..@.....@.@............@..@.@@.
@................@....@@@...@.@.@@@....@@........@.@.@.............@..
@..@..@...@......@......@@.@@..........@.@........@....@.....@.@......
@..@.....@........@...@.@..@..@....@.......@...@.........@..@.@...@.@.
@..@.@.......@@.@..@..@......@@@.....@@...@.......@@..@.@@@...@@@...@.
@..@@@....@....@@..@...@....@............@......@@.@.@@@@.............
................@@......@.................@@...@............@@..@.....
......@@......@..@......@@..............@........@...@@....@.@..@.....
............@...@....@..@..@..@....................@....@....@.@......
.@.@@.....@.......@.@...........@@...@............@..........@.....@..
.@.@.....@.....@@@..@@....@....@.........@...........@...@....@..@..@.
.@......@...@..........@.@@.....@.@@.@.@.....@.......@.@....@..@.@...@
.@..@.@.@...............@.................@.@.@@.....@........@..@....
..............@@........@........@....@........@@.@...@@...@..@.......
@...@.....@.....@..@..@.@.@@....@..@.....@.@@....@.....@@....@@.......
...@............@.@.@.@....@.......@..@.....@.@......@..@.........@...
.......@..@@@....@.....@................@@@..@................@....@..
.@@@..........@.@...@....@...@...@.@.......@..........@@....@..@@.....
.@@...........@.................@..@..@@.....@.....@..................
@.@......@..@@.@................@.......@.....@.@...@@...@......@@....
...............@@................@...@...................@.@........@.
.@....@......@..........@.@...........@......@......@..@....@...@.....
..@.....@@......@...@@..........@.......@...@.@..@@.@.....@...@...@...
.@.......@.@.@.....@....@...@.@@.......@@.@..@................@.......
..@.@....@@.@..@...@.....@@............@@............@@..........@@@..
.@.@.@.@..............@..@.@.....@....@.......@....@...@...@..........
@.@......@.@@..@@...@@.@.@@.@..@@@@@........@.....@....@....@...@.@...
..@..@.@@@......@.......@........@..@........@...@..@.........@.@....@
@........@.........@.............@..@........@.@........@.@...@@......
........@.....@.@..@@...@....@..............@......@...@.@..@....@....
....@@.@...@.....@@..@...@..@@@..............@......@...@.@......@.@.@
........@@..@...@@@....@@.@@...........@.@..@....@@@..@...@.........@.
..........@.............@.@........@.......@..@@.....@..@...@.......@.
@.......@..@..............................@.@@..@............@@.......
....@@....@.........@...@......@....@..@..@@...@@@.@..@@............@.
............@@.......@.........@@.@@..@.@.......@.@..@.......@@@......
@.@@..@...@..@.....@....@.....@@.@...@@@@....@..@...@..@....@@........
@.@@....@..@@..@@.......@.......@..................@@........@......@.
...@@.@......@........@.@...@..@...@@.@@.....@.@..@.....@....@.@......
@...@.......@..@....@....@.......@.@.....@...@.@.@.....@......@...@@..
....@..........@............@.....@...@...........@.@@.@.@.......@....
....@....@..@.@@....@.........@..........@....@...@...........@...@...
..@@......@...........@..@....@@.....@@.@@.@.@....@......@..@.@.......
..@.@....@...@@....@..@@..@@........@...................@...@.....@@..
.@.@@@........@@....@.@....@.@...@................@..@......@.....@...
@.........@.......@...........@........@.....@.@...@....@.......@@....
..@..@@..@.@.....................@@.........@.............@.....@..@@.
..............@@@.@..@............@.....@....@........@........@......
@......@.......@@..@.....@@.........@..@@.@@......@....@.@........@...
@...@@..........@@..@.............@@..@.......@....@......@@.@....@...
...........@@..........@...@..........@................@..........@...
..@.@.@.@..@....@.@..@.....................@@..@.@.......@...........@
@.@.....@.....@..@..@.....@....@..@...@.@.@.......@...@.........@....@
@@@...........@..........@.@..@.....@...........@....@.@.@......@.....
...@...@@....................@@.@.@@.@...@.........@.@.@.......@.@.@@@
....................@..@.........@.@..@.......@.....@..@..........@.@.
.@........@.....................@......@@...@............@..@......@..
.......@.......@.....@.............@................................@.
..@.......@...@..@...@..................@...@...@.@....@@...@....@.@.@
@@...........@..@...@....@..@...@.....@.@........@...@....@.@...@.....
......@....@.............@@..@.@.@........@..@........................
...@...@.....@.@@.@...@.........@.....@...@.@.@..........@.@..@.......
..........@...@.@........@..@@.@.@..@.........@..@@.....@........@...@
......@...@.....@..@.........@@...@...@............@@..@.@...@...@.@..
.@..........@....@@@..@...............@@.@...@...@@..................@
@@...@......@........@........@...@......@.@.@.@..@@.....@...@....@...
@.....@...@@..@..@....@.....@@..........................@.......@.....
..@...@...@........@.........@.@....@..@..@...@........@......@......@
@....................@......@...@..@.@.@............@............@..@@
Agents:
35
0,20,62,67,35
1,42,47,56,58
2,3,62,67,3
3,53,25,45,65
4,39,46,29,40
5,35,46,39,54
6,55,64,45,16
7,55,49,43,1
8,17,56,17,57
9,37,26,47,28
10,65,33,31,2
11,1,10,7,63
12,14,43,0,56
13,48,56,39,19
14,66,22,6,64
15,67,1,54,45
16,36,56,48,66
17,18,5,28,22
18,1,13,3,48
19,5,7,25,3
20,64,40,36,26
21,44,45,65,28
22,52,40,48,24
23,61,43,0,44
24,11,4,11,61
25,43,12,18,56
26,54,49,66,14
27,50,33,17,28
28,67,53,7,9
29,33,59,18,9
30,25,23,24,6
31,8,0,5,45
32,38,18,21,43
33,17,32,14,29
34,22,2,13,28
