0
Grid:
20,20
....................
..@......@.....@....
...............@....
...@..@@@......@....
......@.@....@......
.@.............@.@..
.......@...@........
@.....@...@.........
.......@............
......@..@..........
....................
...................@
..@.............@@@.
...@............@...
...............@.@..
......@.............
....................
........@....@.@....
.......@............
...@.@.....@........
Agents:
10
0,7,12,14,8
1,19,8,15,18
2,14,8,7,13
3,6,12,13,6
4,11,14,0,10
5,10,1,16,10
6,11,4,16,12
7,9,10,9,0
8,2,6,0,7
9,7,13,17,11
