2
Grid:
60,60
.......@.........@.....@........................@...@.......
..@........................@.......................@........
................@............................@......@..@...@
........................@...................................
.................@.......@..................................
........................@@.................@..............@.
.............@......@.......................................
........@..........@.....@.@....................@...........
......................................@............@........
........@...................................@...............
...........@.......@.....................@..@......@........
......................@......................@.....@........
...@..............................................@.....@..@
...............@..................@.........................
...........@...............................@................
........................@....................@.@..........@.
..................@...................................@.....
.............@....@.@..............................@.......@
............................................................
.....................@....................@...............@.
.@.........@@.......@.........................@.............
............@....@@.............@..........@................
...@.....@...@.........@@..................@...............@
.......@...........@........................................
..........................@.................................
...@...........................@..................@.........
..........................................@................@
..............@........@..................@.................
..@........................................@@...............
.....@...........@............................@.....@...@...
.............@..............................................
................................@...@.................@.....
....................@.............@@........................
............................................................
........@...........@..........@........@..@..@....@@.......
............@.....................@...@...................@.
............................................................
......................@@....................................
.................................@..........@...............
.................................@@.........................
............................................................
................@...........................................
............@................@.....@...................@....
............@..................................@.......@....
....@....................@..................................
.......................@.......@............................
................@............................@...@..........
..........................................@............@....
...@..............................................@..@......
............@..@@.@........................@......@.........
.............@.......@......................................
....................@...............................@.......
..........................@.................................
...............@.....................@......................
.......@..........@.................@.............@.........
...........................@@.....@.......@@.....@...@......
@......................@............@.......@....@..@.......
............................................................
......@.......................@..@.................@......@.
...........@................@..................@............
Agents:
70
0,39,0,55,17
1,9,5,19,0
2,18,43,33,58
3,19,3,41,12
4,0,6,39,23
5,8,46,7,37
6,55,8,48,31
7,1,33,24,1
8,13,40,56,46
9,56,25,47,34
10,58,53,40,31
11,4,8,11,46
12,23,56,43,53
13,0,13,45,10
14,18,34,38,17
15,54,20,1,25
16,2,4,39,30
17,33,28,10,54
18,41,42,54,32
19,42,14,44,56
20,56,55,20,13
21,50,10,7,55
22,50,46,23,3
23,47,25,51,13
24,24,14,46,2
25,1,16,18,23
26,0,9,40,18
27,20,22,8,2
28,58,35,33,21
29,6,55,25,32
30,27,21,16,27
31,13,14,4,2
32,55,56,29,48
33,59,45,15,7
34,2,33,57,40
35,43,16,13,39
36,11,50,57,36
37,11,27,28,41
38,35,13,46,23
39,25,53,43,1
40,10,40,3,7
41,18,46,44,16
42,4,23,55,13
43,8,14,35,31
44,24,6,12,12
45,36,47,14,2
46,46,35,1,23
47,41,35,56,10
48,14,54,26,57
49,47,2,22,37
50,22,51,9,57
51,30,45,47,14
52,4,10,43,31
53,57,52,32,5
54,16,2,39,38
55,59,52,16,9
56,29,34,11,56
57,10,33,14,28
58,52,36,0,8
59,36,48,16,32
60,8,37,16,44
61,39,24,52,51
62,3,36,2,13
63,46,30,22,51
64,40,41,1,18
65,26,22,11,43
66,30,19,33,49
67,9,33,36,2
68,41,53,43,42
69,25,16,6,10
