1
Grid:
70,70
..@@.......@..@....@@.....@.....@..@....@.@..@....@..@@.@@...@........
.@@...........@....@..@....@..............@@....@...........@@........
.@@....@@.....@@.@@@........@@.@.@.@.....@@@.@........@...@......@...@
@@....@.....@......@@@@..@.@..@..@@@@...........@.@@..@..@.....@@....@
.@...@.......@..@..@....@@.@...@..@...@...@.@......@..@..@....@....@..
@....@....@.@......@.................@...@..............@.....@....@..
........@............@...@..........@.@.....@..@@.........@..@.....@.@
@...@@.....@.@@.............@......@.@......@.....@@..@..@......@...@.
@@......@@......@....@........@...............@..@.....@@@.@@.@@...@..
..@..@.......@..@.@..@@@..@.........@.......@..@..@@....@.........@@..
...@@.........@....@@...@..........@....@...@.@@.......@.@....@...@@@.
...@.......@...@......@.@.@..@..@......@@............@.......@........
.....@..@.@.......@..@..@@.........@...........@.@@..............@....
...@........@....@.....@@.....@.................@...........@....@@...
@@@@.@...@..@..@........@..........@....@@.............@....@@........
..................@.@.........@...@......@......@.@.@....@....@..@@...
.@..@@........@.....@...@@....@...@......@........@@.@@.@....@....@...
..@.....@..@.....@..@..@.@.@.@.@...@.@....@.@@.@@..@......@...........
@....@...@............@.@..@...@..@.@@......@@.......@...@.@....@..@.@
..........@.@.....@@.@.@.......@.@.................@.@..@...@@....@@.@
.......@.........@.@.@@.@.....@.@...@@@....@..@@.......@..............
...@................@.@...@..@....@@...............@.........@...@@...
@@.@..@@.......@@........@............@@.@.@.............@......@.@@..
...........@..@...@...@.......@..@.....@...@.@.....@......@...........
...@.@.@@...@..@@..@.@.............@@@...@.@@....@......@...@@.......@
..@@.....@.@@.....@....@.@..@@........@.@.........@....@....@..@....@.
...@..........@.@.....@.@.......@............@..@...@..@......@@.@....
...........@.@.................@.............@..@@....@.......@......@
...@....@.........@...............@.........@@@.......@.........@...@.
@..........@......@..@@.@.....@................@....@....@.@.....@..@.
@.....@..@............@..@@.@....@.@...@....@.....@..@@.....@.@.......
...@.@..@...........@..@..@@...@...........@..@.@.@.....@...........@.
@@..@@..@..@.@@.........@@.................@..@..@..@@..@.....@.......
@......@@@..............@.........@...@....@@.......@..@.@.@........@.
...@.@......@..............@.@.@....@.......@.....@@.....@..@.@..@@.@.
..@......@..@...@............@@...........@...@....@.....@...........@
.@.............@...@...................@...@........................@.
..@.@............@....@............@.@...@.@.@..@...@.....@...@...@.@.
@....@@@......@......@..@..........@................@.........@.......
..................@...@.....@..@.@@...@.@...@...@....@....@.@..@@...@.
....@....@............@...@..@.@..@........................@....@..@..
@.@.@.@......@@@..........@...@..@.........@...............@@.......@.
....@..............@......@@..@..@...............@....@.....@.........
.@@.@.@@......@.....@.@@.@.....@........@...@@.@.....@@.............@@
@.........@.@.......@.@....@..@...@...@..@.@@...@.....@..@............
..@.......@...@...@.@..@@.@.@.@...@.@..@.@.@......@...................
......@...@..@......@....@@@......@...........@@....@...@....@.....@@.
@.......@................@@.@....@......@...@..@..@.@.@............@..
...........@..@...@.....@..@..@.@...@...........@...........@.@...@...
..@...@@@....@...@@.@@........@.@............@@...@@@@@.....@.........
.....@@@....@.....@..@..@....@@@.......@..........@....@.@....@....@..
.......@...@...@@@.@..........@..........@@....@@....@..........@..@..
...@..@.........@...@@..............@..@.@.@..@......@..@@..........@.
.....@.........@...@.............@..@....@......@...........@.@.@.....
@..........@.@..@.....@............@.@.........@@......@..@...@.....@.
..@...@..@..@.....@....@......@...............@@......@@.......@...@@.
...@..@................@...............@...........@..@@.@.@.....@..@@
@..@.............@..@........@......@.....@..@..@..@.@................
...............@@..............@............@..@.....@@...@@...@..@...
.....@......@.....@...@.@.........@......@.@.@........................
@@..........@...................@..@......@.......@....@@@..@......@.@
...@..............@..@..@@..............@....@.@.....@..........@...@.
.@...........@.......@.......@...........@.......@...........@@.@..@@.
.@@@..@@........@@....@.@..........@.....@......@.@..@...@..........@.
........@........@............@....@..........@.@.............@@.@..@@
.@..@.....@@..@@..@@...........@..@.........@....@@.....@.@@@....@....
...........@............@..@.............@@..@.....@@.........@.....@.
........@..@..@.....@...@..@.@@.@.............@..@.......@..@....@@.@.
.@............@..........@....@...@......@.@.....@...@.....@....@.....
......@.@.@...@....@.@.......@...@..@.@....@.......@......@...@.....@.
Agents:
80
0,48,63,42,10
1,41,10,7,69
2,26,43,26,36
3,26,21,32,3
4,31,63,23,41
5,41,49,38,68
6,34,24,41,64
7,69,54,53,22
8,66,16,58,39
9,22,4,36,48
10,1,24,63,8
11,19,20,34,46
12,33,22,35,21
13,54,69,53,34
14,12,13,56,1
15,7,30,46,24
16,57,50,36,38
17,44,9,21,68
18,47,36,16,22
19,66,20,35,19
20,59,63,58,68
21,20,15,58,1
22,62,28,36,23
23,62,16,26,1
24,55,0,8,36
25,24,6,11,62
26,58,8,31,52
27,8,41,11,34
28,36,20,63,66
29,65,25,30,38
30,67,16,64,19
31,61,13,36,20
32,30,61,40,36
33,46,59,29,66
34,2,39,29,16
35,7,53,12,27
36,18,32,67,53
37,38,3,42,34
38,58,56,57,22
39,26,18,10,38
40,0,6,12,43
41,69,46,42,68
42,3,68,42,14
43,67,64,7,66
44,40,66,20,49
45,41,25,59,25
46,6,39,44,58
47,33,53,17,6
48,1,53,47,11
49,23,62,28,59
50,37,10,61,52
51,59,53,51,66
52,64,32,67,33
53,41,7,55,0
54,21,32,47,30
55,16,35,55,39
56,33,61,38,49
57,15,0,49,39
58,29,31,40,42
59,42,16,29,36
60,44,5,13,37
61,26,7,26,19
62,54,64,64,20
63,59,20,50,26
64,9,69,25,4
65,7,58,49,68
66,30,13,4,15
67,47,68,6,33
68,17,1,19,2
69,36,35,6,18
70,35,55,25,64
71,29,45,27,7
72,69,60,4,22
73,68,42,22,37
74,51,13,0,30
75,47,22,38,16
76,28,33,15,6
77,54,27,63,44
78,39,29,6,35
79,25,31,33,46
