2
Grid:
70,70
.@.....@....@@.@.@..@.@...@@....@.@...@....................@.@...@...@
..@..@@.........@.@.@.....@..@.@@@@@...@..@..@..@@......@..@.@........
...........@.........@....@.@.@........@...@.....@.@@......@..@.@.@.@.
@@...@....@@@...@@....@.@..@..@................@....@.............@@@@
.@........@..@...@....@..@@....@..@.....@@@..@..@...@@@.@@...@@@@.@.@.
....@...@....@.@...........@@@@@...@.@.......@.....@@..@....@....@....
........@.@@........@....@@....@.....@.......@........@....@@@....@...
......@.........@.....@..........@...@.@.........@......@@....@@..@.@.
.@.@.@....@@@.....@.@@..@......@@@.@....@...@..@..@@........@.@..@...@
..@....@...@@..@@.@@..@@.@....@.@.@.........@@.....@...@.@.......@....
@...@@.@.....@.........@..@@@@.@..@....@..@.....@....@.@@@.....@..@...
@.@.......@..@.....@.......@@@..@.@@..............@....@..............
..@.@@.@@@@.....@.@...@.......@.@..@......@..@.@...@@@....@@......@..@
.......@...@@.@.@@@.....@.@.@@..@@@.......@..............@@.@.....@@..
...........@..@..@...........@.........@..@@.......@.@@...@@..@....@..
...................@...@..@..........@....@@............@@.........@..
.......@........@@.@.@..@@.@..@..@....@.@...@.@...@......@....@@....@@
...@........@..@..........@.......@@@...@..@..@.@.....@..@.....@..@@@.
.@..@@.@@.......@.........@.@....@.....@....@.......@......@.....@.@.@
...@........@........@...@@..@@.....@.....@@.........@@.@....@@.......
.@..@......@.....@.@.@...@.@..@.......@..@..@.@.@.@.......@....@....@.
@..@..@....@...@...@@@@@.....@.@..@@............@..........@.@....@...
@@...@....@....@.....@@..@........@...@..@.@.......@...@@...@....@....
@.@.@@@.........@.......@...@.....@....@...@@.@..@..@...@.....@@......
......@...@..@@.@..@.@.@.@......@.....@@.......@@.@..@.....@...@......
.@.......@.@......@.@.....@..@....@......@...@......@.@...@@..@......@
.@.@@@........@......@...........@@.@.@..........@.@...@@@...@.@.@....
...@..@.@...@....@.@.@.@.......@.@...@...@.@.....@....@@...@..@.....@.
.......@@.........@..........@..@....@.@...@..@........@.@..@.@.......
@@..........@@@.@@..@........@...@.....@......@.....@........@...@...@
..@@.....@.@@@...@...@@.@......@@.......@...................@@.....@.@
......@.@@.@@@@..@.......@..........@@.....@@@.@....@@..@@@.@...@.....
...@@.........@....@@.@.@....@.........@@...@..@.@.@...@...........@@@
@@.....@.@.....@....@.@..@@@....@@....@@..@@......@.@.@..........@@.@@
.@..............@@@....@@@.@..@........@@.@.@...........@.@..@...@....
...@.......@@@.........@@@@.....................................@.....
@..@..........@...@...@...@@.........@...@@...@.....@@.......@...@....
.......@@.@.@.@..@....@..@.......@......@@...@@...@.@.@..@...@@...@.@@
@..@@.....@....@..@..@...@@.....@..@.....@......@@@........@..@.....@.
.@@.@....@...@..@.....@.@@@.@@...@.........@.@......@@.......@..@.....
@........@..@...........@@....@@......@.@...@......@.@....@@@@.....@.@
.@@....@...@.@@..........@.........@......@.........@.@..@....@@.....@
.....@......@...@.@...@@...........@..@..@..@.@@....@.................
@........@..@.@@@@@@.......@@..@.....@.........@.@.@@...@.@.....@.....
.........@@...@.....@...@..@@..@.@..........@...@....@........@.@.....
.......@....@@....@....@....@.....@............@....@..@..@@@....@@.@.
..@....@....@..@..@......@.......@..@.@..@.@@.....@.......@..@..@.....
@@....@@.@.@@.@.@.@..@....@........@...@@............@@@..@@@..@@.@...
@....@@@....@@..........@.@@.@.@....@.@@.@.@.@..@....@.@.@............
........@....@@...@.@@.@@@.@...@@@..@.....@@...@......@.....@@@.....@@
........@.@...@@..@.......@..@@.@...@@.....@@......@@@.@.@..@...@.....
.@....@.........@@............@.....@..@@.@@..@......@...@.@..@.....@.
..@..@....@@.........@@....@.@........@@.@.@..@...............@@.@.@..
.....@.....@.@...@@@.....@.....@..@@@@.@....@@......@.......@@.@....@@
.@..@...@...@@.@.@....@@....@.@.....@.@@...@..........@@....@.@.......
.......@@@.@...@..@@.@..@@..@..@......@.@.......@.........@....@......
...@......@..@@.@.........@.....@@...@..@..@......@..........@......@.
.....@..@..@@...@.@...@@......@@@@.@...............@.@...@..........@.
.....@.@..@..@@@..@...@...@..@..@.....@............@@...@@.@..........
@..@.....@..@....@...@.......@@@..@..@......@..@.@@.@@...@......@.....
....@...@.....@...............@......@.....@@........@@..@@@..@.......
.........@.@.@.@...@....@@....@@..@........@.@@.@.....@@...@.@..@...@.
...........@....@..@..@.@.@................@....@@@........@..@.@.....
..@@.@@..........@@@..........@....@...@.@@@......@@................@.
........@.@@.....@.@..............@......@.@.......@@@.......@.......@
..@....@@..@...@@.....@...................@...@@........@....@.@..@...
......@@....@..@..@..@.@.....@...@...@.@......@@@..@..@..@....@...@.@@
.............@....@@@........@.....@.@@...@.@..........@..@......@..@@
.@.....@..@@.@......@.@....@...@@......@..@....@..@.@@...@@..@@@@@....
.@@....@@......@...@.....................@@.@.@@@......@.@@.@...@...@.
Agents:
35
0,39,18,0,43
1,11,57,44,50
2,56,5,67,4
3,29,44,16,54
4,2,38,52,69
5,64,14,43,68
6,0,0,67,6
7,67,24,55,43
8,7,43,64,20
9,65,31,66,11
10,14,2,48,20
11,49,38,5,24
12,45,9,25,16
13,23,53,31,27
14,27,18,9,48
15,13,5,8,34
16,63,1,17,32
17,67,52,2,47
18,30,48,34,28
19,18,68,21,54
20,60,22,16,10
21,10,68,63,34
22,35,47,5,7
23,35,0,61,2
24,51,60,65,26
25,10,1,21,37
26,49,64,28,24
27,14,9,60,5
28,54,51,17,2
29,48,23,37,56
30,23,54,60,69
31,36,28,62,56
32,64,6,68,18
33,6,38,50,7
34,15,36,4,33
