0
Grid:
70,70
.@.@.@....@@@...@.@@@.@....@@.@..@@.@.........@....@@...@...@.@@.@@@..
.@..@.@.@............@.@.......@..@....@.@.@.@@.@...@.@..@@@.@@@.@...@
..@@..@..@..@@......@..@..@.....@.....@.@@...@..@@.@............@...@.
..@@......@.@.....@...@..@@.@..@.@@.@@.@..@..@.@@.......@@@...@@...@.@
..@.@......@@...@..@@...@.@..@.@@....@...@....@.@.@.....@@@.@......@.@
..@..@.@.@.@...@..@....@.....@.@.@..@..@....@.@......@...@.........@..
@.@.....@..@.@@...@@.@.....@.........@........@.@.@...@.@.@.@@.@@.@.@.
@.@.@..@@.@.@@.....@@..@@@..@...@.@....@...@...@..@@......@..@..@@....
...........@..@..@...@......@@.@...@....@@........@@@@.@@@....@......@
.....@.@........@....@...@...@@@@........@..@....@.@@.@...@..@.@.@....
....@...@@..@@..@.@..@..@.@.....@.@.......@....@.@..@@@........@.@....
..@@..@..@......@@...@...@@.@@@..@@....@.@....@@@....@....@.....@..@..
@.@@...@.@@...@..@...@...@@.@@....@....@.....@.@.@.............@......
@....@.@..@.@@..@.@.@.@...@.....@.@@..@..@.......@.....@..@.@@@@.....@
....@@@..@......@.@.@@.@...@@.@.....@.@.....@.@.@......@.........@....
...@.@..@.......@.@...@...@.@...........@..@@@@@...@..@@.@.......@.@..
.........@.@.@@@@@@@.....@.@@....@....@....@@.@.@@.@.....@@@.@......@.
.@.@.@..@.@@....@@@@.......@.@.@..@...@.@.@@...@.@@.@...@.......@.@@..
....@@.@...@@...@.@.....@.@@.@.@@..@.@.......@@.@..@..@.@...@@....@.@.
@@@.........@.@..@..@@@...@.@.....@............@.@...........@.@......
..@..@@.@@@....@.@@@..@@...@...@....@@@.....@..@.@......@....@..@.....
....@...@......@@@.....@..@..@..@...@@....@@........@......@......@..@
.@....@..@@.@@....@.@......@.@@...@@.........@...@@....@@@.@...@......
.......@...@.....@......@.@.@.@@@.....@@.@..@.@....@.....@...........@
@......@...@@...@.......@.@@..@.@.@@......@.....@...@.....@...@@..@...
...........@..@@@...@..@.....@..@@...@..@@..@@.@..@@@.@@@.@.@....@@@..
.@............@@.@@.@...........@@..@.@.....@..@.......@.....@..@..@@@
.@.@..@....@.@@.@@..@@@..@.@.@@.......@.@@.....@@@.....@..@...@.....@.
..@..@.@.@..@@......@@.@@.@....@@.@...........@@......@.......@.@@.@..
.......@@...@...............@.....@.....@..@..@@.@@@.@........@@.@....
..@.@@..@..............@..@.@..@..@.@.....@......@..@...@.@.@........@
@@...@@..@.......@@......@...@..@@@.@.@.@@...@.@@@..@.@..@.@.@.....@.@
@.@@............@.......@..........@.@..@@@@@.@@@.@@..@..@.@.....@..@@
..@..@.@.@.....@....@...@@...@@..@@.@......@.@.@..@@@@...@.@.....@....
@..@.@@...........@@...@@.@..@@...@...@.@@..@..@...@@.@.@....@@.@.@@@.
...@@@@@........@.........@...@...@.......@@..@....@@.@.....@@@.......
@.@..@..@...@@@@.....@..@.......@.@@.@.....@.@@.@@..@..@....@..@@.@.@.
...........@..@.....@....@..@....@.@@@........@..@.@....@.....@.@.....
@@@.....@.@.......@....@.......@...@@....@.....@....@...@@.@@...@.@.@@
@.@.@....@..@.@.@..........@.@@.@...@.@@@@.@.@..@.....@......@......@.
@.@.@.......@..@@.@.@....@...@@............@.@..@.@@.@@......@..@@....
....@@@...@..@..@@......@.......@......@.............@@.@.....@@@.....
@.@@@@@.........@...@@@.....@@..@......@......@.@.@.@.@.@@..@@...@...@
.@...@.@.....@......@....@@.....@..@.@...@@...@...@..@.@.@@.@...@...@@
@...@.@.@@@..@....@........@....@...@@...@.@@@..@...............@...@.
.....@.......@......@.@......@@...@...........@..@@...@@...@@.@..@..@.
..........@.@.@..@..@........@.@@..@@..@..@@......@@..@.@.@.....@.@@..
.@.......@...@.@....@@@...@..@.@...@.@@.@.....@..@.@...@...@.@@@..@...
@.......@@@...@.....@.@.@.....@.@....@...@.@@..@.@.@.@@.....@...@.....
..@.@...@...@@....@@....@@....@...........@...........@.@....@..@@...@
.@@.......@@....@.......@.@@....@@@..@..@..@....@..@....@@..@........@
@.@..............@.............@@@@..@..@.@@@....@.@..@..@.@..@.@...@.
...@.....@@@@@.@..........@...@......@.........@..@.@.@.........@...@@
....@@.@.@.@............@.@....@.@............@@....@.@..@......@@....
.@@@....@@...@..@....@@..@..@@.@@...@...............@..@..............
@@@.@....@....@....@..@...@..@..@.....@...@.@@...@...@.@....@........@
...@...@@.....@.....@@....@@...@.......@.@.........@@.@.@....@..@@....
..@.@@.@.@..@....@@@.@.....@.@@@...@...@.@.@...@@.@....@..@@.@@.@.@@@.
@.........@.@@@....@@...@@......@....@.....@....@.@@.@.@...@@...@@...@
...@...@..@@@..@..@.....@@@@.....@.@..@.....@.@...@..@@.@@........@@..
...........@..@...@......@@..........@..@.@.@.@@...@.@@..@........@...
.@@.........@....@...@@.@.@......@..@.@..@..@.@..@.@@@.@..............
@@@@.@...@@@....@..@.@@@@......@@..@@@.@.@.@....@..@......@@......@...
@.........@...@@..@@@.@@....@@@.......@...@.@@..@@@..@.....@..@..@@@..
.........@..............@@.@..@....@..@.........@@..@@...@....@@......
.@@.......@.........@@...@@@.......@@.@..@@......@@@..@@.@..@@...@@@.@
@.@...@@..@.....@.@...@@@.............@@..@..........@@.@..@.....@.@@.
...@.@...@@@.@....@...@..@.@.@........@@@.....@@...@......@..@.@@..@..
....@...@@...@@............@.....@@.@.@@.@....@..@.@@.@@@.............
........@...@............@....@.@@@....@......@.....@@..@..@....@@@...
Agents:
35
0,0,32,37,53
1,50,63,55,13
2,37,38,41,38
3,31,64,5,42
4,7,54,11,14
5,41,48,28,52
6,7,30,27,37
7,59,0,49,41
8,54,48,29,54
9,51,48,29,60
10,23,0,38,53
11,66,9,56,9
12,52,63,49,45
13,42,8,45,41
14,55,54,13,51
15,3,24,24,65
16,23,58,53,48
17,49,31,48,57
18,5,12,31,60
19,51,21,57,38
20,39,33,21,21
21,36,1,25,43
22,20,3,0,25
23,68,67,58,38
24,59,31,41,22
25,66,14,6,1
26,51,38,3,0
27,27,46,43,27
28,44,62,42,63
29,3,35,45,53
30,21,60,21,68
31,11,14,18,3
32,28,30,66,61
33,47,25,17,59
34,50,9,7,38
