0
Grid:
60,60
..........@.....................................@...........
......@................@...@................................
.......@........................................@........@..
..............@...................@................@........
..............................@.............................
................................................@.....@.....
...@.@@......................@..............................
...@...................@....................................
............................@...............................
...@.....................@......................@.@.........
.................@......@.@.........@@...@..........@.....@.
..............................................@.............
....................................@.......................
............................@...............................
.....................................@......................
......................................@.....................
.................@.....@@............@......................
.@...@.@@..........................................@........
............................................@...............
......@@..................@......................@..........
......@...............@............................@...@....
.................@..........................................
.................@................................@.....@...
......@@.......@....@.@.....................................
............@...............................................
.........................@..................................
........................................................@...
.@........@.....@.@.........................@.............@.
.......@....@.@...................@................@........
..@........@................................................
......................................@....@................
...........@.......................@.........@....@.........
...................@...............@........................
.........@.....@@......@....................................
..@..@.@..............................................@.....
..@.....@...@..........@@..................@................
...........................@..@................@............
.............................@............................@.
..@............................................@...@..@.@...
..@....@...........@........................................
.........@...............@..@...........@...................
................................................@........@..
............@...............@........@......................
..........................@.@....................@..........
.................@.........@................@.....@.........
..................@......................@.@.............@..
..............................................@........@....
....@.@...........@.........................................
.............@.......@.....@......................@.........
............................................................
.@@...........................@.............................
.............@..............................@.@.......@...@.
.............@...@..........................................
.......@............@....@.....@.....................@....@.
............................................................
....@.......................................................
...@.......@.................@.......@.....@................
...@.....@..............................@..........@@.......
.......@...@........................@@...............@@.....
......@...................................@.................
Agents:
45
0,14,1,50,19
1,24,35,31,30
2,21,55,54,12
3,29,49,13,58
4,4,21,59,8
5,10,9,55,21
6,0,26,54,2
7,49,12,30,19
8,13,6,16,9
9,23,12,40,32
10,17,0,8,15
11,54,35,26,16
12,23,13,45,20
13,1,16,27,3
14,20,13,44,56
15,59,7,48,17
16,54,5,41,21
17,12,21,8,51
18,42,0,15,49
19,9,8,22,38
20,5,59,42,41
21,8,12,10,22
22,21,34,19,57
23,16,34,17,59
24,33,4,55,52
25,54,18,18,48
26,20,14,35,39
27,7,48,21,39
28,11,7,10,2
29,54,12,22,49
30,28,50,37,47
31,21,2,51,25
32,15,55,41,59
33,29,12,47,2
34,56,14,3,46
35,6,18,21,46
36,51,41,7,47
37,43,9,51,27
38,51,26,40,29
39,0,46,26,35
40,39,55,51,59
41,13,36,25,56
42,44,58,28,1
43,14,54,4,39
44,49,1,14,11
