0
Grid:
70,70
@.....@..@.@........@..@....@.......@@....@...@.@....@.@........@.@...
.....@...........@@......@...@....@.@@.@.......@...@.......@@.....@..@
.............@........@@...@.@...............@...@@.@@............@@..
...................@@...@@.@.....@@.......@@..@.@..@..@....@.....@.@@.
.@@.@...@.@....@.@@..@...@....@.....@......@........@..........@.@....
.......@.@..........@@..@..@.@......@@..@...@..@.........@@...........
@....@...@...@..............@.......@...............@.@...@@.....@....
...@.@..@....@.@.@@.........@...@.....@@.........@.@.@..@.....@@.@....
...@@....@....@................@...............@.@@@.@....@.....@.....
...@@.@....@..@.....@.....@..@.@............@@.@.....@@......@.@@.....
.....@...@......@.....@.@@...@.@.......@.......@@@@.......@.......@..@
..................@.@...@@..@@@....@........@......@@@@.@....@.......@
................@......@@.@........................@.@.@..@@..........
@.@......@@......@..@.....@..@.@.........@.....@.@..@..........@......
....@......@...........@...@...@..@@@.@@...............@....@.@.@.....
.....@..@.@......@.@@.@............@@@.....@......@@@.....@.....@....@
........@.............@......@.......@@...@........@..@..@...@........
............@@..@.........@@@@........@.......@.@.............@..@....
.......@@.@..@@...........@.@...@.@.@@................................
...@.@..@....@@@@@...........@...@..@.@.@.............@....@.....@@...
.@.@..@...@.@.........@..........@........@....@......@....@....@.....
.....@....@......@........@......@.....@@.......@......@...@....@.....
@..@..@..............@.@...............@@@..@...@...........@..@...@@@
...@...@..@.@..@..@@..@..@.@..@....@........@....@..............@@....
..............@.@.@.@..@........@@...@.@@..@@....@@...@@.....@.@......
......@.......@..@.............@.........@.....@.......@@....@...@....
@...@......@@..@@.@.......@@.............@..................@...@@@...
@@..................@@.................@...@..@.@....@.@.@@.@.....@...
................@.......@......@..........@..@...@....@.......@..@...@
@............@....@...@@.@........@......@.@............@.@....@@.....
..@.........@.....@..@.@..@..@.@...@@..........@.@@...............@...
@...@.@......@...@.........@.......@..@.....@....@.@.@...@...@....@.@.
..................@.@.@@........@..@..............@....@@@@@.@@.@@@..@
......@.@@@@@.................@@..............@.@.....................
@..@...@.@.......@.......@....@@@.........@@....................@.@...
@....@.@..@.....................@....@@...........@.....@..@..@...@...
@@..@....@@.........@.....@.@.......@..........@....@.@.....@.........
.........@.....@.....@@.....@..@...@...@...@..@..@....@@........@@@@..
.............@.......@..@@..............@@..............@..........@..
.@@.@.@.@.@.@@..............@.....@.@...@@..@.@...@...@..@..@....@.@.@
.......@.....@..@........@@@........@...@....@.@............@........@
.@.....@@...@@@.....@...@..@..........@..............@.@..@.....@.....
@..........@@@@....@.@......@...@.......@.............@.......@.......
...........@..@@..@..@........@...@@@...........@@...........@.@.....@
.@.@.............@.........@...@..@......@.@@.........@.@@..........@.
......@.@@@..@.....@..@...@.......@.@................@.@..........@...
..@.@....@......@@...............@.@.....@.@.......@...@@.@......@...@
.@.......@......@@.....@..@......@.@..@@....@@@@....@....@@.....@.....
@..........................@....@....@............@...........@.@.....
..........@..@@.@.........@.....@@@..@..@@@..@@.@.........@.@......@..
.@...........@....@.@....@@.....@....@.........@.@....@.........@.@.@.
...@..@...@..@.@.@.@..@@....@@@..........@.@...@..@.........@.........
.........@.@@@.@...@..@@...........@...@......@@.....@........@.......
...@.@......@.@..@.@..........@.@.....@.......@..@....@.....@......@..
.......@...........@..........@.......@.@......@....@...@....@........
.@..@....@.@.........@....@.............@.@..............@@.@@.......@
..@..@...@....@..@......@..@..@....@.........@.@@........@..@....@@.@.
....@@@..@...@...@....@...@.@...@.....@@....@@@.@...@.....@@.....@@...
............@@...........@....@.@@.@@.@........@...@@.....@.@.........
@@@....@...@........@..@..@@.@.....@.@.....@...........@..@..@.@......
.@......@......@@.....@@..............@...@@@...............@.........
..@...@.@....@.@....@.@.....@.........@.....@@.@.......@.........@....
...............@.......@@..@@.....@@..@@.@@.@...@....@......@.@....@..
@..@@.....@...........@...........@...@....@@@...@................@...
..........@......@@.@..@...@.@.......@...@....@.....@@@.@....@@..@....
.@.@..........@.@........@@................@...@@.....@...@@......@...
.........@..........@.......@.@@@..@@......@@................@@.@...@.
.@.........@..@@.......@.....@............@.@......@......@..@.....@..
.......@......@...........@.............@@.@......@..........@.......@
..............@.@....@.@.@........@.@.......@..@.....@...@@@....@@....
Agents:
40
0,58,43,31,32
1,21,8,63,59
2,45,45,67,18
3,33,23,26,59
4,4,40,51,34
5,49,6,6,20
6,26,29,67,53
7,56,33,57,67
8,36,14,2,17
9,28,20,11,67
10,26,47,47,65
11,54,57,19,11
12,9,34,47,66
13,34,35,62,52
14,25,66,41,48
15,65,4,42,17
16,54,69,24,19
17,36,30,21,30
18,33,19,3,16
19,8,39,2,1
20,46,60,69,11
21,28,7,27,5
22,54,44,28,57
23,23,57,20,55
24,36,68,40,12
25,58,39,53,24
26,52,50,60,46
27,7,24,17,10
28,50,29,50,19
29,34,52,50,39
30,61,34,69,10
31,53,66,58,4
32,13,35,59,19
33,48,39,47,25
34,7,50,63,68
35,37,26,12,22
36,10,64,28,35
37,12,20,54,33
38,50,53,66,49
39,35,55,16,46
