0
Grid:
70,70
........@@......................@.@.@@..............@...@.....@..@..@.
@.......@.......@.......@.@.@......@.@....@...@.@..@.@..@...........@@
.....@.........@..@.........@@..@...@@.@...@.@..@@.@.@.......@...@.@.@
.....@.............@.@..@@@.@....@..@@@.........@............@.@...@..
..@......@.@@...@..@..@.@..@..@.@.....@..@..@.@..@@.@....@.@......@.@.
@..@..@....@..@..@.....@.............@..@........@.......@.@....@.....
.......@......@...@...@............@@.@........@.......@..@.@.@......@
.@.@.@...@......@.@...........@.@.@................@@...@.............
@.@..............@....@...@@.............@......@.@........@..........
.................................@........@@@@@..@.@......@@..@.......
.@..@.................@.....@.@...@..........@...@......@......@.@..@.
.@@...@.....@.@...@.........@..@...............@..@..@@.@..@@...@.....
.....@....@...............@..@...@@...@.....@..@......@........@......
@@..................@............@@.......@@..................@...@...
.@.......@...@....@@@..@..@....@..@..........@.......@..@..@..@..@@.@@
..@.......@...@....@......@...@@..@.@...............@.......@@.....@@.
...@..@.........@...........@......@.....@@.@@..@...........@...@..@@.
......@............@....@......@...@..@.........@.@@......@..@@...@...
....@.@........@@@......@@...@@@.@@....@.@......@..@.......@........@.
.@.....@.@...@..@.@....@......@..@.....@..@...............@.@......@@.
...@...@.....@....@...@@..@@.@@.@....@@.....@........@.......@.......@
.....@...@.@.....@@......@..........@@............@.@..@@....@..@.@...
..@@..@..@...@.@....@..........@.@......@...@.@....@..@..@......@@...@
.......@...@.......@........@@...@....@..........@....@..@............
.....................@.........@...@..............@.....@.............
@....@.@....@....@....@@@....@...@..........@..................@@..@..
....@.....@.....@..........@....@...@....@@............@..............
.......@........@@........@@@...@.@@.......@...@..@...@...@..@.@....@@
........@.....@.@..@.........@.@.........@.@.@@....@.....@.....@..@..@
......@....@.@.....@@.....................@....@.@.....@......@..@....
.@@@..........@.....@.....@@......@@.........@@................@..@...
.@@................@@.@...@....@..@................@...........@@.@..@
.@.......@@........@..@...........@@@.@...@.................@.@...@...
..@@..@..@@@@@....@.........@..@@..@.@...@..@.@....@..........@.@.....
.@.....@..@...@...........@..@..........................@........@.@.@
......@.......@...........@..@@...@..................@@...............
................@.@.......@..@...........@.@@@..........@@.@.@....@@..
........@..@..............@..@......@.@...@....@@........@.@....@@...@
.@.@.@@@.@...@...@..@....@.....@.....@...@............@.....@......@.@
.....@..@..............@........@@.....@@...@........@.@.@.@.@.....@.@
.@@...........@....@@@.@..........@..@..@..@.....@@@............@.....
.@................@.........@....@.@.@.@................@@.@...@...@..
..@@.@.........@.....@..........@..............@.....@@...............
..@....@...@..@..@.@.....@.....@......@..................@............
.@@.@.@......@...@.......@.....@.@........@.....@......@@............@
............@@.........@@......@.@...@...............@..............@@
........@...@....@@.....@@.......@..@@.....@.@...........@...@@...@...
...@......@......@.@@@..@....@...@@..@@.....@@..........@@.@..@.......
........@...@@...@......@.@@@...@....@....@..@...............@......@.
@.....@.@.....@@.................@@.@..........@.....@@.........@@...@
.@......@.@......@..@.@...@..@@...@.......@....@..@...@........@.@....
.@@@..@.@.....@@..@.@.....@.@.@......@......@...@.......@........@@...
...................@.@@.....@..@....@@......@@......@@.....@..@.......
..@@..@@...@..@...@........@@.......@..@.......@....@.........@....@..
.@........@@..............@....@@...........@@.@...@.@@..@..@....@....
@....@.....@..@@......@.@@@...@..@..@.@.@.......@.....@..@............
............@...........@..@@............@.@...................@.....@
.@@.........@@.....@......@..@............@@..@.......@.......@@@@@...
..................@@...@@.................@....@.@......@@.@.......@..
@.@@.@.@@....@.@..@.......@.@@@@.@..@.....@..........@.@@.........@.@.
...@@@@..........@@.@@..@.......................@.........@@...@....@@
.@.@..........@..........@@.@.........@....@........@...@.....@...@@@@
.......@...............@.@.@........@.@@@..............@@.@...........
@.@.@....@............@@.@.......@.........@...@.@.@...@..@......@.@..
.@..@@.@......@..@...............@.......@.@.@..@.....@.@.......@..@..
....@......@...........@@..@.......@..@@@@@..@.....@.@@...............
.@..........@....@.@..@.......@...@@..@@@.........@.............@.....
@@@...@@.....@@..........@.@...@.@.@.@.@@.........@@..........@.......
..@.......@.........@@.........@......@@.........@@.....@...@....@....
....@.@...@...@.@.....@...@@...@....@.@...@...@.@....@..........@.....
Agents:
60
0,52,43,25,51
1,37,37,40,3
2,52,35,61,16
3,8,18,37,51
4,49,68,54,62
5,61,21,38,27
6,8,45,66,20
7,42,11,11,44
8,69,37,32,6
9,49,10,68,40
10,58,48,25,50
11,1,2,38,43
12,49,40,32,54
13,40,18,68,28
14,32,13,15,0
15,33,26,34,8
16,69,45,65,18
17,22,61,61,27
18,37,41,0,58
19,28,34,23,27
20,60,60,24,12
21,7,38,23,17
22,38,14,48,47
23,64,27,32,27
24,49,41,13,21
25,58,50,65,13
26,55,37,12,49
27,47,31,26,14
28,35,47,55,66
29,58,52,34,52
30,46,67,31,16
31,9,14,20,40
32,40,32,62,53
33,12,17,36,12
34,25,50,28,36
35,14,4,41,5
36,45,18,66,55
37,32,41,25,3
38,3,57,0,23
39,55,60,65,60
40,24,29,51,38
41,50,7,36,30
42,55,18,26,44
43,1,67,17,26
44,27,10,24,66
45,0,25,34,68
46,12,67,35,63
47,16,31,47,40
48,2,40,44,26
49,19,4,34,60
50,2,14,6,9
51,42,18,38,49
52,27,60,65,61
53,42,10,19,48
54,52,4,9,32
55,31,7,35,33
56,48,16,20,47
57,46,35,54,19
58,13,52,68,46
59,18,18,49,38
