0
Grid:
20,20
............@....@@.
....@.@.@...........
@.....@............@
...@....@..........@
...@...@...@........
...@..@.@@..@.......
..@..@..............
...............@....
....@..........@....
.@............@.@...
.......@......@@..@.
..............@@....
....@..@........@...
........@..@....@...
@...@..@.@..@@@.....
.@..................
........@....@...@..
....................
..@.@@@.....@....@..
....@.......@@......
Agents:
11
0,9,17,18,14
1,6,14,4,0
2,16,19,15,12
3,1,0,4,16
4,10,0,11,8
5,6,19,8,11
6,0,10,1,0
7,4,6,16,5
8,7,2,0,2
9,7,9,6,0
10,2,8,8,10
