2
Grid:
70,70
.......@.@@....@@.@.@......@............@...........@.@.......@.......
.........@....@........@..........@..........@..@.......@...@.@.@.....
@@.@.@.@.@@..........@...@....@................@.................@.@..
@...@....@...@.@..@...@......@....@..@..@...................@.........
@........@............@.@@.......@.......@..............@.....@.....@.
...............@@......@......@..............@.................@......
....@.....@.....@@.....@.........@.@.........@.....@...@...@......@..@
..@.....@.@.............@.....@.....@...@.........@...........@....@..
@......................@.....@@......@........@....@..@...............
.......@................@..........@@...@.....@..@..@.@...@..@........
............@....@...............@......@.@.@.....@...............@...
....................@.....@.@@.......@@..........................@...@
@@.....@......@....@..@.....@.@........@...@.........................@
..............@.@.......@@....@...........@....@..............@@......
.@..@@.@.@.....@@.........@...@@..@.....................@.......@...@@
......@...@...@...........@.....@..@.@...@...........@...............@
...........@.@...@....@.....@......@@.@..@@..@.@..@@.@...@..........@.
..@.....@.................@......@....@.....@......@.......@.....@....
@...@....@..........................@..........@........@@@...@.....@.
@@..@...@.........@..@......@......@............@@...........@@.....@.
..@.@...........@......@...........@....@...@.@...................@..@
....@.@.............@@..@.....@@.....................@...@.....@.@..@.
....@........................@@....@.@........@.@.....@.....@......@..
........@......@....@.....................@...........................
.....@@.................@....@...@......@.........@....@..@.@.........
@........@...@....@....@...@..............@.@..@@....@..............@@
.......................................@...............@........@.....
..@.................@........@.............@..........@.......@@......
....@...........@...@..@.@.....@.........@@......@.@....@@.......@@...
..@@...@@..@.....@....@..@.@.........@.............@.................@
.......................@..@@..............@@.....................@..@.
..........@.........@.@.....@....@.....@......@..............@........
..@@..........@..............@..@....@.@.............@..........@...@@
..........@.@.....@............@...@.@..@.....@.........@............@
....@@...@.....@...@.@...@@.....@..........@.........@......@...@.@...
.....@..@.@...................@@.@@..@.@..@....@..........@..@.@....@@
@.@...........................@...............................@@......
.......@@..........@@....@@@...@...@..@.@............@...@...@..@@...@
@...........@..........@.........@..................@....@............
@.......@........................................@@...................
.@......@.@....@.@............@..@........@.....@......@......@@......
.........@...@.........@.@.@............@@..........@.................
.@.@...........@..@...@.@....@..@.........@......@.............@@..@..
......@.....................@.@..@..@.....@..@@........@.......@.@...@
@@.......@...@......@.@...........@.@...@.............@..@.....@@....@
..@@......@........@..@........@..........@...........@......@...@.@..
@.............@..........@.@..................@....@...@..........@...
....@...@.@.......................@..@.@.....@.@...@............@.....
..@.@@.........@.......@@@@.@..@.@...@....@...........@...@@..@.......
.@...........................................@........@.@.@@..@.......
.........................@@...@@@@........@......@....@.@@.@.@.....@..
.@....@....@..@.....@.@...@.....@...@.........@...............@.@.....
@........@..@.........@...................@........................@..
........@.....@@.....@.....@..@.................@........@.......@@.@@
..@.....@............@@....@..@........@.......@........@.@..@........
....@@..@..@.@.@.@...@.................@..@.@........@.@@..........@..
..@.....@.....................@......@..@@@@...........@.@@.....@.....
......@@......@....@............@.............@@.....@..@@.....@.....@
....@.....@.@@...................@@......@@..@..@.......@.............
@........@...@@.@...@.@............@..@@..@@...........@.....@........
...................@.......@..............@.....@@.......@...@.....@..
.@..@.....................@....@....@@....@..............@@..........@
.......................@......@........@.@....@..@.......@....@.@....@
..........@.@....@.....@..@....@...@@..............@@.@...............
...@.@...............................@..@.@...@.......@...@.@.....@...
.@..@.......@.............@...@..................................@....
....................@...@........@.....@....@........@..@..@......@...
..@........@.................@.....@..@@.........@.@@.....@....@..@...
..........@............@........@@.@.@.............@............@.....
@......@....@.@...@.....@.........@.........@......@@.@.......@.......
Agents:
45
0,4,47,30,5
1,61,41,50,52
2,58,66,15,29
3,28,7,8,52
4,31,3,42,20
5,65,27,52,34
6,1,65,53,44
7,41,20,65,27
8,62,3,9,21
9,41,67,9,25
10,63,28,27,46
11,3,25,68,40
12,31,42,44,51
13,36,64,35,53
14,41,66,30,13
15,46,31,55,47
16,23,43,46,1
17,30,34,11,25
18,34,33,17,61
19,62,44,0,51
20,56,63,51,57
21,62,68,54,54
22,65,23,31,57
23,67,6,3,26
24,54,32,18,3
25,37,33,28,19
26,34,46,26,19
27,32,33,22,24
28,27,33,39,19
29,4,27,63,3
30,35,7,68,47
31,55,28,42,21
32,10,67,39,61
33,19,29,13,44
34,42,10,24,30
35,55,22,9,33
36,50,37,8,19
37,1,5,69,10
38,34,16,64,24
39,59,68,30,50
40,66,1,35,1
41,68,16,45,16
42,12,15,59,7
43,68,21,69,55
44,35,6,26,35
