0
Grid:
70,70
@.@...@.......@@.@@..@@.....@@@.@.@.@..@.@......@....@.@.@.@@....@@..@
@@..@....@.....@...@...@...@.....@...@.@.......@@@......@....@.....@..
.@..@.@...@.@.....@....@.@@...@....@....@...................@.........
@..@....@...@@..@.@@............@......@@........@.@.@......@@@....@@.
...@.@@..@@..........@@@......@..@...@....@.....@@..@.....@..@..@.....
..@....@..........@..................@....@@.@........@.@...@@........
....@......@....@..@@.................@...@..@.@@@@@....@@............
....@..@....@.....@........@..@................@..........@...........
@@.@...@..........@@@......@....@........@.@@......@@....@.......@..@.
..@@....@.......@..@...@..@.....@..@@@@...........@.@....@...@.@@@....
..@@.@.....@.@..@....@.......@.............@....................@....@
.@@.@@.@.@..@...@..@.@.......@@...............@.....@...@@.....@..@...
@.........@...@...@@....@@.@...@@.......@@...@.@..@......@.....@.@..@@
..@...@@.@@@.@.....@@.@..@.@.........@...@.@....@......@......@@.....@
....@..@............@@................@........@...@@...@.@..@...@....
........@@@@.@..@@....@....@@@.@.@.....@...@@..@.@...@.@@@..........@.
@......@@@.@@..@@..@..@.@.....@....@.@.@@.@...@@.@....@.@......@.....@
..@.@....@.........@................@...........@@@...@...@..@@....@..
...@......@.@......@..@...@@..@........@...@...............@..........
..@.........@@.@......@@...........@..@....@.....@....@@..@.@.@....@@.
.@..@........@....@........@..@.@.@..@@..@..@............@.....@.@@..@
@.@..@.......@.@.@........@@.......@..@.@.@....@....@..@..............
.@@@@@......@@............@@.....@.......@............@..@..@@..@@....
@@....@.......@....@.@....@@....@...@....@...@..@...@.@@..@....@...@@.
.......@.....@.@.@@.@.@.@..@@@............@..@@..@@......@......@@....
..@.@...@@..@.@.@..@.......@.......@..@......@@........@@...@.........
......@.....@.....@.....@.@.@...@..@...@.....@.@.@....@@...........@..
.@...@..@....@..@...@.........@.@...@@@.....@........@..@........@....
.@.@...@......@......@.......@...@..@@@@..@....@..@......@@@...@..@@.@
...@.....@.@@....@@...@.@.....@@.@.............@..@....@......@@@.....
.@....................@.@@@.@.@@.@.......@.@..@.......@.@...@..@..@.@.
..@.@@....@.@@.@.@...@...@@.@@....@.@@....@.....@.......@@.@.@.@@....@
....@......@@....@.@@.....@.@..@@@..@..@.@..@.@..@......@........@..@.
@.@.........@.@@@.........@@..@..@.@...@......@..........@............
........@.@......@..@.........@@@.......@@....@...@.@..@......@.@@@...
......@...@..@......@@...........@...@@@................@......@......
...@@@.@.@.....@..@..@.......@.....@.@.@.@..@...@.@....@@......@......
.....@@@.@....@.@..@..@....@.@.@................@...@.@.@@..@........@
@.@.@@.@..@..................@..@@.......@@...@@@......@.@@....@@...@@
.@.@....@......@.@...@.....@...@..@............@......@....@.@..@@@.@@
@....@.@...@@...........@@@@...@.@@..@..........@..@@...@..........@..
.@....@.@.........@@@...@......@........@..@..........@..@.....@.@...@
.@.......@@.@...@..@....@.@..@...@@@@.......@...@.......@@.....@...@..
@........@..@..@@.....@.@...@...@.@..@....@.........@........@..@.@@.@
@..@...........@.............@.........@..@.@..@.@@....@.@....@..@.@..
@...............@..@.@@.......@.....@..@.@.@....@.@@....@...@.@.@..@..
..@@.....@..@..............@..@...@....@..@@.....@@......@....@@.@@.@@
...............@@.....@...@@.@....@@..@...@..@@.......@.....@@@...@@..
@........@.......@....@.....@..@@.@@..............@....@...@.@......@@
....@..............@...@@..@....@..@@...@.@@@@...@.@@.......@.........
@....@@.....@.@..@.........@..@.@..............@..@@@.......@..@.@....
..@..@@..@........@..@..@........@@.....@...@.@@@.....@........@.@.@.@
@@.......@@@.@......@@..........@.@.................@.@@.....@@...@...
.........@........@....@...@@....@..@.............@@.........@...@....
@....@....@@..@...@@..........@..@@@.@@@....@..@..@...@...@...@@.@@.@.
..@....@...@.....@.@@.@.@...@..@.@.....@@.@@.@@....@@..........@..@...
.@....@...............@.@....@....@..@.@....@@@.............@@@..@..@@
..@....@..@.@.......@.......@..@.@....@..@.....@@............@....@..@
@@..........@@..@@..@.@@@.@......@@@..@@@.@..@..@...@.@...@@........@.
.@..@...@...@....@.@@@@..@.@..@@....@.@.....@...@...@.@@@....@@@.@@.@.
...@...@.@....@.@.@@........@@.@......@.....@@.......@........@@@..@..
......@..@.....@....@@.@..@@.@....@....@.....@.....@.........@@.@..@..
@.@...@@..@....@@...........@.......@.@..@..@.@....@.....@@@..@@.@....
@...@.....@@@..@@@..........@..@.......@..............@....@@.@..@....
.........@.....@.....@..@..@...@@....@.@.@......@...@.......@...@..@..
.....@...@......@@..@.........@@@...@...@.@...@......@@.@.....@@.@....
..@..@@@@.@...@....@@.@@..@.......@.@.......@.@..@..@..@.............@
...@..........@....@.....................@...@@..@@@@......@.....@@...
@..@.@..................@.@.@@@.@.@@........@@.@.@....@@.....@........
.@..@@........@......@@.@.....@..@@.....@.@...@.@.@@@..@@.......@...@@
Agents:
75
0,4,47,19,7
1,17,42,2,9
2,14,59,33,53
3,45,63,42,43
4,14,5,15,52
5,49,17,34,4
6,65,64,21,60
7,33,64,47,65
8,39,58,29,52
9,61,17,55,60
10,52,49,63,2
11,24,6,66,21
12,47,19,55,37
13,6,15,1,12
14,27,68,5,32
15,33,5,20,60
16,25,26,46,7
17,62,25,58,3
18,20,6,18,4
19,40,9,9,51
20,7,28,23,24
21,50,67,63,26
22,49,8,57,25
23,52,8,13,30
24,15,51,46,18
25,39,46,47,0
26,6,18,35,23
27,37,40,35,2
28,61,53,2,64
29,44,58,19,51
30,40,45,47,20
31,48,5,54,8
32,35,50,5,62
33,38,16,5,4
34,10,68,67,4
35,35,52,46,60
36,6,27,33,58
37,22,16,32,58
38,11,10,39,42
39,55,44,55,44
40,12,22,50,15
41,42,37,35,44
42,3,64,4,66
43,5,65,7,37
44,34,60,50,35
45,4,16,53,25
46,27,46,9,33
47,7,33,69,38
48,34,68,20,67
49,33,44,49,56
50,3,66,28,46
51,19,42,41,47
52,8,22,50,68
53,14,44,33,50
54,10,14,42,17
55,33,45,21,50
56,69,45,61,47
57,43,46,37,41
58,19,34,9,29
59,36,62,13,1
60,24,4,55,47
61,40,57,69,63
62,2,5,47,24
63,57,8,54,56
64,53,30,26,13
65,6,33,6,33
66,23,38,8,25
67,44,6,30,35
68,68,58,52,69
69,1,65,26,29
70,29,27,69,43
71,17,59,33,1
72,42,20,44,20
73,19,9,50,42
74,13,49,17,6
