1
Grid:
70,70
...@.@.@...................@.....@.@............@....@..@.@.........@.
................................@..................................@..
@.@@@............@.@.@...............@................................
........................@..@...............@..@............@........@.
......................................@...@..@........@.......@......@
.@..@...@..........@.@....@...............................@...@.......
.@.........................@.....@.@@..@...............@..............
.......@.......................@...............@@......@..............
....@.@.......................@.....@....................@...@....@...
................@.......@...@.......@................@..........@.....
..........@............@......@............@......@...@..@......@.@...
...................@...........................@..............@@.@...@
.@....................@@.................@.......@...............@.@@.
.....@.................@............@@...@.........@..@...............
....@.......@..@..............@@.......@..............@.@........@....
.........@......@.................@...@........................@@..@..
..........@.@........@........@...@..........@.......@..........@....@
.@...............@...@..@........@....@.......@@.@...@.@.....@........
..............@...............................@...........@...........
........@...@...........@@........@@..................................
.............@@.....@...@..@.............................@@...........
..........@...@..........@@...........@...............@....@........@.
...@.@.................@..........................@..@.........@......
..................@...........@......................@...@............
........................@@....@....@@.......@.........................
........@.................@.......@@@@.............@.................@
........@..@...............@.....@.@.............@....................
.......................@........@.......@......@......@..@...........@
..@.......@..@....@..@@............@@...@...@............@............
.......@......................@...........@......@....................
@@.......@..@...........................@...............@....@........
....@............@..@.........@...@.@......@..@@..@.........@.........
..@................@...........@.@.....@................@.......@.....
...@.@..@....@..........@@....@...............@............@.....@....
.....@.......@............@...................@...............@....@@.
@.@...@........@........@......@...@................@....@............
.........@.........@.@...@..@...@.@.......@...............@.@.@.......
.......@......................@......@...@..................@....@....
........@......................@.........@............................
...................@..................@.@..@........@.................
......@.........@..........@.@@@......................................
...................@..@.....@.........@..@......@..........@........@.
.......@...@......................@....@............@.................
.............@.......@...@@.........@@........................@....@..
.......@.....@.........................@................@.............
................@...............@......@.@........@....@..............
.@.......@@.......@..........@.@@.........................@...........
......@.......@@.....@.........@......@.........@.....................
..........@................@.@..........@....@@..................@....
............@.@........@....@....@@...@..........................@....
.....@.@.........@..................@..............@..@...............
..@.......................@......@..@......................@.........@
..@....@......@.................@..@..............@.@....@............
........@........@.......................@...............@...........@
...@...............@....@...............@@.............@....@...@@....
....@.....................@....@......@@@............@......@.@@....@.
...............................@.@.......@.@...@........@..@.....@....
............................................................@@...@...@
....@...............@...@.............................@.............@.
..........@...@............@.............@.@.@....@...@@..............
.............@...................................@....................
@...........@..........................@....@........@....@@..........
.........@@.............@..................@@..@.@...........@....@..@
...........@.....@............@.....@.................@.........@.....
.........@....@...@@.....@.......@.....@.............@................
.....@......@.....@..........@..............@..@............@........@
....@...........@..@.....@.......@..........@...........@.@...........
...@...........@.........@............................................
...@.............@@....@........@.............................@...@...
..............@................@......@@.@........@..@...............@
Agents:
65
0,41,9,57,12
1,57,2,44,0
2,67,46,6,9
3,21,44,59,24
4,59,57,46,50
5,28,46,66,28
6,58,1,16,8
7,4,68,26,26
8,14,46,48,16
9,24,48,0,32
10,61,40,42,55
11,22,11,38,23
12,54,21,52,65
13,55,0,28,8
14,51,25,59,15
15,15,69,65,41
16,44,19,2,63
17,49,30,54,46
18,41,20,62,31
19,6,5,28,54
20,16,35,53,66
21,6,30,20,51
22,25,62,32,37
23,16,25,21,58
24,54,1,43,59
25,56,45,55,22
26,60,21,48,18
27,55,2,45,5
28,5,3,67,46
29,30,58,62,25
30,26,55,17,50
31,19,53,20,39
32,4,4,15,0
33,34,16,59,33
34,65,19,21,46
35,15,24,37,17
36,44,66,45,62
37,9,60,1,43
38,15,43,1,14
39,29,43,48,23
40,54,4,37,47
41,69,12,12,18
42,4,17,44,60
43,4,40,35,9
44,43,51,55,0
45,2,11,10,45
46,41,32,2,59
47,37,39,20,54
48,50,68,17,36
49,30,35,54,22
50,50,31,28,47
51,64,40,23,50
52,43,52,60,47
53,22,15,51,29
54,40,8,33,9
55,44,10,61,1
56,36,30,61,36
57,14,67,33,52
58,19,4,33,66
59,23,40,30,26
60,42,67,46,62
61,6,63,69,18
62,22,13,51,11
63,34,64,34,53
64,66,66,53,9
