1
Grid:
70,70
...@@...@@............@..@....@.........@@...@................@...@...
.......@@@@....@....@@..@.....@@........@@..............@@..@@..@.....
..@..........@......@..@..@......@...@@......@...@@@........@..@......
..@@..@....@@.......@..@.....@..@...@..@@....@.@.............@.@..@..@
..@@@....@..@.@@@@.....@@@.@..@@...@@@.......@........@.@@........@...
......@..@......@..@......@................@..@.........@.@...@...@.@@
@.....@...@.@...@.@...@..@...@@.@.@@..@@..@@..@.@.@.@......@.@...@....
@@.........@..@..@@@..@.........@..@@................@...@....@@.@.@..
.....@....@..@.....@...@.......@.....@.@.......@@....@@...@@.@....@.@@
@@@...@.@..@@@..@.@@....@.....@@..@...@..@..@...@..@...@........@.@.@@
.....@......@..@..............@..@.@..@............@...@....@..@.@....
..@..@.......@.@.............@.@.@..@....@@.@........@.@......@..@@.@.
..........@........@.@....@....@...@..@.@..................@.@@...@..@
...@@...@.........@....@....@@@.....@..@..@.........@.@@@@............
....@....@..@.@..@.....@@............@.@@.@.@...........@....@@....@..
.....@......@.@.@..@@...@@........@.@@.@..........@.............@@....
.@@@..@.@@.......@@......@.....@.@.@.@...@.......@@.@..@.@..@.......@.
@..@.@....@....@......@@.....@@...@.@...@........@.....@......@@@.@...
......@.@...@.@..@.@...@@@.......@@.@.@...@......@.@@.....@...@@.@@..@
..@.@..............@..@@........@....@.......@..@..........@....@...@.
..@.............@........@.......@...@.@.@@@........@..........@@..@..
.......@.@..@..@.@.....@.@.....@.@.@@..................@.@@...@.....@.
.@.........@.........@.@................@@........@.....@@..@..@..@@@@
.@.@@.@....@.@..@........@@...@..............@...........@..@@........
...@@.@@....@.@@@@..@..@.@@..@..@........@...@...@..@.............@@.@
......@@.@.@@.....@..@.@...@......................@@@.@@...@..@..@.@@.
@...@..@..@@@....@.....@.@.......@....@....@......@.@............@@..@
...@..@.@......@.@..@..@.@...@....@@@..@.......@.........@.@..........
..........@..@..@.@@.@....@....@@...@......@.@.@@......@.@.@....@..@..
....@@...@............@....@........@.@@...........@.@.@@...@...@.@...
.....@....@@........@@..@.@@.@@.....@..............@.....@@..@.@....@@
....@@...@.@..........@@....@.@.....@.....@..@.@.@...@@.@.....@...@...
..@.....@.....@@@..........@..@.....@.@....@....@..@@.@.@..@.@....@@@@
@....@@......@....@....@.@..@........@@..@@.@...@.....@...@@.@@@.....@
@@..@....@@....@......@....@...............@@.@............@......@..@
..@.@@..@......@.@...@.......@@@..........@..@....@@.@.....@......@.@.
@..@@...@@.....@..@.@@...@@.............@............@@.@@...@........
.....@..@@......@@..@......@.........@@............@.......@.@.....@.@
..@.@....@..@@......@@..................@.....@.@...@..@...@@..@.....@
.@@..@..@@.....@.@.@@@....@@@...@..@..@.....@.@.....@..@....@.........
@@.@.@..@..@@.........@..@....@.@....@...@...@......@..@..........@@..
@@.@@..@......@@.@.....@@@...@.@..@....@@......@@....@......@...@.....
@.@.........@..@..@....@............@@@....@..@..@.@..@........@@..@..
@....@.@@.@.@..@.@..@@.@.....@.@@........................@........@...
..........@.........@.@.......@.....@..@...@..@.....@.....@...........
..@.@........@....@.@...........@..@.....@.@....@.............@..@.@..
@@.....@@...@.@@..........@@.@@..@...@....@.@@.......@.@@..@........@.
@@...@.@....@.@.......@.@@....@@.....@.....@@........@........@@.@....
.@.......@..@...@..@.........@...@....................@.....@.........
@....@.......@@.@...........@...@.......@...@...@...........@.....@..@
.@......@@.@.@..@.@.@@........@@@..@..@@...@.@..@@..@@.@..@..@@@@@....
..@@.....@...@@...@.@@...........@@@......@........@..@.........@@....
@.....@..@...@.@@@.@....@.@@@...@@..@...@................@@@...@.@....
@...@.@.@..@....@...@.....@@..@..@.........@@..@..@@@@..@..@@.@.....@.
@.@.@.@.......@.@.@........@.........@..@..@...@...@.......@.@......@.
@................@..@@.@@.@@@@..........@.............@@..@.@@.@.....@
.@.@...@.@@@...@.@....@@.@.@........@............@@.......@....@@.....
..@@.@..@@....@......@...@@....................@@@.@.@.@.@....@....@..
@......@...@.@.........@@...@...@..@...@......@..................@..@.
...@@.@..@@....@...@............@@......@@@.@.@................@......
@.@.@@@..@..@@..@@...@@@..@@@.@.@.........@@@...@@@@......@.......@..@
@........@@........@....@.@@......@...@....@@@..........@...@..@...@.@
..@@.@.......@@@@.@@@....@.@@...@...@@.....@........@......@..........
@@......@@....@........@..@....@@...@.....@.@...@......@...@@@.@......
..@..@..@@...@.@.@.....@.@.......@@.........@....@@....@..............
@.........@@..@...@......@..@@@@@@.....@..@....@..@@........@.@@@.@@..
..@@@.....@@@@@...@.......@.@@...@..@..@.....@.....@.@@..@.@.@...@....
@.....@.........@.@@..@..@.@......@.@.@..@@..@.....@..@@@@.........@.@
...........@@.@@.@...@@.......@......@..@..@........@@@..@...@...@....
............@@....@..@@..........@.....@..@............@.@..@.@..@@...
Agents:
35
0,35,18,26,63
1,6,47,7,20
2,61,32,29,28
3,54,64,25,53
4,34,6,35,60
5,54,12,27,68
6,54,23,57,24
7,39,67,43,36
8,26,58,45,27
9,15,49,10,1
10,37,12,46,22
11,65,36,57,40
12,64,19,61,1
13,36,23,5,40
14,46,19,63,2
15,32,49,42,69
16,45,51,2,31
17,28,25,10,19
18,67,50,42,19
19,34,54,20,11
20,32,41,60,45
21,7,21,24,40
22,44,60,26,51
23,29,1,45,52
24,29,30,57,30
25,8,52,25,26
26,43,3,18,56
27,11,27,13,45
28,66,17,61,40
29,21,3,2,41
30,66,20,10,22
31,55,33,56,34
32,54,39,25,45
33,38,14,11,30
34,54,52,31,55
