0
Grid:
70,70
........@...@.....@.............@@..@@...@@@.@.....@..@.......@@..@...
@@.@@@.@.@..@.@@..@@.....@@...........@..@.@.@...@..@@....@.@.@.......
..@.......@.@...@.@@.@.@.@...@.@....@.@...@.@......@...@.@..@@@.@.....
..@......@.@.@.@@.@..@...@.@.@..@...@....@....@@.@...@@@.@@.....@...@.
..@.......@@.@........@...@...@......@@.@..@.@.@@.....@..@@.@@...@@...
.@@..@..@...@....@..@.@@@.@..@...@@.@........@@.@....@.@@.@....@.@@.@.
@@@.......@.@.@..@...@@......@@@....@@.........@...@.....@@@..@.@@....
.......@....@....@.@..@.@.@.@@.....@.@.......@.@......@@.@@..@.@.....@
....@.@@@.@@@@@....@..@@..@.@.@.@.......@.@...@@@...@....@.@@...@..@..
@......@.@...@...@@@@...@..@...@.......@@.@@@....@...............@...@
....@....@.@.@@.@..@.@..@...@..@....@....@..@@.......@.@.@.@...@@..@@.
...@.@.........@.....@@....@....@.....@.@.@....@...........@.@..@....@
..@..@..@..@..@.....@@....@..@@@@...@....@@......@..@@.@@@..@@.@...@.@
@...@........@...@.@........@@....@@@....@.@.@....@..@.......@@.@.@...
.@......@@.....@@..@.@....@.@@...@.@..@..@.@.@.@.......@.@.@..........
.@...@...@..@......@...@@......@@.@@............@@......@..@....@.@...
@.@.@@.@@@@@@....@.........@.@....@....@@.@......@@...@@..@.@@...@.@..
.@.@@..@@@....@...@@..@.@......@@....@...@.....@@@...@@.....@.........
@..@..@@....@@@.....@@..@.@@..@..@..........@@...........@.@......@@@.
@.......@....@@.@..@.@...........@...@.......@@@@....@...@@.@...@...@.
..............@@..@..@.......@@.@...@@...@.@...@................@...@@
.@...@.@@..@.@.@...@..@.@......@.......@.@@....@........@@@@.@.@@.....
@....@@@..@..@..@.@.........@.@..@...@@...@@....@@@.@@...@......@.....
@....@@....@...@@.........@@..@.@..@@.....@...@.@...@.@....@.@@...@.@@
...@....@@@....@@.@..@...@.@@.@............@..@......@................
......@........@@@.......@.....@...@..@.@..@@.@.@@...@.@......@@.@@...
..@@.@.@..@.@........@.@.@@.@@.......@@@....@.@.........@.@...........
......@...@@....@@@..........@.@.@..@....@.@...@@.@.....@.@..@.@@..@@@
@...@.@@...@@.@.@.........@......@.@........@....@.@@........@@....@..
@......@.@........@@.....@@@@...@@.....@..@..@@@.@@@......@...@......@
@@.....@@@@...@...@..@.....@..@@..@@.....@...@...@.@......@.....@.@@@@
@..@.....@.@......@.@@....@..@....@.....@@..@...@..........@..@@.....@
..@.@..@....@.....@@@...@@.......@...@.........@.@@......@.....@....@@
.@.@..@@.@.@...@@..@.@@@....@..@@................@@...@..@@.@@....@...
...........@.....@......@.....@@.@...@.@..@...@........@.@@.@@..@....@
..@...@.@..@@@.......@...@.........@.@@@@....@....@.......@.@...@.....
@.@@.@....@.@.@@@..@.....@.@.........@...@..@@..@@.@.@...@@@@...@@@..@
@@.@..@@........@..@...@..@..@...@@.....@.@...@@@@.....@....@.@..@.@@.
.......@@...@@@..@...@@@@.......@.....@...@.....@.@.@...@@...@.@.....@
@...@@......@.....@..@.@......@...@.@..@@....@..@..@..@...@@.@.@.@....
...@.@.@...@...@...............@@.@@@..@.@...@.@...@...@..@.@.@.@..@..
@.@..@@.@..@..@.@@.@.....@@.....@.@...@@.@.@.@.......@@.@.@.@....@.@.@
...@.@......@.@....@@..@@..@@....@..@.@@...@..@.@.........@...@@......
.@.@.@@..@.....@..@@.@.@.@@...@..@.@@....@..@@.@......@.....@@.....@..
....@..@.....@.......@@.@..@@....@.....@@....................@.@@.....
@..@.@.@@.@....@.......@....@.@@.@.......@....@@..@........@....@@....
.....@........@@..@@...@............@@@....@@.....@..@....@.@...@@.@..
......@......@..@.@.......@..@.....@.....@@.@@...@....@...@..@.@@.....
@.@..@.@@.@@@@.....@@.......@.....@.@@.@@.@@....@@....@......@.@...@.@
.@@...@.@.....@@..@..........@@..@@..@.@@..@..@.@...@.......@@@..@..@@
........@..@..@..@..@....@..@@@.@.......@..@.....@....@.@.@@@..@......
@.@...@@@@.......@@.....@..@...@..@........@@@@..@......@@.@@@...@....
@@...@.@.@.@.@..............@.....@.@..@..@....@....@.@..@....@.....@.
@@.@@@...@@.@......@.......@.......@.@....@.@@...@.....@@......@@.@.@@
...@............@.@...@@@.@@..@@@.@.@.@..........@.@@..@...@.@.....@..
...@.@.....@@....@.....@.@@..@..@.@@@...@@........@....@@@.@....@.@@..
.@.@@.@@.@....@.............@......@@....@.@@..@.......@........@.....
.......@@...@..@..@..@......@.@.@@........@...@..@.............@@.....
........@...@@@...@......@@@...@.@....@@....@.....@@.@...@...@...@..@.
..@....@@@.......@.@.@.@...@.....@.@.@...@.@......@.@@..@.@@@....@..@@
.@@.@......@@..........@......@.......@@.....@@..@.....@.....@.......@
.@..@...@....@...@..@.@...@@...@.@..@....@..@.@@....@@....@@...@..@...
@.@....@@..@.@@...@.@@@........@@..@..@..@.......@....@..@@....@.@.@..
..@@@.@.@@...@...@..@@..@@@.......@..@....@.....@.@@@...@..@...@....@@
....@......@...@@@@..@@.......@......@@..@@..@...@..@..@..@@...@@.@@@.
.@..@.......@.@@@.@.@@.@.@..@@.@@.@....@.@.....@..@@@...@.@.....@@...@
@...@..@@@..@.@@..@..@....@........@.@...@....@@..@.@..@......@@@.....
..@@@.@..@.@......@@.....@.@......@...@@..@.@@@...@...@...@.@.....@...
..@...@....@@..@..@@....@..@...@.@....@@.....@@.@..@.@@....@@.@.......
........@..@............@.........@....@....@...@@.@....@.@..@@.@.@@@.
Agents:
80
0,2,69,66,67
1,48,41,57,27
2,3,35,5,19
3,34,27,10,25
4,66,65,27,39
5,62,59,24,60
6,32,1,38,39
7,36,21,44,51
8,5,69,51,23
9,64,3,4,53
10,49,41,3,44
11,16,46,67,33
12,14,32,23,39
13,56,38,34,41
14,20,20,50,0
15,38,4,34,65
16,7,62,67,23
17,58,30,6,69
18,5,9,28,2
19,35,15,31,65
20,47,69,20,26
21,48,68,37,36
22,48,16,7,50
23,50,26,34,51
24,49,32,26,19
25,18,41,65,66
26,18,25,26,60
27,63,57,0,22
28,53,34,1,48
29,11,6,24,42
30,10,62,47,67
31,54,57,19,42
32,17,58,44,37
33,42,40,34,34
34,37,21,58,47
35,60,51,44,59
36,3,51,38,10
37,5,54,31,30
38,65,37,20,2
39,30,3,38,37
40,10,22,33,56
41,63,60,24,2
42,39,60,28,43
43,15,2,36,9
44,38,41,43,65
45,42,0,46,22
46,18,47,28,58
47,20,61,8,37
48,59,48,60,27
49,35,23,55,68
50,51,68,58,49
51,38,43,28,17
52,46,7,9,25
53,65,3,40,59
54,44,32,23,63
55,63,27,47,56
56,19,51,56,25
57,24,34,30,16
58,53,18,54,46
59,9,4,60,52
60,35,18,67,47
61,17,39,8,54
62,56,39,38,2
63,34,26,12,6
64,8,16,46,45
65,34,65,37,5
66,65,68,45,35
67,54,62,66,57
68,42,8,45,67
69,23,39,56,2
70,47,10,46,21
71,2,47,66,31
72,33,20,57,59
73,63,46,35,1
74,27,30,42,13
75,62,62,50,21
76,0,58,18,23
77,22,47,16,38
78,22,40,68,13
79,33,24,69,38
