0
Grid:
70,70
.................................@.......@....................@.......
..........@...................@.@..............@.@@..@.....@.....@....
.@.@...@...@.........@.......@..............@......@......@...........
.................@@.....@...@......@..@...@...@.@.....................
.........@.@.@..@...................@.....................@........@.@
........@.@.............@........................@@.....@.........@...
.......@..................@....................@......................
......@....@....................@...............@.........@......@....
...........@....@....@..........................@..........@...@@.....
.............................@@.........@................@@...........
.@@@@..@..@.....................@.@.....@..@@................@......@.
......................@........................@..@.....@........@....
@@......................@........@.......@............................
.......................@.....@.@.@..@......@.....@......@.........@...
........@..@..........@...@......@.................................@..
.........@................@.....@.@................@@....@.....@......
..................@.........................@..........@.........@.@..
.......@......@......@......................@........................@
..@...@@@......@..................................................@..@
...@........@@.............@.............@........@.........@....@.@.@
............@...@.............@.......@..@.......@....@..@......@...@.
..@...................@.......@.......@..@..@.......@.................
............@@........................................@...............
..........................@...........................@...............
.@...............@........@.................@....@.......@....@@......
.@..@...............@.........................@..@......@...@.........
.@..@......@.@...@..........@........@....@..............@........@...
.....@@...@.........@@..............@...........@.......@.......@..@..
....@.........@.......@....@.....@................@..@........@..@....
......................................@.........@.....@...............
@...@....@.............................@.........@......@.............
...........@.@................@............@.....@.....@..@........@..
..@...@......@.@..@.................................@....@...........@
.................@......@.............@@......@......@................
...@.........@................@@........@.......................@..@..
@...@.............@....@......@................................@@@...@
.@...@..........@.....@.@...@.....................@..@....@...........
..............@.........@...@...........@.......@......@......@...@..@
..............@..@..................................@......@.@........
................@............@....@.............................@.....
...@.............................@...............@.......@..@.........
.........................@............................@...............
.@...@.@@.@.........................@.@.......@............@.@........
.............@.......@.....@.........@........@......................@
.....................@...@..........@................@..@.............
......@.....................@.@...........@...........@....@.@.@......
...................@.......................@..............@......@....
......@...@.@................@...............@...@..@.......@....@....
@...........................................@....@@.........@....@....
...........@....@...............@......@..@@.....@........@......@....
...@...................@......@..................@@...............@..@
......@..@.................@..@..@.............@@.....@....@.@........
.................@...........@.@...............@...@..................
......................@.....................@...@.....@...............
.@@.@................@...........@...........@.................@@.....
..............@................................@...........@..@.......
@.............@..@...@.@.........@.........@..@...@@........@.@....@..
....@..............@@..@..@............@......@...@....@...@@@...@....
@.................@....@.......@@........@....@............@..........
................@..@....................@......@......@.@.............
..@.......@.....@..........@......@.......@...........@.........@....@
............................@....@..@...........@..........@.....@....
.@..@.........................@.......................@.........@...@.
..@................@....................@@.......@..@.................
...................@......................@...............@..@....@...
@...............@....@................@........@@......@.@..........@.
.@....@......@........@.........@..........@..........@.....@@........
.............@...@.....@..@....@...............@.......@..............
@...@@.......................@.....@@....................@...@...@....
..........@..........@............@...................................
Agents:
40
0,35,44,63,65
1,18,55,60,25
2,67,62,39,55
3,19,31,1,4
4,36,4,54,55
5,30,68,44,68
6,53,64,20,65
7,51,55,69,36
8,62,12,56,8
9,1,33,32,55
10,17,15,67,18
11,35,38,67,65
12,66,11,62,51
13,36,62,0,34
14,44,24,1,11
15,33,43,23,18
16,33,41,59,23
17,56,53,44,58
18,20,18,53,20
19,67,22,17,31
20,65,22,55,54
21,17,18,21,10
22,45,22,52,6
23,11,49,5,15
24,19,20,23,10
25,8,50,64,6
26,58,56,18,50
27,25,27,11,45
28,57,12,40,23
29,34,12,3,53
30,8,68,12,43
31,53,51,12,22
32,8,54,39,1
33,12,68,48,27
34,28,13,37,46
35,40,44,57,40
36,15,14,5,37
37,48,11,39,32
38,32,54,69,43
39,21,35,62,16
