0
Grid:
20,20
..........@.....@..@
...@@..@............
.......@...@........
...........@....@...
......@@...@........
..........@@.@......
........@.........@@
..@....@.........@..
...........@........
...@.............@..
..@.............@.@.
...@...@............
.....@..@....@@...@@
..@....@@..@.....@@.
........@......@...@
........@...@....@@.
.....@...@.@........
......@..@..........
..@.......@..@.@....
........@......@....
Agents:
10
0,14,3,10,12
1,2,8,16,7
2,16,1,15,3
3,8,1,14,1
4,8,12,4,13
5,3,7,11,16
6,13,15,10,5
7,3,15,13,9
8,6,16,5,1
9,7,0,7,1
