0
Grid:
60,60
...........................@...@............................
.......................@.........@.........@................
.....@......................................@.....@.........
.....................@.@....................................
@.......@................................@.........@........
@..........................@....................@....@.....@
@..........@...@.................@........................@.
..........................@........@.......@...@............
..@...................@......@...............@...........@..
............@......................@@@....@.................
...@.......................@...........................@....
.........@......................@...........................
....@.....................@........................@........
@.....................@.....................................
..........@....................................@...........@
............................................................
............................................................
..........................@........@.....@.....@............
.................................@..........................
............................................@...............
............@.@.............................................
............................................................
....................................@...............@.......
.....@....@..@..........@..........@..........@.@.@.........
............................@...................@...@.......
.@............................@..................@..@.......
...........@.....@...@......@.......@@......................
...............@......@.....@@....@.........@...............
........................@.......@.......................@...
............................................................
...@........@..........@....................................
.....................@.....................@................
......................................@.....................
@...............@.............@....@........@...............
............@...............................................
......@.............................................@......@
........................@.......@..........@.....@..........
......................@.......@.............................
.......@.................@........@......................@..
.......@.............................@................@.@.@.
@..........@........@..@.......@.....@...................@..
....@...@...................@................@..............
...................@..............................@.........
....@..@....................@.........@.....................
.....................@...............................@......
.................@............................@.............
............@..@............................................
..........................@....@..............@.............
......@................@..............................@.....
...............@......@...................@.................
...............@............@........@..............@.......
...................................@...........@............
.................@@.........................................
...@..............................................@....@....
...@.....@@......................................@..........
.......................@..........................@.........
..................@..@..................@.......@.@.........
............................@...@.......@...................
...................................@........................
...............................................@............
Agents:
60
0,54,23,44,8
1,29,55,40,18
2,45,51,39,0
3,2,6,33,37
4,6,28,49,39
5,19,10,53,47
6,36,13,37,6
7,43,56,21,6
8,47,16,49,19
9,26,8,30,20
10,23,51,28,17
11,43,35,7,58
12,39,24,47,9
13,54,44,24,21
14,24,11,41,23
15,46,45,48,10
16,7,31,24,49
17,42,0,8,10
18,41,30,1,16
19,49,2,19,21
20,51,8,9,32
21,20,20,39,27
22,26,26,40,58
23,11,37,49,10
24,56,37,21,27
25,57,21,14,38
26,32,43,28,3
27,16,10,59,34
28,11,38,11,3
29,11,21,34,58
30,3,7,59,32
31,24,20,7,49
32,25,5,41,31
33,30,42,3,59
34,15,16,50,11
35,26,24,6,46
36,17,15,37,15
37,49,36,32,30
38,15,19,57,16
39,58,28,29,36
40,33,47,16,13
41,15,8,32,12
42,48,46,27,4
43,58,59,1,41
44,44,30,31,46
45,18,11,56,12
46,50,29,53,18
47,4,54,3,32
48,42,59,22,41
49,54,20,53,24
50,55,29,29,20
51,22,40,48,11
52,10,32,31,26
53,3,17,23,31
54,54,40,34,13
55,55,52,6,54
56,39,43,42,58
57,48,16,26,23
58,52,15,18,49
59,31,39,54,20
