2
Grid:
60,60
............................................................
............................................................
............................................................
............................................................
............................................................
............................................................
............................................................
............................................................
............................................................
............................................................
............................................................
............................................................
............................................................
............................................................
............................................................
............................................................
............................................................
............................................................
............................................................
............................................................
............................................................
............................................................
............................................................
............................................................
............................................................
............................................................
............................................................
............................................................
............................................................
............................................................
............................................................
............................................................
............................................................
............................................................
............................................................
............................................................
............................................................
............................................................
............................................................
............................................................
............................................................
............................................................
............................................................
............................................................
............................................................
............................................................
............................................................
............................................................
............................................................
............................................................
............................................................
............................................................
............................................................
............................................................
............................................................
............................................................
............................................................
............................................................
............................................................
............................................................
Agents:
35
0,39,3,21,6
1,44,17,51,27
2,47,36,6,10
3,0,43,44,56
4,54,38,57,55
5,28,51,35,56
6,48,37,43,3
7,54,37,18,29
8,25,58,3,55
9,18,54,52,44
10,44,27,44,57
11,23,2,35,25
12,56,26,7,19
13,5,50,44,47
14,39,12,35,34
15,38,49,2,18
16,51,45,39,2
17,55,21,56,14
18,19,11,57,16
19,44,28,40,34
20,31,33,31,46
21,25,45,53,26
22,37,42,54,7
23,16,51,8,11
24,24,21,29,45
25,20,54,47,16
26,4,22,19,38
27,59,12,40,21
28,40,41,28,13
29,20,20,1,7
30,30,9,16,42
31,3,42,28,28
32,59,38,58,3
33,59,2,20,9
34,41,32,5,14
