0
Grid:
30,30
..............................
..............................
..............................
..............................
..............................
..............................
..............................
..............................
..............................
..............................
..............................
..............................
..............................
..............................
..............................
..............................
..............................
..............................
..............................
..............................
..............................
..............................
..............................
..............................
..............................
..............................
..............................
..............................
..............................
..............................
Agents:
17
0,0,12,23,23
1,7,0,17,6
2,21,11,26,10
3,19,5,0,14
4,12,18,1,28
5,7,14,29,15
6,26,4,12,28
7,14,16,29,10
8,1,9,15,22
9,29,29,2,27
10,28,14,3,25
11,28,3,15,17
12,10,27,1,16
13,20,11,8,10
14,17,25,25,19
15,20,15,23,25
16,12,0,29,12
