2
Grid:
60,60
............................................................
............................................................
............................................................
............................................................
............................................................
............................................................
............................................................
............................................................
............................................................
............................................................
............................................................
............................................................
............................................................
............................................................
............................................................
............................................................
............................................................
............................................................
............................................................
............................................................
............................................................
............................................................
............................................................
............................................................
............................................................
............................................................
............................................................
............................................................
............................................................
............................................................
............................................................
............................................................
............................................................
............................................................
............................................................
............................................................
............................................................
............................................................
............................................................
............................................................
............................................................
............................................................
............................................................
............................................................
............................................................
............................................................
............................................................
............................................................
............................................................
............................................................
............................................................
............................................................
............................................................
............................................................
............................................................
............................................................
............................................................
............................................................
............................................................
............................................................
Agents:
80
0,8,7,58,12
1,41,25,56,31
2,7,2,48,28
3,49,42,34,13
4,8,9,12,23
5,22,38,46,10
6,35,44,31,14
7,51,16,2,47
8,47,59,59,7
9,17,22,44,25
10,22,58,37,16
11,18,22,52,17
12,3,6,3,44
13,8,52,27,1
14,11,6,12,51
15,14,0,16,30
16,51,51,6,35
17,36,37,44,28
18,44,58,46,14
19,28,42,44,30
20,15,52,34,1
21,8,54,55,56
22,24,38,27,31
23,5,9,5,36
24,59,55,0,8
25,14,58,28,57
26,10,50,0,51
27,2,10,33,54
28,49,18,18,6
29,22,1,35,33
30,54,57,15,26
31,31,1,3,20
32,54,21,23,0
33,47,44,35,37
34,8,14,9,50
35,32,49,33,33
36,31,34,29,22
37,7,29,46,19
38,50,23,15,48
39,58,25,24,14
40,0,58,16,26
41,53,15,7,40
42,51,15,19,57
43,49,0,2,18
44,48,26,33,6
45,47,25,51,17
46,36,27,8,50
47,48,18,9,5
48,21,6,51,32
49,59,3,14,17
50,51,20,29,24
51,1,45,18,57
52,22,25,34,10
53,27,36,17,48
54,43,32,46,25
55,19,25,10,44
56,20,56,22,23
57,0,55,14,1
58,4,16,26,36
59,10,38,27,32
60,31,47,3,31
61,56,41,47,29
62,26,7,28,46
63,13,4,50,42
64,45,48,44,17
65,8,44,46,48
66,24,55,32,11
67,34,39,22,10
68,56,7,43,36
69,52,25,48,5
70,48,13,17,16
71,16,15,41,48
72,6,22,35,42
73,4,39,20,30
74,27,53,28,47
75,14,4,6,0
76,55,20,49,47
77,31,3,26,51
78,24,20,45,45
79,19,15,33,40
