2
Grid:
70,70
@....@.@@.@...@....@.@@.....@.@.@...@@@.@@@.@@@.@@...@.@..@@.@......@.
.....@.@@@@...@.@@.@.@...@..@@.@.@....@.@...@@..@...@@@.@....@...@...@
@@...@@...@..@..@...@.......@...@.@.....@.@@....@@..@@.@...@.@......@.
.@@.....@.......@.@......@.@...@..@....@@..@....@..@..@..@.@.@@.......
....@..@@......@@..@.@.@@.@.@.@..@@@..@@.@...@@...@....@..@@.....@@@..
..@..@..@@@@......@@@....@@...@@.@@.@....@@...@@.......@......@@@@@@..
.@.@@...@@.@........@....@..@...@.@@.....@@.@......@@...@...@.@.....@.
..@.....@........@...............@@..............@.@.....@@.....@@.@..
....@@..@.....@....@.....@.@....@.@@@@@........@@.......@......@......
.@.@...@...@.....@@@@@.....@...@..@@.@.........@.@.......@@@..........
@......@........@.@@.........@..@.@@...@@......@.....@..@..@...@.@@.@.
@.....@..@@........@......@...@..@..@@.@@@.@....@@.....@@@@..@...@..@@
.@.@.@.@@...@...@.@..@........@..@.........@...@@...@.....@...@.@...@.
@@@@@...@@.@.@...@@@......@.@@@....@...@..@@@....@@..@@@..@.@.........
..@.@..@@@@..@@...........@.....@..@..........@..........@@.@.@..@...@
...@....@..@..@..@..@@......@.......@@@...@@...@..@..@..@@..@@@.......
..@@.......@.@...@..@..@...@@@....@......@..@...@.....@..@....@..@.@..
@@@........@...@.....@...@.@@@..@..@@.......@@.@.@@.@.@.........@@.@..
.@.@.@@......@@.@.@..@.@@......@@.@@.....@..@.....@...@@.........@@@..
@....@.............@..........@@.......@.@@.@.@.@.@@@.....@.@@........
@.@...@....@...........@.@.....@...@..@@@@....@..@......@...@..@@@@...
@....@@@@@.......@..@@.........@@@.@..@@.@@.@...@@@@@.....@..@@....@@.
.@..@..@.@...@..@@@.@@@..@.@...@.@@..@........@....@@.....@@..@......@
.@.@..@...@@..........@....@@@@..@@@......@@............@...@.....@@.@
@...@@@@@..@..@.@.....@.@...@...@...@..@.@.@....@......@..@.@......@..
.@..@.@.@.@...@.................@..@...@..@..@...@....@.@....@.@@@..@@
..@..@.@@@@...@.@..@....@@.......@......@@@......@..@.@..............@
.....@...@...@.@........@........@...@@....@.@@.@..@.@@.....@.....@...
@..@.@..@....@@.@.@@......@@...@.....@@.....@.....@...@.@@.@@...@.....
.@@.......@@..@....@.......@.@.......@..@...............@......@@@....
@......@.@.....@@@...@..@.@@@.@....@..@.@...@..@...@...@..@.@@.@@@@...
@.......@@..@.@.....@@.@@.@.............@......@..@@........@..@..@..@
.@.......@@...@@@.......@@.......@@@@....@....@.@...@@........@..@....
...@@.....@..@@.@..@@.........@.@@.......@..@.@......@.....@....@@@.@.
..@..@.@@..@.@..@......@..@.@@@..@.......@.......@@....@.@...@@@@.@@..
@...@....@....@.@.@....@............@@...........@....@@..@@.....@..@.
.............@@.............@.@@.@.....@@.@.......@@@@..@@@.@....@.@..
.@......@...@.@..@.@.@.........@...@...@@...@...@..@.@@...@@....@..@@.
....@.@..@@@@.....@.@...@@.@.@....@@.....@..@....@..@@........@...@.@.
......@@.@..@@..@...@@.......@...@.@.......@.....@@@....@...@......@..
....@....@...........@@...@@.......@....@......@....@......@.@@@....@@
.@...@.@.@...@...@..@...@@.@...@@@@@.@......@...@@.@..@.....@.@.@@....
.....@@@.@@....@@....@..@..@@@@.@......@....@......@@@..@...@......@.@
@..@.....@@....@@@@.......@@...@@..@@@@@..@.....@...@............@....
@.@..@.@@......@...@....@@....@...@.......@.@.@.......@@@....@.@@..@@.
@.@@@.@.@..@@......@.@.@.@.@..@..@....@....@.@..@.@@@@..@@.........@.@
@...@......@.@..@.......@.....@......@.@.@.@....@....@@.@.@...@...@@@.
@........@.......@@.....@...@...@..@......@.@.@....@..@@@..@........@@
...@....@@.@...@@.....@@...@.@..@@....@...@@.@@..@..@....@@..@.......@
........@...@@..........@..@@@@..............@@....@...@........@....@
..@@@.@......@...@....@.@..@...@@.@................@.@...@...@@..@..@.
@@@...@@@@@.....@@@@@@.....@......@.....@@.@@...@..@..@.@.........@@..
......@..@...@..@.@@@..@.@@.......@....@.......@.@...@@...@.@.@...@.@.
@.@....@..@...@..@.@...........@..@..@...@.@.@@@.@......@@......@@.@..
....@...@......@@.......@........@.@...@.....@.@..@@..@@....@@.@@....@
...@@...@.@.....@@.....@...@...@.@...@.....@@@...@.@..@.@..@......@@..
@@....@@..@...@@.....@...@........@...@@.@..@..@@@@@@....@.@@.@....@.@
.....@...@.@@@....@@.@@.....@.......@.@......@.@...@.......@.@@.....@.
......@......@@@.@.@...@@.@@...@.@......@@.@.@@.@...@@@@@..@@....@....
...@....@........@...@...@.....@..@.@.@@@.@.@....@.@.....@.......@.@.@
....@.@...@.@...@..@..@@@....@...@...@@.@.@.......@.@.........@...@@..
@@.@..@@...@@......@...@.....@......@@..@............@@...@.@..@....@.
.@@...@.....@.....@....@.@....@.@.@..@.@@.@..@@..@@@.......@.@@.......
....@........@....@.@@.....@..@@..@.@....@.@@..@..@.@@.............@@.
....@.@.....@@@@.@..@@....@...@..@.@.........@@.@@@.@.@..@@.@..@.@..@.
@...@..@...@@..@@.....@....@...@@@.....@..........@.@@.@.@@.@........@
...@.@...@@.....@...@..@..@.@...@@.@.@@......@.@@.@..@...@...@.@...@..
@@.@.@..@@.........@.@..@....@..@.@..................@...@.....@......
.@.@@@..@.@...@....@.@..@.......@...@....@...@.@..@.......@..@....@.@.
...@...@................@.@.@.@.@@.@..@...@......@........@.@..@@.@@@.
Agents:
65
0,51,50,62,48
1,31,44,10,46
2,1,6,0,6
3,69,8,42,12
4,69,48,53,22
5,14,66,18,64
6,28,40,62,33
7,46,8,16,19
8,35,2,59,35
9,18,36,68,29
10,6,48,20,52
11,5,14,39,52
12,3,30,53,9
13,49,60,49,34
14,19,3,67,31
15,23,36,35,48
16,43,64,1,36
17,18,11,63,0
18,31,16,12,36
19,31,28,39,69
20,10,3,25,44
21,25,46,65,59
22,38,56,29,9
23,2,38,20,19
24,68,23,12,66
25,59,27,46,59
26,55,68,18,40
27,17,10,3,10
28,32,29,53,32
29,52,22,57,63
30,11,11,61,14
31,18,33,4,60
32,28,48,32,40
33,60,15,26,61
34,5,35,5,35
35,56,24,25,13
36,66,49,43,49
37,40,45,58,9
38,25,33,49,39
39,65,51,1,3
40,68,64,39,64
41,64,16,53,15
42,45,61,33,39
43,26,53,4,0
44,0,34,30,43
45,64,10,57,43
46,36,5,21,3
47,63,9,27,55
48,69,19,44,35
49,42,50,17,43
50,34,3,8,42
51,27,35,6,23
52,40,37,61,49
53,51,55,28,65
54,35,7,55,26
55,53,9,69,25
56,51,52,69,54
57,22,14,68,7
58,23,31,18,58
59,55,53,0,57
60,33,48,35,28
61,8,17,56,24
62,29,61,44,60
63,58,10,41,14
64,20,58,30,34
