1
Grid:
60,60
.@....@.....@......@.@......................................
.............@...@.......@..................................
.....................@.........@..@.......@.@........@......
...............................@............................
.@..@....@....................@.@...........................
......@.........@..@................@.......................
.................................@..........................
......@..@.............@.................@..................
............................................................
.....................@..............................@..@.@..
@..........@...............@.........@......................
....@.................@.....@.............@.......@....@....
......@..............................@..@..@............@...
.......@..................@.................................
............................................@...............
............................................................
......................................................@....@
.........................@...........@.......@..............
....................................@...@...................
...@............@..................@.......@................
..........@...............................@.....@..@........
...........................@....................@@..........
.@....@........................@......@.....................
............................................................
..@...............................@.............@...........
..........@.....@@.@..........@.............................
................................@.......@...........@.......
..........@.....@...........................................
.......................................@....................
.@............................@.....@......@................
.........@..@...........@...............................@...
.....................................@.....................@
............@..........@..................@..@..............
............................................@...............
................@............................@............@.
.........@....................................@.............
................@................@........@........@........
.................................................@.....@....
......................................................@.....
...@.@...............@.........................@.........@..
..@......@..........@.......................................
......@................@..@......@@.........................
......................@.............@.......................
@....@..............@.....@.............@...................
.......................@@..........@...........@............
..............@......@............................@.........
..........................................@..........@......
..................@..................@....@.................
....@..................@...........@........................
.@...@......................................@...............
..................@.....................@..................@
..............................@..@.......@..................
............................................................
.....@......................................................
..........@.........................@.......................
.....................@@......@.............@................
.......@......@...@.........@..................@..........@.
..........@....................@...................@........
...............@......@....................@.....@..........
......................................@......@..............
Agents:
40
0,23,33,21,0
1,53,59,20,53
2,48,26,12,25
3,53,53,7,16
4,13,40,42,30
5,54,42,52,25
6,26,5,13,48
7,5,53,27,59
8,53,43,58,47
9,31,6,4,37
10,22,19,58,6
11,14,22,30,31
12,41,53,34,46
13,16,57,4,52
14,15,26,27,5
15,58,31,57,15
16,26,25,21,58
17,29,44,14,10
18,48,21,59,58
19,31,14,36,39
20,35,8,1,53
21,7,59,52,7
22,0,27,20,24
23,33,4,58,9
24,58,6,51,36
25,2,47,35,23
26,36,28,5,55
27,12,22,56,57
28,32,0,18,25
29,36,15,45,20
30,25,27,56,0
31,43,54,25,11
32,39,39,23,25
33,24,8,39,18
34,0,14,32,18
35,28,10,50,47
36,34,8,31,3
37,44,5,49,37
38,15,42,11,46
39,52,48,13,32
