2
Grid:
70,70
@.@..@..@....@.@.........@...@....@@.....@..@.@....@.....@.@......@.@.
@.@....@.@..@@......@...@..........@....@@@..@..@@...@@.......@@@@....
@.@.@.@@@.@.@@.......@.@@.....@.@......@.@..@...@@@...@...@......@@...
.@@@..@..@...@...@...@@......@@........@@@@......@......@.............
@@..@.@@..@.@@..@.@..@@.....@.@@.@..@...........@...@@.....@@@.......@
.@.@@@.............@.....@@@....@.@.........@..............@..@.@.....
...@...@...@........@..@.@@...@@....@.@....@.....@....@.@......@..@.@.
......@@.@..........@.@...@.@..@.@.@....@.@.@.@@...@..@@@..@...@....@.
...@@.@.@@@..@..@.@..@...@.@@...@.......@@..@..@....@...@......@.@..@.
...@@....@..@@....@..@.@@@.@@@.@.@@@@.@@...@@@...@.@...@.......@......
...@...@...@.....@....@@.@.@..@@.@@.......@@@..........@..@@.@.@......
....@...@@@....@.@.............@..@....@......@........@......@@.@.@..
..@...@..@.@.....@@@@.@.@........@....@....@........@....@..@...@@@@..
.@...@.@.@@...@..@...@@..@.@@.@.......@......@.....@..@.@.@...@@..@..@
@@....@..@.@..@..@..@......@@.....@@..@@@.......@.@@@...@...........@.
@.................@..@.@@@..@@.@...@...@@@@..@..@..@......@..@@...@...
.....@.@.@........@.@.......@......@...@.@@@...@..@.........@.@.......
..@..@...@..@@@@.@@....@....@..@..@@.@.@.@.....@@.........@@...@.@@.@.
@@....@....@......@....@@@.@@.@@.@..@@...@.......@...@@..@@@.@...@.@@.
....@..@@..@...@@..@@..@@..@......@@...@.@..@.@@.@..@.@.@.@.@@..@@.@.@
..@@..@..@....@...@.@@@..@....@...@.@.@....@@@.....@.@@........@@...@.
.@..@..........@.@.@....@..@...@.@@@.@...@...@.@.@@..........@.@......
@@...@.@@....@....@.@.@.......@@...@@.@@...@.....@....@.....@.......@@
@...@.@@@....@@@..@@@.@..@@..@.@.@...@.@..@.@...@@...@..@..@.@.@......
...@....@.@@...@@@@@...@...@..@..@......@...@@.@...@@...@....@.@..@@..
...@@....@.........@..@..@..@@@@.@.@...@..@@...@.@...@....@..@@...@@.@
@.@...@.......@@.@@.@......@.@@..@@.@@@...@.@.....@.@@@@.@...@..@@@@@@
@......@@.@..@@..@.@@@...@..@.....@@.@..@...@...@...@.@....@...@....@.
.@.@.@....@..@..................@.......@.@....@@..@@@..@...@.........
.@@...@.@@@..@.....@.@......@........@.......@...@@...............@@..
.@...@..@...@..@...............@.@.@...@.@.@@..@@..@......@..@.@..@.@.
...@....@....@.@......@..@.@@@...@......@.@@...@@..........@.....@....
@@.@@........@...@...@@.....@@...@.@@..........@...@...@@@.@..........
.........@...@.@.......@...@.........@@........@.@.@..@@@..@.@.....@.@
.@....@...@@@..@@.....@@.........@.....@@@..@@..@@.@.@@..@.@@....@....
.@..@.@@.............@.....@@...@.@@@.............@...............@..@
...@.@........@@@.@@.@.....@.@...@.@@..@@.......@......@...@.@..@.@..@
.@..@.....@@....@.@...@@.........@........@@..@@...@@......@.....@....
@..@.@.@@@.@@@@....@@......@..@......@..@@...@.....@....@...@.@.@@....
@...@.@.....@.......@......@@.@..............@.@@@@..........@.@@.@.@@
....@.@@.........@..........@.........@@........@@.....@@@.....@....@.
.@..@.@..@@.@@@..@@@@..@@...@.@....@.........@@@..@@....@....@@.......
.@.@...@@.@...@...@.@..@.@......@.......@@.@.@..@..@.@.@..@..@...@@@..
....@....@......@@...@.@@....@....@........@....@.@..@...@@.@@.@@@....
.@.......@..@.@...@@.@.@.@..@.@@..@...@..@..@@@.@..@@@.@..@.@@...@...@
.@..@.@..@@.@....@...@...@.....@......@.@@.......@..@@..@......@.@...@
.@.@..@@@.@..@....@@......@.@.@..@...........................@@@......
..@...@..@@.................@@@...@....@........@....@@.....@..@@@@..@
.....@....@@...............@...@@@@.@.............@.....@..@@@........
........@...@.@..@.@@.@.@....@.....@.@@..@.@@...@.@.@@.@.@..@@.@.@@.@.
.@..@.....@...@..@..@....@....@@.@...@...@@..@..@...@@..........@.....
..@@...@...@...@...@@...@....@..@@..@.@.@@.....@.............@...@@@.@
@@.@@....@@@@....@....@@.......@........@..@.@.@..@.....@@..@..@..@..@
@@..@.@...@..@....@.@@@..@..@.......@.@..@....@...@@@...@...@....@@...
.@@.....@.@...@@....@..@@@@...@..@.....@.@@@......@@....@.@.....@@...@
.@...@@@........@.@..@.....@....@....@@....@.....@......@@......@@.@..
.....@..@....@.@.@....@.@.@@..@..@@.@.@.@....@...@@.@@@........@.@.@.@
.......@.@....@.......@.@......@@..@.@..@..@.@.@..@..@.......@...@.@..
..@@.@.@@...........@..@@@..@.@.@.....@.............@@@...@.........@@
@...................@@.......@@.......@@....@....@............@@..@..@
@@.........@@.@..@..@....@.@...@@@..@@.@.......@....@@.@...@..@.......
@....@.@..@.@.........@.@@..@..@.@..@@.@@...@@....@@...@.@......@@..@@
..@..........@.@.@@.....@....@.............@@...@@@@............@@...@
..@...........@....@..@........@..@@....@@....@@..@..@.....@.....@@.@@
....@....@.......@.@.....@.@@.......@.@.@..@.@....@.@@@...@..@@.@@...@
@....@......@..@@@..@@@.@....@..@.....@@....@............@@..@@...@@..
.@..@.@...@..@....@....@.@@@...@...@....@.@@@@@......@..@@@.......@.@.
.@.@@..@.@..............@@..@@...@@...@..@..@..@..@.@@...@..@.@.......
@....@..@.........@@@@..@.@@.@..@.@@@@.....@@.@.@....@@.......@.@@@.@.
.@.........@.@.@@.@@.....@..@@@@@..@@....@.@....@.@...@.@.@.@.@@@...@.
Agents:
75
0,34,62,40,14
1,11,47,48,17
2,44,27,43,3
3,5,37,21,40
4,35,2,66,22
5,11,21,9,54
6,10,18,30,69
7,9,62,27,1
8,14,60,32,39
9,57,33,29,51
10,45,68,21,46
11,52,28,55,51
12,63,60,55,9
13,0,23,66,9
14,48,21,50,69
15,11,45,38,39
16,0,19,58,12
17,10,0,30,10
18,42,46,15,33
19,10,29,47,18
20,16,13,35,20
21,64,15,27,24
22,12,62,10,36
23,1,16,61,15
24,20,56,65,35
25,39,58,40,25
26,36,51,5,39
27,60,38,50,6
28,17,49,69,17
29,5,13,33,17
30,39,65,8,34
31,12,54,29,17
32,30,54,21,2
33,10,68,36,13
34,41,42,16,36
35,39,54,69,20
36,69,69,28,45
37,63,38,38,63
38,68,39,14,63
39,68,33,69,34
40,32,49,48,40
41,55,61,0,21
42,53,23,30,55
43,11,68,3,34
44,26,5,48,30
45,30,30,6,10
46,57,57,35,63
47,18,63,1,26
48,33,32,28,63
49,64,11,69,66
50,1,17,31,12
51,19,0,57,34
52,67,42,28,66
53,69,27,69,26
54,38,38,27,33
55,1,56,22,46
56,56,42,67,22
57,16,33,14,65
58,23,38,3,35
59,11,5,7,14
60,20,4,55,11
61,6,35,14,4
62,64,2,44,33
63,47,37,5,22
64,12,47,0,50
65,3,11,54,59
66,19,57,14,47
67,58,66,36,58
68,25,64,59,50
69,31,52,31,20
70,64,10,34,32
71,50,63,52,37
72,36,20,22,24
73,49,39,1,68
74,19,48,19,14
