1
Grid:
70,70
@....@.@....@.....@...@...........................@..@...@..@.@.......
.....@.@..@...........@........@.......@.@..............@..@..........
.@......@....@..............@...@@......@..........@.@.........@.....@
@..@@...@.@.@......@........@..@@..............@.@...@.@...@.....@...@
@.@.......@@......@..@..@...........@........@..@......@.............@
....@...@..@..@.@.................@.....@@.@..@....@.....@.@.@........
...@..@@.....@....................@.@........................@........
......@..@@@..........@..........@..@.............@.............@.@...
........@.......@..@........@................@@..@......@.............
.......@..@@.......@@............@.................@..................
........@.@........@..@................@@.....................@@......
.@..@.............@..@.....................@@@.........@@.......@@...@
..@...@.@...............@...............@.............@.....@.......@.
@......@.....@......@....@...........@.....@....@...@@..........@@....
.......@.@...@..@..@....@.................@...............@..........@
.@..............................@....@...@..@.......@@.@.@@...........
@................@..................@......@............@.............
.................@...@.................@@......@.@.............@......
........@@@..@.....@..@...@...........@.@.@@@....@.@..............@...
.................................@........@....@.@......@@............
.@..........................@.......@..@..........@................@..
.@@...@.........@@@@....@.........@.......@.@..@@@..@@................
...............@........@@..@..@@...@............@........@@...@......
..@.@......@@...@.@..........@.................@...@......@..@........
....@................@............@..................@...@@@....@.....
....@.......@.........@.............@@.@....@...........@.....@.......
.....@@............@...................@...@..@......@.............@@.
......................@..@............@...@@.........@......@....@@...
...........@.............@........@.......@.@...@.....@.@.@.@.........
@..@........@....@.........@...@..@.........@...@...............@.@.@@
.......@....@...........@@...@..@.....................@..........@@...
@..............@.@......@..@...............@....@...@.@@..........@...
.....@......@.....@..@.............@.@@....@@@.@....@...@....@....@...
...@........@.......@......................@........@...@@..@.........
..@...........@..@..@..............@......@...@..@...@......@....@..@.
..@......@........@..........@...@..................@....@............
.@..@..@..........@@@..................................@.....@.@@.....
..............@...@@.....@....@..............@@............@......@@@.
............................@.@..@.....@...@...@.....@....@...........
@.......@....@.....@.@.........@...........@.@.......@...@.........@.@
.@....@.@.....@............@@.@..@...@...@..........@@....@........@@.
..........@.@@..............@@@.........@@........@.............@...@@
............................@...........@.....@.@.......@.......@@.@..
@...@.......@...@....@....@........@.........@..................@.....
.@....@....@...@......@.......@..@.................@.@................
........@.......@...@..............@....@.....@...@..@.@.....@..@.....
....@........@.@..@.....@@......@.............@........@..............
@...@.@.@..@.@...................@@.@...@...............@....@.@.....@
.........@@...@.@.@.@@........@.......@......@..@....@.@..........@...
@.@@....@....@............@......@..@@.......@.....@..........@......@
.........@@........@.....@....@.........@...........@...........@.....
......@..@....@..@.........@...@...........................@@.........
........@......@@......@........@.......@..@@......@...@.........@....
..@..@....@.........................................@......@...@@.....
.................@.....@@....@........@@.......@....@@.....@....@.....
@..@...@.@.........@........@.....@@@....@........@....@.....@...@....
.@.......@.........@@....@..............@.@...@..................@@...
...@.......@...@...@.........@......@.@............@....@@............
.....@..........@.@@.@@.............@...............@.........@@....@.
........@.........@@...@..@.............@....@......@........@..@....@
....@.......@....@...@@.@@.........@..@...@@..@.@....@...@...@........
....@.......@...@.......@....@.@......@......@........@.@@.....@......
@.....@..........................@@@@@@...@....................@.@....
.@.@.@..@.@.......@........@.@.......@...........@...@...........@@...
..........@....@.....@.....@.@.....@.................@@..@...@...@....
..............@..@....@........@.@.@..@.......@@.@.....@...@@@..@.....
..............@.....@@..........@............@...@@.@.....@........@..
...@..........@.......@.....@.@...@@.......@.......@..............@..@
@....@........@........@...................@..............@.@..@......
......@@....@.......................@@...@.......@.....@.....@....@...
Agents:
80
0,67,20,25,0
1,26,50,36,29
2,27,36,67,6
3,39,27,17,45
4,20,23,39,3
5,24,56,69,28
6,58,37,68,48
7,60,47,19,20
8,32,59,37,6
9,48,57,68,44
10,24,15,61,67
11,17,22,25,13
12,46,62,3,7
13,10,7,3,9
14,53,23,65,18
15,43,13,6,44
16,58,40,18,46
17,8,30,39,15
18,43,37,42,8
19,67,41,41,51
20,46,5,68,67
21,34,7,35,35
22,9,14,44,41
23,33,7,64,24
24,42,38,19,52
25,18,46,15,65
26,17,12,65,4
27,13,44,69,39
28,49,41,28,39
29,12,30,35,41
30,0,56,32,9
31,10,34,42,36
32,13,57,23,57
33,45,41,43,31
34,28,2,6,54
35,68,38,6,38
36,40,19,16,53
37,14,66,1,51
38,29,1,66,63
39,66,31,50,15
40,67,65,44,57
41,28,1,33,38
42,14,46,15,8
43,67,8,47,35
44,24,38,14,15
45,63,42,67,27
46,1,46,48,15
47,18,15,42,68
48,14,1,9,57
49,11,47,62,57
50,4,30,61,65
51,27,15,11,24
52,19,0,19,19
53,27,8,57,63
54,38,52,25,68
55,17,44,12,46
56,15,36,12,30
57,7,18,29,24
58,24,13,25,47
59,38,31,2,57
60,64,46,37,21
61,2,39,32,11
62,68,53,27,36
63,53,51,28,18
64,16,65,0,1
65,54,51,23,36
66,67,64,16,27
67,35,49,0,63
68,30,13,68,12
69,19,59,35,68
70,40,42,38,48
71,47,41,62,29
72,24,27,38,37
73,30,52,25,55
74,8,65,53,65
75,47,67,58,43
76,8,42,2,4
77,36,51,34,37
78,12,49,6,27
79,2,43,69,62
