1
Grid:
70,70
............@...............@.....@.......@.................@.......@.
.......@@.......@...........@.@....@@....@......@.@@...............@..
...@..........................@@..@...@.@....@....@........@.....@....
...@............@..@...@...................@....@..........@...@......
......@.......@...@@.............@......@.........@@..........@.......
..@................@...@........@......................@...@..........
....@....@............@...@...........@...@.....@.........@........@.@
...@................@.........@.....@.......@............@.@...@......
............@.......@......@.....................@..........@.......@.
.....................@@..................@@...........@........@......
.....................@@.......@..@............@.................@.....
...@@.....................................@................@..@......@
........@..@...............................................@..@.@.....
....................@@.....@....@...@.......@.....@...................
@..@..............................@....@..............@..............@
...@....................@..................@......@................@..
.........@...@...............@...............@............@...........
...@....@....@....@...@......@.................@....@....@..@..@......
..@.@......................@.............@..........@@....@...........
................@...............@..................@................@.
...............@..@................@.@..........@........@........@...
..............@..........@...............@......@...........@.........
......@.......@..@....@....@....@...............@......@..............
..............@...........@.................@....................@.@..
..........@.................@.......@............@..@.................
...@.......@........@.@..@.....@@....@..............@..@..............
.......@@.........................@.......@.......................@...
......@.@.....@....@...@..................@.............@.............
........@................@...............................@..@.......@.
.....@..@...........@@....@...@..@..........@.....@.........@.........
.........@.@..........@...@....@.....@........@.@@.........@....@.....
......................@..............................@................
..............@.................................................@.....
@..............@.....................@........@......@.........@..@...
......@.............@@.@.@.......................@...@......@........@
............@..................................@......@.@.........@...
........@..@..@@.............@.......@......@@@..............@........
.............@......@...............@.....@.....@......@.........@....
........@.@.@......@..........................@................@@.....
...................@.........................@....@@........@...@....@
...@.............@...............@.@@.@@..........@......@........@...
..@.@@............@..@..@.........................................@...
@.............@....@..........................@...@..................@
..........@.....@.@........@.........@@.@...................@..@....@.
.@.....@............@.@....@....................@...........@.......@.
....@.....................@...................................@......@
.@.........................................@......@........@.@@.......
..@....@...................@...........@.@...@............@...........
@@@..@..................@..@@.............@.@...@.@.......@@@.....@...
.........@..........................@.@..............................@
...............@..@..................@.....................@........@.
.@.@......................@..................@..@..........@@.........
....@..@.....@................................................@.......
....................@.@.@......@...@...........................@......
.........@.....@.@...@...........@..........@.@.@....@.....@........@.
...@................@.................@@.....................@........
.........@.........@.@.@..............................................
........@...........@.@....................@@........................@
............@............@.........................................@..
...@.@@..@........@....@@............................@................
.....@.....................@.....@.@...........................@.@....
..@.............@.@.........@........@.........@.@...@....@........@..
....@...@......@........@....@...............@...........@...@........
..@....@.....@..@@..........@...............@@.....@...........@.@....
@........@......@......................@......@.......................
...@.........@.....@......@.......@.............@.................@...
..@.................@........@@....@..................................
..@...@...............@......@@............@........@.....@.........@.
..@.........................@......@.........@......@.@@..............
....@.................@.....@....@@.@.........@............@.@........
Agents:
50
0,51,41,69,15
1,33,51,25,66
2,2,41,24,21
3,67,12,61,51
4,51,33,2,49
5,48,8,28,28
6,69,7,15,39
7,42,38,48,10
8,16,59,26,16
9,61,50,22,21
10,60,19,50,8
11,32,56,3,18
12,30,38,24,5
13,19,4,51,14
14,20,61,32,12
15,21,58,68,3
16,10,31,49,13
17,25,10,65,60
18,69,24,23,63
19,5,17,11,26
20,8,24,69,67
21,21,51,64,32
22,7,42,38,50
23,65,57,11,52
24,16,54,65,21
25,68,36,24,39
26,39,31,45,41
27,9,46,66,4
28,20,33,34,15
29,22,63,55,28
30,61,60,35,22
31,68,37,15,25
32,60,32,6,54
33,12,5,7,39
34,59,37,60,16
35,45,42,17,27
36,11,8,39,62
37,35,49,13,66
38,31,47,56,5
39,8,33,32,50
40,44,37,21,64
41,59,43,64,22
42,62,54,20,38
43,0,49,66,65
44,59,35,7,22
45,2,11,45,31
46,26,17,66,45
47,12,31,17,31
48,53,39,13,1
49,44,10,2,43
