0
Grid:
60,60
.........................@....@.............................
............@...........@.@.............................@...
............................................................
........................@...................................
.....@......................................................
.............@.........@...........@.......@................
...........................@........@...............@.......
@........@.......@.@.@.@......@.@...........................
.........@......@................@............@...@.........
..........@.................................................
...@.@...............@....@...................@..........@..
.......................@...................@................
.@..................@..........................@............
..@.....@.....@.............................@.........@@....
............................................................
...............@............................................
......@...........@........................@....@...@.......
.............@......................@...@...................
...@....@........................@..........................
.................@...@...............................@@.....
...@......@.........................@.............@.........
.@.................@.......................@................
.......@.@..@..........@.......................@............
..............@.........................@................@..
..................@...................................@.....
@@.@...........@........................................@...
...@................................@...@..............@....
..............................................@.......@.....
...@......@.....................@...........................
..........................@........@@.......................
............@................................@..............
....@.....................@............@....................
....@..............................@.........@.@..@.........
............................................................
........................@...................................
...........................................@..............@.
........................@..........................@.....@..
...............................................@...@........
.............@....@...............................@.........
...............................@............................
...................................@.....@..................
..................@.....@........................@..........
..................................@.........@...............
..........@.@@......@..........@................@......@....
......@............@....@.@..........................@......
...............................................@............
......................@........................@............
@.......................................................@...
.....@@.......................................@.......@..@..
....................................................@.@.....
........@.............@.....................................
......................@.................................@...
...@.............@.....@.........................@..........
...........@.........@@.................@..................@
....@.......@...................@..@@.......................
.........@..................................................
.....................................................@......
..@............................................@..@...@.....
....@@.......................@....@.........@.@.............
.........................................................@..
Agents:
55
0,51,24,0,49
1,57,37,55,49
2,48,52,44,32
3,19,18,20,33
4,27,16,34,22
5,1,49,18,20
6,54,42,25,6
7,14,42,34,58
8,33,26,5,57
9,5,54,2,2
10,6,57,41,10
11,55,50,39,16
12,41,45,15,49
13,57,18,30,33
14,47,22,58,42
15,36,45,3,14
16,26,19,50,54
17,12,35,57,6
18,7,56,1,8
19,27,30,33,44
20,30,27,55,37
21,11,17,9,29
22,15,0,26,24
23,17,0,30,7
24,50,45,44,44
25,57,19,45,50
26,16,56,54,7
27,18,0,12,48
28,42,57,0,34
29,10,33,57,10
30,20,9,21,28
31,28,38,17,44
32,16,55,47,14
33,29,22,18,5
34,46,37,22,55
35,59,34,11,54
36,24,38,45,6
37,34,41,49,17
38,27,56,22,51
39,27,1,32,37
40,25,16,50,5
41,28,29,44,28
42,0,12,11,40
43,53,10,23,45
44,45,53,44,8
45,9,21,40,4
46,58,33,54,16
47,4,6,31,52
48,44,22,18,41
49,31,28,0,47
50,58,19,30,29
51,20,41,26,1
52,32,39,29,31
53,13,4,57,13
54,22,29,58,19
