0
Grid:
70,70
..@......@@@...............@.@..........@@...@.@........@....@..@@.@..
.....@.@.............@...@..@.............@.........@..........@.@.@.@
...@....@.@.............@.....@...@.@..@..@@.....@.....@....@....@....
..@...@........@.@.........@...........@.........@.......@@@@.........
.........@.....@.@.....@@...@.@@.........@.....@.......@..@........@.@
@...@......@@@....@..........@.@......@...@..@@.@...............@@....
....@......@.........@.@..@............@.@.........................@..
@.@.@@...@.@.......@@.....@...@.............@....@............@....@@.
...@@.......@....@@.@...@.@...@@..@......@@......@...@@.............@@
....................@@...@.................@..........@.@....@...@....
...@...@........@.............@..@.........@...@.......@........@.....
.........@...................@...................@....@..........@....
@......@.............@......@..........@..............................
......@......@@.......@..@.@..................@....@..@...@@.@........
......@...........................@.@.....@..............@@@.@........
.@@..............@....@............@..@.......@...................@...
.@@..................@.......@........@.........@........@............
...@.@...@...@.@...@.......@...@.@............@.......@.@.....@...@...
...@........@...@..@..@..@............@......@@.........@.....@.@....@
@......@.@.@.............@...@......@..@..@@..........@...@.....@@....
..@...................@...@.@@....@.........@..@........@.@...........
..@@.............@.........@..@...@@...@....................@....@....
@.....@.......@..@................@....@@.....@...@...................
........@..@.@.@..@...@......@............@..............@......@.....
.@@.@.....@.........@...............@..@.............@@@....@...@.@...
.@......................................@...........@.................
@....@..........@...@.....@@.@.....@...............@.....@............
...............@................@..@.@.@@............@......@.........
......@..@.......@..............@.....@@...@....@....@.@.......@.....@
...@........@.@.....@@@...@....@..@@@@@..@@.........@.........@......@
.....@........@......@..................@.............@..@............
.@...@..............@@@....@...@....@........................@...@....
...@....@@...............@...@...@...@...@.@........@....@.@@..@....@@
................@..........@....@@....@@..................@...........
....@......@....@@.........@.....@@....@......@.@.@..@.........@..@@..
.@@..............@.....@...........@@....@...........................@
...@...............@.@.......@....@......@..@.....................@...
..@.....@....@...@....@...........@.@...@@@...@.@......@.....@...@....
...@.....@.@@..@@@..............@@......@@....@...........@...........
...@..@.................@..........@........@...........@.@..@.....@@.
.@................@.....@...........@.@..............@..@...@.@.@.@...
..@..@........@..@.......@......@.............@....@...@@.......@.....
.......@.......@.....@.......@.......@..@.....................@@......
@........@.....@..@.@..@............@..@..........@@@............@..@.
........@..@@...@......@....@..@@..@@....@.@@...@....@................
..............@.........@...@..........@.@..........@......@..........
.............@.@.....@.......@.........@.......@...@....@............@
.@@...@.................@...................@..............@@......@..
.@....@@.............@...@.@............@.@..@....@.@....@......@...@@
@...........@....@..........@@....@@..............................@.@@
.....@...................@..@......@.@.@.....@.@........@......@@.....
@.....@....@...@@..............@..@.@.........................@...@...
..@@@..@.@................@...@..@..................................@.
...@.@...@......@.....@..........@..@................@.....@.@@.......
@.....@.@........@.........@@@....@......@...@.@...@...@...........@.@
@..............@@..................@........@@...@.......@............
.....@.......................@@...............@@@.@..@..........@...@.
.............@............@................@...............@.@@.......
.....@.......@.....................@...@@@@....@.....@........@....@..
.@.......@@............@.....@..........@.@@.....................@....
.....@...@@........@........@.....................@......@............
..@...........@................@....@.@...@...........@...@.........@.
....@......@.......@....@........@.......@......@.......@......@...@@.
...@...@....@..@.....@@..............................@...@........@...
....@.........@@.@...@....@.........@.@............@...........@@.....
..........@.......@..................@......@...@..@.......@.......@.@
.....................@....@...@......@..@...@....................@@.@.
@......@...@..@..@.....................@..............@.......@.......
@.............@..@..................@...@.....@..........@..@@...@....
@@....@....................@@..............@@@...@.............@......
Agents:
35
0,29,0,45,32
1,15,48,32,26
2,11,5,42,42
3,20,12,22,67
4,53,21,60,41
5,2,17,10,68
6,31,14,57,34
7,51,22,51,12
8,24,49,60,51
9,54,65,1,49
10,14,21,64,41
11,20,48,20,20
12,50,18,1,20
13,48,33,49,44
14,1,64,69,59
15,4,44,21,29
16,46,19,11,16
17,43,61,30,56
18,50,61,42,31
19,33,43,40,37
20,62,45,4,4
21,28,44,22,35
22,65,64,20,41
23,31,45,53,34
24,69,25,48,33
25,58,7,2,15
26,50,36,49,27
27,69,5,17,11
28,33,19,16,35
29,13,57,49,62
30,37,32,65,22
31,49,33,48,63
32,68,62,19,61
33,31,40,65,62
34,29,45,60,23
