0
Grid:
70,70
...@.@.@..@...@.......@..@....@@@......@.@.@@....@...........@..@..@..
@.@......@.@........@......@...@@...................@@....@....@@...@.
.@..@.......@.......@..@..@..@......@@..@..@.@...........@.......@.@..
...@....@........@.........@@.....@...@.........@@....@.@@.@@.@..@..@.
..@.......@@@@.....@.@...............@.@......@...@@...@..@.......@...
...............@.@......@......@.........@.@......@.@...............@.
...@.......@..@@......@.@..@.............@........@@.@........@.......
...............@........@............@.@...@....@.@@....@..@.@@.......
.....@@.......@.....@@........@@.....@@.......@......@..@......@..@...
..@.@.........@.@@......@.@......@.@.............@..@...@......@.@.@..
@.........@.....@....@...........@.@.@.......@...........@@.@@......@.
...@@..@......@.@..@@...............@@@@..........@..@@...@...@.......
.....@...@.@...................@.....@....@.@...@........@.@@......@@.
...@...@@@..........@............@.@@.........@....@.@.@......@.......
...@....@@.@...@.........@.@.@@..........@.....@......@.........@...@.
.@...........@.@...@.@.@...@....@...........@.@..@@......@.....@......
.....@..........@...........@...@....@.......@........@.@@@@..@.@.@@..
..........@.@..@.....@.@......@@...@..@.@.@.....@@..@........@...@....
@....@@....@......@..@.....@......@.@@..@.............................
..@@..@......@..................@.....@....@..@..@........@...@......@
@......@..@@.@.@@................@.@@.....@.........@............@....
@@.............@........@.......@.@@...@@.@.@..@@...@......@...@..@...
@............@@@......@......@.......@.....................@..........
..........@..........@..@.@......@...@.................@.@............
.@....@...@@...@..@.............@.@@.........@.@.....@..@...@@@.......
..@...@.@...@@...@@@.....@.......@@..........@..@.....@@.......@......
.@..@..@@@....@...............@@.....@......@.........@....@.........@
..@......@@...@...@........@...@..@.@...@........@@.@..@.@.@..@.......
@@@....@......@..@@@..@..@......@....@.......@@.@.@...@..@.......@....
......@.....@@............@........@...@@.@........@@.....@...........
........@@@...@..@..@.@...@.........@....@@@..@............@..@...@.@.
@....@..@.........@@.....@.@....@@.....@...@.@....@..@....@..@@.....@.
.......@.....@.....@........@........@....@@..@@..@......@.@...@...@@.
.@.@.@..@....@....@....@.....@@...@@...@@.@..@@.........@.@......@....
.@..............@...@@......@..@@...@.....@....@@.@..@..............@.
...@....@@....@......@....@..@..........@...@@@@@@.......@....@.......
.....@@@......@@@.................@.....@.......@.......@..@...@.@....
...@.......@.@...@.@@.......@.@@..@.....@.@...@.......@....@..@...@@..
.......@.....@.@....@...............@.@.@...........@.......@....@..@@
.........@...........@..@..@.@...@.@.....@...@.@@.........@........@..
......@.@.@@........@@...@.@.@....@..........@.@..@...................
@......@@...@...@@...@@...@...........@..@..@....@@.@.......@@....@@..
..@....@@@.@...@....@.....@.@@.@@.@...@.......@.@@........@...@.....@.
......@.......@..........................@.@.......@.....@...@@...@...
........@.....@....@......@@....@.@.........@@.....@.................@
@.@....@..@@..@....@...@............@.................@@@.@.@......@..
.....@.@@@.@.@.....@..@.......@......@.....@...@.....@.@.@...@........
@@@...@.@@......@................@.....@..@....@....@.................
.@@..@....@...@......@@@........@@@.@......@..@..@.........@......@.@@
....@@@..@@...@..@...@.......@@....................@.@...........@.@@.
.......@.@...................@@........@....@...@..@@@..........@.@...
....@....@....@.......@....@.@@.....@....@.....@........@.........@...
..@...@.................@.@....@..........@...@.@.@..@..@@@..@..@..@..
.@......@..@.....@@.........@.@.@@@..........@.@..@...........@...@@..
.......@..@..............@.@......@.....@..@.@...@.@.......@.@.....@@.
.......@..@........@.........@..@.@...........@@..........@.......@...
....@............@@@@.......@@......@@@@@..@........@......@.........@
...........@.........@@.@...@..@@...@@.@...@@..........@..@....@......
.....@...@@....@..@......@....@......@@..@@....@..@.@.@.@...@......@..
@@.......@....@...........@.@...............@.@.@........@............
..@.....@.@...@...@......@...@..@.@........................@..........
...@@........................................@........................
...@..@....@@@........@.......@...@...@..@..........@.@....@..........
.@.@..@...@@..................@.....@..@...............@.@@..@.@@..@..
...@@@.....@........@.......@@......@.@..@...........@....@...@...@..@
.......@.....@@..@.....@.@@..@.....@....@@..................@......@.@
.....@........@......@...@.......@@..@.@.........@@.........@.........
.@@.@.......@...........@.........@......@....@@....@...@@...@.@......
...@...@......@..............@..@..........@..................@...@@..
....@..@......@@....@....@.@...@..@@.@..@.@....@@............@......@.
Agents:
70
0,47,57,23,27
1,56,9,15,47
2,7,3,60,20
3,14,31,9,8
4,25,5,62,64
5,3,18,18,10
6,47,25,40,63
7,23,23,43,64
8,9,20,5,4
9,13,45,26,49
10,67,30,56,23
11,38,9,12,27
12,47,50,19,44
13,34,13,52,38
14,5,44,57,66
15,45,13,33,52
16,43,17,22,49
17,23,9,31,66
18,46,29,20,28
19,10,31,11,12
20,59,23,22,24
21,27,26,37,4
22,43,11,10,29
23,11,25,40,65
24,35,4,18,39
25,54,44,19,20
26,40,60,1,54
27,13,56,3,21
28,51,33,31,36
29,67,3,19,45
30,20,57,68,54
31,46,6,12,46
32,0,53,59,24
33,61,11,40,55
34,55,48,30,34
35,0,34,12,45
36,2,17,67,68
37,30,19,5,36
38,25,49,30,54
39,40,56,56,9
40,16,24,2,3
41,50,45,59,41
42,4,14,2,61
43,60,23,68,57
44,40,28,32,53
45,43,28,55,67
46,4,0,68,6
47,4,34,30,18
48,55,16,39,53
49,31,34,38,24
50,67,35,2,5
51,52,47,52,47
52,47,41,0,15
53,17,68,28,42
54,35,22,66,10
55,26,25,30,51
56,18,30,66,31
57,44,48,19,66
58,10,2,22,43
59,66,11,58,29
60,51,51,53,43
61,38,33,33,49
62,55,38,36,45
63,31,51,63,27
64,62,19,40,0
65,6,42,50,22
66,62,21,48,31
67,1,48,67,10
68,27,45,15,26
69,21,33,7,11
