2
Grid:
70,70
.................@...................@.@............@......@..........
...@.......@............@.@.......@..@.@...@..@@...@..................
...................@...@.@..........@...@...@.@...@...................
................@@.@.....@.@.......@...@...@..@@...........@.....@....
.@.@@@.............@.@....@@..@..@@.........................@..@......
....@.........@.@..@......@..@..............@...............@.........
.......@.......@......@......@.@@..@..@.@@@......@..@....@.........@..
..@...@........@..@.........@.........@...@@.....@....@@.@@...........
....................@..@.@@...@.......@..@.@@....@.............@....@.
...............@@....@.......@..................@...............@.....
@........@..@..........@...@.......@.....@........@..@.............@@.
....@..@.@@..........@......@@@.@@...........@.@........@.......@....@
......@@@.........@....@........@@@....@..@....@.@....................
....@......@....@.....@...@.@.............@....@...@....@....@....@...
.@@...@........@....@.............@.........@@...@..................@.
@....@...........@@........@.............@............................
.@.....@................@.........@.@..@..@..@@@......@...@.@.......@.
...................@.......@.@.....@....@..@..@........@.......@......
..@@......@.....@.@...@...............@....@.........@..............@@
..@..@@........@............@@@..@.@..........@@..............@.......
......@....................@...@@@....................................
........@.@..........@@.........................@.@.....@..@..........
..@...@.@..........@...@..............@..........@...@.........@......
..............@......................@@.......@.......@....@@@........
.........@....@......@..@..@...@.@@....@.@.......@...@................
.........@.@..................@..@.......@....@...@.......@.....@....@
.@.......@................@@..@@....@........@....@..@.......@..@.@...
..@......@.@...............@.......@...@...@@@..@......@...........@.@
..........@.....@............@@......@..@.@@.....@.......@...@........
..@..@.....@..@..................................@.@.........@..@.....
...@.@.@.@........@..@..........@...@.......@...@..........@..@......@
@.@......@...@...@..@....@..........@.............@....@......@.......
....@...............@.@......@...@.........@...@.............@........
....@....@...@@.@.@.....@.......@.........@.@........@...@............
...@....@...@..@.....@....@............@..@@....@.@....@.@.....@......
@...@....@@....@....@...........@.....................................
..@.@......@.....@......@...@............@...@.........@@.............
@@@.......@.@...@@..@....@...............@......@..@.....@.@..........
...@.....@..........@.................@.@...........@.@@.....@.......@
................@...@.......................@.....@@.....@.@......@@..
.............@.............@.@.......@...........@......@.............
...@....@@.@.....................................@....@...............
..@.@....@....@@..@...........@@@...@...@..@..@..@.@..@...@.@.@@......
.......@@.@..@....@.@...@...........@...........@......@.....@......@.
..@..........@.@..................@..@...................@............
....@................@..@@....@.....@..........@............@...@.@...
.@......@.......@.......@@@........@@...@....@...@....@...............
..@........@..@@...............................@.......@@....@.@......
.............@......@...@....@................@..@@.@..@@...@.........
.......@..........@...@@.....@@@.........@....@..@..........@.........
..@.......@.....@......@.@...............................@.@.......@..
..........@.@.@..@.....@.......@....@........@..............@.....@.@.
@....@..........@@..@...@@@..@........@.....@.......@@.@......@.......
..@......@.............@........@.....@..@....@.@.......@........@..@.
.....@..@....@..........@....@.@..............@.............@......@..
..........@@..@.@.@...@........................@..@@.......@@....@...@
.@.......................@...@...@@.@........@...@.@...........@......
....@.....@.@..@.....@..................@...@....@.......@..@@@.......
.................@@...............@.....@....@@.@......@....@.@.....@.
...@......................@.....@........@....@..@....@...............
....@@...........@.........@.@@..@....................@@.....@@....@..
....@.........@.....@@..@@....@.@.....@....@...@....@.....@....@......
..@...@.........@...@@@@........@@......@.................@@..........
.@.....@...........@.............@...@...@.................@...@......
......@.......@...@........@@.......@.............@@......@.@@........
@.@.@.....@..@....................@......@........................@...
.....@.......@.........@................@.........@............@......
..............@.....@...@.....................@....@@.@@..@...........
.......@.@..@..@....@...@.@.........@....@@............@........@.....
..@.@.@@...@.........@...@...@.....@@.....@.........@........@........
Agents:
80
0,58,50,1,15
1,8,56,0,10
2,22,18,18,26
3,66,64,2,30
4,47,68,44,24
5,69,48,59,44
6,64,65,13,33
7,40,30,14,47
8,5,22,48,31
9,8,61,56,16
10,33,37,15,2
11,19,23,22,57
12,42,17,31,56
13,29,48,27,13
14,39,38,32,12
15,20,35,14,54
16,68,69,7,14
17,2,18,26,63
18,64,7,17,1
19,41,17,34,10
20,14,4,55,33
21,46,59,23,10
22,24,67,35,47
23,23,55,39,32
24,60,22,30,24
25,26,51,2,34
26,25,1,51,46
27,9,59,30,53
28,33,5,32,5
29,20,60,54,38
30,66,0,24,67
31,9,69,63,54
32,34,37,21,41
33,41,39,56,24
34,23,41,11,3
35,66,2,8,45
36,12,12,10,54
37,0,29,66,14
38,27,42,56,3
39,69,69,24,26
40,15,13,37,21
41,64,1,22,10
42,41,40,10,65
43,39,34,68,48
44,1,42,11,0
45,34,20,60,36
46,33,61,40,64
47,57,58,14,7
48,10,48,54,16
49,62,54,36,52
50,5,7,49,14
51,46,21,49,11
52,5,61,35,67
53,32,23,67,5
54,18,29,57,14
55,16,21,8,9
56,32,66,14,31
57,4,32,20,9
58,0,58,38,43
59,40,24,59,39
60,47,49,16,38
61,66,36,31,22
62,55,63,53,28
63,49,20,10,11
64,25,20,3,41
65,35,48,1,16
66,2,47,47,38
67,23,39,60,21
68,61,13,62,13
69,57,36,52,63
70,56,24,18,33
71,63,9,47,39
72,48,4,52,36
73,13,50,61,10
74,3,41,8,27
75,43,25,3,14
76,64,66,55,12
77,38,25,36,47
78,49,66,25,47
79,7,45,8,48
