1
Grid:
70,70
@....@.........@.@..@@...@...@@@........@.@@@..@...@..........@@....@@
...@...@.@@..@...@.@@......@....@...@.@@...@..@@@.@...@..............@
@@.@...@...@....@.........@.......@.@....@@@@...@....@.@.@@.......@..@
.....@..........@@@....@................@.....@..@.@..@@...@...@@.....
.....@.....@..@.@.@..@..............@....@............@.....@..@...@..
..@..@.@@.......@..@.@....@.@.........@.@....@......@........@.@..@...
....@@..@......@......@.@......@....@.........@.@.@@...@....@@@....@..
....@..@........@..@........@...@.@....@..@...........@......@..@.....
............@..@.@.....@......@........@..@....@@.........@.@.@......@
.@@.....@....@@.......@@......@..@...@.........@..@@.................@
.@......@.....@...@@.........@..........@.......@......@@.......@@@@..
@@....@@..@..@...@@....@.@..@....@...@@......@........@....@.@.@......
......@...................@...............................@.@......@..
.@.@.........@...@....@@.@..................@..........@..@.......@@@@
.....@..@.......@..@@..............................@@...@@....@...@...
@.....................@.@@..@.....@...@@.........@.........@......@..@
..@.@@@....@.....@..@@..@.@.@@.@...@@........@@@.@.............@....@.
................@..............@.........@...@..........@.............
@.@...@..@.....@....@..............@........@.@@...........@..@.......
@.@@..............@..@.....@..@........@..........@...................
........@..............@..@..@...@...@@....@.......@....@.........@...
.......@.@.@@@...@......@.............@@.@@........@...@....@..@....@.
......@@..@@....@.....@.........@.............@..@..@......@@........@
@..@@@......................@@...@...@.......@..@@.@.....@...@....@...
.@....@..@...............@.@.@..@.@..........@@..@@..@...............@
.@.....@.........@..@.@.........@.....@..@................@.........@.
..@.@......@............@..............@.@..@.....@.......@.@.@....@..
...@......@.....@.....@..........@@.....@....@..........@..@..........
..@.@.@@...@............@.........@@..@.@@.@@.......@.@....@@.....@.@.
@..@@@...@..@.@...@@..@..@.@.......@......@.....@....@..@..@..@@......
.........@@....@..@..@.@@..@...@@....@............@@.....@..@...@....@
@.@...@........@@......@@..........@@..................@.@........@@..
..@...@.@......@............@....@......@@.....................@@....@
..@.@......@@......@..........@.@...@........@....@@...........@@@@...
....@..@...@...............@@....@..@@..............@.@........@..@...
@..@...........@@.............@...@........@...........@.@....@.....@.
..@........@............@.......@....@......@.@@...@..@@.........@....
......@.....@@.......@@@...@..@....@....@.@.....@..@..@@.@............
@.@@........@@.......@...@....@...@@@@........@..@..@...@..@.......@..
@@@.@@.....@.@..@@.......@@....@....@.....@.............@.......@..@@.
....@...@..@@.........................@...@.@..........@@.@.......@..@
.@....@@.....@......@.@....@.@..@........@.@....@@.@.................@
...@.@@..@@.......@.......@@...@..@.......@..@.....@..@...........@@..
............@@.@..@...........@.@...@.....@.......@.....@..@..........
....@...@@@.@@.@.@@@@....@.@@.@..@...........@@.....@..............@.@
.@...........@@@..@.@.@@......@.@.....@@..@..@..@......@..............
.....@@.....@....@.....@.....@@.@@....@.........................@.....
......@............@@.@..@...@.....@.@.........@@......@.........@....
...@........@@...@.@@...@......@....@@.@..@@....@@.@...@....@.........
....@......@@...@@......@@..............@..........@..@@...@........@.
..@.........@..@@.......@@.@........@.@@..@........@.........@...@@...
......@..@@...@.@............@....@.....@.@@........@@..........@@@...
.....@@@..........................@.....@...@.@......@....@...@@.@.@.@
.............@..........@..@@.......@.......@.@@..........@@..@.@....@
..........@@....@.......@........@.......@..........@......@....@.@.@.
@.....@.....@@.......@.....@...@.......@@..........@@@.............@..
@..@..@........@...................@......@..@@.@....@................
.....@.@....@...@..@...@.@.@........................@.....@......@.@..
.........@.......@.....@...@....@......@....@...@.@..@..@.............
...@@.@.....@@.@..@@..@@@..@@..........@.....@....@@...@..........@..@
.........@...................@...@.@..@.................@@.@....@.....
@..@.@@.@.......@..........@....@...................@........@.......@
.........@...@...............@....@....@.@.@.@..........@....@@@..@@@.
.....@....@.....@...@..@............@....@.@...@...............@.....@
.@...@....@....@..........@.@.@.@.@..@..@...........@..@.@@@.........@
...@...@..@.@@@.....@........@........@..........@......@@.........@.@
....@@.@.....@.....@.@@@.@@.@...@.@....@....@.@..........@.@.@........
.........@......@...@...@....@@.....@..@.....@..@.......@.@...@@......
..........@...@.....@....@.........@....@...........@.@...@@@.........
.@@...@..............@..@....@.@...........@@...@@.@.@@@.@......@.....
Agents:
50
0,56,55,52,28
1,8,49,3,10
2,0,48,66,3
3,20,41,67,49
4,9,34,3,25
5,8,7,58,33
6,31,63,24,62
7,30,35,1,18
8,11,64,66,10
9,14,38,35,32
10,5,30,61,7
11,63,30,14,25
12,42,58,53,68
13,20,69,30,65
14,25,18,54,21
15,27,18,6,9
16,47,16,5,51
17,22,62,5,37
18,21,4,18,42
19,66,18,63,33
20,58,54,30,55
21,55,22,48,52
22,59,9,55,10
23,10,32,57,53
24,58,26,51,11
25,61,47,57,60
26,6,11,57,31
27,11,58,22,35
28,20,9,26,31
29,41,35,47,56
30,36,12,68,28
31,57,64,43,22
32,41,21,48,7
33,17,1,53,63
34,41,58,34,21
35,3,14,47,57
36,50,23,46,52
37,8,3,50,8
38,7,1,25,36
39,26,69,47,61
40,10,10,54,65
41,50,32,57,37
42,53,57,9,12
43,9,68,27,8
44,12,19,24,10
45,55,47,0,48
46,30,58,24,19
47,15,57,46,67
48,62,16,60,5
49,6,17,47,30
