0
Grid:
60,60
..............@..........@..............@...................
...........@.....................@........@@................
.........@..............................................@...
..@...........@..............@..........@..................@
..................@.@...@...................................
.............@......................@.......................
.............@...@.......@.@................................
.......................@...@................................
............................................................
.....@......................................@.........@.....
........................@.................@.................
........................@...................................
........@......................@.............@..............
.........@......@............@...................@..........
............................................................
..............@................@....................@.......
.@...@............@......................@..................
..@.....................@.@.................................
..................@....@.........................@..........
..@...........@...................@..@..........@....@.....@
..........................................................@.
...@..............................@........@............@...
.......@...............@......................@.............
..................@..................@......................
.......@@...........@............................@..........
.......................................@....................
............@........................@......................
...........................................@................
......@.@....@..@.........@......................@..........
.................@.@@.............@@..........@.............
.............................@.............................@
..................................@.....@...................
........................................................@...
.......................@....................................
............................................................
.........@@..@......................@......@...@......@.....
...................@.....@......@...........................
.........@..@...........................@............@....@.
...................................@.@@.....................
...................................@........................
......@.............................@.................@@....
.....................@......................................
.@......@...........................@@......................
.............................@..@.@...@...................@.
...................................@....@......@............
@..................................@.......@.........@......
.@....................................@.....................
...@............@.......................@...................
.....@.......@.@........@...................................
..........................@..............@..................
......................@...@.............@.................@.
...............@.............@........@.....@...............
...............................@...............@............
@.@.............................................@.@.......@@
...........@@........@.......@.........@....................
.@.......................................@..................
......@..............@.@.@...@..............................
...@.....................................@...@..............
....................@.......................................
...............@........................@@..................
Agents:
40
0,29,42,30,13
1,46,27,59,45
2,8,8,18,10
3,5,46,25,33
4,59,58,26,19
5,8,35,13,58
6,54,48,52,5
7,50,20,57,56
8,6,16,41,48
9,29,13,40,16
10,29,0,40,8
11,23,12,2,13
12,7,55,24,1
13,0,9,51,4
14,31,29,13,17
15,41,11,44,39
16,43,37,26,51
17,12,49,31,20
18,16,29,6,7
19,3,30,59,49
20,5,51,24,38
21,17,52,20,38
22,31,1,35,26
23,31,44,2,26
24,13,32,48,29
25,12,47,40,30
26,13,28,39,57
27,19,33,27,32
28,20,12,21,17
29,15,18,41,29
30,46,50,54,41
31,27,38,39,43
32,54,42,49,36
33,8,16,34,37
34,0,0,37,8
35,10,59,6,6
36,54,31,35,23
37,54,14,14,41
38,23,50,44,50
39,15,15,48,37
