0
Grid:
60,60
............................................................
............................................................
............................................................
............................................................
............................................................
............................................................
............................................................
............................................................
............................................................
............................................................
............................................................
............................................................
............................................................
............................................................
............................................................
............................................................
............................................................
............................................................
............................................................
............................................................
............................................................
............................................................
............................................................
............................................................
............................................................
............................................................
............................................................
............................................................
............................................................
............................................................
............................................................
............................................................
............................................................
............................................................
............................................................
............................................................
............................................................
............................................................
............................................................
............................................................
............................................................
............................................................
............................................................
............................................................
............................................................
............................................................
............................................................
............................................................
............................................................
............................................................
............................................................
............................................................
............................................................
............................................................
............................................................
............................................................
............................................................
............................................................
............................................................
............................................................
Agents:
30
0,50,19,37,54
1,21,31,34,38
2,33,23,43,24
3,58,2,5,41
4,10,10,51,45
5,3,7,26,20
6,15,30,10,3
7,21,5,15,37
8,24,14,7,35
9,55,33,3,32
10,19,22,8,15
11,20,39,30,19
12,29,57,13,30
13,4,35,32,32
14,26,23,30,12
15,59,41,33,35
16,0,50,40,38
17,30,1,33,19
18,32,54,16,57
19,3,50,39,39
20,44,43,43,14
21,42,27,41,4
22,29,53,48,4
23,55,17,41,41
24,32,53,54,54
25,8,57,37,51
26,46,41,25,48
27,31,27,35,15
28,1,35,46,31
29,36,46,5,51
