2
Grid:
70,70
......................@.@@@...........................@............@..
......@.@....@...........@...............................@............
...@...........@.@...................@@........@......................
......@..........@.@@...............@@.....@.@..........@.............
.......................@........................@........@.......@..@@
.....................@.@..@....@...............................@@.....
...@.@.....@.........@.............@..................@....@....@.....
...........................@.......@.........@.@..@............@......
@.....@...@.....@...@..@.............@...........@......@......@...@..
...........@@........................@@.@..@.................@........
...........@@......@.@........@.......@........@....@..........@......
..........................@....@.................@.............@......
..............@.....@..............@........................@@...@@...
...........@..........@..@..@..@.@....@@.............@...@...@........
.@.........@..@.........@...............@...@.@.@.................@...
..@...............@.......@........@.................@@.......@.......
.........@.............@.....@.................@..@.@@.@.....@........
..@...................................@..@.........@..............@...
.........................................@.....@.....@...@.@..@.......
.....@.........@...........@........................@.............@...
................................@@......@.@...........................
.@..@..@............................@.@.................@@............
.................@............@..@@...........@....@.@.@.@.@.....@....
.........@..@....@...@@...@@.................@.........@..............
....................@.........................@.......................
..........@....@.............@........................................
...@@.....@........@..@.....@.............@........@...@........@.....
.....@............@..@.....@.....@......@.......................@...@.
.@........@....@....@..............@.@@.....@.......@.@...............
..........@...@.@..............................@....@.@@@............@
....................@........................@........................
....@.....@.....................@..........@@@...@.................@..
.@.....@...@....@....@..........@@.@@...@...@.........................
..................@...........@.....@...@....@@..@...........@........
......@...@..........@.............@..........@........@.....@@....@..
.....................@..@.....@@..@...........@.............@.........
.........@..@.....@...........@...................@..............@....
.@...........@.............................@...@..@...................
...@................@.........@.@...@........@.....@@...........@@..@.
..................@..@...@.@....@..............@......@...........@...
......................................@.@...@@@.........@.............
.......@.......@.@.@.......@..@..............@@.......@.......@...@...
..............................................@....@......@...........
.@.@...@................@........@.....................@..............
.........................................................@.@......@..@
....................@..............@...@......@.......................
..........@......@........@..@......@....@..@.....@...........@.....@.
...............@........@....@...@..@.....................@....@..@...
.@........@@...........@...............@@....@.......@.......@........
...............@.......................@............@..............@.@
..@.....@..@................@......@......@..@................@....@..
@...@.....@..................@...@.................@...@......@.......
...............@@..........................................@..........
.......@............................@..............@..................
.................@.........@...........@.....@.@............@.........
...........@@.......................@..@.............@............@...
@..............................@............@..........@..........@.@@
.........@.............@...........................@..................
@......@.....................@.......@.........@........@...........@.
.......@....................@.........@...@..........@..........@.....
...........@.@..........@...@...........................@.........@.@.
.........@.....@........@.........@.....@...............@.....@.@.....
..@...........@...@.......@........@....@.........@...@..............@
.............@..@..@....@...@......@.@.....................@..........
@@.....@.@..@@.......@........@......@.@................@.............
.....................@.................@....@.......@.@..@.@..........
@........................@@........@.........@........................
..@.............@................@...........@.....@..@...@..@...@....
...@...........@....@................@........@...................@...
.@.....@..............@@.........@..@.................................
Agents:
35
0,45,58,59,30
1,17,67,11,66
2,2,53,42,43
3,16,66,29,1
4,18,40,10,41
5,60,62,8,28
6,50,36,38,15
7,2,46,27,50
8,51,15,64,31
9,39,52,37,9
10,6,28,34,65
11,16,36,64,60
12,5,65,34,58
13,37,36,17,17
14,65,51,5,10
15,60,26,38,17
16,53,50,57,15
17,58,24,58,59
18,34,43,26,14
19,48,24,2,39
20,21,24,27,43
21,15,66,60,36
22,42,15,41,43
23,21,64,16,48
24,42,61,60,27
25,50,16,39,62
26,41,50,46,67
27,69,14,25,55
28,25,11,61,17
29,60,22,25,0
30,2,24,27,44
31,67,69,50,44
32,45,45,9,2
33,62,0,57,47
34,26,15,64,20
