2
Grid:
70,70
.........@.@..@..@@.......@...@..@@......@@@@@.......@......@...@.@..@
@.@@@....@@...........@@.@@........@......@@.....@...@......@@@.......
.@.........@...@..@......@.....@....@@@..@..@..@.@@....@@@.@.@..@@....
@@@.@..@...@.............@.......@...@@....@...........@.@.@@....@..@.
.............@..@..@.@..@..@..@..@.@....@@.....@..@...........@...@@.@
.@...@..@......@@@@.@.@..@@..@........@......@.@.....@@.@@.@@.@..@...@
..@.......@..@@@@@......@..@@...@......@@......@..@..@@@......@..@@..@
....@.@@...@@....@.@@....@.@@..@....@@...@@@......@....@..@.@.......@.
@@.@.........@....@.......@@.@@..@....@...@..@.........@.@.......@@.@.
............@...........@@..................@.@..@.@....@.......@....@
@.@.@@......@@.@..@..@......@@.......@.....@...@...@....@@@......@@.@@
.@.@.@..@.....@............@......@.@@...@........@.@.@@......@@......
....@...@@............@@...@.....@...@@@....@.@......@..@..@.@......@.
..@..@.@@@..@@........@........@...@.@...@.@..@.@@.......@...@.@...@.@
@..@@@..@..@@.....@.....@...@...@.@.@@..@@@@.@.@.......@....@.........
@.@..............@.@........@...@@@@.......@.....@.......@...@@...@..@
.....@.....@.@........................@........@.@.........@.......@.@
@.......@@.@...@.@..@................@@@...@...@@@...@@.....@....@...@
.@@...@.......@.........@..@....@............@....@....@.....@.......@
.@..@.........@...@@@..@..@..@..@.@.@@.@@..@@....@..........@.........
...@..@.......@..@@..@........@@............@@..@...@...@..@.........@
@..............@@..@@.@@.@................@...@.@....@.....@..@@@..@..
..........@..@@.......@.....@..@..@..@......@@..@@@..@..............@.
@.@..@..@......@.@@@..@.@....@.@...@..@.@.@@....@.....@........@......
@......@..@.@..@........@..@.@.@...@@....@@@.....@@@@......@...@.@.@..
......@@........@..@...@.@.@.@.......@.@.......@.@.@.@@@.....@.@.@@..@
@........@.....@@@.@......@@...@....@@...@.@.....@..@....@.@....@.....
.......@.@.....@@..@@@................@.......@....@@...@.@..@.@..@.@.
......@.@..@.@...@@....@....@....@@@.@............@....@@.......@.@...
@......@.@.@@......@@.......@.......@.@...@@.@@@@.@.....@@....@..@....
@@.@@.@.@......@..@....@..@....@..@....@...@...@...........@@....@....
@.......@........@.@.@.@..@........@....@@.@...@..@@..@@@..@.@.@.@@...
@..@.........@.@@..@.@@@@.....@@..@....@.....@..@...@.@........@.....@
.@..@@..@....@@....@@...@.@..@@..@@............@@.@..@@.............@.
.....@....@@...@....@..@....@@...........@...@.....@.......@..@....@..
.@@..@.@@@.@...@@.....@.......@.@@.....@.@..@...........@.............
.....................@@@......@.........@@.@...............@.....@..@.
...@@.....@.@@.@..@.......@.....@.@.....@...@..@.@...........@@..@@...
..@...@..........@.............@..@................@.....@..@....@...@
.............@.@.....@..@..@.....@@.@.......@..@............@.........
....@...@....@.@@...@..@............@@@@...@.@@@.@.@........@.........
@.@@...@........@@.@..@.@.......@.@.....@..@......@@.@...@....@@......
.@....@....@@....@.....@...........@.............@........@@....@@...@
....@@@.@.....@....@.@....@....@...@@@..@..@@..@.@.@....@@........@..@
@..@.@...@.@@@....@@@@@.........@@.@.@....@......@.@......@......@@...
........@..@...@@@..............@@@......@.@....@@...@@..@..@.........
...@.@...........@...@..@.@....@..@@...........@........@...@...@..@..
@.@.@...@@...@@.....@........@..@@.....@@.....@@@...@.@.@..@....@.....
..........@...@....@..@...........@@@....@...@.@@..@..@@.@...@.......@
......@@.....@...@........@....@.@.@...@...@....@...@.....@..@.@.....@
.@.@.@.@@@...........@....@......@...@....@@...@...@.........@@@...@.@
....@.@.@..@...............@@.@..@.@.....@.@......@@.@.@.@.@@.@@@.....
.............@...@...........@......@...............@.........@..@..@@
.@.....@@.......@.@.........@..@..@..........@.....@........@@@....@@.
@@.@.......@.@...@@@@..........@......@.@@....@..@.@@....@.....@....@.
@@.@......@..@........@..@@.@@.@.@.........@@..@.@@@.@.@....@.@....@.@
.@.@......@..@@.@.@@@.....@..........@........@@@@...@@..@@.@@........
.@............@.@.....@...@@..@.@@...@.@..@....@...@.......@.@@@...@..
...@....@@@@..@....@.@.....................@......@.@.................
........@.@...........@...@.@@....@....@.@..@@.......@.......@..@.....
..@..@@@....@...@..@...........@...........@.........@@.@..@@........@
...@.....@.@...@@@@.......@....@..........@....@.....@.@.........@..@.
..@......@......@@@@..@.@...@.....@@....@.@..@@.@.......@..@.@@@..@..@
...@..@.@.........@.@.....@.@.@.....@........@@.@@..@.....@..@...@@...
.........@.............@........@....@..@..@...@.@.........@...@..@@..
.@..@@...............@.......@.........@..@....@......@..@@.......@..@
..@@.....@...@.@..@.@..@......@@................@@.....@....@@......@@
@..@..@......@...@.@.......@...@.@...@.....@.@....@....@..@..@@..@@...
.@.@.@@..@@@...@.@@.......@...@@...@.......@.......@..........@....@@.
...@.@........@.....@.@.........@..@..@.@..@....@.@.@..@...@.@..@@.@..
Agents:
45
0,43,54,26,48
1,61,7,39,63
2,69,47,49,62
3,30,32,51,15
4,16,52,11,6
5,16,64,36,34
6,30,12,19,9
7,55,54,19,66
8,32,28,38,13
9,37,11,67,24
10,64,17,13,58
11,0,32,21,68
12,8,44,3,64
13,60,1,44,54
14,18,8,19,17
15,33,28,55,24
16,45,52,18,67
17,13,6,65,61
18,10,10,50,68
19,25,45,60,50
20,5,66,54,36
21,64,69,35,38
22,21,33,31,7
23,26,14,58,33
24,9,19,9,33
25,37,42,53,46
26,63,54,15,21
27,43,42,66,47
28,34,22,52,42
29,49,47,9,16
30,41,25,3,67
31,18,40,14,29
32,37,8,4,63
33,40,1,29,31
34,49,55,30,22
35,52,18,25,22
36,19,25,0,8
37,13,25,50,18
38,36,53,7,34
39,40,56,41,29
40,16,17,54,59
41,27,69,61,59
42,17,66,20,62
43,54,16,7,8
44,14,29,23,57
