1
Grid:
70,70
..................@..........................................@....@...
..............................@......................................@
.......................@@....@.............@.....@......@.............
.................@..................................@.................
........@...................@.......@..@....@@@....................@..
@.......@......@................@.............@.......@........@......
................................@.....@........@@.....................
.....@.@...@.@..........@....@@...........@.............@@@...........
.................@.....@...@.......@....@.....@...............@..@....
.........................................@.....@....................@.
..@.........@......................@...@..@...@.@.........@........@..
@.............................@@.....................@...@.......@....
............@.................@...................@@....@.@.....@.....
.....@..........@..........@@..................................@@@....
...............@...@..@@........@..@...@..............................
........@..@.....@.................@.....@.@@..@@...@.....@...........
.........@........@......@........@..........@.......@@..@@.@.........
.........@...........@........@@.@.....................@............@.
.................................@.@@@............@........@....@.....
...@............@..........@...........@....@.@...@.@@...........@....
.@....@................................@.......@.........@..@.@@@.....
..@@......@.@....@.................@...........@..@.@.....@.......@...
...@....@..............@......@....@........@..............@@@..@.....
........@........@.............................@.....@................
......................................@....@..@.............@@........
................@.....@.@@@....@.....@@...@.........................@.
.....@.@.......................@@....@@....@..............@...........
.@..........@.@..............@....@.........@.........................
......................@........................@.@......@.............
....@..........@.@................@..................@....@.@........@
....@.@..@.@...@....@.@.@........@...............@@...@...@.......@..@
....@..................@...@.................@...............@...@....
@....@............@@......@.....................@.........@...@.......
..........@...@..........@....@@............@.....@...........@.@...@.
....@.......@.........@.....@....@...@....@......................@....
..@......................@...........@.......@.............@..........
....@@..................@..@@.....................................@.@.
.......@...........@..........@.............@.........................
..............@..@..@........@.....@....@......@...@..................
...........@..................@@....................@.................
.....@@..@................@@...............@............@.............
........@.................@.@....@.....................@....@.....@@..
....@.............@@..........................@........@.@............
.....@......@...........@.........@..@..@........@@@..@.......@.......
@@.@.....@.......................@....@.............................@.
.......@.......@..@......@.....@..@...@@.................@........@...
........@....................@.......................@................
.........@.................@.......@................@@..@@....@.......
@......@........................@..@...........@...............@......
..............@....@...@..@@.............@.......@@..@.......@@.@.....
.............................@......@..........@...............@......
......@.........@.....@.......@.............@........@.......@........
.@...@.................@..@........@..............@...............@...
@.....@.............................@..@..............................
......@................@.@.................................@......@...
......@.............................@......@....@...@..............@..
.....@...@...................................@...@..........@.........
@@...................@@...@..................@......@..............@..
...@@.............@.....@.......@...........@..@.@....................
..................@.....................@.......................@....@
@.....@.@.....@.................@...........@.............@...........
...........@......@.......................@.......@........@@.........
..........@....@....................@.@............................@..
..........@.......@.@.......@@.............@..@@....@.........@.......
..@..............@..............@.....................................
....@......@........@......................@...........@.@...........@
@..@..........@.............@.....@...@@.....@............@...@.......
..@..............................@.........@@.........@........@......
..@....@.............@...@...............@@................@..........
.............@.@.@.....................@.............@..@..@........@.
Agents:
60
0,66,16,42,69
1,25,29,31,54
2,31,57,21,33
3,1,25,5,66
4,1,13,25,47
5,21,43,8,37
6,5,11,24,63
7,0,64,63,5
8,46,13,67,40
9,38,32,4,3
10,18,44,45,36
11,45,9,69,69
12,28,33,67,34
13,34,58,27,64
14,44,15,14,45
15,40,45,48,23
16,67,66,10,64
17,30,28,49,35
18,1,63,37,31
19,14,51,5,50
20,59,17,17,26
21,27,27,14,29
22,66,49,29,47
23,62,37,31,63
24,4,33,60,53
25,67,51,44,52
26,54,22,55,17
27,29,37,5,22
28,60,13,48,53
29,39,6,20,44
30,14,38,53,50
31,11,45,46,56
32,55,27,36,6
33,51,1,4,9
34,37,55,14,65
35,65,6,0,29
36,36,61,25,64
37,68,49,34,25
38,44,19,53,48
39,3,1,18,31
40,14,67,5,41
41,12,27,27,39
42,51,20,14,16
43,14,59,41,56
44,37,29,12,16
45,15,30,29,62
46,66,26,10,1
47,41,27,69,38
48,69,5,24,3
49,17,32,50,26
50,58,50,50,37
51,40,19,21,37
52,67,3,31,2
53,31,47,35,5
54,42,16,37,65
55,25,1,46,69
56,13,53,17,28
57,58,10,47,44
58,3,45,28,4
59,61,46,19,1
