1
Grid:
70,70
@...@..@...............@..@@@..@.............................@...@..@.
...........@.......@..@..@...@...@.....@...@............@....@....@...
@......@@...@..@@.@...@....@.@.@..@..@....@....@.....@@@@@............
..@...@.@..@.@..@.@...@...@...@@.@..@..@.......@..@@...@@.@....@....@.
..........@@@..@..@....@.....@..@..@@...@@......@@..@@...@....@..@..@.
.@..@..@..........@........@..........@...@.@..@@....@............@@..
@..@@....@.....@..@@@@.@..@.@.....@@.@.@@@..@.......@.@..@...@@@@....@
@...@.....@.@..@....@.....@@@...@..@...@.......@.....@@.......@.......
@.....@..@.....@.........@....@.@....@@.@.@@.@....@.....@@......@....@
...@..@.....@@...@..@.@......@.....@@.@.....@.@.@.....@..@...@..@.....
......@....@......@.@......@.@....@......@..@....@..@.@.@@..........@.
...@@..............@@..@...@@......@........@.....@.@.......@.........
@@...@.@@@.......@@..@@@@......@......@.@....@....@@..@@..@@@...@..@..
...@....@@..@...@@.@@@.........@.@.........@.......@..@.@...@@..@@....
..@...@..@@.....@.@@.....@...@@...@..@@@@..@....@.@.........@@@.@...@.
......@@..@..@.@@.........@..@..@.@@.........@...@..@..@....@@@.@....@
.@......@....@@..@..@.@..@..............@...@...@..@..@..........@....
.@@..............@.@.......@....@.@.@@.@......@....@....@.....@....@..
@...@@.......@.@@@.......@..@..........@@@....@..@.......@.@....@@....
@..@..@.....@.....@...@@..........@@.....@@@.@...@.......@......@....@
@......@......@...@@@..................@.@@.....@.@..@...@.....@.@.@..
@....@..................@.....@..@.......@@...............@.......@..@
.@..@@..@....@........@....@.....@@..@....@.@....@...@.@..@@.@@......@
.@@.@.@@......@.@.....@...@...............@@@@.........@@...@.........
.@..@.@.@.....@.....@........@.@.@...@@@@.@.@...@.@.....@.@....@......
@..@....@........@...@...@..@.@.@.@....@.....@....@.@@@.@@..@@@...@...
.......@.@@.@................@@..........@.@..........@.........@.@...
....@..@...@.....@...@........@@@@@@@.@.@@.....@.@......@.@@.@.@....@.
.@.........@........@.@@..................@..................@..@.@.@.
...@@...@@..@........@..@@...@@..@..@@..@@......@....@.............@..
.@...@.@....@.....@.....@.....@@@...@@..@.......@.....@..@....@@......
@......@.............@..............@...@...........@.@..@...@.@.....@
.@..@......@@.....@@..@...............@@....@..@...@@@....@..........@
...@..@@@..@@@.@.....@.......@.......@.@..@...@.@..@...@.@....@..@..@.
........@@.@@@..@@.@....@........@..@@..@..@.........@@@..............
.........@@..@...@.@..@.........@@.@@......@.@.@@@..@@..@..........@.@
.......@....@........@.............@..@@.........@@..@@.@@.....@@@.@@.
..@.@.@...@............@...@@....@....@......@@.@.@.......@@..........
.@...........@.@.....@.........@.@....@@.@@...@.@@@..@......@..@.@....
@.@....@...@...@..@..@.@.@............@........@..@.....@..@@.........
@..@...@......@@@......@........@.@.@..@..@@@@...@.....@.@.@.@.@...@@.
.....@......@........@.@....@@@.@..@@....@.@....@.......@....@..@..@..
...@....@@@....@@.@..@@.................@....@....@@.@.@....@......@..
......@@.....@...........@@...@....@.@..............@..@@@....@.......
.@.....@...@.@..@.@@....@@@@...@......@..@..@.@......@@..........@.@..
@...@...@...@....@.@.@.@..@@..................@.@..@......@..@.......@
...@.@.......@..@...@@......@@@@...@@@@@.@@......@...@..@@......@.@...
.@..@..@@..@@.@.@.............@...@..@@.....@....@.@@@..@....@..@@@..@
.......@...@.@....@.....@......@........@........@@@.@.@.@........@..@
..@......@...@...............@@..........@.@.@...@.@.@.......@@.@..@@@
.@.@.@...@.......@......@.........@.@@@@@..@.@@..@@.@@....@...@......@
...@.................@.@.......@@..@@..@.......@@..@.@...@....@@..@...
@..@.@..@.@...@@.........@@.@@.@..@.@...........@.@.........@.........
....@.......@..........@..@@....@@...@....@.@@..........@..@.@.......@
....@...@.@.@..@.@.@....@...@...@......@@....@...@........@..@.@..@.@@
@.....@..@.@@@..@....@....@.....@.@.@..@...@..@....@.@........@..@.@..
@..@.@@@.......@...@.....@........@......@.......@..@......@.@...@..@@
.@...@@.........@.......@........@.@.......@...@....@...........@.....
....@@......@@@....@.@...@.........@.......@@@...@......@@...@........
..@...@@@.@@@@.@@..@@....@....@...@....@@@.....@....@@.@.....@..@@@..@
..........@.@.@..@@..@@..@..@..@..@......@...@.@.@.@.@...@.@.@...@.@.@
@....@.@.@.......@.................@..@.....@@....@.@.....@....@...@..
.....@...@.@.@....@@.@....@...@.@....@...@.@.@@.@.............@....@.@
..@...@.....@...@...@@...@....@.@...@.@...........@........@........@.
....@.......@.....@@@.........@@..@.@..@.@@.@......@...@..@.@.......@.
@........@...........@...@..@@...@..........@...@..@@..@@.@@.@....@.@.
@@@....@@.@.@..@...............@...@..@.@...@..........@........@...@@
..............@...@............@@...@....@.....@.@...@.....@...@@.@...
...@@.@....@@@....@..@.....@@..@...@..@@...@....@......@.........@....
...@.@@.......@...@@.....@@........@@..@..@.@@....@...........@.@@..@.
Agents:
80
0,67,4,68,49
1,65,35,40,24
2,7,8,30,2
3,47,25,65,19
4,65,23,17,29
5,43,32,7,68
6,8,29,29,17
7,54,36,2,39
8,64,28,9,66
9,34,21,21,35
10,58,8,27,28
11,62,42,53,9
12,13,34,9,40
13,23,5,29,50
14,48,15,22,2
15,39,28,18,12
16,59,17,51,68
17,50,47,34,5
18,63,69,65,69
19,12,25,10,36
20,39,48,10,15
21,13,39,66,47
22,46,68,63,47
23,16,4,67,67
24,12,30,69,20
25,0,37,15,11
26,12,49,38,6
27,39,37,30,47
28,30,17,69,63
29,28,59,48,28
30,64,67,38,66
31,30,58,30,26
32,36,0,30,65
33,1,0,20,12
34,58,15,56,10
35,27,46,43,65
36,35,60,10,1
37,50,25,49,1
38,15,56,22,52
39,55,63,16,21
40,49,44,45,47
41,17,66,63,41
42,32,56,12,68
43,15,57,0,11
44,44,23,32,21
45,26,40,26,6
46,1,53,7,5
47,61,23,24,32
48,66,60,13,49
49,51,17,11,16
50,44,8,5,11
51,16,68,43,14
52,3,10,58,66
53,53,5,29,18
54,0,54,65,41
55,19,9,29,43
56,2,11,28,45
57,33,10,48,19
58,24,32,64,2
59,29,39,16,12
60,40,31,2,44
61,67,58,58,69
62,14,15,22,35
63,52,12,51,64
64,2,45,30,44
65,20,16,28,46
66,69,21,16,69
67,44,59,1,17
68,23,11,46,48
69,40,27,48,23
70,52,39,40,31
71,53,63,52,19
72,48,46,26,35
73,13,62,12,33
74,55,20,40,10
75,61,22,60,9
76,40,24,0,38
77,20,15,12,61
78,32,8,10,25
79,8,55,35,6
