2
Grid:
30,30
..............................
..............................
..............................
..............................
..............................
..............................
..............................
..............................
..............................
..............................
..............................
..............................
..............................
..............................
..............................
..............................
..............................
..............................
..............................
..............................
..............................
..............................
..............................
..............................
..............................
..............................
..............................
..............................
..............................
..............................
Agents:
15
0,16,18,7,17
1,28,18,9,6
2,22,29,18,1
3,7,1,10,4
4,10,29,25,19
5,14,3,11,25
6,24,11,28,17
7,19,3,7,29
8,18,8,18,29
9,21,14,15,27
10,7,14,14,8
11,15,20,15,21
12,9,28,6,16
13,0,24,12,12
14,11,2,7,14
