1
Grid:
60,60
............................................................
............................................................
............................................................
............................................................
............................................................
............................................................
............................................................
............................................................
............................................................
............................................................
............................................................
............................................................
............................................................
............................................................
............................................................
............................................................
............................................................
............................................................
............................................................
............................................................
............................................................
............................................................
............................................................
............................................................
............................................................
............................................................
............................................................
............................................................
............................................................
............................................................
............................................................
............................................................
............................................................
............................................................
............................................................
............................................................
............................................................
............................................................
............................................................
............................................................
............................................................
............................................................
............................................................
............................................................
............................................................
............................................................
............................................................
............................................................
............................................................
............................................................
............................................................
............................................................
............................................................
............................................................
............................................................
............................................................
............................................................
............................................................
............................................................
............................................................
Agents:
35
0,34,57,1,14
1,51,55,8,45
2,31,22,49,18
3,15,38,59,16
4,39,5,58,29
5,42,22,4,38
6,38,55,46,2
7,19,56,42,29
8,11,8,28,39
9,56,33,27,5
10,54,12,54,59
11,6,18,40,19
12,19,17,28,53
13,43,3,10,3
14,42,53,32,8
15,16,10,33,27
16,47,54,37,45
17,17,10,12,50
18,45,3,47,15
19,20,38,58,31
20,15,21,35,17
21,35,41,12,45
22,22,21,7,17
23,52,35,6,41
24,2,50,29,24
25,46,34,14,49
26,11,33,33,16
27,11,21,55,8
28,51,32,40,14
29,35,14,36,17
30,38,12,24,15
31,56,46,37,14
32,49,32,28,40
33,34,44,55,52
34,38,9,21,12
