0
Grid:
60,60
.............@.............@.............@.......@..........
.............@......................@.....@.......@.........
......@....................................@.............@..
..........@............@................@...................
@.................@......@...................@.@............
.......@...........................@.............@....@.....
................................@....@...........@..........
................@...@......................................@
.......@...........@...................@....................
..........@.................................................
............................@........................@......
................@...@......................@................
.@.....@.............................@..........@...........
............@...............................................
...............@................@...........................
......@.................@@@.................................
................................................@...........
.....................@................@...............@.....
........@.......................................@..@........
...................................................@........
.........@.............@....@....@...........@..............
...........................................@................
.............@..............................................
....@@....@@.....................@.....@.......@...........@
...@......................@.@.............@.................
..............@...................@.........................
.................@..........................................
..@........@......@@...............@........................
.............................................@..............
...@...@........@....@..................@..........@........
....................................@.......................
.....@....@.................................................
...................................@.@.....@................
................................@..........................@
....@.@@........@.@......@..................................
................@....................@@.................@...
.................................@..@.......................
..@.....................@...........@.@......@..............
........................................@...................
..........................@@................................
.......................@...............@..............@.....
...@..................................@.....................
.........@..@.......@......@..........................@.....
.........................@....@.....@........@.......@......
..@........................@...............................@
.......@....................................................
.....@......................................................
........@...@.................................@............@
........@...............@........@..........................
...........@.......@......................................@.
...................@..................@.....................
.....................@.......................@...@..........
..................@..@@...............@.@.@.................
...........................@.....................@..........
.........@...........@.@.@.@........................@.......
..@...............@.............@.......@..@............@...
........@...........@.......................................
.........................................................@..
................................................@...@.......
.....................................................@......
Agents:
80
0,16,45,40,22
1,18,40,29,38
2,38,52,32,46
3,40,57,17,35
4,6,28,6,54
5,47,31,26,41
6,35,51,31,59
7,11,29,38,28
8,51,28,13,4
9,56,47,44,56
10,31,17,26,29
11,27,5,49,1
12,59,50,56,11
13,35,9,31,1
14,9,52,56,22
15,58,47,8,58
16,57,35,46,1
17,51,59,26,47
18,16,2,52,26
19,51,33,49,17
20,29,4,25,19
21,56,43,11,38
22,51,46,36,54
23,58,11,11,2
24,21,34,44,17
25,31,58,56,51
26,38,29,51,36
27,13,0,12,59
28,12,32,7,34
29,52,50,41,57
30,21,57,1,40
31,18,55,55,50
32,33,47,38,17
33,54,11,38,36
34,16,11,49,39
35,13,49,48,22
36,37,22,12,52
37,18,26,30,41
38,21,44,1,39
39,52,23,11,6
40,47,35,59,37
41,21,59,34,34
42,8,27,16,32
43,21,51,46,46
44,46,43,54,15
45,9,1,2,52
46,12,31,47,27
47,45,0,26,10
48,10,3,54,16
49,52,46,40,35
50,54,10,3,48
51,21,42,59,3
52,21,16,58,51
53,10,47,3,47
54,38,28,39,13
55,19,40,58,10
56,58,57,58,54
57,9,43,54,34
58,34,33,15,33
59,50,25,53,39
60,25,29,7,47
61,39,35,44,5
62,9,46,31,35
63,40,20,37,35
64,34,9,32,58
65,20,5,31,15
66,29,37,23,57
67,14,38,50,9
68,37,52,23,26
69,17,33,12,29
70,12,17,36,13
71,24,29,24,50
72,3,15,15,0
73,22,2,58,12
74,26,36,13,10
75,55,29,45,41
76,45,51,5,41
77,3,46,27,24
78,6,24,53,13
79,6,18,36,31
