1
Grid:
60,60
...........@...................@............................
............................................................
......................@.....................@........@......
.......@.......@............@.....@..........@..@..........@
..........................................@.....@...........
...................@....................@........@..........
..................................................@.........
........@...............................@...................
...........................@...............@..@.............
.............@.....@........................................
.......@.....@.@............................................
......@@....................................................
..@@.......@........................@.......................
....@............@......@..........@..................@.....
.................................................@..........
.....................................@..@@.................@
...................................@..@..........@..........
......@..........@..............@...........................
...............@.....................@.@@...................
.......@........................@.....@.....................
.......................@...........@........................
...........................@................................
............................................................
...@........................@................@..............
.@........@......................................@..........
.................@....................................@@.@..
@.........@.................@...............................
...@..@...........................................@.........
.......@.....@........@......@..@..........................@
.......@....................................................
...........@...............................@................
....@..@.........................................@..........
......................................@@....................
................................@...........................
........................................@...@..@.......@...@
..........@.........................@.......................
....@............................................@.........@
...........@................................................
........................@.........................@.........
......@.......@........................@....................
.......@.......@..@.................@.....................@.
............................@......................@.@......
......@....................@.@..........@@..................
..........@......@........@....................@............
.........@.........@........................................
............................@@............................@.
..................@......................................@..
............@..............@.@..............................
.....................................@.............@........
..@...........@....@@.....................@@........@@@.....
.........................................................@.@
.....@......@.................................@..@..........
.................................................@........@.
..................................@.@.......................
.....@..@..................................................@
....................@.............@.......@@@.......@.......
.......................................@........@...@.......
..@.....@..............@................@...................
.......................@.....@............@............@....
............@......@....@....@...........@..................
Agents:
35
0,17,8,57,49
1,29,36,6,0
2,56,28,32,16
3,35,59,54,57
4,45,23,33,41
5,7,43,14,40
6,29,38,15,22
7,16,7,7,48
8,6,44,40,56
9,1,17,15,12
10,52,47,47,4
11,21,54,31,41
12,50,11,20,42
13,32,5,31,15
14,7,16,32,12
15,23,23,16,23
16,44,56,39,34
17,9,15,38,10
18,52,15,20,32
19,51,27,16,31
20,14,50,25,53
21,16,2,33,30
22,10,45,13,56
23,51,23,49,39
24,39,18,50,20
25,6,36,54,4
26,43,41,23,14
27,14,2,11,12
28,27,40,20,48
29,16,51,37,13
30,19,5,10,4
31,53,20,11,51
32,57,51,45,34
33,8,34,31,17
34,2,2,37,58
