2
Grid:
70,70
.....@...@.............@......@...@...@@........@.............@....@@.
........@.....@.@.@.@.......@.@.@..@@...@...@.....@.@.............@...
....@.@@......@@......@@.@............@@@@.................@.@....@..@
........@.....@....@@...@....@.@.@.......@.......@....@....@....@@...@
...........@...@.@.......@.@.@@......@..@....@......@...@@....@@..@.@.
....@.........@..............@.....@..@@..........@......@..@.@.@....@
..............@..@@..................@@......@....@........@...@......
.@.@...........@.........@..............@.......@..@.........@..@.....
....@......@.......@.......@...@......@.........@.................@...
.......@.@@...@......@@...@@.....@..@.@.@.......@...@............@.@..
..........................@....@...@.@.................@.....@@.@.....
........@...@......@......@.@...........@........@............@...@...
........@...@......@...............@.....@.....@..............@.......
...@....@.@.........@...........@.@.@.....@.................@.........
....@...@....@.@.@@.......@....@..@.@....@.@..@.........@..@..........
............@.@..@@...@.......................................@....@@.
..........@............@.@..@......@..@@.............@....@.@.........
.......@....@@..@.@@.@..@.........@..............@......@....@...@..@.
....@@........@....@@............@....@..............@..........@.....
...@........@.@.@.....@......@@....@@.............@............@.@....
@....@...@@....@.............@............................@...@@......
.@..........@.....@.............@..@.@..@.@...........@....@@@........
.@..................@........@.......@..................@.@...........
....@.....@.@.@...........@.....@..............@@.@..@.@....@.........
...........@.....................@....@..@......@.@......@...@.@......
...@........@....@@..@...@......@...@.@....................@.@.....@..
.....@.............@.....@....................@@...@..@@.....@.@......
......@.............@...@..........@.........@.@......................
..........@.....@.@...@...@.....@.....@.......@@@....@.@.....@....@...
..............@..............@...@......@...............@.............
......@....@...@@@................@..@.@...@.......@....@...@.@....@.@
.............@@....................................@.@@@@@........@...
@...@..@@.@...@@..@..@............@..@@.....@.........@.......@@......
@....@....@......@@..@@........@.................@..@.@.@.............
..@..........@.@.......@.........@@@.....@.@@..@.....@................
..........@.@.............@.........@.....@....................@....@.
...........@.........@......@.........................................
......@..@.....@...@...@@@.....@.@..........................@@..@.....
....@...............@..@.....................@...@...@...@...@@.......
..@........@@.....@@.......@.@...@@......@.......@.@@...@.............
..............@@..........@.......@.......@.................@.........
..@......@.@@.......@.....@@@@..@.@.@@...........@..............@..@..
....@...@.......@..@.....@@.....@..@....@........@.........@..@.......
.@.........@.......@............@.......@..@.............@............
.@...........@....@........@...........@.............@..@........@@...
.........................@....@...........@.......@....@..........@...
.....@......................@............@...@...................@....
@.@......@..@.@..@..@...@.@.....@........@.@.......@....@.@...........
..@........@..........@.@..@..@.................................@...@.
......@......@........@..@.@.....@..@.@.....@@.....@.....@....@.....@.
..@...........@....@..@.@@..........@...........@....@.@....@.........
........@..........@..@.....@..........@.@............@....@.@......@.
...........@...@....@...@..@.@...@..@...@@..........@............@....
.....@.....@.@..@@.............@.@....@.........@..@.@..............@.
..............@........@...........@................@.......@@.@....@.
@...................@........@.........@......@.........@.@@.......@@.
....@....@.........@..........@@.@.....@.......@..........@..........@
.@.@.@..@.@.........@...@.@...........@.............@.........@..@@.@.
....@..............@......@..............@....@.....@................@
....@@...........@.....@..@@@..@.@.....@........@.....@......@...@....
.......@.......................@@....@.....@.......@..........@...@...
.....@.........@......@............@..@........@....@.@..@..@..@....@.
.@...@.....@......@..@........@.@@........@....@...................@..
....@..............@..@...........@.........@.............@...@.@.....
.@.....@...................................@......................@.@@
.@..........@........................@..@......@..................@...
.@..........@...@......@.@@.@..........@.@..@.........@....@@.........
.....................@@...................@.@....@....@..........@..@.
.........@.......@...@.@........................@......@.@...@.@......
@@..........@..@.........@@.@...@....@..@.@...........@.......@...@@..
Agents:
60
0,34,4,42,45
1,12,36,22,25
2,54,6,57,17
3,58,60,50,64
4,67,30,31,52
5,22,50,60,42
6,24,13,12,25
7,52,17,34,30
8,40,57,58,37
9,31,38,51,56
10,41,13,63,67
11,65,63,62,59
12,5,68,48,69
13,54,20,2,49
14,12,18,65,55
15,9,19,10,30
16,56,2,5,2
17,36,51,13,21
18,57,51,4,36
19,13,54,33,2
20,49,32,50,12
21,15,36,57,43
22,20,24,31,9
23,5,16,2,48
24,34,26,23,37
25,33,61,31,59
26,64,4,54,4
27,24,42,8,49
28,13,2,38,60
29,6,5,49,32
30,0,59,9,43
31,52,32,11,15
32,31,37,13,24
33,20,49,24,54
34,51,60,29,15
35,69,7,29,49
36,17,32,53,8
37,42,12,59,69
38,0,18,69,23
39,13,66,54,38
40,53,52,53,52
41,56,65,65,63
42,27,14,33,27
43,38,11,5,40
44,48,44,11,43
45,32,31,40,24
46,11,52,12,57
47,5,52,26,56
48,35,44,7,41
49,32,11,4,64
50,59,66,10,15
51,1,57,43,64
52,61,4,50,31
53,46,36,28,56
54,29,59,35,51
55,22,36,8,41
56,29,43,20,2
57,0,10,13,6
58,0,0,67,8
59,11,17,3,16
