1
Grid:
70,70
.@@@.@.....@.@...@.@....@....@..@...@.@.@.@....@......@....@@.@@@.....
.....@@@......@.@@...@...@.@...@......@...........@....@.@@..@......@.
@@@.@@..@..@......@@....@@............@.@......@@........@....@....@..
.......@.@.@..@......@.@......@.@.........@..@.@@...........@......@..
..@@.@.@.@.@..@...@....@.......@@@..@@.....@.....@@@....@....@....@@..
.@...@......@..@@....@@@..@@@..@...@@....@.....@@.@..........@.@..@...
.@.@.@@.@@..@.......@........@.@..@...@...@@...............@..........
.....@...@.@@.....@..@.....@.@.....@......@..@....@...........@..@..@@
.@..@@........@..@..@@@.......@......@@.............@....@.@.@@.@.@...
..@......@@..@@...@.............@@.@...@..........@........@@...@.@.@@
....@...............@..@.@...@@......@@.@..@@.....@.@...@.........@.@.
.....@.@@@..@.@@..@..@.@......@...@........@..@...@....@.@.@..@..@@..@
..@...@...@...............@@@@.@..............@.@........@......@..@.@
@.@.....@......@....@....@.@......@..@.@..@...@...@@......@....@.@@@..
@@.@.@.......@......@..@.........@....@....@..@....@@.........@..@....
@...@.........@.@@......@@@@...@.@@@..@.@....@..@@@.............@.@...
..@.......@..@..@...@...@........................@....@.@...@@..@@..@.
..@.@........@...@.@.@...@.@...@.............@..@..@...@@.........@@..
@.@...........@..@...@@......@.@...@@.....@..@@..@@@.@...@.........@..
.@.@.......@.............@..@@@.@.@@@@.@....@..@.@.......@......@@...@
....@...@...@@@.@@.@.....@........@....@.@@.@......@..@......@.@.@...@
@...@.@@@.@.@@.........@....@.@.....@..@..@@.@...@.....@@...@......@@.
...@......@..@....@...@.@@@..@@............@@@..@....@@.@..@@.@.@.@.@.
....@..@.@...@@....@.........@@...@@......@.........@@@.@@.......@....
..@...@....@.......@.....@....@...@......@....@..............@.....@..
@...@..@.....@@@......................@....@..@...@.@...........@.....
....@........@.@...@.@..@........@..@@..@.@.......@.@.@.@..@.@......@.
..@.............@.@...........@@.@.....@..@......@...@...@...@@@..@@..
...@.........@@@...@.....@...@.........@@@......@...@..@.@............
....@....@.@@@.@..............@......@..@.....@.........@.....@...@...
@.......@...@@........@...@.@@@...@.@........@.......@..........@.....
...@.@.@......@.@.....@.@..@...@..@...@..@.@@...@..@..@...@...@@....@.
@@.........@...@........@..@.@.....@.@.......@...@......@..@.@..@.@..@
..@.@...@.@....@...@.....@......@.@.........@.@....@.@............@@..
...@..@@.@@............@.....@@.@...@..........@..@@@@...@..@@....@...
.....@........@.....@.......@...........@@@@......@.......@@..@.@.....
..@.@@.@.@.....@..@@@..........@.@....@@.........@....@@...@.@...@..@@
..@........................@.@..@.@..@..@@.@.@.....@@.@@.@.@.@@.....@.
.@.@....@..@@.@...@....@....@....@@...@..@@...........@..........@.@.@
.@@.............@..@@..@..@...@..@...@@.@..@@...@@..@...........@.....
..@.@.@..@..@...@.....@...@.@@@..@...@@.@@...@@.@@..@..@@@....@.@....@
@@.....@......@.......@..@.@....@..@.....@.@..@@....@.@...@..@........
......@@...@.....@.....@.@..@.@......@@..@@@....@....@...@...@....@@.@
.........@.....................@.....@.@........@........@@.@@..@.@.@.
..@.@.......@...@...........@...@@.......@.@..@@@............@@@@@.@.@
.........@......@.......@@...@.@...@...@.@.....@@........@.@@@..@..@..
.@.@..@...@@.@.@..@......@@@@...@......@.......@...@@.@....@.@.@...@@.
.@..@......@.......@..........@@...@..@......@...........@@....@@..@.@
@.@......@.....@@...@@........@@.@.@..@@......@...@.....@@..@@.@......
.............@...........@.@..@......@@@..@.......@@...@..@....@...@.@
........@@.@.......@............@....@@.@.@.@.@...........@...@.......
..@............@.....@@@@@....@@.@.....@.....@.@@@@@@....@............
...@@@........@.@...@..@...@..@........@..@......@..@....@..@@...@.@..
.@@@@..@@@@..@.....@........@@@@...@.@..@..@...@.@..@................@
@...@..@...............@.@.....@.....@.@......@@@@.......@....@..@...@
....@.......@@@...@.......@@@@.........@.....@@....@@@..@@......@@@...
..@....@@.......@.@...........@@................@@..@..@.............@
..@.........@...@.@.......@.....@..@.@...@.......@....@..@@....@.....@
.....@@......@.@..@...@.@.....@......@.@.........@..........@.@..@.@..
@.@@..@.....@.@@.....@@@@@....@......@............@...@.@@..@.@......@
....@.@.@@.@.@......@........@.@...........@.........@@....@...@...@..
..@.@.@.........@...@.@@@....@..@..@@.........@@.....@@@..@.......@..@
..@.@....@.......@.@........@..@....@.@................@@@..@...@@@...
.@@...@@.@@...@@...@...@@..@.@.@..@@.@@......@.@@@..@.@..@......@.@...
..@..@@..@.@.@.@@...@..@.......@........@..@..@@.....@@.........@..@@.
...@.....@@...@.......@.@..@.....@.@@..@.@....@@.@.@......@@..@..@.@..
...@.@..@@@...@......@......................@..@.@@........@@..@......
.@.....@....@.@.....@..........@.......@....@..@.........@@....@..@@..
.........................@.@@@............@....@....@@.......@......@.
...@@....@..........@....@@...........@....@@....@.@.....@....@...@.@.
Agents:
75
0,43,55,34,45
1,69,24,63,55
2,44,53,19,38
3,60,32,69,8
4,33,13,55,21
5,20,55,34,59
6,38,68,32,65
7,57,51,37,6
8,20,50,56,38
9,35,15,59,67
10,42,64,35,26
11,1,34,53,11
12,30,47,40,15
13,53,50,68,16
14,6,10,20,66
15,24,60,51,19
16,52,45,23,2
17,2,64,13,22
18,33,41,9,25
19,10,46,29,57
20,26,28,7,16
21,13,5,53,33
22,23,10,48,41
23,36,23,28,35
24,30,39,3,12
25,48,25,45,8
26,3,59,67,23
27,0,10,35,13
28,12,22,12,4
29,62,6,6,48
30,8,39,32,43
31,43,50,29,7
32,46,12,24,12
33,54,66,32,47
34,44,40,58,52
35,57,25,52,28
36,46,29,51,7
37,15,32,64,44
38,16,0,11,22
39,11,44,49,3
40,40,0,32,51
41,66,17,12,22
42,12,16,58,2
43,2,52,24,54
44,39,55,38,49
45,0,18,45,7
46,41,49,41,50
47,2,13,52,35
48,14,30,12,17
49,22,57,39,54
50,45,2,45,49
51,60,7,2,6
52,23,17,46,20
53,41,38,28,7
54,47,27,17,40
55,37,4,47,59
56,55,61,6,7
57,32,68,39,28
58,29,36,30,33
59,23,68,64,63
60,29,10,33,47
61,28,63,28,43
62,35,52,22,7
63,26,64,11,2
64,28,22,68,54
65,16,44,28,64
66,46,31,15,2
67,21,61,53,34
68,36,57,4,53
69,62,18,58,57
70,2,54,56,64
71,19,53,20,28
72,67,62,1,53
73,63,40,8,48
74,45,32,58,42
