1
Grid:
70,70
....@..@@......@.................@...@@.....@..........@@....@.@....@.
..............@@.@@....@.......@...@.@@...@...@.........@..@@....@...@
.............@...................@@.........@..@...........@....@..@..
.@..@..@.@.......@.@..@@......@.@...@...@@..........@.............@...
...@.......@..@.@.@..@.@.....@@....@.@.@...........@.........@........
...........@@@........@@.@...@@......@......@....@...........@.@..@...
.@..@.....@@@......@@.....@.@.@.@.@......@.@...@@........@.@...@@...@.
.......@...@...@.......@.................@......@................@...@
.@.....@..@@................@.@....@...@..@..@...@......@...@.......@@
.....................@.........@@.@@................@................@
..@@.......@....@......@......@...........@..........@...............@
....@..@..@..@................@...........@..@............@...@.@@....
....@@.....@@@.....@.....@...@...@...........@.....@.@@..@..........@.
.....@..@...@..@............@..@....@@.............@.....@......@@...@
@..@...@.@.@....@@....@......@...@....@............@.@.........@..@.@.
@.......@......@....@............@..@.....@@@...........@....@......@@
.@.......@.........@..@..@.............@.@........@....@........@.....
.@.......@@..@.............@..@....@@.@@.@.............@@....@@.......
.............................@....@....@............@@...@...@........
.@..@.....................@..............@.....@...@.@..@@@...........
..........@..@.@@...@.@@@........@......@..............@@@.@@........@
..@...@.@@......@.@.@..@...@..@@.@...@......@.....@.....@@@.......@...
@..@@...........@....@..@....@..@@....@....@..@@...@..@@.@......@.@...
..........@....@.@@..@..@..............@@@............@..........@....
.@...@............@.......@........@...@.@.@..@@.@.@....@.....@.......
.@.....@.........@....@........@............@@.@.....@@@.......@..@.@.
...@.@...@..........................@@.....@..@.....@...@....@@.@@@...
......@@...............@..........@...@...@....@@....@.......@..@..@..
.....@..@....@......@............@...@.@....@....@@.........@........@
..@.@.@.@......@@.@.......@@.....@....@.@..@.......@....@......@....@.
@..@..@@......@............@..@..@.@..@.........@.....@.......@.......
..............@..@.@@..@...@.....@@@@..............@..........@.......
@.@......@.@@..@...@......@..@.@........@.......@@..@..@..............
..@..@.....@..........@.....@...@@....@@@.@@............@@.@......@...
..@.@.@........@........@......@..@..@.........@........@....@.@..@...
...@.........@...........@...@.@..@.@...@...@@.....@...........@@@@@..
..@.@....@.....@.....@.@.............@@...@@...@..@.....@....@...@...@
...@.....@..............@......@.@....@.......@......@.@@.@.......@...
.@@.@..........@..@.@.@@@.....@...@....@.....................@......@.
@.......@.....@@.@@.....@.@@....@.....@..@@...@..@..@....@.....@......
..@@....@.....@..@....@..@@@.....@...@........@............@.@....@...
....@...@@..@@....@...............@.....@.....@@.@@.@@.@@......@@.@...
....@...@...@.@.@@......@..@.@.@@.@.@.@.............@@...@..@.@....@@.
..@.@.......@..@.@..@.@@.@.@.@@@@.@....@....@@.........@.@.....@......
@...........@.....@@......@.@@........@.@@....@@@......@...@.@........
....@..@@....@.@@..@.......@.......@.@....@....@.............@........
.....@.@.@......@@....@...@......@@@..@.@.....@....@....@.....@.@.@..@
...@.......@.@.......@@..@@..@.@..........@.......@@..@@.....@.....@@.
....@...@@....@...@...@........@..@......@.@.........@.......@........
....@....@....@...............@@.........@......@@....@..@.....@......
...@..@...@.@.......@@@........@...@.@.........@....@.@..............@
....@..........@....@.....@@......@....@.....@.......@..@....@..@@@...
.@..@.........@..............@..@.........@.@....@...@.@@@...@......@.
..@.@@..@.@.@@@..@...@..@...@@...........@.@.....@....@.....@@...@....
.@@.@.........@.@@....@....@...@...@....@@...........@.@.@...........@
@..........@........@.@...........@......................@........@...
@@..@@..@...@....@...@..@..@.@......@..@.@@@.......@..................
.....@@.........@...@.@.........@.....@......@...@.........@..........
.........@@.....@.@@.@........@.......................@.....@..@..@...
@...@....@.....@.....@........@.......@.....@.....@@..................
..@..@........@.@..@........@...@.@@............@........@..@.@..@.@..
@...@....@..@..@.......@....@.@...@.........@.....@...@....@..@@......
.........@..@.@...............@..@.@@.@................@..@@@......@..
....@.@...........@@...............................@....@......@@...@.
...@...@@.....@....@..@.@..........@.........@...@..@@..@.....@@......
.@......@......@..@........@@.@.@.@..@...@........@@....@...........@@
..@@...........@..@........@.@.....@@.........@..@@.........@....@.@@.
...@..@.............@@..@@.@...@..@.....@..@.@........@@.@....@.@.....
@.@.......@..@.................@........@...@...@.@@...@@..........@..
.@@..@..@.....@......@.....@@..@...@...............@.........@........
Agents:
55
0,10,39,15,26
1,13,55,20,68
2,23,63,0,3
3,60,22,46,58
4,40,16,68,69
5,46,13,65,55
6,42,64,13,17
7,48,15,58,49
8,59,2,56,3
9,39,67,62,28
10,63,12,19,63
11,48,17,48,28
12,31,28,18,9
13,64,47,14,18
14,54,67,15,7
15,18,44,26,44
16,52,67,57,0
17,7,22,15,11
18,7,18,50,0
19,19,38,28,58
20,59,63,21,25
21,49,28,51,25
22,4,63,18,0
23,44,8,17,3
24,0,45,47,6
25,36,1,47,44
26,38,63,9,51
27,21,68,17,46
28,29,45,53,15
29,34,3,11,36
30,32,62,64,54
31,65,16,38,55
32,60,44,9,14
33,62,48,6,65
34,40,54,29,22
35,23,1,5,58
36,2,46,45,62
37,38,16,41,29
38,5,59,43,65
39,31,64,49,47
40,9,14,49,23
41,2,14,54,24
42,64,0,65,2
43,30,52,19,62
44,55,62,50,60
45,8,59,29,14
46,22,31,17,43
47,4,58,35,7
48,58,20,55,32
49,65,53,9,37
50,49,33,20,30
51,66,17,17,8
52,68,43,9,8
53,54,65,54,29
54,46,42,41,39
