0
Grid:
60,60
............................................................
............................................................
............................................................
............................................................
............................................................
............................................................
............................................................
............................................................
............................................................
............................................................
............................................................
............................................................
............................................................
............................................................
............................................................
............................................................
............................................................
............................................................
............................................................
............................................................
............................................................
............................................................
............................................................
............................................................
............................................................
............................................................
............................................................
............................................................
............................................................
............................................................
............................................................
............................................................
............................................................
............................................................
............................................................
............................................................
............................................................
............................................................
............................................................
............................................................
............................................................
............................................................
............................................................
............................................................
............................................................
............................................................
............................................................
............................................................
............................................................
............................................................
............................................................
............................................................
............................................................
............................................................
............................................................
............................................................
............................................................
............................................................
............................................................
............................................................
Agents:
50
0,19,41,56,57
1,39,56,48,37
2,15,54,40,3
3,48,21,4,18
4,41,56,10,47
5,7,38,2,39
6,6,35,12,36
7,21,23,39,34
8,38,21,24,4
9,21,20,29,41
10,22,47,2,37
11,19,7,21,46
12,46,25,54,54
13,48,52,44,11
14,3,34,34,14
15,44,4,53,19
16,31,1,31,43
17,23,51,44,56
18,16,36,22,10
19,10,36,16,24
20,58,48,24,49
21,36,51,54,58
22,19,43,43,7
23,44,13,53,38
24,33,11,34,10
25,18,27,46,37
26,28,4,25,14
27,5,32,24,59
28,21,32,9,12
29,10,49,0,51
30,6,56,11,58
31,17,6,22,35
32,11,3,24,14
33,7,4,52,12
34,12,30,44,20
35,7,1,4,40
36,10,44,10,18
37,22,34,15,13
38,11,28,37,34
39,47,2,20,8
40,40,34,55,26
41,18,52,19,32
42,15,17,36,12
43,35,26,37,29
44,55,50,57,53
45,29,44,37,59
46,26,21,58,27
47,30,1,39,22
48,30,29,49,54
49,39,16,22,8
