1
Grid:
70,70
...@@..@.@.......@@.@..@..@..@...........@........@.@@@@.......@.@..@.
.@.@..@@....@......@.@.@@@@@@.@...@...@.@...@..@..@.@.@..@.@@.@@....@.
.@....@@@...@@.@..@@...@...@.@....@..@.@....@.@...@@........@...@@@...
..................@@....@@..@.........@@........@.@......@....@.......
@.@.@@.@...@..@.@......@..@..........@....@@...@@.@......@@......@....
.@...@@...........@.@.@...@@..@..@.......@........@@@@....@@.....@.@..
@.@...@@@..@@@@.@@....@.@.........@.....@.@@.@.@@....@...@@....@......
...@@@@..@...@.......@...@....@..@.......@.......@@.@...@@....@@.@....
@........@@..@..@..@...@@........@..........@........@..@@@...@..@...@
........@..@@.@.......@@.@@@.@..@@...@.@@@...@@@@@....@..@.....@.....@
...@.............@@@....@.....@......@@.@.@....@....@@......@...@@....
....@....@@...@....@.@....@......@.@@.@@@......@...........@@..@......
@@.@..@.@@...@...@..@...@..@....@.@...................@@..@.@@@.@@...@
.....@..@............@...@......@......@.@.@..@...@@.@@.@@@@@...@.....
..@@..@.@......@@.@....@....@@......@.@@@..@.@.@@...@.@@..@.@...@@....
....@.........@.@..@..@........@@.@.@..@..@...@..@..@...@........@..@@
....@.@@.@....@.......@.@.@......@...@....@@.@....@........@@....@@...
@...@...@.@....@@...@...@..@......@@.@@@@.@.@...@...@@...@@@......@@@@
.@@....@...@@..@@......@.@@...@.......@@@.@..@.....@@@@....@.....@.@@.
.@........@....@..@.....@@@....@..@@...@@.......@......@.@@.......@@.@
........@.@@@.....@..@..@@@..@..........@......@@.........@.....@@..@.
...........@@@.@.@....@@.....@......@@..@@....@.......@...........@.@.
.@.@.@..@....@...@........@....@.@@..@..@@.@..@.@.@.....@@@.@...@@....
..@.@@@@.@@@....@....@@@..@@.@...@.@.@@.@.@..@...@...@..@.@....@.@....
..@..........@@.@@....@@....@@........@...@.@.@..@@......@.......@.@@.
..@...@..@..@@.@....@.@.@.......@@.....@......@...@@.@@..@.@....@@@...
.@.@..@.@.@@...@.@...........@.@@..@.@..@.........@...@..@..@@........
..@@@.@....@@@..@....@@..@.@..@.@.@@.@....@........@@.@@..@..@.@@....@
......@@.....@@.@.....@@@@....@@@......@..@@..@@@.@@@...@.@@@.@@...@..
....@............@.....@........@......@.@.@.@..@.@.@...@....@....@..@
@....@@@..........@..@.@.....@...@...@...@.@.@.@@..@@..@.@....@.......
..@@@.@.@...@.@.@@...@..@.....@..@.....@..@@@.@...@..@@@..@.....@.@..@
......@@..........@@...@...@...@....@.@@@@@.....@.@.@@.....@..........
.@@..@@........@@@...@.@...@...@@...@...@.....@.@@............@@@@.@.@
..@.@@@.@@......................@@@.@...@@...@.@@@.....@..@...@@@@@@.@
.......@.@...@@.@......@.@@@..@@.......@..@@........@..@.@.........@..
@..........@@....@.@@...@@...............@..@..@@@.......@@.@.@...@@@.
@@@..@.@.@.......@@...@@.....@...@.@........@.@@@@...@@....@@.@.@.....
@.....@@.@@.@@@..@..@.........@.@..@.@..@.@.@.......@.@@@.......@..@.@
.@.@........@.@@@@.@.......@@..@...@.@....@@....@......@...@.@.@....@@
..@@@.......@..@@@@@...@..........@.@....@.@@.....@@..@....@...@.....@
@@.@@...@..@.@..@@@.@....@@.@.@...........@....@..@.......@@@.@@...@.@
.@@.....@@........@@.@..@@.@..@@....@..............@.@@@..@@...@@@..@.
............@@.@....@.@.@....@...@@..@.@.@@@@......@...@.....@@@@.@...
...@..@@.....@..@.......@@.@...@.@...@@@.@...@@.....@..@..@...........
.@@...@.....@....@@..@@...@..@....@..@.....@.@............@.@.@....@..
@......@....@.@....@@@@......@.@......@..@.....@.....................@
........@@@.....@.....@....@.....@..@.........@@.@.....@....@@@@@.@..@
..@@...@.@...@..@@...@....@..........@...............@....@.@..@.@..@.
.@@...@..@......@..@.@..@@.@......@.@..@@....@.@.@@...@.@@.@...@...@.@
@.........@....@..@..@..@.@@...@..@@.......@@...@....@@.....@..@....@.
@......@@.@...........@.@........@.@............@..@@.@.....@..@.@....
.@....@@.........@.@.@.....@@@.@@.@....@.....@...@.....@.....@@....@@.
@.....@......@@.@@....@.@.@....@....@..@.@@@..@.....@.@.@........@....
@@........@@..@..@@..@........@....@..@..@@@...........@@@.@@@....@...
...@..@......@...@.@.@.....@@....@...@@.@..@.@@..@...@.@........@@@.@.
@@..@.@...@...@@......@@@.@@.@@..@........@@@..@.@.@....@@...@@....@@.
.@@.........@..@..@...@.......@@...@@....@..@.....@...@.@...@@.....@@@
@@..@.@@.@...@@@....@.@@....@@....@@.@...@..@.....@@.@..@.......@@....
.@.@.@.........@.......@...@.@.....@@..@......@...@@@..@....@....@....
...@@@@...@.@.@@@...@.@..@.@@@@....@@...@@...@....@..@@@...@...@@.@.@@
@....@....@@..@........@.........@@...@....@.@...@@@@@@........@@...@.
..@...@....@@@...@.....@.@@......@..@....@@..@.@...@@..@...@..@...@...
@@..@......@.@.@.@..@.@......@@.@.@..@@.@.@...@...@.........@.....@@..
.........@.@.......@.@@@..@..@.@...@@@....@.....@@@@.........@..@.....
@@...@........@.@.@@@@.@.@.@@@.@..@......@@..@...@...@..@.@....@@.....
@..........@..@@@...@..@..@.@@.@...........@......@@...@.@....@.@....@
@.....@@@..@.@.@..@@.@@@@.@..@...@.....@....@....@.......@..@......@..
@..@.@..@....@@...@....@.......@.............@.@...@@..@.@..@.......@.
...@@..@@.@@.@..@@.....@.@....@@....@..@..@.@..........@@....@@...@..@
Agents:
60
0,1,36,38,50
1,38,51,13,1
2,0,22,66,24
3,54,45,59,57
4,50,12,23,69
5,57,21,32,37
6,7,59,68,42
7,53,57,60,33
8,3,7,31,49
9,33,19,64,59
10,26,67,48,51
11,19,23,44,53
12,36,31,46,48
13,42,48,11,42
14,60,42,31,48
15,3,6,24,59
16,38,1,4,55
17,54,49,32,10
18,37,63,46,3
19,42,20,42,20
20,32,30,0,39
21,5,9,1,67
22,45,56,25,56
23,26,26,6,15
24,46,25,58,66
25,48,28,42,10
26,68,11,52,30
27,53,1,9,65
28,22,14,49,18
29,2,4,57,28
30,59,21,67,66
31,16,30,58,24
32,25,41,52,10
33,39,46,68,58
34,65,13,33,61
35,23,43,4,15
36,66,35,59,68
37,11,12,21,59
38,68,17,3,40
39,32,32,22,61
40,43,56,26,14
41,12,38,44,48
42,52,35,49,5
43,47,42,34,20
44,46,58,0,34
45,50,40,47,57
46,22,68,40,60
47,60,38,11,29
48,20,54,35,44
49,67,46,61,56
50,2,35,61,65
51,56,35,40,33
52,8,17,38,51
53,35,56,47,23
54,23,60,32,54
55,12,19,13,33
56,40,31,19,56
57,33,11,27,60
58,57,65,53,11
59,53,8,38,66
