1
Grid:
70,70
...@....@@...@.@.@.......@..@...@@..@@......@....@.@.......@@........@
@.........@..@.@.............@........@.@.......@.@@.....@.......@@...
...@@..........@@...@...@.@....@......@.....@.....@.@........@..@@....
.......@.@@..@.........@......@@.@..@..@.........@@.@..@........@...@.
.....@.@........@...@.......@...@..@....@....@.@@...@......@@.@@....@.
..@.....@.@.@.@.....@..@...@.@..................@.@..@..@...........@.
@..@.@........@......@......................@.@.......@.@........@@.@@
..@...@..@....@........@...@..........@.................@.@...........
......@..@.@..........@..@.@.@...........@...@...@.......@......@@...@
@@@..@.........@...@..@...@.......@......@......@.@.......@.@....@.@..
.......@....@.@...@..@.@......@...@@....@@.@...@...@@............@.@@.
..@....@@@.@@@.......@.@.@.......@........@.@@......@.@......@..@@....
......@...............@..................@.......@......@......@......
...@...@.@..@.@@.@.@......@.@@.......@....@...........@@...@...@....@@
@...................................@...@.@...@.......@....@..........
..@.@........@@..........@@..........@...@.@...@@...@......@.@.@..@...
.....@@....@...@...@@.@.....@.@..@..@.......@@@@@@...@.....@@@.@@.@...
...@....@@...........@.....@@@.....@.@........@....@..@.......@.....@.
............@......@@.....@.........@....@.....@....@@..@.............
@.........@..@................@...@........@..@@...@.....@.@.@..@.....
.@..@..@.@.@....@@.@......@............@.@....@.@..@@...........@.....
...@........@.@..@.@@.@@................@.....@...@..................@
.@.@...@@..............@...@@..........@@.@@.@.@........@@.@..........
.....@...@@..@.....@@......@....@.........@@@......@..@.......@....@..
....@@.....@..@...@@....@.@@@...............@.......@..........@@.@...
.@..@...@..@@..@..@........@..@.@.@...@......@.@.@.......@............
...........@@.@.@....................@.@@@@.......@...................
.@@...@.......@...............@.@.@.@..@................@.......@.....
.........@.@........@..@.@.....@@...........@...@.......@...@....@....
....@.......@.......@.............@.......@.@........@@.........@.....
.........@@.@..........@@..@.....@......@@@..@.........@..@......@@@..
@........@.....@.............@......@...@..@.@@...@@.@..@@......@@...@
......@.@.......@..........................@..........@.....@@....@@@.
@..@....@..@...@.....@..@.....@....@.......@@.......@......@...@....@.
....@.........@.@..................@@....@...@.......@.@.@.........@..
@....@........@.@...@........@.......@.............@.@..@@.@........@.
.@......@....@......@......@..@.......@.............@.................
.......@@.....@..............@.@.@..@@..@.....@.@.@..@..@.....@.@..@..
..@@....@..@@....@...@.@..@@......@.@.@@@.......@@.................@..
.@@@@....................@@@@@@@.@@......@.@@@...@@..@.@@......@......
........@.....@@...@.@.@.@...@.....@...........@...........@.........@
...................@..........@..........@.@..................@..@...@
......@...@......@....................@..@....@...............@.......
.....@...@..........@.....@...........@.........@........@.@..@.@..@..
......@.@..@....@.......@.@@..@.@...@......@@.........@....@..@.@.....
....@.@@@..@.....@....@..@......@....@.@........@..@@..@...@..@.......
.@@....@....@........@..@.....@.......@...@..........@.@..@...@.@.....
@............@....@.....@@@@.......@@...................@......@......
.....@....@.....@.......................@.....@.@@.@...@@@.@@..@......
@.@.....@..@@........@.@@...@@@..........@.....@..@@..................
.........@.@..........@......@...@.@.@.........@@...@@....@......@..@.
..@...........@.@@..@@........@...@....@......@.......@.@.@.....@.....
@@..........@.............@@...............@@.@..@.@.@..@.@...........
..@...@..@....@......@.......@.@........@..@.@.@.@.@.........@..@...@.
..@@..@..@..@@.@....@@@.@..@..@...@.........@...@.....@....@....@.@...
.....................@@@.........@....@@..@@.@..@......@@.......@@@@..
..@......@@.....@......@@.@...@........@.@.......@..@....@............
...........@...@.......@..@...@@....@.@...@.....@....@...........@....
@................@...@......@...@...@........@......@.....@..@.@...@..
@.@.......@....@@@...@@@@...@...@........@@.@........@...@...@..@...@.
..@.....@..@..............@@..@...@..@..........@......@......@....@..
.....@.............@..@@.@...@..@...........@...@........@........@...
.@@..@...............@.@..........@....@.......@..@..@......@@@.....@@
.@@.................@....@@@.................@.@@........@.@..@@.....@
.@...........@....@@@..@@...@.@.......@.@......@..@...................
......@@.@...@@................@...@.@.@...................@..@@..@..@
.........@......@..@..@....@.......@.....@...@@......@..........@.@...
@@.....@.............@.....@.@.@.@........@...@.@..@.......@....@@....
@.....@......@....@...@@.....@@........@.....@...@@.@...........@.....
.....@@......@.......@..@...@...@....@......@......@@@....@.....@...@.
Agents:
85
0,26,32,36,48
1,63,34,8,3
2,3,24,6,8
3,18,3,42,4
4,38,15,27,59
5,19,3,45,9
6,3,21,1,54
7,5,1,39,22
8,15,45,9,13
9,13,4,63,17
10,8,38,57,14
11,32,25,34,21
12,61,10,38,19
13,68,31,23,34
14,26,0,60,69
15,28,18,18,34
16,15,27,3,26
17,65,5,3,21
18,14,51,26,5
19,19,41,19,41
20,26,35,30,13
21,59,49,56,27
22,41,63,44,33
23,37,34,42,50
24,40,42,2,48
25,56,56,12,43
26,64,51,32,23
27,44,15,41,16
28,16,65,22,13
29,58,50,55,0
30,42,27,4,43
31,41,58,36,45
32,40,63,20,29
33,33,49,43,17
34,32,18,3,57
35,32,63,21,60
36,1,8,24,47
37,18,67,56,56
38,27,33,17,41
39,66,11,68,46
40,41,8,60,14
41,22,49,43,23
42,14,16,55,18
43,1,63,26,8
44,22,14,20,43
45,18,4,3,6
46,55,12,13,52
47,52,23,49,52
48,63,50,0,41
49,8,43,26,52
50,31,48,8,2
51,27,29,17,69
52,8,23,11,50
53,12,44,43,60
54,9,53,33,7
55,40,64,25,3
56,63,39,56,17
57,21,24,34,51
58,44,12,27,10
59,14,23,43,36
60,9,61,2,35
61,14,57,18,17
62,5,49,34,23
63,18,44,60,49
64,25,67,21,9
65,18,62,7,33
66,6,64,29,30
67,62,10,66,51
68,2,69,62,12
69,52,69,65,48
70,67,54,37,12
71,33,28,34,31
72,27,43,59,60
73,9,25,29,5
74,38,30,12,51
75,35,66,40,9
76,38,65,22,38
77,50,49,4,58
78,6,52,33,51
79,6,20,23,22
80,51,28,18,60
81,13,10,15,6
82,50,69,26,47
83,11,67,32,2
84,41,39,64,53
