1
Grid:
60,60
............................................................
............................................................
............................................................
............................................................
............................................................
............................................................
............................................................
............................................................
............................................................
............................................................
............................................................
............................................................
............................................................
............................................................
............................................................
............................................................
............................................................
............................................................
............................................................
............................................................
............................................................
............................................................
............................................................
............................................................
............................................................
............................................................
............................................................
............................................................
............................................................
............................................................
............................................................
............................................................
............................................................
............................................................
............................................................
............................................................
............................................................
............................................................
............................................................
............................................................
............................................................
............................................................
............................................................
............................................................
............................................................
............................................................
............................................................
............................................................
............................................................
............................................................
............................................................
............................................................
............................................................
............................................................
............................................................
............................................................
............................................................
............................................................
............................................................
............................................................
Agents:
85
0,46,38,22,36
1,43,57,51,30
2,56,47,45,46
3,5,11,34,28
4,1,58,26,9
5,50,14,31,8
6,54,25,0,25
7,55,49,55,31
8,2,21,6,40
9,7,36,13,9
10,43,59,33,2
11,38,2,31,6
12,44,43,52,22
13,29,29,52,18
14,20,45,46,40
15,20,11,17,33
16,52,45,7,16
17,1,33,9,52
18,23,30,51,9
19,10,19,7,52
20,52,21,29,33
21,40,41,39,18
22,2,47,16,0
23,21,13,5,29
24,29,31,13,7
25,7,11,15,49
26,43,39,5,24
27,36,46,47,16
28,59,40,44,1
29,13,13,29,45
30,18,36,17,11
31,50,16,22,40
32,38,39,21,47
33,21,9,13,2
34,23,22,43,42
35,25,32,53,24
36,10,48,55,44
37,43,22,19,52
38,19,57,37,38
39,0,56,33,37
40,21,16,20,38
41,59,49,24,53
42,37,8,34,10
43,27,12,10,18
44,8,14,28,26
45,33,43,26,0
46,16,57,0,21
47,0,16,0,30
48,30,23,33,14
49,2,23,19,8
50,25,12,2,11
51,49,6,34,44
52,5,35,4,3
53,0,55,41,58
54,56,14,52,34
55,27,2,46,36
56,39,16,38,5
57,52,2,52,36
58,36,1,20,21
59,38,29,30,43
60,12,9,6,26
61,1,9,25,0
62,48,42,14,32
63,15,13,15,41
64,47,26,24,44
65,51,55,54,36
66,54,36,12,58
67,30,9,20,56
68,26,53,23,58
69,43,2,7,15
70,8,31,16,43
71,16,53,17,29
72,47,31,52,59
73,3,59,50,16
74,4,58,22,52
75,40,29,6,22
76,45,33,17,47
77,11,16,28,44
78,10,40,10,53
79,17,23,22,1
80,20,47,31,47
81,7,29,31,16
82,23,32,3,49
83,7,3,35,51
84,45,42,59,21
