1
Grid:
70,70
.......@@....@@..@................@....@........@.........@...........
...............@..........@...@....@................@.......@...@.....
..@.....@...@..................@.@............@...@............@.@..@.
..............@.........@...@.........@...@..@@...............@.....@.
..@.....................@..@....@.@.@........@....@@............@@....
@..........@..@..@.........@.@.@..@@....@.........@......@.....@......
...@@...........@@..@....@..@.................@.....@..@..............
@@......@......@.....@.@.......@@...@...@....@@.@.....@..@........@@..
......@......@...........@@.@........@......................@@..@..@..
.....@.@@@..........@@............@......@..........@.@@......@.......
..............@.@........@.......@............@.......@@............@@
..@.@......@.........@.@.............@......@..............@.@...@..@.
....................@...............@.............@.@.................
@....................@.@.....@...@@...@.@..@@@.@......@...............
...........@......................@@....@...................@........@
......@..@.......@..@...........@.@....@.@....@.....@................@
......@..@........@..@..........@.....@......@........@@..@...@.......
.......@........@@.@.@..@........@....@......@.....@......@@.@........
@@..@.@......@..@............@..@..@..@...@.@@...........@..@.....@@..
........@@@...@..@...............@..@.@@.@..@.@...@.....@.....@@@.....
................@.@...@@........@................@.....@......@@..@@@.
....@.......@..@..@.@..@........@...@....@.....@...@@.@...@...........
@..@.................@@..........@.........@..@.......................
.@..@........................@@.....@...........@......@....@....@....
.....@@...@..@..@..@...........@@....@...@.@....................@..@..
.........@.@.....@.......@@@.........@@..............@...@....@.......
...@..............@.@..@.............@@..@@..@@.@.....................
..@..@@...@.....@.....@..........@....@..@@.....@..@@@....@.......@...
...................@......@.......@...................@...............
@...........@.@.....@.@...........@...........@.......@...........@...
@@.@.............@.......@.......@.........@.............@..@.......@.
.@....@.......................@@@..............................@@....@
.@.........@.@..@.......@@....@.......@...@......@......@.@..@......@.
@...............@.@............@.....@...........@.........@......@@.@
......@@.....@@..@.......@@..@..@.......@...@......................@..
.............@.......................@@.@..@..............@.@..@..@...
.......@......@.@@@..@...@......@.......@@..@....@..................@.
................@....@..................@..@@........@................
......@...@@.........@.....@...@...........................@.....@....
...@..@...............@......@@@..@...........................@.....@.
.........@.....@@...........................@.........@.@..@..........
..@....@@.................@.@.@.....................@@...............@
...@...@.....@...@.....@@......@.@...............@.@.@@.@@..@.........
....@@@@....@.........@.....@@...........@..............@....@........
.....................@..@@...@....@..@@................@@.......@.@.@.
.@.......@................@....@......@....@...@...........@...@.@@...
....@...@....@....@..@......@.......@.........@........@.....@........
.....@........@..@............@.....................................@.
..@........@............@....@........@@...@......@.........@.........
..@.....................@.@...@.......@.......@.@@........@....@......
@............@@..................@...@.@..@....@...@.....@.@@...@...@.
..@...........@.........@...............@@.......@.............@......
....@@.@..@..@@...............@..@...@....@...@....@.............@....
.............@....@...........@......@.....@.....@......@....@..@...@@
..@@.@.....@.....@.................@........@..@.@....................
@.@.......@...@......@.....@.@...@............@...........@@..@.......
..@.......@..............@@.....@........@.............@@..@.@........
.@.........@....................................@.....................
................@...@................@........@.................@@@...
..@......@............@.....................@......@@..@.@..@@........
...........@.@...@.......@..@....................@@@.@@.........@.....
.......@.....@.@@............@........@.@@.@@........@..............@.
.....@........@....@..@....@......@.@.....................@.@.@@.@....
.....@@...@........@@..............@..@@..@....@..........@..@....@...
.....@..@..........@......@.@..@.........@.....@......@.....@.@.......
@..@.....@.................@............@@...........@.......@....@...
........@......@.@.....@.@.....@....@..............@..................
....@@.@...@.........@....@.................@......@.@..............@.
......@..@.@..@....@@........@.@...........@..@@.@.@..@.@.@......@....
..........@...@..@..@.......................@.....@@.....@..@@@..@....
Agents:
45
0,37,56,64,29
1,14,63,8,43
2,59,1,44,14
3,3,21,41,18
4,29,1,40,25
5,3,50,1,29
6,30,58,64,38
7,67,34,55,64
8,67,1,31,48
9,59,54,45,4
10,44,52,18,7
11,34,11,68,59
12,18,14,29,40
13,1,4,33,48
14,10,32,18,55
15,48,65,45,8
16,12,48,43,15
17,60,31,65,68
18,26,9,35,0
19,30,61,44,57
20,49,37,24,21
21,42,52,61,66
22,23,47,27,12
23,19,7,36,34
24,36,61,11,15
25,2,15,47,44
26,69,11,14,30
27,32,57,24,65
28,59,56,57,20
29,48,35,44,51
30,56,1,21,55
31,59,10,46,3
32,63,1,22,45
33,28,60,12,16
34,25,24,20,65
35,51,27,48,36
36,24,34,20,40
37,43,8,60,14
38,20,33,34,5
39,12,40,47,19
40,28,21,40,28
41,46,45,43,59
42,32,67,38,25
43,21,38,45,19
44,20,44,31,11
