0
Grid:
60,60
............................................................
............................................................
............................................................
............................................................
............................................................
............................................................
............................................................
............................................................
............................................................
............................................................
............................................................
............................................................
............................................................
............................................................
............................................................
............................................................
............................................................
............................................................
............................................................
............................................................
............................................................
............................................................
............................................................
............................................................
............................................................
............................................................
............................................................
............................................................
............................................................
............................................................
............................................................
............................................................
............................................................
............................................................
............................................................
............................................................
............................................................
............................................................
............................................................
............................................................
............................................................
............................................................
............................................................
............................................................
............................................................
............................................................
............................................................
............................................................
............................................................
............................................................
............................................................
............................................................
............................................................
............................................................
............................................................
............................................................
............................................................
............................................................
............................................................
............................................................
Agents:
75
0,28,48,47,56
1,49,31,32,27
2,42,1,7,51
3,30,41,36,10
4,10,4,39,14
5,42,48,53,16
6,58,8,34,5
7,40,34,54,19
8,34,1,53,42
9,8,17,17,55
10,9,2,32,49
11,30,0,1,11
12,36,15,16,54
13,49,53,55,7
14,8,44,1,16
15,16,43,35,36
16,11,50,17,36
17,25,25,27,51
18,40,21,47,29
19,17,30,40,10
20,20,2,24,47
21,30,36,52,30
22,58,26,40,29
23,2,25,24,6
24,59,56,37,23
25,11,6,38,50
26,23,38,27,54
27,7,25,32,33
28,18,48,22,14
29,54,27,43,43
30,11,36,4,12
31,32,25,3,18
32,47,58,25,51
33,37,8,56,45
34,43,14,57,30
35,53,12,42,28
36,43,37,46,54
37,56,7,30,53
38,32,54,11,4
39,1,10,3,39
40,12,24,53,20
41,54,11,25,33
42,33,9,54,48
43,19,32,48,48
44,42,59,7,30
45,7,52,5,28
46,27,50,36,16
47,19,44,47,59
48,29,5,58,59
49,48,59,4,49
50,48,54,38,37
51,41,44,39,19
52,2,58,24,39
53,23,45,22,51
54,41,0,5,7
55,53,24,22,31
56,46,43,1,27
57,14,47,18,34
58,41,21,17,56
59,52,38,21,57
60,38,4,6,37
61,25,43,25,46
62,7,1,40,13
63,45,52,27,31
64,18,12,2,19
65,37,26,20,51
66,5,1,20,10
67,21,18,31,19
68,42,10,18,47
69,8,34,32,38
70,45,34,37,8
71,50,42,37,26
72,6,42,59,36
73,5,43,1,17
74,36,32,31,24
