2
Grid:
70,70
@@.........@..@.@@..@@.......@....@..@......@.....@..@.@...@.....@@.@@
.@..@.@......@@@..@@..@..@..@@.@......@......@.@@....@....@.....@@....
.@@...@.@.@...@......@..@@.@......@...@.@@@.@..@..@......@..@..@.@....
..@@...@.......@@@@.@@.@.....@@.@.......@........@..@..@..@.......@...
......@..........@......@..@..@.....@..@..@.......@.@.@@@.@..@@..@.@..
...........@.....@.........@.@..@.@.@..@...@.@@@.......@........@@.@..
......@..@.@.@@@.@@..@..@.@@..@@@...@.@...........@....@...@@...@@.@@.
...@@.@.@.@@..@.........@.@........@@...@.@....@...@..@........@@....@
@..@...@.@......@.@..@.@..@@..@.....@@@@....@.@..@@.@....@..@.@.@@....
.@@..@.@.@.@.......@.@......@..@.......@@@....@...@@....@.@.@.@@@@@.@.
..@....@......@@..@..@........@.@.@.@...@..@@@...@....@@.....@..@...@.
@..@@...@..@.....@..@.@.....@...@..@....@.@@@.@.@.@.@@...@...........@
.@..@..@.......@.......@.@@@@.@..@........@@.@......@@...@@@@...@....@
...@..@@@........@.@.@......@@......@@.@....@.@......@.@......@.@....@
@.@..@...@.....@@..@...........@.....@.....@.....@.@.....@..@......@..
....@.@@..@..@.@..@@.@.........@......@@...@...@@..@...@@..@..@.@@...@
@.......@..@......@..@..@...@@...@..@@.@..@.................@@.....@..
.@.................@..@......@.@..@.@...............@@@.........@@@...
..@.....@.........@@.@..@.@..@@.@..@..@@.@@..@...@@.@.........@@@..@.@
@....@@@@..@...@.......@.@...@..@@@.....@...........@@................
.@@.@@..@.@....@............@@.........@.@@......@.@..@@@...@@......@.
@....@@.@.....@....@.@...........@@....@........@..@.@@@@.@...@..@.@@.
....@........@.@..@......@.......@.@@...............@..@@...@@.@..@@@.
@...@...@@@...@......@..@.@....@@..@..@.....@.@@....@.....@@.@@....@@.
.....@.@@...@.@.....@..@..@..@......@.@....@.@....@..@....@@@@..@.....
@@...@...@.@.@..@@@@@@......@...@....@@@..@@@....@.@....@.@..@....@...
@.@.@..@.....@@..............@@@@.@..@@.....@.....@...@.@.....@.@@...@
.......@@@.....@@....@@....@.....@....@....@.............@@..@@@......
.@......@@......@.@@.@@...@...........@.......@.@...@@.....@..@@....@.
@@@.@...@@@@.....@...@..@..@..@@......@.......@........@.....@..@..@.@
...@.....@.@....@.....@....@.......@..@....@..@...@...............@@..
@@@...@........@....@.@..@..@@..@.....@.@.@...@.....@........@@...@...
.@.......@.@..@@..@@..@..@@.....@.....@@...@...@@.@@......@..@..@.@..@
@..@....@....@.@..@..@.......@..@.@.....@.....@@@.......@@..@..@.....@
@@@.....................@............@.@......@@@@.@....@..@...@@.@.@@
...@.@@.....@.@@.@...@..@.@.....@@..@..@@.@..@@@.@..@@..@..@@@....@...
...@.@..@@...@@@@....@....@@.@.....@....@......@@..@....@.........@...
....@..@....@.....@@@.@....@..@.......@....@@@......@.......@@@@.@....
...@.....@...@......@.@.....@..@..@...@..@@.@..@.@...@.@.@.@..........
@.@.@@.....@..@.@..@......@@@.@......@@...@..@.@@.....@@...@@@.@.@....
.....@@........@....@...@@.....@....@.@....@.@..........@..@..@.@..@..
......@@..@.......@..@...@....@@....@@..@@.@........@@.....@@@@@@.@@..
..@........@....@.........@.....@.@@.@.....@......@@..@@@.@.@.@.@..@..
........@@.@@.......@..@....@.@@....@.@.......@@....@...@@@@@..@@@...@
.@@......@..@......@..@...@.........@...@....@@.@@.@.@@.@@.@....@.....
.....@.@@.......@.@......@....@@...@@@...@@...........@@.@..@.@..@@...
...@.@.@.@@.@.....@...@@@@@..@@@..@.@..@..@@..@....@..@...@@.@@@@@@...
.@.@.@....@...@..@@@@...@..@.@....@..@....@.@....@@@...@.@............
@.....@.@@..@....@......@@@........@..@......@@....@..@...........@...
.@..............@.@@............@@....@...@.@.....@@@...@..@.@...@..@.
.@@@.@@@........@@....@....@....@....@@@.@@@@@....@.@@.@@@.@@@......@.
.@....@..@@.....@.@......@..@@..@...@.@......@.@.@..@...@...@....@.@..
..@.....@@.......@....@........@.....@.@..@..@.........@@@....@@......
@@.....@.@......@@.@@..@@.@...@.@...@..@@@.@@.@...@...@.@@..@@...@...@
@@@@..@@.@@.@.........@.@....@.@@....@@.......@@......@.@..@@..@..@...
.@.@......@@@.....@.@.@@.@..@@...@..@@.@.@.@.......@..@..@..@..@@...@.
....@@.@..@...@@@..@@..@.@.@.....@..@@...@@...@@.........@@...........
...@@.....@.@.@.@@..@.......@....@...@.@..@@..@@....@..@@@..@....@@@..
.@@@..@@.@.@.......@.@.......@........@@@@........@..@.@@@@....@.@....
.....@@@@.@...@@..@.@@...@...@.@....@@..@........@.@@.@....@.@@@.@@...
...@@....@.@.......@..@....@@@..@.@@@..@.@.@.@..@....@.......@.@@....@
.@.@......@..@........@@...@@.......@.@...@..@.@.......@.......@@..@@.
.@.@.@@.@.@....@.@@..@.@.@@.@...@@@.@...@@...@.@.@@..@........@....@@@
.......@@@.@@.@.....@..@.@@...@@@..@.@@.@.@@.....@..@........@........
...@.....@@.@.@@@..@.@@.@@......@...@@......@....@@....@....@@@@.@..@.
...@.......@@@@@.@.@.@........@..@@@@@.@..@....@.@..@@@@.@@@@.........
...@.@...@..@.@....@...@..@.@@.@@..@.@@....@.@@@....@@.@.@.@...@@....@
@@.@....@......@....@....@...@..@.@..@...@.@@..........@.@@......@..@@
..@.@.........@..@.@....@..@..@..............@.@.@@.@@.....@@@@....@..
...@.@....@@.................@@@@...@@.....@.@.......@...@@@.....@....
Agents:
55
0,40,23,1,32
1,59,68,39,56
2,34,32,47,33
3,33,5,16,20
4,43,49,32,45
5,44,28,8,55
6,32,36,7,68
7,15,61,37,68
8,23,16,22,1
9,49,27,32,30
10,57,68,61,33
11,7,45,0,30
12,11,19,16,41
13,19,58,33,26
14,26,47,69,39
15,69,16,15,1
16,58,4,25,30
17,52,43,14,35
18,43,15,53,2
19,36,59,56,64
20,39,17,6,66
21,16,45,27,24
22,42,68,9,57
23,17,24,2,52
24,38,46,9,14
25,58,54,30,18
26,36,63,22,12
27,32,7,62,52
28,4,66,59,60
29,39,53,14,55
30,45,4,59,16
31,21,1,58,5
32,62,0,21,57
33,44,50,53,53
34,4,0,61,7
35,68,57,54,27
36,14,11,48,69
37,65,56,11,55
38,13,45,41,12
39,48,43,57,19
40,27,32,65,66
41,61,33,18,59
42,5,50,42,8
43,48,34,57,9
44,24,57,4,19
45,45,34,60,24
46,2,29,51,34
47,58,31,51,26
48,51,27,15,16
49,37,0,51,13
50,25,47,61,16
51,12,17,35,43
52,65,18,34,15
53,57,27,7,46
54,31,31,52,41
