0
Grid:
70,70
.......................@.......................................@......
.........@.............@.@...@........@..........@.......@............
.@...........@.......@......@.....@.......@..........@..........@@....
......@.....@...@.....@........@...........@....@..@........@.........
...................@..@.............@@....@....@............@..@@....@
..............@........@..............@....@...@......@........@..@...
.....@..........@...@..@.........................@.................@..
............@..................@.@..............@.....@....@.@@.......
@....@@....@................@.................................@.......
.........................@...........................@@.........@.....
..@...................@.......................@........@@.............
............@..........@....................@....................@....
.....@...@.@..............@.......@..@.@....@........@........@@...@..
.....@@...........................@.@.............@..................@
.....@..@......................@.........@............................
.........@.........@....................@........@...................@
....@@@........@......@.....@..................@..@@@...........@.....
...@...@@..@...@@.......................@....................@........
.......@..........@.@....@..@........@.@.....@...@....................
.....@............@....@............@.............@..............@....
......@.................................@........................@.@..
..@......@......@............@....@......@.@................@.........
................................@....................@.@...@..........
....@....@...............@...........................@................
.....@......@@.........@.......@..@....@......@@...............@......
@....@....@.@..................@........@.@.........@..@......@.......
...@.....@@......@............@...........@@.......@........@.........
.......@........@..@.........@..@@...........@@..................@....
.........................@....@.......@......@......@...........@.@...
..@............@@................@......@...@........@..............@@
...............@.......@................@.......@..@.@..@.............
.......@..............@......@.@..........@.........@............@.@..
...................@.........@.....................@.......@..........
......@...@.............................@..@.......@......@...........
..@.........@........@.........................@...................@..
..............@..@........@......@....................................
........@......@..@.....................@.............@..@............
.................@..@...............@...........@@.............@......
................@.................@...............@....@..............
...@..@.......@...@...@................@.@.........................@..
................................@...@....@...@........................
.............@.....@....@...............@.@...@@......@@............@.
......@@.........@..@.......@..........@...@..............@...@.@@..@@
......@..........@......@.@...@.@@.........@.@.........@.@.........@..
.................................@.....@.....@..@.................@...
@.....@........@.....@...@@.......@.................@..@.@@.........@@
@..@.....@............@....................@....@..@.....@.....@......
@.@@.@.........@...@.@..............@...................@.............
......................................@...............................
...................@......@.@............@...@........@...............
....................@......@..............@...@.....@.................
.@....@......@................................@.@.............@.......
............@.@......................................................@
............................@.@....@...........@.......@........@.....
.......@.....@..............................................@@........
...@.....@.........@..@........................@....@....@.@@.........
.........@............@..@......@..................................@@.
..............@.......@@....................................@........@
............@..@.@...........@.......@@..@@...........................
...@....@.............@....@..........@........@.....@.@....@......@..
........@@@..................@................................@.......
.........@........@...................@...........@.@........@........
.@................@.......@..............@...@.....................@..
..................@......@.......@@.....@..@.......@....@..@.@......@.
............@@..........@......@.......@@.@..............@...@........
....................@.....@..@..................@..@......@...@...@...
..@...@..........@.......@.@@..........@...@.............@...........@
....@......@...............@...............@................@.........
....@......@..............@......@......@....@......................@.
.........@@..........@.................@......@@............@....@....
Agents:
45
0,61,31,13,13
1,57,65,56,12
2,69,57,68,36
3,8,32,60,61
4,19,66,57,19
5,54,28,1,44
6,4,31,22,63
7,42,59,0,13
8,25,60,2,19
9,41,51,46,18
10,14,36,28,68
11,68,19,33,7
12,32,8,49,36
13,17,54,2,14
14,8,14,53,44
15,12,65,63,64
16,48,22,51,25
17,3,18,33,61
18,17,38,46,4
19,1,24,37,46
20,3,28,47,48
21,29,48,44,58
22,28,59,19,41
23,62,14,53,45
24,34,1,7,35
25,59,64,65,55
26,36,21,36,67
27,66,55,51,65
28,36,60,62,46
29,50,47,28,20
30,15,34,47,10
31,57,39,29,3
32,15,8,68,1
33,52,20,48,49
34,55,7,50,16
35,42,3,4,27
36,50,60,54,29
37,32,40,60,34
38,49,17,17,23
39,19,7,48,66
40,25,18,58,22
41,29,27,60,15
42,52,26,60,67
43,57,24,17,1
44,8,39,29,8
