1
Grid:
30,30
..............................
..............................
..............................
..............................
..............................
..............................
..............................
..............................
..............................
..............................
..............................
..............................
..............................
..............................
..............................
..............................
..............................
..............................
..............................
..............................
..............................
..............................
..............................
..............................
..............................
..............................
..............................
..............................
..............................
..............................
Agents:
16
0,20,19,28,3
1,8,21,8,13
2,25,29,14,11
3,26,7,21,20
4,4,27,27,12
5,9,24,27,25
6,25,24,10,11
7,5,29,19,2
8,25,2,8,14
9,17,29,17,28
10,0,26,12,16
11,10,2,21,28
12,23,9,7,4
13,10,17,9,0
14,2,22,22,27
15,9,4,20,23
