0
Grid:
70,70
....@...@..........@.@@.@.....@@......@..@....@...@@..@@@....@@.@...@.
...@........@.@......@@...@...@@@..@..@...@...@.....@.@..@@...@.@...@.
.@..@....@..@@.@.....@......@.....@.@.@@..@@...@..@.@..@@........@....
@........@.@.....@@.@.@........@@.............@.@.@.@........@@.......
@........@..@..@@@......@...@@@.@......@....@...@.@....@..@@.@.@@...@.
...@..@.@...@....@............@@....@@.....@.............@@..........@
.......@....@@.......@..@..@.@...@.......@..@.@.@.@...@....@@.@@......
..@........@.@@...@.@..@....@..@.@.@......@..@@@..@.@..@..@..@.@@.@...
.....@@.@..@...@...@......@..@.@..@@...@@@@..@.@.@@@........@......@..
..@@.......@..@....@..@.@..........@....@.....@..@..@.@......@..@.@@..
.@.....@.@@@@.............@.@@@...@@...@.....@@.@....@.@......@.......
...@.@.@..@............@@....@@...@...........@@@.....@...@..@...@....
...@......@..@@...@..@@............@...@@......@........@@.....@@..@..
...@.@.......@@.@..@......@@........@@@...@@@........@..@@..@.......@.
..@@@..@.@@.......@..........@.........@.@...........@......@.@....@..
......@...@.@...@.......@...@......@..@@...@@..@...@.@.@@..@@.....@...
...@....@..@@@........@.@..@@....@......@.@...........@....@..........
@@...@@@@..@.....@@..@.@.@...@..@..@.......@@...@..@.@......@@@.@.....
@...@...@@...@......@....@....@..@.@...@.....@......@@...........@.@.@
@@........@......@..@......@....@......@..@......@......@@..@....@....
@....@..@.....@.@.....@...@........@.....@@...@@............@.....@...
.@...@.@@@...@...@...@..............@...@.....@......@........@......@
..@@@@.@.....@....@..........@.@....@@@@......................@......@
...@@........@...@.@..@..@.....@....@.....@.....@...............@.@@@.
..@..@..@..@.@@@..@......@......@...@.............@........@.@....@...
@......@....@@.@.@......@.................@@...@@.@.@..@@@..@@........
...@@.@....@..@.@.@..@.@.........@.........@@......@@@.....@@...@@..@.
..........@@.........@.@..........@.@@...@@....@.@.....@.@..@@.......@
..@@..@..@....@.....@...............@@.@@.......@@.@......@@@..@.@..@@
................@@.........@.@@..@@....@.....@@........@.........@...@
@..@@..@@.@@.......@....@@@.@@@@....@...@@@.@....@.........@...@...@..
......@......@@@@................@@...........@.@.@.@.....@..@....@...
.@..@...........@..@@.@.@........@....@.@@.@........@.@....@....@...@@
....@...@.@@.@.@.@...@..@@....@......@...........@@.@......@....@.@..@
@.....@.........@.....@...............@@.@..@............@.........@.@
............@...........@.@..@@@........@.@.....@.@@@....@..@.....@...
@...............@......@..@@....@.@.....@@...@@@.....@...@......@.....
@...........@.....@..@...@...@@@..@..@@..........@..@....@...@.@@...@.
....@.@..........@..@...@.@....@.@.....@..@@...@..@..@.@..@.....@.....
................@.@.....@....@.@@........@......@.@..@@@..@@.@@...@...
..@.@.........@@........@..@.@@...@..@.......@@@........@.@........@.@
@..@..@.@......@..@...@.@....@.@..@....@....@.............@.....@@@...
.@.@..@....@..............@@.........@@..@.....@@.@..@.@.......@....@.
.@.@...@..........@......@..@...@@@@....@....@....@.@...@........@....
...@...@@.....@.@...@.........@....@.@.@.@.....@@...@@........@.@.@@@@
@..@...............@@..@.....@........@....@.@.....@..@....@...@.@....
@.@@...........@.@......@....@@.@@........@@@...@@.@@@...@.@........@.
.@.....@..@..@...@@........@.@...........@@...@@..@.@...@......@.@....
..@.@....@.@.....@......@@@.........@@..@..@.@@@.@@..@........@.@....@
..@......@..@...@.@@..........@.@...@..@..@...@......@......@..@.@....
@@..@.....@..........@.....@.......@.@..@....@..@..@..@@..@@@...@@...@
..@...@....@..@@..@...@@....@..@....@.@@..@@.......@.@...@......@....@
.......@@@........@@.@.@....@..@....@@@@..@@....@....@.@.@.@@@.@@@@@..
.@..@.....@..@@@..@.@........@....@...@........@...@..........@@......
@.@.....@....@@...@..............@...@.@...@.@...@..@.@.....@.@..@....
......@..@..@@@@@......@.@.@.......@@.@@.@@.@.@......@...........@.@..
@...@.@@@...@......@..@............@.......@...@.....@.@@..@..........
...............@.@@.@..............@..@.@....@@@..@@..............@...
.@....@........@....@.@....@@...@.....@@...........@...@......@.....@.
.@...@....@.@....@@...@@..@..@@.@........@......@.........@@.@.@..@@@.
..@@......@@...@@.@@........@...@...@.@..@..@.@@...@........@@@......@
.........@...@@....@.@...@.@.@@......@..@..@..@@.......@.......@@.....
.@..............@...........@........@..@....@..........@....@@..@.@@@
...@.....@..@@.........@@@@.@.....@.@......@......@.@.@@.@...@.....@..
@.@....@.@@..@.@...@@@..@.........@@.@..@.@...@......@.@.@.@@...@.....
..@....@...@..@.........@......@..........@......@.........@...@.@....
@.@....@..@@..@........@@......................@..@...@@.......@@@@..@
@......@....@.@.@.@..@......@......@.@..@@.........@..@.....@.........
@...............@.@.........@@..@..........@..@.@......@..@.@@.....@..
@@.....@..@@.@..@..@@..@@.@...@@..@......@.....@@..@.@@......@@@.@.@..
Agents:
50
0,36,67,59,38
1,49,47,64,32
2,26,32,6,19
3,4,54,12,51
4,37,23,53,56
5,34,27,33,55
6,24,38,5,45
7,39,67,52,26
8,15,19,17,37
9,29,32,27,3
10,64,69,52,41
11,41,53,52,68
12,13,39,37,13
13,28,5,40,59
14,16,47,42,67
15,63,19,16,32
16,9,29,25,35
17,32,57,33,40
18,19,4,12,33
19,41,67,37,44
20,28,11,28,47
21,44,58,4,25
22,31,24,49,20
23,21,63,29,20
24,38,5,65,43
25,66,37,41,67
26,23,47,28,4
27,64,28,9,38
28,34,26,25,46
29,28,54,39,36
30,50,25,34,59
31,68,66,11,2
32,9,69,54,21
33,69,6,31,64
34,50,53,54,34
35,25,2,22,56
36,65,40,14,40
37,43,38,63,64
38,47,16,0,15
39,51,25,15,19
40,65,32,7,54
41,63,60,65,5
42,39,15,55,11
43,39,44,54,59
44,31,18,13,21
45,59,35,47,14
46,15,21,43,48
47,64,31,16,2
48,60,50,9,32
49,22,42,17,9
