0
Grid:
20,20
.....@@.@...@.......
@..@.@@@...@@.@@@@@.
@.....@.@@....@@...@
@...@..@.....@@@@...
.@.@..@@....@@@.@...
.@.@.@.....@..@...@.
.@.@@...@@..@.@.@...
.....@@...@..@..@...
..@......@..@......@
.@.......@...@...@..
....@.@..@@.....@@..
.@@.....@@.@.......@
@@@.@.@...@...@@.@..
.@......@@.@.@.@.@..
....@..@....@.......
....@@.......@@..@..
@......@...@........
........@.@@.@.@..@.
.....@.@@...@.....@.
@.@.....@.....@....@
Agents:
10
0,9,3,8,13
1,6,7,2,17
2,11,13,13,16
3,19,11,14,3
4,5,12,6,13
5,11,5,14,15
6,14,1,18,16
7,16,5,8,1
8,12,5,18,3
9,4,4,18,9
