1
Grid:
70,70
....@...@@.................@.......@....@.@...@.....@@.@..............
.........@......@.....@.@.....@.......@....@@....@@...................
@@@@.......@..@@.@........@.........@.......@....@............@...@...
...@...........@@..@.@......@......@....@..@................@..@......
.......@..@.......@.............@...@....@..........@@..............@.
..@.@...@@........@.@.....@.@...@...@@.@......@...@@@@.....@.........@
..............@........@..@.@.@...@........@....@..........@.........@
......@...@@.@..@...........@@..........@.......@..@@.....@...........
......@..............@@......@......@.........@@.............@....@..@
........@...@.....@.............@....@.@...................@.....@....
..@...@..........@..@.......@........@@...@.@@@.......................
@......@......@@..@....@........@@...@...@........@..@.....@....@...@@
.......@....@....@..@.......@......@..................@..............@
....@@..........@.......@..........@........@...@.@...................
.......@.....@.@.....@....@.....@..@..@..@@.@.....@.@.................
.......@...@@..@......@@...@..@..........@....@.........@......@.....@
..........@............@.@....@..@...@.@@..@.....@..@..@..@...........
@......@....@..@.......................@...@.@...@........@.@.........
........................@.....@.....@@@............@...@..............
..@....@................@.....@...........@.............@..@..@.......
...@.....@@..@........@.................@..............@.@...........@
..@.@.....................@@...........@.............@........@..@....
....@....@..@.@..............@.....@........@@...@.@@............@....
..................@........................@..................@.......
.....@.............@..@.............@.....@@....@..@.....@...........@
@.@......@@...@....@.@.@..........@..............@............@..@....
.@..............@@.@...........@@....@....@...@@................@.....
........................@............@...@...@.............@..@..@..@.
..........@...@.....................@...........@.....................
.....@...@...@..@.@.....@@....@...@....................@.@...@@....@..
....@......@@..@.....@@...@...................................@@....@.
................@.........@@.........@@..........@@..@...............@
...@..@........................@.......@.....@..........@.@........@..
.@@@.@@........@....................@@...........@@..@.....@.......@..
@.....@.@........@..@....@............@...@........@........@....@...@
@..........@..........@..@......@@.@.@...@.......@@....@...@......@...
....@...........@@...........@........@............@@.@.........@.....
...............@..........@.....@....@....@..@..@.....@.@...@.........
..@.@@.............................................@@..@..........@@..
...@....@...@......@..@.@.............@......@@.........@@.@.........@
.............@................@@................@.@@..@.....@....@....
.@.@............@....@.....@..............@.@....@.@.........@.......@
......@............@.....@.....@.@...@.........@.....@................
.....@............@...@..@....@......@....@.......@.........@........@
......@.....@...@..@.........................@@....@..@.......@...@@@.
..@@.......................................@.......@..................
..........@.......@..@...@.@@.@...@.@.@........@@......@.....@....@..@
...@....@...........@...@.....@............@................@.@@.@....
...................@@..................@.@.....@...............@....@.
......@.@...@.......@@...@........@.@.@.....................@@@....@.@
...........@....@...@.......@.............@.@..@...@@.................
.@...@..@.@......@....@..............@...@....@.....................@.
....@@.....@......@..............@.@................@.....@.........@.
........@..@@@.....@......................@...@@@..@@...........@..@@.
@.............@...............@........@...............@.@......@....@
..............@....@..@.@...@.@@..............@......@.@......@@.@..@.
...........@....@.@......@...@...@.....@........@............@..@..@@.
@.......@..@.@..@.@....@@................@..........@......@.@........
.......@...@@........@........@.@......@..@.@......@@.................
............@.......@..@....@..........@.....................@.@...@..
...........@..@...@.............@.....@.....................@....@@...
....@@..................@.@....@.@....@...............@..@...@.@......
........@.....@...@@@.....@@...@....@.@.............@...@..@........@.
@.....@.@.@..@..@..................@.@........@@@.@.....@.........@...
.@..@....................................@.........@.@@...@......@@...
........@@..................@........@......@.........@.....@.........
@.....@.....@........@..........@.@.........@...........@....@..@.....
...@........@.@...@.@.@.......@.....@......@..@.....@.@@.....@...@....
..@..............@........@........@..........@@@......@......@......@
..@.....@..........@@@.@......@@@........................@........@...
Agents:
35
0,56,54,69,6
1,67,9,54,6
2,4,8,9,55
3,56,5,52,17
4,64,35,4,16
5,47,45,17,40
6,51,25,48,22
7,9,52,36,49
8,65,50,24,59
9,26,15,20,23
10,12,13,28,66
11,39,25,42,22
12,53,3,38,63
13,24,53,16,17
14,26,6,15,2
15,20,19,64,43
16,29,10,42,59
17,44,13,53,21
18,7,21,66,57
19,56,60,21,37
20,35,60,17,16
21,23,60,36,1
22,21,42,43,34
23,53,59,60,5
24,25,4,47,56
25,28,52,10,15
26,66,42,35,40
27,52,43,28,42
28,21,67,50,35
29,68,8,9,24
30,21,59,30,1
31,23,55,30,36
32,6,44,64,19
33,28,61,30,3
34,67,21,40,34
