0
Grid:
70,70
..@..@@@................@@@@....@......@..@.....@@...@.@..@....@@.....
.@.@...@.@@..@.@......@..@.@@@..@@.......@..@.....@..........@.@@.@...
@@....@..@.@..@.......@......@..@.......@@.....@@..@.....@..@@........
@.........@@...@.@@..@@.......@.......@..@.@.......@..@...@....@......
......@@.@.@..........@.@.@...........@....@..@...@..@...@.@@........@
.....@...........@@........@........@@..@..@@..@...........@.@..@.....
..@.@.........@.................@.@@...@..@............@.....@....@@..
.@.........@.....@...@@..@.@........@.@..@.@...@...@.@........@@......
..@......@...@.@..@............@........@.@..@....@...@..@.@...@@.....
@........@...@.@..@.@...@@.@..@...@@@@.@..@...............@.@..@......
...@....@..............@@...@..@....@.......@........@................
.....@@..@....@......@..@@..@@......@..@......@@..........@......@@...
@.@..........@....@.@@..@..@.....@..@.....@@........@.....@..@....@...
...@.@..@...@@....@.@...@......@.......@..@........@...@...@.@@.......
........@.....@.....@..@@@.@@.................@.......@.....@@........
@...@@............@.@.....@@@@@.@..@@..@.....@.@....@...@.@@..@...@.@.
.@......@.@@.@....@.@.@.........@@@...@.@....@@....@....@.@@...@@....@
@...@.......@....@.@.@.....@@....@...@@...@...@.@@@..@..........@.@..@
.@..........@@....@@.....@.......@...@....@....@.@..@.@..@@.......@@.@
..@@..@.@...............@...........@......@......@.....@..@.@......@.
@..@.@@.....@.....@...@@.@..........@@...@.....@......@........@@@.@..
@...@.......@...@@....@.@.@.@...@...@.@.....@.@.@.@....@@......@...@@.
@...@.@.@.@@...@.@..@.........@@....................@...@@.....@.....@
@.@...@@......@.@......@.@.........@@@@....@..@.@@.....@.@..@..@......
..@....@.....@......@...@.......@...@....@@.@.@.....@.....@..@..@..@..
....@..@..@..@@...........@...........@.@.@......@...@.@......@...@@..
.........@@.........@@....@@...@@....@.@....@..@.@.@.@.....@.@.@.@....
..@@...@@.@@.@.@.@.....@.@@....@.@@......@@.....@...@..@..@@.@...@@...
@...@@....@.....@@.@......@........@...@@.........@@.......@.@@...@.@.
..@.......@............@@..@@..@...@@..@@..@.@..@..@.@..@@...@..@....@
.@...@..@................@@.@@.@..@@..............@..@.@...........@..
..@.@@.......@...@..@..@@@@@.......@.......@.@..@.@.....@.@.@.........
...@...........@..........@@.@....@.@..@...@@.@.....@.@@@@.....@....@.
.@.@.@..@..@@@.....@@...@@@...@...........@..@...@@..@..@......@@.@...
.@@....@.@....@....@..@@..@@.@..@..@........@.@...@...@.@@@...........
..........@.@..@...@.@..@..@.....@@.@.......@....@@...@@...@...@.@....
@.....@@.@.....@.@@@.......@.@...@.....@.....@..@...@@@.@.............
.........@...........@.....@..........@.....@..@.....@..@.@...@.@.....
....@..@..........@.@.@.....@.@@.@...@...@.......@.@@@.@.....@........
@.......@@@@.@...@@..@.......@@....@..@@....@@.@@.@@@......@....@..@..
.....@@...@.....@........@...@@.........@..@.....@........@...@.......
.@......@@@..@@...............@......@.....@.......@.........@........
.........@......@..................@..@..........@....@@....@.@.@..@.@
.@@...........@.@..................@.@@....@.....@.@..@.@.@.@.........
.@.@.....@.....@...@@.........@@...@@.@..@@...@..@....@@....@..@@@..@@
@@..@.@..@.........@@.....@.....@..........@.......@@...@@.....@..@@@.
...@...@.......@@@...@@@.@..@.@.....@......@...@.@.....@.......@.@....
@..@.@..@....@.......@@.@@............@...@....@.@......@......@..@..@
....@@...........@....@@...@....@.......@@..@..@....@.@.@.......@@.@..
.@.@@..@.@.@.......@@@..@.@......@@.@.@.........@@@@.....@@.@.....@.@@
..@.@....@..@.@.@........@...@..@@@.@....@..@....@.@@.......@...@.....
........@...........@..@.......@.@..@................@.@...@@....@....
.@....@.@...@...@.@...@..@..@.......@@.....@@.@.@@.@@....@.@@....@....
.@.@....@........@.......@..@..@.@.@@@.@.@..@.@@@.....@@..........@...
...@@.@.....@@@....@..@........@..@..@....@..@@...@.@..@@.........@...
@.....@....@..@@.@...@..............@.@.....@.@.@@.@.@...@...@@...@...
@@@....@@.@@.......@@..@..........@...@..@.....@.@......@..@.......@..
......@.@.....................@..@...@@@@......@@..@@....@...@..@@....
...@...@......@@.............@.....@..@........@@@.@.........@........
.....@..@.@..@...@......@..@....@.@..@@....@@@....@..@...@@..@....@...
...@....@.@...@..@..@........@@..@..........@.@...@....@@...@@..@.@@@.
@...@....@.....@.@..@@@.@.@.@@.....@..@...@....@.....@@@....@..@@.@...
.@..@@@.@...........@.....@..@...@.@..@...@@@@..@@..@.@....@@....@.@@@
.@.@..@@..@.......................@.........@.@.@.@...@@..@....@...@..
..@...@.@..@@..@@.@....@..........@.@..@.@@....@.@..@@..@@@...........
@@..........@.........@....@....@@.@.....@.@...@...@@@.@...........@.@
..@.......@...........@.@....@@....@.........@....@..@...@.....@.@@@@.
.....@@......@@...@......@.........@........@@@..@@..........@@..@...@
...........@............@...@...@..@...@.....@.@....@@....@....@@.@@.@
.@@...@....@......@.@@...@......@.....@............@....@.@@......@@..
Agents:
80
0,22,12,12,64
1,9,61,4,21
2,38,69,41,0
3,35,11,9,17
4,4,14,45,21
5,30,16,59,22
6,58,4,40,67
7,23,5,44,13
8,69,39,60,54
9,28,67,21,53
10,59,67,61,5
11,42,37,69,34
12,33,18,62,14
13,8,22,8,32
14,41,59,26,33
15,58,63,20,59
16,16,15,43,22
17,38,60,7,19
18,27,46,53,65
19,55,2,55,23
20,59,52,58,67
21,64,38,1,56
22,1,52,69,55
23,53,42,68,56
24,27,12,38,9
25,18,0,22,46
26,36,16,58,11
27,57,31,3,4
28,6,7,56,18
29,65,30,35,48
30,58,53,43,3
31,1,37,48,29
32,39,12,55,52
33,12,40,29,47
34,48,51,46,42
35,24,56,30,15
36,55,54,57,42
37,21,59,62,22
38,5,29,13,9
39,69,46,7,6
40,3,65,58,54
41,40,47,26,4
42,28,60,40,26
43,49,46,10,38
44,42,26,53,11
45,35,17,41,45
46,50,15,25,25
47,2,15,56,45
48,22,55,55,27
49,62,0,63,0
50,45,22,47,35
51,17,18,17,18
52,55,42,67,40
53,4,49,19,64
54,42,34,18,65
55,13,29,58,62
56,19,4,24,27
57,26,54,37,43
58,46,66,48,69
59,63,64,39,2
60,19,17,28,67
61,61,43,22,44
62,67,4,38,27
63,41,62,10,52
64,13,1,45,16
65,51,28,67,38
66,42,36,48,59
67,53,14,65,4
68,57,16,51,34
69,45,3,46,12
70,17,32,29,59
71,42,59,14,10
72,49,10,23,29
73,19,31,54,39
74,24,25,37,24
75,61,67,53,50
76,18,59,66,60
77,57,26,45,15
78,61,7,7,3
79,8,67,58,0
