2
Grid:
70,70
..@@..@.............@..@@@.@................@....@@.@.......@......@.@
...@..@......@@@@...........................@.....@.@.......@....@..@.
.@.......@@...@.......@.......@.......@....@..@.@@@....@.......@....@.
@.....@.......@....@..@.....@..@@@.@....@.@....@....@..........@@.@...
@.@@@.....@....@@........@@@..@@......@.........................@..@..
.@.@..@@......@.....@@...@@.....@@.@.@...@.@.....@.....@..............
............@.@.@..@.....@.........@......@.....@.....@...@...@@@.....
.....@.......@.....@.@..@......@..@..@....@..@.@........@...........@.
....@.@..@....@.....@...@........@.......@...............@...@..@.@...
......@@....@.........@@.....@.@@@@@.@@@.............@..............@@
@..@.@...................@.@@.@....@...@.@.............@.....@..@.@...
..@...@.@......@...@@..@............@.@......@..........@....@..@@....
@...@..............@...@@.@...@......@..@@.......@......@@..@...@.@...
....@.......@@................@...@......@..@...@....@....@.....@...@.
....@@....@.@@..@@..@.@.....@...@.@@.@................................
....................@....@......@@............@..@.@..@..............@
@..........@..........@...@.@...@........@..........................@.
.............@@.........@....@.....@........@@.....@@....@...@..@.@...
...@@...@@@............@.........................@....@...@@....@@..@.
...@.@.................@...@..@.................@.....@.....@..@.@....
..@............@@@......@........@.@.............@.@...........@.@..@.
.@.....@..@@@@..@....@@..@........@.......@...@..............@.@@@.@..
@..@......@.@.@..@@....@...................................@.@........
@@.@......@.@............@..@.................@...........@@@...@...@.
........@.@@@......@..........@.@.@....@.......@.@.........@......@...
.........@...@.@..@...........@@........@.@..........@@@...@..........
.............................@.........@..@....@.@........@.@.........
.......@...@..@@@..@.........@....@....@........@@..@....@...........@
@.@.......@...@@...@.@..@..........@....@.......@....@....@@..........
@@@.....@..........@@....@@@....@..@.@@......@..........@.............
@...@.....@@@..@@...@@....@..@...@.@...@@....@...@...............@@...
.@..@@........@..@....@@....@.......@......@@.........@.@@.........@..
@.@.@@.@..@..@................@..@..@....@..@.....@.@....@@.@.........
...@.@@.....@....@...@.@@..........@..........@....@..................
@......@@@@....@@...@....@..@....@.....@@@...@@....@.......@..........
...@.@...............@.....@.........@...@.@.....@.....@.@.........@@.
.@......@.@.....@......@.@.....@.....@............@@..@........@..@@@.
.@..@........@....@@............@.....@................@...@.@...@.@..
@..@@.@..@.....@.....@....@....@..........@....@.@.........@..........
.....@...@........@@.@..@@@@...@........@@@@..........@.@@...........@
......@.@.@.@@...@......@......@.........@..@..@.@.@.@.@........@.....
@....@....@...........@...........@..........@...@.@..@.@..@....@.....
......@@.@....@..@.............@..........@........@..@.....@@.@..@..@
.....@.@...@.............@@.....@..@.@..@....@@@......@@.........@....
.....@.@@...........@@.@..........@...@.@..@.@..@..@@.......@.......@.
@..@.@.@..@.........@....@.@.@.@.@.@..@.............@.@.......@.......
.....@.@@...@.@...............@@.@@...@.....@......@..@.....@.@.......
@.@.........................@.@........@.....@...@....@@.......@......
..@..@.@................@.....@....@..@@......@.@.@.....@.@.....@....@
..@....@....@.....@..@.@.@@....@@..@@@.@@.....@......@........@.......
.....@................@@@....@......@.......@..@@...@@...@..@.........
.............@..@@@.......@@..@.@....@@.....@........@..@..@...@@.@...
......@.@...@@.@...@....@.......@.@.@.....@.......@.....@@........@@..
........@@.....@@...@..@.@.........@.....@.@.........@@...............
......@........@..........@@.@..@.....@...........@..........@...@.@@@
@..@.@..@@...@......@@..@.....@.........@@....@.............@.@.@..@..
@@@........@@..@....@...@..@.@....@....@@.@........@@..@@.@@...@....@.
..............@.@............@.@....@.......@.@...@......@...@...@....
.......@.....@.....@.....@.....@.@...@@....@@...@.....@....@..@.@.....
.............@.........@...@....@.......@..@@......@@..@...@..........
..@@@..............@..@@@@.....@@......@....................@.........
.@.@..@.............@........@@@.@......@..@....@@..@...@....@....@...
..@..@......@......@.....................@.@.@...@..@..@..@....@.@...@
.......@..@..........@....@.......@..@........@@..@@@@.@......@.......
@....@...@@....@.@......@......@.......@..@..@...@@.............@.@...
@@...@...@.@............@..@@..................@...........@.@...@....
.@......@.....@.....................@...............@@............@...
.@@...@...@@.@@..@....@......@@.@@.....@@....@.........@........@..@.@
...@.@........@@...@@.@..@.......@....@@.@@....@..@..@.....@..@.......
....@@........@....@..@.@...@...@............@.......@.........@......
Agents:
35
0,29,39,68,67
1,29,33,5,12
2,55,11,21,54
3,51,14,49,16
4,8,26,34,56
5,29,49,16,45
6,9,1,33,7
7,62,18,33,27
8,52,3,25,38
9,3,54,36,7
10,45,15,15,38
11,1,45,65,21
12,54,7,33,65
13,69,68,43,27
14,3,49,59,36
15,65,4,8,13
16,56,33,62,54
17,22,16,25,19
18,36,36,11,28
19,66,54,18,35
20,26,37,6,4
21,58,15,59,62
22,50,51,37,14
23,8,25,68,48
24,66,35,2,47
25,12,32,14,2
26,41,21,35,54
27,50,68,57,58
28,63,43,0,21
29,56,43,57,18
30,5,57,26,57
31,32,18,36,48
32,61,35,14,63
33,37,36,1,41
34,19,17,14,41
