0
Grid:
60,60
............................................................
............................................................
............................................................
............................................................
............................................................
............................................................
............................................................
............................................................
............................................................
............................................................
............................................................
............................................................
............................................................
............................................................
............................................................
............................................................
............................................................
............................................................
............................................................
............................................................
............................................................
............................................................
............................................................
............................................................
............................................................
............................................................
............................................................
............................................................
............................................................
............................................................
............................................................
............................................................
............................................................
............................................................
............................................................
............................................................
............................................................
............................................................
............................................................
............................................................
............................................................
............................................................
............................................................
............................................................
............................................................
............................................................
............................................................
............................................................
............................................................
............................................................
............................................................
............................................................
............................................................
............................................................
............................................................
............................................................
............................................................
............................................................
............................................................
............................................................
Agents:
40
0,14,7,29,26
1,58,5,51,48
2,18,14,53,24
3,7,21,42,12
4,25,59,41,41
5,35,37,2,27
6,8,15,17,50
7,43,39,4,6
8,29,37,39,58
9,36,44,44,39
10,15,3,34,24
11,26,25,3,15
12,15,48,4,33
13,44,59,7,51
14,52,13,25,59
15,50,16,39,43
16,10,24,14,30
17,53,39,29,55
18,15,33,55,1
19,40,8,32,5
20,58,41,21,27
21,7,6,16,45
22,57,40,57,22
23,53,4,3,28
24,56,39,42,59
25,47,14,43,38
26,15,53,45,23
27,18,10,28,17
28,41,33,12,20
29,49,29,33,0
30,29,8,19,45
31,28,11,56,13
32,9,19,39,56
33,26,43,45,40
34,22,3,10,46
35,24,55,17,28
36,57,27,3,35
37,46,34,27,46
38,55,19,56,51
39,28,35,31,57
