0
Grid:
70,70
......@..................@@@.......@...@..........@..............@....
..@.@.........................@......@....@....@...............@......
.@..@......@...................@.........@...................@........
...@..@@......................@......@................................
.@.@...........@........@...........................@.........@...@...
.......@...........@......................................@...........
..........@.....@...@........@.@..................@.....@.....@.......
..........................@........@..................................
..@..........@.....@@.........................@....@..................
...@.....@.@..@........@..................@.....@....@......@.........
....@...........@...........@..........@..........@..@.........@......
..................@......@........@.........@.............@@........@.
....................@...@..@...........@@.......................@.@...
............................@@...@.........@.@.............@@.........
..@........................................@......@.............@.....
.@....@...@..@......@....@.........@.............@........@......@....
..@..@...............@.............@@.....@@........@..@............@.
......@..................@......@.....................@......@...@....
.....@..................@....@...@.@.........@...........@@......@@@..
..@..................................@..@........@.@....@.......@.@...
...................@...............@....@.@....................@......
...@@.......@...........@.............................@......@@.@@....
.....@...................@...........@...@........................@...
.@..@....................@.........@......@......@....@.............@.
............@...........@................@@...@......@@......@.@......
....@......@.@......@..............@........@.@@@...@.......@.........
......@.....................@.....@.............@...................@.
.@........@.@@.........@................@.......@..@..................
....@..@................@....@.@....................@......@........@@
@.@..........@@......................@......@.@@...........@..........
........@...@..@...@............................@......@....@.........
..........@......@...............@......................@.......@.....
...@...@.@..........@...................@..............@....@.....@...
......@..................................@..@.@...........@@...@@....@
..@@.........@....@....@@..@..@..........@..@@........................
..@@.....................................@...@......@.@..@............
.................@....................@......@....@@..................
............@...............@.....@.@........@.............@.....@@...
.@...............@...@...................@....@..................@....
@........@..........@.................@.........@.......@....@..@.....
........@..@....@.......@.....@@........@@...@........@..........@....
......@..@.....@.....@...@........@...@................@..............
......................@.....@............@............................
.......@.......@@......@..........@.......@...@.......................
........@.........@@....@..@..........................................
..@....@..............@..........@..............@@......@.............
@@.....................@@...........@.@....@...@...@.@.............@..
.....@........@.......@...........@......@.......@...........@.@......
@.......................@.............................................
@................................@.....@.......@@.......@.....@....@..
.....@...........@......................@...............@............@
........@......................@.....@............@..........@........
...............@....@@........@...........@..............@............
...........@..@......@...@..@........@@..@....@.@..@..................
...............@...............@...@@.................................
.@............@.......@..................@......@.........@..@........
........................................@..........@............@..@..
...@.........................@..........@...............@.............
........@.@........@......@...@.....@..........@.......@.............@
.......@.@.......@.........@...@......................................
.....@.....@...................@.@........@...................@.......
......@......@...@...................@................@........@@.@...
...@...............................@..@....@.................@@.....@.
.@.....................@.....@..@...@...@@..........@................@
....@..................@@....@..@..............@......@.....@....@....
....@.....@.........@..............................@...@@......@......
..@..@....................................@..................@......@.
.@.....@.........@.........@......@..@...........@..............@...@.
@............................@......................@.............@...
@..@.....@...@@.....@.................................................
Agents:
85
0,40,35,8,28
1,46,61,8,55
2,44,36,31,36
3,7,43,6,36
4,34,17,60,37
5,20,9,27,46
6,16,49,67,13
7,49,38,44,39
8,49,25,22,6
9,66,50,40,32
10,47,0,24,21
11,47,54,52,56
12,10,52,33,8
13,25,55,34,16
14,32,54,4,30
15,27,59,40,7
16,34,35,56,9
17,30,11,47,58
18,58,29,67,25
19,46,50,41,39
20,65,30,54,59
21,11,46,4,0
22,0,14,46,6
23,38,27,18,2
24,42,45,1,32
25,14,59,33,28
26,45,44,18,52
27,33,7,28,22
28,53,49,46,37
29,51,3,41,28
30,21,60,33,20
31,4,13,14,14
32,39,12,52,38
33,11,17,51,59
34,7,9,43,33
35,37,49,10,18
36,41,48,1,5
37,54,17,57,23
38,16,0,21,47
39,40,51,54,6
40,59,55,59,66
41,47,4,1,54
42,50,9,31,40
43,44,11,7,47
44,68,61,15,61
45,42,56,65,26
46,19,53,38,60
47,33,66,6,3
48,51,36,56,14
49,6,54,36,56
50,36,4,26,25
51,64,37,8,37
52,32,39,21,9
53,14,29,9,55
54,23,9,39,47
55,7,34,53,59
56,32,1,4,17
57,42,66,4,7
58,10,45,47,29
59,40,20,52,0
60,5,67,29,53
61,68,32,5,55
62,11,11,54,52
63,18,48,68,27
64,62,23,32,13
65,49,63,7,52
66,37,46,46,12
67,15,7,14,54
68,29,38,14,36
69,6,13,30,18
70,33,9,29,11
71,45,23,17,20
72,67,31,65,12
73,23,55,51,32
74,26,30,7,44
75,13,16,18,18
76,38,56,22,32
77,21,35,50,18
78,36,0,34,43
79,30,14,39,27
80,67,55,61,65
81,56,35,52,39
82,4,63,45,51
83,13,62,26,18
84,34,58,64,14
