2
Grid:
70,70
.....@..@...........@@.....@...........................@...@.@.......@
.........@........@........@............@..@..........@...............
......@.....@..@................@....................@................
@...@@.................@......@....@..................................
.......@.@..@..@@...............@@................@.....@...........@.
................@..........@.............@@.....@......@............@.
.....@.......@..........@@...............@......@.....@...@...........
.................................@................@........@......@...
@.....@........................@.......................@..@..@........
............................@..............@@..@......@..........@....
...................@......@.......@............@.@....@...............
@.........@..@..@.............@.............@...@..........@@..@...@..
..............@..........@@............@@@........................@...
......@....................................................@..@.....@.
....................@.....@.@......@....@........@......@.............
...........@.......@.@.................@........@.@.........@....@....
..........@...............@..........@........@@...................@..
.@.......@....@...@......@.@@.................@.......................
..............@.....@..................................@...@......@...
........@....@....@..............................@.@.......@.@........
.......@..@............@.........@..........@..........@..............
...........@.......@...................@.@@.@@.@..............@.......
...............@...@.@.......@......................................@.
.......@..............................@.@.@.........@......@..........
.............@@@....@@....@@.........@............@......@..@.........
@...........@...........@...@............@..........@@...........@..@@
........@...........@......@......@............................@@@....
@.@................@......@..............................@@...........
@......@...@.......@...........@...@..@........................@.@....
.@@..........@......@..................@........@@....................
..@...@...........................@..................@@....@....@...@.
.........@...@.........@...@.........@.@......@.............@...@.....
....@...................................@........@......@............@
.......@........@............@.......@........@..................@..@.
@@...@....@..............@...@....@..@.@...@...........@..@.........@@
@.@..............@............@........@.......@..@................@..
..................@.....@@.....@.......@....@@.@@............@........
........@.....@...........@..@@.....................@.................
..................@...@..@.................@..........................
...@@.............@.....@........@@..............@......@......@......
.........@........@......@......................@......@..............
...@..................................@.......@........@.....@........
@...@....................................@...............@......@.....
.@..@@.@@........@.........@..@........@......@....@@.@.......@....@..
.....@....@....@@........@@...........................................
.......................@...........@..............@..@@..........@....
.@@................@..........@....@..@...................@.........@.
.....@..@....@................@.........................@..........@..
...................@...@.....@............@@.............@.......@....
....................@..@......@...........@.@...........@...@@@...@...
....................................@.@...............................
....@.@..@......................@......................@..............
..@................................@...@.......@@..@..................
........................@........@.......@......@.@....@..@.........@.
..............@.........@.....................@...............@.......
........................................@......@..@@@.......@.........
....@......@....@....@......@...................@..@........@......@..
.....@.........@....@.@...@.@..............................@..........
.........@.@............................@....@.......@..@.............
..@......@.@.........@................@........@.................@....
@.@....@......@@.@.....................@............@.....@..@..@.....
......@...........@......@....................................@....@..
.....................@.@..............@.....@.....@..@................
...................@....@............................@................
.............@.....................@@...........................@.....
@.................@.@........................@........................
...@..........@...........@.........@.@....@....@.@@..................
@@.@.@.......@.@......@..................................@............
.@.@................................@......@.....................@@...
..@....@.........@.......@..@..............@.....@...@....@...........
Agents:
60
0,20,66,10,15
1,57,35,46,5
2,58,12,26,1
3,13,49,12,55
4,4,49,23,27
5,35,55,25,36
6,45,27,69,42
7,29,43,17,35
8,18,16,45,58
9,13,7,46,36
10,64,27,37,67
11,34,64,13,4
12,54,0,65,10
13,9,10,17,8
14,65,31,48,16
15,49,69,46,52
16,39,66,30,29
17,4,66,65,39
18,12,57,43,47
19,65,1,2,46
20,0,2,1,6
21,9,62,66,44
22,36,67,67,46
23,29,40,31,35
24,21,50,52,22
25,21,24,14,25
26,54,45,69,14
27,9,55,35,34
28,14,9,14,8
29,64,34,1,35
30,46,18,60,50
31,36,14,4,27
32,4,22,31,45
33,12,17,12,13
34,65,2,26,44
35,62,62,63,15
36,27,11,41,21
37,11,41,27,66
38,28,57,18,56
39,40,38,5,19
40,58,14,48,11
41,9,25,36,57
42,14,63,16,28
43,57,18,19,33
44,52,3,52,29
45,62,31,57,68
46,25,51,69,12
47,36,65,20,5
48,14,7,19,3
49,62,7,12,7
50,28,4,5,69
51,55,19,1,37
52,31,62,28,48
53,18,67,8,51
54,44,42,49,54
55,51,7,29,45
56,63,7,61,60
57,30,21,60,23
58,35,63,25,66
59,34,61,32,41
