0
Grid:
70,70
.....@..@@.....@...........@...@.@...@...................@............
..........@.......@...................@............@.@@.....@......@..
.@.................@@.....@..................................@........
....................@............@...........................@.@.....@
.@@.@..@...@..............................@..@....................@...
........@.....................................@@....@.......@@..@.....
........................................@...@.........................
.........@...............@.@...@.............@....@...................
.....@.....................................@.....@.....@..............
...@......................@.................@.........@.....@@........
.@.@..@....@.........@...@....@.....@.@.......@@.@....@...............
...................@........................@....@.@....@.........@...
@..........@...@.............@.....@..........................@@......
.....@..@.........@....@........@@.......@......................@.....
......@.@..@............@.....@.....@.@...............................
@..@................@.........................................@.......
......................................@...........@......@....@....@..
.......@.....@.....@...........@..............@@.....@@..@............
.......@.....@.......@.........@.....................@.@....@........@
...@.@........@..@........................@.......@.@........@.@......
.........................@.....................@..@......@............
.@...........@..@...........@..@.........@......@.@.@.................
.......@...@.@......@.................................................
@....................@..........@..@.......@.....@..@.................
@...........@........@............@..........@.@@.....................
.......@.............................@.@.@......@...............@.....
........................................@............@.....@..........
................@....@..@........@......@......@@............@........
.......@......@.............@.........@....@..........................
......@........@.................@..@...@...........@.@....@...@...@.@
....@...@....@..@.....@..@...............@.........@..................
....@...@......@.............................@.................@......
.@.@@...@....@..@............@.............................@......@...
..@...................@.............@.@@..........@.............@.....
.@...................@.......@.........@....@.................@....@@.
......................@.....@.....@.........@@........................
...............@..........@@.@...............@.........@...@..........
.@.......@......@......@....@................................@........
................@..................@....@...........@.........@@......
....@................@...@...@......................@................@
.........@.@.................@..@@..@@..@........@....@...............
.........@..........................@.....@.....@@..@.........@.......
.........@.@.@...@..................@.@...@....@.....@.......@........
......@.@........@...@..@......@...@..........@.........@..@..........
.@..@.......................@........@.....@..@....@..@...............
......@...@..@....@...@....@.........@.........@......@@..............
....................@...........@........@............................
.@......@..................@..@..........@........@.......@...........
....@..................@........@......................@...........@..
..........@...............@...........@..@.........@.....@............
........@..@..................@..........@...................@......@.
........@......................@.............@.............@@.......@.
...............@@.....@..@.....@@.....@..@......................@..@..
.............@...........@.........@.@..........@..................@..
.........@......@.@....@...........@..@....@.....@....@........@..@...
@.........@.......@................@.@.......@.......@.@...@.@........
..@...................@...@..........@..@....@..@..................@@.
.................@....@@........@..........@.........@............@...
..@...@...@..@.@...................@.............@............@.....@.
....@.................@.......................@...@...@....@@@........
......@...@.@.......@............................@.@@..@@.............
...........@.................@.......@...@.@@..................@......
.......................................@@...@...@.....@..@............
.@...@.....................@.....@...............................@@@@.
......@.@.......@.....................@..@........@...@.............@.
.......@................@.........@......................@............
@..............@........@..@........@..@.............@................
..................@..........@....@....@...@................@...@.....
...........@......@..............@.........@..............@......@....
......................................@.............@................@
Agents:
65
0,11,69,33,54
1,67,10,54,28
2,57,9,46,5
3,53,52,55,46
4,49,39,19,28
5,48,27,3,40
6,3,37,40,6
7,7,3,1,28
8,14,2,2,62
9,30,47,28,27
10,1,37,13,24
11,40,19,53,54
12,28,57,25,27
13,40,53,52,1
14,31,9,51,38
15,58,47,26,5
16,48,60,13,57
17,69,18,6,37
18,58,33,52,23
19,14,19,38,50
20,23,33,68,22
21,11,63,47,64
22,36,13,1,0
23,64,9,40,10
24,38,19,25,1
25,9,19,49,37
26,38,34,16,49
27,69,12,47,45
28,10,61,45,49
29,56,20,45,9
30,5,54,54,61
31,10,29,63,29
32,25,27,55,16
33,54,65,9,42
34,13,66,6,25
35,32,51,45,25
36,7,59,16,1
37,1,15,69,32
38,6,29,37,38
39,40,39,8,39
40,38,28,19,21
41,21,34,27,22
42,18,46,64,9
43,22,23,55,12
44,28,27,0,69
45,53,6,41,30
46,58,23,28,9
47,27,68,17,8
48,66,41,2,24
49,56,27,39,17
50,4,32,49,61
51,26,10,9,51
52,11,65,43,63
53,55,27,25,54
54,31,53,62,60
55,13,40,67,65
56,61,66,57,29
57,6,19,43,43
58,46,36,51,44
59,43,9,41,37
60,18,11,64,62
61,48,50,19,15
62,6,64,45,36
63,27,52,5,24
64,26,68,24,60
