2
Grid:
30,30
..............................
..............................
..............................
..............................
..............................
..............................
..............................
..............................
..............................
..............................
..............................
..............................
..............................
..............................
..............................
..............................
..............................
..............................
..............................
..............................
..............................
..............................
..............................
..............................
..............................
..............................
..............................
..............................
..............................
..............................
Agents:
16
0,10,24,14,14
1,22,25,11,15
2,10,19,13,15
3,3,7,26,19
4,25,18,16,28
5,2,14,11,11
6,5,15,18,6
7,22,21,25,19
8,5,10,26,3
9,23,4,21,28
10,11,21,3,11
11,23,11,8,12
12,24,0,12,13
13,6,11,0,11
14,5,20,19,9
15,9,19,6,15
