2
Grid:
70,70
........@..@...@....@.@@.....@........@...@...@@...@.@..@...@@........
@..@..@.@.@.@..@@@.......@.@...@...@.@..@.@.....@..@.....@.@..@...@..@
@@.@......@..................@.....@....@@.@..........@...@@......@...
.......@@..@..@.....@......@..@........@...............@.....@@...@...
..@@.@..@..@.@..@@........@.@@...@....@......@..@@...@@.....@.@@...@@.
@@......@..@.......@@@.....@....@.@.......@@..@........@...@..@......@
......@..........@......@..@@@...@@.@.@@@........@......@....@@@@..@.@
@.....@.@@....@..@.............@........@...@...@...........@.....@...
.@.......@@......@...@........@....@.....@...........@............@...
@.@.@............@..@@......@@.@...@.....@..............@@......@@.@..
..@@.@@..@........@.@.@..@..........@...@...........@...@@.......@@@.@
@.@....@.@..@..@..@...@.@.@......@...@.@@..@@...@.@.....@@.@......@...
.@......@...........@........@..@.........@....................@.@....
....@.................@........@.......@...........................@..
.@....@..@..@......@....@............@@....@..........@@..@........@..
...........@.....@.....@..@....@.....@......@......@.@.....@..........
..@......@...@@.............@.........................@@......@.......
..................@...@@@.@.........@.@...............@..@...........@
.@....@@.....@........@.......@.....@...@@........................@@..
........@.....@...@@.@...@.@.@@.....@...@.....@.@.......@.........@...
@..@.......@....@@......@@.....@.@......@...@@.......@.@......@....@..
................@.......@...@@........@..................@@...@...@..@
...........@@@.....@...............@........@@...@.....@..@....@@....@
...@...@@..@..@....@....@....@.@.@@.......@.......@....@@..@@@.@..@...
.......@@................@.@@.@@.......@.@..@@..@...@..@.....@....@...
.................@@...@...@.@.@........@.@@..@..@........@...........@
.@..@.....@@........@......@........................@..@..............
@.@.@......@@....@.......@...@.@.........@.@......@......@@.........@.
@.@...........@..@.@.@........@..@.@.@@..@@...@...@@@@.@............@.
@...@......@.@.@..............@........@.............................@
...@.@@..@...@..@...@........@..@@@.@..@..@..............@.@.@........
...@.....@.....@.@....@...............@.@@.........@.@@.....@..@......
..@..@...........@.@.@@@@@...@....@....@.@@...........@.........@.....
@@.........@........@.@.......@@.@@.......@..@@@@.@.@@.....@..........
....@...@...@@........@..@...................@@@....@@.@.....@........
.@......@..@@@..@........@..............@..........@.......@.....@.@..
....@.@.@@..@...........@.....@........@..@.@.....@..@............@.@@
..@@........@..............@.....@.............@....@.....@.....@@.@..
.........@....@......@...@..@.@..@....@@.....@......@..........@.@..@@
................@@..@..@.@.......@.@.@................................
.@............@......@...@....................@....@.@...@.......@....
......@........@...@.......@........@.........@..@..@.................
..........@...@.............@..@......@@@.....@....@@....@..@...@...@.
.@.@......@...........@.@.........@..@.........@....................@.
.......@.....@.@@..@..@...@..@.@.......@....@.@.....@...@....@.@......
......@.@.@......@...........@........................................
...@@..@.............@..@@..@.....@...@.@....@.@.......@......@@..@..@
.......@................@...@@..............@...@.@@.@....@.@.@.@...@@
..............@@................@@@.........@..@..........@..@......@.
....@..@.@@@..@...@.......@.@.....@...@..@.....@.@...@@.@..@....@..@..
....@..@.........@@@.@..@.@..@....@@...@....@..@...@....@..@....@.@...
..@.@...........@.@.........@.@.@.....@...............@.@..@.@....@...
.@....@.......@...@.@.@@..@..@....@..@..@........@....@.@....@@.......
@..............@.@@.........@...........@@@...........@...@@..........
..@@.@.@.......@.@@.....@..@..@@....@.........@@@@..@.....@...........
....@.@..@.....@..........@..@@..........@...@....@....@........@@@...
..@@.@@................@...@..........@...@@.@.@@...@.....@@....@...@.
....@...@@..@.....@.@@@..@..@....@@...@..@...@....@@..@...@.@.........
.@...@...@.......@@@.........@.@...@....@@.........@@......@..@.....@.
..@....@....@.......@........@...@@..............@.@............@.@.@.
.....@@.@@.@.@@.....@@................@..@.@.......@@@............@...
@......@..@@...@............@@............@...........@...@.....@.@...
@@..................@.....@.......@........@..@..@......@.@.@.....@...
@...@....@......@..........@....................@..@..@....@.@..@.....
@.......@.@.@@.@@.@...@.@@@...@...........@....@..............@@@.....
@....@...@.@..@...@.....@....@@......@@....@..@@@@.@@......@..@....@..
@@...............@...@@.@..@@..@@.......@@...@...@..@...@...@.........
.@....@.......@....@......@@.@......@.....@....@.@.....@..............
...............@......@.....@@@...@.......@...@.........@@...@..@.....
...@....@...@................@..........@..........@@.@.@.@...........
Agents:
80
0,69,27,26,61
1,65,2,13,36
2,13,14,43,28
3,54,55,45,58
4,36,62,60,29
5,19,55,11,3
6,63,65,33,24
7,54,45,48,0
8,18,17,50,8
9,31,31,31,45
10,36,34,22,30
11,2,42,8,38
12,20,65,28,16
13,68,63,25,59
14,62,31,35,19
15,34,41,68,51
16,2,22,17,48
17,64,35,65,61
18,22,24,16,5
19,68,38,33,26
20,3,33,57,30
21,36,67,36,67
22,6,68,47,66
23,62,10,29,10
24,9,48,64,32
25,47,20,5,25
26,53,4,68,7
27,35,41,58,48
28,7,42,15,3
29,0,58,0,58
30,21,21,9,45
31,26,28,67,57
32,42,11,22,0
33,64,53,30,50
34,65,7,13,0
35,32,67,44,42
36,5,22,22,20
37,59,0,66,26
38,1,52,6,45
39,0,57,1,58
40,39,60,35,22
41,0,50,58,22
42,16,25,3,21
43,11,14,49,31
44,41,47,10,34
45,25,50,29,7
46,53,34,45,28
47,19,50,66,35
48,59,14,32,60
49,68,12,20,9
50,52,7,41,63
51,40,18,68,13
52,36,36,4,58
53,50,60,46,61
54,42,4,57,14
55,29,16,10,53
56,27,61,66,44
57,51,11,33,3
58,44,20,66,53
59,36,65,0,13
60,2,36,2,47
61,62,24,17,68
62,62,57,42,61
63,68,9,30,45
64,55,20,64,14
65,48,45,33,5
66,63,2,52,45
67,67,34,8,6
68,8,11,3,5
69,43,39,63,3
70,43,12,51,24
71,20,42,27,20
72,57,7,43,51
73,51,40,25,15
74,33,55,58,7
75,68,17,55,49
76,11,65,14,5
77,15,50,68,67
78,21,8,23,16
79,38,51,30,48
