2
Grid:
70,70
..@...@........@...................@@.@@@..@.@..@.@@.@.......@........
@.@.@...@@.@@@.@.......@@.@..@.@.@...@.@........@..@......@...@.......
@@..@..@@.@@...@....@...@....@.@..@.@....@......@...@@..@@@@........@.
@..@..@.@...@@.@..........@@...@..............................@...@...
@......@..@.....@......@....@...@...@...@...@..@.@....@...@...@@@.@..@
....@.........@.@...@......@@.@...@....@.@....@.......@.@.@.....@.....
.......@..@@@.@@......@.@@.............@...@.@.@.@..@......@..@.@@....
..@....@.........@..@...@....@..@.@.......@...@..@@@.....@.@....@.....
.@................@..@@.@..@..@...@.@.....@@....@.@@...@......@@..@.@.
...@.@@...@.@...@@.@@@..@.@....@..@..................@@..@...@........
.........@.@.....@............@....................@....@...@..@.....@
.@.......@...........@....@@....@..@...@@......@.........@.@...@......
....@.@@.@....@.@@@......@@.@.......@.@.....@..@@....@.....@@.....@...
.@.@@..............@@..@.@..@...@..........@.@......@.@...........@...
...@..@.@.@.@........@.......@@@........@.........@...@.....@.......@@
.@..@..............@@@...@..@.@...@...@...@..@............@.@@.@....@@
@..@.@......@..@..@..@.@.....@..@...@...@...@@........@.....@...@@@...
....@...@...@.@@.@..@@.@.@....@......@.@.........@..@@@..........@...@
.@........@@.@@........@.....@.....@.@..@.@...@..@..@......@......@...
....@.@............@..@..@.....@..@.@@@..@............@.@.....@@.@@.@.
.@.......@..@.......@@....@@.@.@......@..@..@.............@@.@.....@..
..@....@.@...@.@..@...@@..@@....@.....................@...............
.@..@......@.@@...@@...@@.@.@...@..@.......@....@..@.@@..@...@..@...@.
...@....@@..@..@.@..............@............@.@@@.@..@..@..@@@..@..@@
.@....@@.@@..@....@@.@.@........@....@....@@....@.@@@...@....@.@@...@@
.@.@..@..@..@..............@@................@@......@...@.......@.@.@
@...@@@..@@...@.@.@......@....@....@@@...@......@@.@.....@.@.@.@@@@@..
.....@...@.....@...@@........@.@....@@@..@.@.........@.@....@..@.@..@@
...@..@....@...@.........@.@..@@....@@..@......@....@........@..@...@.
.@.@.@.@@@....@..@...@@.@......@@.@.....@.@.@@..@...@@..@@.......@.@..
...@@..@@...@@..@..@.....@..@.....@....@@...@..@.......@...........@@.
....@.@...........@...........@@.@@@.........@...........@..@......@..
.@.@.@..@@@....@..@.@.@.@..@....@.@...@............@......@..@.@..@.@.
..@@.@........@@.@....@@....@.@..........@.@...@@@...@@...............
@....@....@..@...@@@@@.@..@@....@.....@........@@.....@.@.....@@......
......@..@..@@..............@@..@@@.@...@...@......@....@..@@.........
.....@..@.@@..@.@......@..@..@..@..@@@....@.@@........@.@........@..@.
.@@.@.@@..@...@.........@...@.....@.@@.....@....@.....@@@..@.......@..
@.@....@@........@.@@@..@............@..@.@....@.@.....@...@.....@....
...@....@....@.....@@@.@..@...@...@.@..@@..@.....@.@..@.....@.......@@
@..............@.......@@..@........@........@........@.....@..@.....@
@....@......@@..@..@@@@...........................@..@..@...@.@@@.@...
.@@....@...............@.........@..@.@.@..@...@....@@.@.@.@.@@..@..@.
@@..@.@@@@...@..@........@.@@@..........@.......@.@..@@@.....@@.@@@.@.
..@.....@@.@...@..@...@.@......@.@....@..@..@....@.....@@..@..........
@@@..@......@@...@.@..........@......@..@..@.....@.......@..@..@....@.
@.@........@@.....@@...@@.@.......@......@...@@@...@.....@@.@....@.@@.
..@@....@....@.@....@...@.......@..@....@..@.@.......@@@.@......@..@..
....@@.@...@@......@@...@.@..@..@..@.@@....@.@...@@@..@......@@@....@.
.......@...@..............@@@............@..@@..@........@....@...@.@.
..@.@.....@.........@........@..@@.....@@.....@@...@.......@@........@
.@..@.@@......@....@...@..........@..........@@@.@...@........@....@@.
...@..@...@@.@@...@.@...@.....@.........@@....@........@....@..@....@.
.@............@.@....@..@...@@.@...@.....@@..@.....@@.@@@.@@@.........
...@........@..@@....@.@.@@@.........@.@.@..@....@.@.......@.@.@@.....
..@@.....@@.@....@@...@.@.....@...@....@...@...@@..@....@..@..@@.@...@
.@...@@.@...@.@...@...@.@.@..@..@.....@...........@......@....@.......
.......@.........@......@@....@..@..@..@...........@@.@.....@..@@@....
........@@.....@@...@@..@..@.@.@..@.@..@........@@...@.@....@....@@...
.@..@.@...@..........@@...@...@...@..@.....@.@.....@............@.....
@......@.......................@@..@....@.@.@...@.......@.......@.....
..........@.@...@.....@....@@.@...@@@.@.@.....@........@...@@...@.....
........@...@.@....@........@.....@.@@...@..@...@....@.@............@.
.@...@....@.@......@..@....@....@......@..@..@.....@...@.@....@.@..@.@
...@..@@@@.......@......@......@...@@.@..@@@........@.........@.......
.@@..........@.@@@.....@..@...@...@...@............@.....@.......@....
...@.....@@.@@........@@.@................@..@....@..@..@@...@...@....
@..@.@.......@...@@...@.........@@..@.........@....@.@....@.@........@
@.....@.@.@@........@..@.@.@@@.@..........@..@.@.@.@..............@...
@.......@@..........@.@..@....@...@@...@.........@.@.@.@..@.@@........
Agents:
60
0,16,62,26,23
1,45,64,1,28
2,10,64,10,66
3,10,18,27,22
4,67,21,29,0
5,9,39,50,42
6,57,40,40,35
7,16,39,52,51
8,49,67,38,56
9,18,28,64,59
10,32,23,22,39
11,26,17,10,28
12,43,57,52,19
13,9,36,50,67
14,22,65,53,69
15,67,6,53,20
16,67,2,28,12
17,29,33,50,44
18,38,60,36,3
19,59,35,67,44
20,54,9,50,36
21,31,56,28,22
22,38,63,63,60
23,47,62,30,17
24,47,21,47,65
25,30,21,63,43
26,42,18,57,22
27,28,20,11,3
28,0,5,59,14
29,29,55,6,4
30,37,45,18,26
31,15,8,7,48
32,51,13,32,19
33,55,50,44,35
34,44,50,8,35
35,60,3,23,66
36,25,37,17,33
37,56,16,11,65
38,30,35,15,57
39,33,1,28,62
40,6,40,57,68
41,49,24,12,49
42,68,55,40,5
43,46,38,52,35
44,68,38,55,15
45,35,61,6,31
46,30,66,5,12
47,50,62,57,3
48,69,44,68,1
49,12,1,18,15
50,12,63,44,69
51,55,44,56,34
52,34,31,9,48
53,24,55,10,61
54,4,39,41,26
55,60,17,38,12
56,17,61,60,55
57,66,29,40,4
58,35,14,5,23
59,67,28,3,57
