1
Grid:
70,70
.@.@......@.@@.....@.@..@.@@........@...............@.....@.@@..@.....
..........................@.@..@.@....@@.....................@@..@....
.............@..@...@...........................@......@....@...@.....
......................@.........@@.....................@...........@..
.....@..............@@....@............@............@....@.......@...@
.@.....@...@@..............@..........@.......@@.......@..@..@@.....@.
.........@.@.@......@@..........@...............@.....@.@...@@........
..@@@@..........@@........@..@............@..@.@...@...@............@.
.............@....@.@...........@.....@..@.............@@....@.......@
......@...@.@@.............@@.........@......................@@.......
@@...@@......@..@.......@..@.......@................@@@..@...........@
..............@.@...@@.......@..@.@.....@..................@.....@....
................@@.@.......@...@......@..................@......@@..@@
.@.@..@@...@.................@..@......@......@.........@..@...@......
...@...@.@..@@..@............................@@..@....@....@.........@
..@@..@..@.........@...@.@...@..........@@..........@@...@...........@
.............@...........@...........@........@..........@............
.@..@...@.@..........@@@...@@.....@.@@.......@@.........@....@.@..@...
.@...........@......@........@.....@.@@.@...@.@..@....@.....@.......@.
.@...@@.....@@.............@..@.................@......@..........@.@.
.....@.....................@.....@...@..@............@................
@...............@.......@...@.........@@...............@@@............
....@.......@.............@..........@.@@@.@...........@@....@......@.
@......@@....@....@..@@.@.@.@@.@.....@..........@..............@......
@......@.....@..@......@......@@@...............@......@...........@..
.@@........@...................@.@..@............@....@@@.......@.....
.....@....@@.........@..@.............@...........@...................
..............@...@..................@..@.@..@@...@.......@.....@.@...
@....@@..@........@@..@.............................@.................
@.@.....@...@........@...@..........@......@.........@......@...@.....
........................@.....@...............@@...@....@@.....@@.....
..@....@..................@..@@..@..@...@.....@.@...@.@@..@@..........
...@........@.....@@.........@.@..................@..@.@.........@....
@@@...........@.@......@.@........@@.@...@....@.................@.....
..............@............@@...@....................@..@.............
..@@.@.....@.@@.............@..@.@....@.............@..............@..
.........................@.@.@@........@..@.......@............@.....@
..@....@........@.............@..........@.@..@....@................@.
...@..@.@.@.....@.........@...............@..................@........
..............@.....................@....@...........@..@...@...@...@.
.................@.........@..@..........@........@...@..@@...@.......
...@.@........@..@.@....@..@...@@................@@..@................
........@..............@..@.........@.........@.............@......@..
.@.@....@.@.@....................@....@.............@........@...@....
@.............@........@.......@.....................@...@.....@..@...
@...............@...@....@......@@...........@.............@@@........
......@....@@.................@.@@.............@...@.@..@..@..@.......
..@@............@.................@@...........@......@...@.........@.
........@@...@@....@....@..@....@.....@@...@.....@..........@.........
.@........@...............@@..........@@@.@..@...@....@@.......@.@@.@@
..@...@.....@.....@@@......@....@.......................@....@........
.........@...@....@....@....@@..........@.@....@...@@.....@...........
.........@.@.......@..@..@.........@...@@..@..@...@.....@.@.....@...@@
@...@...@...@..........@@..@.........@@....@..@........@.....@...@....
..@...@@....@...........@............@..@@.....@.......@....@.........
.....@..@........@@@.@............@............@....@@....@.......@...
...............@.................@.....@.....@..........@...@...@.....
......@.....@@.....@@...@.......@.......@.............................
..........@@...................@...........@.....@...................@
.......@....@...........@..........@........@@......@.......@.@.......
...................@......@@..@..........@.@.@..@..........@...@@.....
............@........@@.@......@......@........@@.@@..@...............
.........@...@@..@..........@................@..@@.........@..........
...............@..........@....@.......@..@@@..@.@...@....@.......@.@.
.@.......@......@..@....@......@.....@...................@.....@......
.@..@.@...@....@................................@@......@...@...@.....
................@....@...@..........@..@..........................@...
.@.....................@@.@..@...................@.......@......@.@...
..............................@....@....@....@.@....@..@.....@...@..@.
.@.........................@...@....@........@..@....@.@.@.@........@.
Agents:
85
0,7,39,41,26
1,37,60,49,50
2,27,38,3,34
3,21,52,16,48
4,36,10,11,1
5,69,3,27,67
6,56,42,46,55
7,25,26,3,59
8,61,65,33,19
9,13,30,31,11
10,56,19,47,22
11,10,34,29,45
12,64,68,11,68
13,50,40,37,12
14,65,50,40,14
15,61,34,57,55
16,15,44,67,31
17,25,69,18,24
18,24,35,2,1
19,8,24,49,14
20,27,1,29,30
21,15,33,44,43
22,69,63,5,24
23,39,47,66,34
24,53,18,17,54
25,49,62,42,37
26,43,23,19,26
27,2,66,37,4
28,14,18,50,41
29,0,62,49,21
30,40,47,63,59
31,21,32,66,14
32,32,56,35,12
33,6,62,42,21
34,52,16,60,5
35,27,48,17,15
36,51,67,67,6
37,64,38,56,32
38,61,23,66,23
39,69,32,59,4
40,32,11,44,67
41,12,6,22,32
42,44,10,29,19
43,3,35,43,34
44,15,7,33,62
45,22,62,68,50
46,25,20,69,42
47,56,63,52,5
48,56,51,53,64
49,40,56,25,12
50,38,35,63,54
51,36,14,28,26
52,26,58,37,14
53,47,37,39,51
54,14,10,13,52
55,43,0,37,69
56,17,42,7,61
57,12,61,13,64
58,33,43,32,11
59,44,2,3,18
60,13,40,21,27
61,36,5,16,15
62,46,44,50,47
63,43,43,37,32
64,1,68,0,68
65,58,47,57,41
66,40,53,45,29
67,47,15,32,42
68,67,62,1,47
69,20,56,64,64
70,33,68,51,65
71,43,46,54,19
72,2,63,37,60
73,39,23,1,58
74,45,43,6,37
75,61,61,3,7
76,36,49,35,7
77,61,44,46,20
78,20,31,32,6
79,43,44,22,11
80,55,60,66,8
81,3,66,44,24
82,41,8,21,58
83,29,26,17,17
84,11,23,23,53
