0
Grid:
70,70
@@.@....@..@@@@....@..........@...@..@.............@....@..........@..
..@.@........@..........@.....@.......................@........@..@.@.
.@...@.@@.....@@....@@.@...@..@...........@...@......@.@......@.@....@
......@......@@..@.....@.@..............@.@@............@.............
.@..@..@@@.....@...@.@....@@................@..........@..@..@......@.
...@...@.@.@.@..@.@...@...@..@.....@@..@...........@..@...............
..@......@...........@........@...@..........@.@.........@............
....@@...............@........@.........@..@.@..@.@.........@...@..@@.
@..................@........@.@..@@.............@....................@
..@.........@...@...@.....@....@.....@....................@...........
..................@.@......@......@...................................
.@..@........@@..................@@...................@.@.........@.@.
@@.@....@.........@.........@.@......@..@.@..@..@..@..@........@....@.
......@..@.@.@...............@....@.............@@.......@.@..........
...@@.@.........@.....@@@......@...........................@@.........
........@....@.........@.....@@.......@....@.....@...@...@............
.............@...................@.@.......@...@.....@..@.........@...
...@.@....@..........@........@.@@...@......@...............@@@.@.....
...............@.@...@...........@....@......@..@@......@.............
.....@....@.....@.........@.........@..@.......@....................@.
.@@..@.............@.......................@.....@.......@........@...
..............@@...@........@.................@....@.................@
...............@.@.@......@........@.........@..@..@.@.......@........
.@...........@.............@.....@....@....@..@...............@.......
................@.......................@......@.............@......@.
......@.@....@....@...@....@.....@@..@.@....@..............@.@........
@..............@..@..@..@@@.....@.@@......@..@...............@...@...@
@.@...............@...@.....@........@..........................@@@...
@....@.@.....@.........@..............@.........@.....@.....@@..@...@.
...@......@......@.@.....@.....@.....@@............@...@..............
@.@@@.@@......@@.........@.......................................@....
...........@....@@.....@..@...........@..@..........@@@..............@
...@...@.@..@.....@......@..@.........@@...@........@..@@......@@.....
..@...@..@......@@..@....@......@..@@.@.........@.........@.@@@.......
......@.@@..................@......@@......@...@...............@.....@
...........@........@....@@...@.@.........@...@@..@...............@...
...@......@..@........@....@..@......@.@@...........@........@....@...
....@..............@....@..@..@......................@@..@............
.......@....@.@......@..@.............@...............@...............
..@..@..@.....@........@.................@.@@..............@.......@..
.@..@..@@..@..@@..@.@....@..@.....@..@.....@..........................
........@.@............@@.@....@......@@........@....................@
.....@..@..@@..@......@@.@.................................@....@.....
..........@...................@..@..@.......@@....@......@....@....@..
@.................................@...@..@..........@.....@.@.@@.@....
@.....@........@.........@..@.............@.............@.............
..@...........@............@..@....@..@.@.......@...@.............@...
...@@...............@.........@.@..@....@......@..@.........@..@......
.........@....@...........@...@.......@.......@..............@........
..@...................@..........@..............@...@...@..@..........
......@..@....@...@.@.@........@.................@.....@.@....@.......
.................@.....@@.........@...@@.................@@.........@.
..@..................@..........@............@.@........@@............
..@..@.........@.....@@...............@..@............@@.@.........@..
.....@..@....@..@.......@.@@...@.............@@..@@@..................
..@............@@.......@..@@@@...............@..@....@........@.....@
............@@.................@.@........@...........@@....@......@@.
..@........@.......@@.@.......@.@.................@.....@..........@..
.@...@..................@.@@@.@.@..@......@.@......@..................
....@.@.........@.....@...@....@................@@.@............@.....
@@....@....@....@..............@.....@...@......@.@..............@....
@...........@..@..@....@.@....@....@.@......@.......@......@....@.....
.............@.....@....@..@...@@..............@@@@...@..@.@.........@
.........@@.........@.@...@....@...@.@.@.@@....@...........@@@........
......................@....@@.@..........@..............@...@....@..@.
........@............@.@..............................@....@@@@.......
......@........@.........@.......@.........@.....@.@...@..@.@.....@...
..@..........@..............@.......@@...@................@.@....@....
..@.......@...@.......@...........@.......@.@@...@.@..@..............@
.......@..@.......................@..@.....@...@...................@..
Agents:
55
0,13,54,42,17
1,41,34,45,40
2,18,36,4,53
3,48,6,49,13
4,39,63,47,15
5,43,66,58,40
6,13,60,40,21
7,14,36,7,3
8,66,69,56,10
9,23,23,17,6
10,58,49,4,65
11,5,69,47,36
12,34,61,34,15
13,63,29,62,9
14,44,64,62,34
15,9,0,32,50
16,43,49,33,18
17,34,27,41,30
18,1,27,68,13
19,4,69,44,56
20,26,56,19,25
21,63,0,52,12
22,32,46,3,1
23,26,40,12,31
24,31,32,49,16
25,60,61,56,41
26,1,38,41,46
27,32,44,42,20
28,53,42,1,15
29,23,34,31,36
30,25,56,19,1
31,35,39,66,12
32,65,24,16,5
33,66,2,45,33
34,55,4,21,56
35,1,45,48,40
36,2,4,32,14
37,63,65,0,21
38,39,11,12,52
39,59,42,4,36
40,68,52,59,21
41,25,35,43,25
42,58,7,4,31
43,23,18,27,43
44,16,24,60,58
45,35,68,13,41
46,20,40,19,44
47,4,31,56,36
48,18,7,40,49
49,35,57,15,12
50,5,24,46,62
51,17,25,60,44
52,9,63,16,25
53,16,28,1,57
54,3,12,41,19
