2
Grid:
70,70
.....@.......@..................@.........@...................@.......
@....................@....@.......@..............@..............@.....
......@.@...................@..........@..............................
..................@.....@......................................@@....@
@.................@@........@@....@@....@..@...@..............@.......
..@.......@@..........@.....@.@......@......................@.....@...
..@.....................@.....................................@@..@...
.........@@..........@@...........@.......@..@.................@....@.
.@......@...@.@....@...@.....@........................................
@........@....@@.@........@..@......@......@..........................
@............@.........@......................@........@..............
.......................@.......@..................@@.....@.........@@.
...@@.........@............................................@...@.@@...
....@....@.........@......@...........@...............................
.@....@.@@....@.@.........@..........@....................@...........
...@...@......@.....@........@...@......@..................@.@..@..@..
...@............................@...........@...........@............@
............................@.................@.....@.........@.......
...@.......@...................@...........................@..........
.....@...........@..@.......@....@...@........................@..@....
................@.@..@......@.......................@@.........@..@@..
.....@.@...........@...........@.@.........................@..........
....@.@...............@......@..@@....@..@.................@.@.......@
........................@.......................@.@....@...@..@.......
@.......@.@...................@...........@....@....@@............@..@
......@...........@........@...@......@..............@...@............
....@@.....@.......@........@.............@.@..@.............@........
............@.@......@...............@...@................@.@.........
.............@..@.......@.............................................
..........@......@@......@@.............@.................@.........@.
.@............................@........@....@....@..........@.....@...
..@..................@.@........@.......................@...@@........
...........@..............................@.@.@.......................
.@.........@.....@..@................................@...........@...@
...........................@........@............@@.......@..@...@@...
.........@......................@......@..........@...@.............@.
...............................@@....@........................@.......
.......@............@..................@.........@...@..@..@..........
..@@............@.@............@@..@............@.@....@@.@...........
.....@@...............@.......@..................@........@......@....
.......@.@....@...................@......@....@.....@........@.......@
....@...............@..@............@..........@@.......@.............
....@........................@.......@..@.....@..................@....
@................................@............@.........@.............
.....@@........@.............................@.....@.........@...@....
....@........@...........@.....@.........@@@...@.........@............
..................@@............@..@...........@.............@........
@...............@........@..........@.........@.@...@.............@...
.......@..@....@@........@...................@...........@............
@........@.@.....@..............................................@.....
@...@..@..@..........@....@..@...........@@...@@.@....@.........@...@.
..@@.............@.@@...@......@.....@.......@......@..............@@.
..@...........@....@.......@...................@......................
.....@...........@..@...................@..........@..............@...
......@...@@........@.........@....@.....................@..........@@
....@.......@................................@...@....@........@......
.................@...........@...................................@....
...@....@..@......@.@@..............................@.....@.@.........
...........@........................@........................@........
...........................@...................@....................@.
...@......@.@.@..@..@....@....@.....................@.@.........@.....
......@.....................@............@..@................@........
..@.....@.............................@.@.......@.......@.@...........
........@...............................................@...@@@.......
.@.@..@......@.........@...........@...........................@......
..@...............@.@.......@..................@..........@..@......@.
......@......@........@.@.....@..............@.@..@....@..........@...
.........@.......@...............@...@.........@................@.....
.....................................@..........@@....@@...@..........
......@........@.@.............@..................................@..@
Agents:
85
0,1,29,6,9
1,50,53,46,58
2,29,63,50,61
3,37,10,60,63
4,66,20,29,48
5,42,38,37,13
6,68,22,67,51
7,28,19,53,62
8,43,58,3,56
9,30,58,35,12
10,14,39,3,37
11,52,21,24,63
12,12,62,22,23
13,61,58,52,9
14,7,29,39,44
15,23,41,62,69
16,26,29,51,44
17,26,21,52,12
18,66,42,9,18
19,23,32,34,63
20,61,20,68,57
21,24,3,39,13
22,10,66,20,62
23,29,38,17,31
24,59,66,4,4
25,21,18,57,34
26,35,41,9,2
27,16,31,20,29
28,47,28,29,27
29,41,37,52,64
30,2,48,1,44
31,3,36,56,25
32,67,1,58,28
33,11,38,68,21
34,65,6,67,42
35,22,0,14,49
36,34,67,0,23
37,67,63,7,44
38,14,49,5,7
39,11,16,16,23
40,32,22,44,22
41,69,11,61,33
42,8,4,66,34
43,5,55,64,18
44,13,65,38,43
45,44,37,66,0
46,1,55,63,25
47,30,12,2,35
48,17,58,55,40
49,5,8,23,3
50,54,60,52,48
51,43,52,11,63
52,43,20,27,27
53,54,38,34,31
54,44,22,20,68
55,16,68,27,55
56,17,24,10,38
57,5,49,61,65
58,49,62,62,39
59,27,63,48,48
60,65,26,16,8
61,25,0,31,45
62,32,54,1,29
63,69,48,42,34
64,36,54,56,59
65,46,26,54,64
66,43,2,47,69
67,31,41,28,43
68,37,58,67,30
69,20,37,66,53
70,10,60,50,3
71,48,46,32,3
72,20,46,30,25
73,50,51,34,48
74,33,24,50,65
75,13,27,44,26
76,34,43,16,26
77,19,58,43,26
78,20,5,10,8
79,1,60,37,23
80,45,60,1,18
81,24,14,10,18
82,62,34,9,21
83,24,38,12,45
84,42,27,56,28
