0
Grid:
60,60
............................................................
............................................................
............................................................
............................................................
............................................................
............................................................
............................................................
............................................................
............................................................
............................................................
............................................................
............................................................
............................................................
............................................................
............................................................
............................................................
............................................................
............................................................
............................................................
............................................................
............................................................
............................................................
............................................................
............................................................
............................................................
............................................................
............................................................
............................................................
............................................................
............................................................
............................................................
............................................................
............................................................
............................................................
............................................................
............................................................
............................................................
............................................................
............................................................
............................................................
............................................................
............................................................
............................................................
............................................................
............................................................
............................................................
............................................................
............................................................
............................................................
............................................................
............................................................
............................................................
............................................................
............................................................
............................................................
............................................................
............................................................
............................................................
............................................................
............................................................
Agents:
85
0,16,23,11,35
1,55,28,53,31
2,19,5,49,57
3,17,34,0,40
4,58,5,19,49
5,56,50,6,24
6,11,59,30,55
7,38,29,12,14
8,45,48,34,18
9,55,26,56,6
10,39,32,34,39
11,12,57,20,34
12,22,29,36,56
13,15,0,58,16
14,39,0,31,6
15,40,18,42,54
16,45,8,50,3
17,37,42,37,12
18,0,53,2,21
19,44,16,16,39
20,18,21,33,46
21,33,23,34,57
22,32,27,10,0
23,29,41,13,33
24,38,12,45,49
25,4,15,49,53
26,59,36,57,46
27,39,44,5,26
28,10,57,47,39
29,6,49,35,21
30,50,16,17,53
31,55,58,11,31
32,24,37,6,13
33,5,3,52,39
34,22,55,46,12
35,29,51,46,52
36,3,38,26,58
37,7,18,18,36
38,59,49,30,48
39,25,54,11,54
40,0,33,39,48
41,21,26,41,16
42,56,25,13,54
43,19,9,34,13
44,29,53,41,18
45,31,2,25,17
46,47,55,53,30
47,26,2,26,15
48,26,35,5,30
49,58,55,29,12
50,22,26,27,42
51,19,43,44,20
52,43,13,34,43
53,12,20,41,26
54,28,21,19,0
55,44,21,55,19
56,32,11,40,28
57,48,16,9,45
58,54,28,46,34
59,1,59,23,13
60,17,56,49,28
61,34,29,29,3
62,23,26,10,16
63,3,7,28,23
64,11,5,20,45
65,51,24,42,15
66,50,29,52,24
67,31,34,19,28
68,14,38,24,12
69,43,43,43,17
70,13,58,30,30
71,40,7,25,25
72,8,10,1,38
73,30,35,57,41
74,6,9,2,10
75,7,57,30,35
76,33,58,22,17
77,37,26,0,15
78,51,50,42,21
79,20,16,47,47
80,9,4,49,26
81,8,22,49,27
82,29,20,47,40
83,30,2,49,12
84,39,14,16,28
