1
Grid:
70,70
.@...@..@.......@@....@......@..@.@................................@..
...@.................................@.@.......@.......@..............
...@.........................@...@........@..@...........@@....@......
@.............................................@....@....@..@..........
.@.........@....................@...@............@...@................
........@...........................................@..@@.............
.................@.....................................@..@...........
.........@....................@..................................@.@.@
.@@.@.....................@.........@..@...@........@....@............
.........@.....@..........@..@.....................@.......@.......@..
.......@...........................@@...@.............................
........................@......@....................@...............@.
..............@........@..@..@...@.@.....................@@...........
...............@..@........@...............@.....@............@.@.....
........@........@@..........@..........@...............@..@........@@
......@...............@@.........@.............@................@.....
............@..................@.@..@@...@.@@....@....................
.......................@.....@...@.@.........@........................
.......@......@.........@@.....@...@.........@.....@.......@.........@
..@@.............................................................@..@.
.......@.......@.......@...@....@.....................................
............@.......................................@........@........
.@......@...............@..............@.@...@...@@....@........@...@.
....@...............@..................................@...........@..
@....@.......@........@............@..........@........@...@.@........
............@.....@...........@.@.....@.......@.......@....@@.........
@......@.@.....................@...@.....@.@...............@.....@....
..............................@........................@..@.@....@.@..
@@.......@......................@.........@..............@@...........
......@.@..@....@.@......@@..........@................................
....@...@@.....@.................@@.....@.......@.............@..@....
...@.....@.@......@....@.@.......@.........@..........................
..@...............@..@@.@.@................@.@....@.........@..@......
.............@.....@....@..@..........@...@.................@..@......
..........@......@....@....@.......@........@..............@.......@..
..@......................@....@...........@.....@....@......@.........
..........................@......................@.....@@......@......
..@......@............@.....@......@......@..@..........@.......@.....
...@............@..........@..................@...............@.......
........@..........................@...@.......@@.@....@.........@....
.......@...@.......@...@.......@........@...........@.................
...@.......................................@.......@........@......@..
@...................@...................@............@....@...........
@.....@.@.....@@........@..@..........................................
.@................@................@.....@....@.........@..........@..
......@........@.@......................@@.............@.@@...........
...........@.............@...@.....................@.@..........@.@@..
.@@......@....@....@....@....................@....@......@..........@.
.......@....@......@.............@...@..@@.........@....@.............
.....@.............@..@@...............................@..............
...............@....@........@.@....................@..@............@.
..@..@..@.@.................@..@............@.....@....@...@..........
..................@....@..............@....@.........................@
@............@.....@.....@..........................................@.
@........@@................................@....@...@......@..........
...........................@...@...............@......................
.......@....@..@.......@.........@.....................@.......@@@....
................@...@......@....@@...@.................@..............
.......@............@.@........@.......................@.@......@.@..@
.....@....@........@........................@.....@...............@@..
....@.................................@.@......@...@..@....@.....@....
....@............................@.......................@....@...@.@.
..@@.@..@.........@.........@....@@...........@....................@..
.........................@...............@@............@..........@...
.......................@..............@.@.....@.......@......@@.......
.....................@........................................@.......
..................................@...@...@.......@.............@.....
................@......@..........................@..........@....@...
............@@@.@.@@..@.@@@@@.......@.@..@............................
...........@.@..................@.@.........@@...@.@.................@
Agents:
45
0,0,38,19,7
1,21,50,56,45
2,9,69,49,17
3,56,14,2,55
4,64,26,23,50
5,13,11,46,60
6,2,46,22,29
7,40,55,5,15
8,41,53,33,66
9,36,5,42,64
10,14,36,51,17
11,22,29,27,2
12,39,57,10,8
13,16,27,50,45
14,16,50,41,62
15,66,37,38,33
16,25,25,33,34
17,22,20,56,60
18,10,1,29,52
19,28,26,21,49
20,52,11,58,48
21,37,34,24,14
22,49,58,56,22
23,67,1,29,17
24,0,31,27,41
25,4,10,47,13
26,13,33,64,18
27,15,61,21,63
28,11,22,15,63
29,53,28,57,13
30,30,45,63,68
31,45,39,62,50
32,24,9,10,63
33,23,2,9,60
34,69,58,29,49
35,49,50,0,10
36,59,14,55,7
37,27,54,17,55
38,18,11,18,0
39,11,59,39,6
40,4,18,66,19
41,60,6,55,60
42,43,23,10,49
43,13,23,55,66
44,3,4,58,37
