0
Grid:
20,20
...@............@...
........@....@...@..
..@.................
.@.............@....
.........@..@...@...
....................
...@............@.@@
...@@...............
....................
....@...............
..........@.........
.@.....@..@.@......@
..............@.....
.........@@........@
.@..................
......@.............
@..@....@....@......
........@.@.........
.@......@@..........
.........@..........
Agents:
11
0,4,3,13,16
1,19,18,11,5
2,7,19,3,3
3,1,12,8,9
4,1,15,12,7
5,17,3,8,6
6,17,4,18,13
7,19,17,9,12
8,8,17,2,15
9,9,6,10,3
10,12,13,13,12
