0
Grid:
70,70
..@..@...@............@@...@......@..@.@...@@.......@@.@..@.@..@@@..@.
.@@........@...@@@.....@.@.@.......@.@@@@@@@@.@.@........@@@@.......@.
..@@.....@......@....@@@......@@..@..@.....@..........@@@..@..........
..@.@.........@.....@....................@.................@@@..@.....
@......@@....@@..........@.@@.........@@.@@...........@..@@@..........
..@.@.@......@...@.@..@..@.@.....@@@..@@.......@.@.@.@....@....@..@.@@
......@.@...@.....@.........@.@@.@.@@.@.@...................@@.......@
.@....@...@@...........@@@......@@.@.@..@...@@...........@.......@...@
.@@....@...@@..@..@@.@...@...@...@.@.......@.....@@.@....@....@.@.....
......@@@...@....................@.@.@...........@.........@..@@......
@...@......@..@@@.....@...@..@@.@....@..@.....@@...@@@.....@...@......
.....@..@@...@.....@....@....@.@..........@.@...@.@..@.....@..@@@@....
...@.....@@..............@.@.......@@.......@.@@...............@....@.
..@.@.@......@....@.......@...............@.@...@@.......@..........@.
.@@@@....@..@....@.@.............@...@...@......@@.@...@...@@.@.......
..@@..@..............@.......@..@@...@@.@.@...@........@@...@...@..@@.
@...@@.....@..@@.@...........@@.......@.........@@.............@.@@...
@.@..@.....@...@@....@@.@...@@@@.@@.@...@@.@..@..........@.@....@@....
..@....@.@@@@...@@@............@.@......................@...@.........
.......@..@..@.@....@..@@.@...@........@.....@...........@...........@
@..@....@.@@.@.@..@.....@...@..@@....@@........@.@........@.....@...@.
.......@......@..@............@@.....@...@..........@.@@..@..........@
@.....@...@@.....@.....@.............@........@.@@..........@..@.@.@..
....@....@..@@@......@..@..@..@.@.....@@@.@..@..@..@@.........@...@...
.........@.......@.......@...@.....@......@@.@.......@....@..@....@...
.@.@.@.@@.@....@....@....@..@.@......@..@@........@..@.@.......@..@.@.
....@....@....@@@.....@@.@.....@@@.....@@..@@@...@@....@.@.@.@..@.@...
.................@...@......@@..@..@.@@..@.@..@.........@@@.@...@...@.
......@.....@..........@...@...@@......@...@..@.@...@....@@.....@.....
......@.@..@..@@@.@.@@...@.................@.@....@@...@@@...@@..@....
.....@@...@....@..@...@....@....@.......@@........@..@.@...@.@.@.@....
..@@....@@.....@@...@..@.......@..........@...@.@..@..@.@@@.@.@.......
.........@.@...@@@.........@....@..@.@.@....@@.....@.@@.@..@.@........
@..@.....@.@@.@.....@.@.@....@..@.....@.@.......@@...@........@....@@.
.......@...@...@@..@@.....@.@.@.......@@...@@@..@..@.@......@..@...@@@
..@....................@.@..@.@....@@@...@......@@@..@.......@@.@@..@.
......@.@.@....@@....................@@@........@.@.@..@@.......@..@..
@.@.@@@.@@.......@@......@.......@........@.@...@.......@....@@.....@.
@..@....@..@.@.....@@.......@@...@@.@....@..........@.....@@@......@.@
..@...@@...@...@.........@......@@......@....@...@...@....@@.@.@....@.
.@.@.....@..........@...............@@....@........@@.......@.....@@.@
.@..@........@.........@@@...@@......@...@......@....@@@....@@.....@@.
........@......@......@@.@@.@@..@@.@@@..@.............@.......@......@
@........@.@@..........@..@...............@..@@.....@@...@..@.........
..@@..@..@..@@...@...@.@.@@@@..@................@..@..@.@..@..........
..@.@.@@@..@..................@.@@.....@@...@....@@@....@....@@..@@.@.
.@..@@.@..@.@.@@@.@.....@...@...@....@.@@........@@.......@.@.@....@..
@.....@.@@@.@@......@....@.@...@@.@......@@@@.@..@......@..@..@....@..
......@.@.@..@@.......@..@@.@........@....@@@...@@@@.....@..@....@@@..
@..@.@.......@.@.@.@...@.@...@..@@@.@.@.......@...@....@..@...........
@.@@...@.@.@...@..@..@.......@...@......@......@......@.....@.@..@@...
@.......@@.........@@@.....@.....@@.@@@...@.@@@..@........@@......@...
.@@....@.@...........@.........@.@..@..@@...@@......................@.
......@.@.......@@........@@.@...@.@.@...........@...............@...@
.......@.@....@.@.@..@.....@...@..@.@..@......@....@@..........@......
.@..@.........@@..@........@@@........@@@....@.@...@..@...@....@......
....@@@......@..@.........@@.@.@..@.@.@....@.......@.......@@.........
.@.@.........@@......@............@..@.@....@......@....@..@...@@@..@.
............@....@...........@.@@....@..@...............@.....@@@@.@.@
..@..@@@.@..@@........@....@...@.@.@.@......@........@...@@.@..@......
....@.@@......@@@.@..@@......@.....@@...@.........@..@.....@.@..@.@.@@
@.....@.@.............@...@.@@.....@....@...@..@....@....@.....@..@...
.@...........@...@....@.@@........@@.@...@@..........@.@..@.@..@......
..@.......@..@.@..@.@...@...@..@@@.......@.............@..@..........@
....@...@@..@......@..@@..@..@..@@..@@@.@.@...@....@.@@...@.@@..@...@.
..@.....@...@.....@..@.@.@...@@....@.....@....@@..@.@...@..@@......@@.
......@.@..@..@.@@.....@@.@..@..@.....@@.@.@@@@..@.....@..............
............@........@@@.@...@.....@......@@@..@.@...........@.@.@....
@@.@@....@@.......@....@.....@....@.@..@............@.@.@@..@....@....
.....@..@..@....@.@@.@.@..@@..@......@..@@.@@..@.@.@..@.@.....@...@...
Agents:
65
0,68,27,43,43
1,63,44,54,13
2,40,23,31,11
3,3,39,63,25
4,24,28,25,42
5,56,48,28,67
6,58,33,33,65
7,2,64,27,36
8,63,16,41,27
9,46,22,66,21
10,61,55,62,43
11,54,60,69,58
12,67,0,33,33
13,42,9,41,52
14,22,25,23,22
15,21,61,47,55
16,19,12,14,58
17,62,15,10,42
18,38,25,13,66
19,28,19,63,38
20,31,47,36,45
21,16,37,2,7
22,41,46,48,62
23,62,12,53,22
24,3,51,2,51
25,58,34,18,20
26,31,55,54,10
27,6,48,34,62
28,11,3,57,28
29,27,40,2,53
30,18,69,57,16
31,4,11,4,65
32,44,50,43,20
33,24,30,55,53
34,54,35,21,34
35,53,5,58,7
36,38,45,26,42
37,46,35,37,50
38,51,6,57,23
39,9,60,42,16
40,14,25,1,14
41,62,61,65,17
42,29,17,12,62
43,33,30,30,3
44,2,49,39,37
45,28,38,37,53
46,24,23,25,54
47,1,0,24,62
48,10,35,6,59
49,7,8,33,51
50,8,58,68,25
51,69,17,49,44
52,21,64,66,57
53,21,2,52,47
54,59,36,14,54
55,41,8,26,13
56,43,66,37,14
57,51,28,27,34
58,15,49,6,27
59,49,39,29,30
60,5,8,63,22
61,49,48,69,2
62,53,21,35,46
63,15,69,2,5
64,21,13,8,56
