1
Grid:
70,70
.@.@@.@@.@....@.@...@....@....@..@..@...@.....@@@@@.@@.........@.@....
....@........@.......@.@...@@@..@....@.@@@.@...@@...@@@.@......@..@...
..@@....@.@..@.@..@..@..@.@....@.@...@@.@...@.@@..@.@....@@....@.@....
@.@@@.@@.@...@.@..@....@....@@.....@..@.....@..@@..@.......@.@...@.@.@
@@..@....@@....@..@.......@........@.@@@.@.......@@.@@@..@.....@.@...@
..@.@.@@.@...@..@..@.@@.....@.....@.....@.@..@....@@.@@@@.....@.@@.@..
.@......@.....@......@.@@..@.@......@.@...@......@........@@...@..@..@
..@..@.....@........@.....@@..@@.....@@..@@....@.......@.@@.@@@.......
...........@.....@....@..@@...@...@@...............@@..@@...@@@@@..@@.
@...@@..@@@.@...........@.@@.@@.....@...@............@.....@@...@...@.
.@@......@@...@@.@@.@...@@.@.....@@.....@..@.@@....@..@....@..@.....@.
@.......@..@..@..@....@.@@.@@@.@...@@.....@..@@.@.@..@@.....@...@.@@..
.@..@.....@..........@.....@@@@...@....@....@.......@@...@..@.....@.@@
...@.............@@@@....@......@@...............@....@.@.@........@..
@@..@..@.........@.@.@....@@.@@..@...@@...@..@.@..@.@..@.@.@..@@...@@.
.@...@@...@....@.......@....@...@@..@@...@@.....@.@.@..@.@..@.....@.@.
@....@.@@@.@.@...@....@@...@..@@@...@....@@......@.@..@@.@...@....@@..
@@...@@@@..@.@..@@...@..@@........@@...@.@@@.@..@.@.......@@..@.@....@
......@...@..@...@@....@@......@....@........@.......@..@@@..@..@@..@.
...@...@..@...@@.@@@.@.........@.@@@.@..@.@..@...@@....@..@.@@@.@.@.@.
@.......@@@.@.@.@......@..@@..@@......@..@@..@@@..@...@@...@.@..@.@@.@
.....@.@...@..@@.@..@.@..@.@......@@.........@......@..@.@..@@........
..@....@@@....@.....@.......@............@@.@......@...@@.........@...
@.....@.@@.........@@..@.....@....@.@......@.@.@......@..@@.@..@@..@@@
@....@.@@..@..@......@...@@...@......@..@.......@.@@.....@.@.@.@@...@.
.......@........@@.........@@@..@@.....@@..........@@..@.@.@...@@@.@..
.@.......@......@@...@.....@@.........@.@.@....@.@.@....@.@..@.....@@.
...@..@@@.@.@...@..@@.....@@.........@@@....@...@..@...@...@..@@......
..@.@.......@......@.@......@.@...@...@@..@.@....@.@@..@.@@......@....
.@@.@@...@@....@...@@..@...@@@@@@.@...@....@......@.......@.@...@@@...
@...@.@@...........@.....@....@@......@......@...@@.@@@@....@.....@...
......@..@..@..@..@@.@@@..@..@@...@@@.@.@..........@@....@...@.....@@.
@...@@......@....@..@.........@.@.@..@..@....@.@......@.....@@@@@.@@..
....@..@@..@..@.....@......@.@.@@.......@.@..@.@.....@...@............
....@.............@...@.....@...@..@@.....@.@@.@@@...@....@.@.........
@@....@@..........@....@@..@....@@@@@@..@.@......@....@@..@@@.@.....@.
@.@.@....@@@...@@@.......@@...@..@..@..@...@@...@...@......@@..@..@.@.
@.@....@@..@@.@....@.......@..@....@..@..@.@...@..@.@..@@@............
.@@..@...@.....@@@@.....@@......@@@...@@.@.......@.@@@@.@@.@@....@...@
@@......@..@@@.........@@.@.@@...@.......@.....@@..@.....@@....@...@..
@.@.@@.......@.@@.@.@..........@.@.@.@.........@.......@......@.@...@@
...@@...@.@...@@@....@.......@.@....@.@.......@.....@..@.@....@@..@...
@...@.@.@@....@....@..@@........@...@..@.@...@.....@.@.@..........@...
@....@....@@..@@.@@@....@@....@.....@.@..@.........@@..@...@@......@..
..@@.@..@@..@..........@.@.@..@@@.....@...@.@......@....@@....@..@....
@...@...........@.@@.@...@.@.@@.@@..@....@.............@@....@.@@..@@.
..@@@@.@@........@.....@..@....@@....@.@.@@..........@.@.......@......
......@@@@.............@@.@@.....@@..@@....@...@@..@...@.@.@..........
@@@.@@@@.@..@@..@.@@....@.@@@........@........@.@.....@.@@..@@......@.
@..@.....@.@.@@..@....@..@@...@...@.@.@......@@....@@.@....@@..@.@@..@
.@@......@......@@...@.@........@...@@.@@.@........@@@@..@.@@.....@..@
@@@@@@@.@.@@@..@....@..........@@...@..@...@@@.@..@.@.@@@.@@.@....@@@@
@.@...@@@..@@..@....@.@....@..@................@...@@@@@@@...@..@@....
.@@.@...........@..@@....@.@.@...@..........@.........@........@.@@...
......@.@@@@.@.@@.......@........@....@.@..@.....@.@...@@..@@@@...@@..
.........@....@...@..@..........@.......@@@.@.@.@..@..@...............
..@@@.....@.@.....@......@...@.@......@...@.@@@.@.......@@..@.......@.
@....@.....@.@.....@.............@...@@........@.@.@@@@.@....@.@@.....
.@.........@...@@..@.@...@@............@...@....@@@....@..@@.@.@@.....
@..@...@.@...@.....@..@@.....@..@.@....@....@........@..@@...@@.@...@.
.@.@@...@...@@..@..@@@....@@.@.@....@....@.@.....@...@...@@@..@....@@.
@....@@..............@.@@.@@.@..@@.@.@..@..@.....@....@........@..@.@@
.@....@..@...@@......@..@.@..@.@.@@@.@..@.......@@@...@.@..@......@...
@@.....@.@..@@...@@@.@..@.@.@@..@@.....@...@@.@....@.@....@....@.@@...
@...@@..@.@@....@....@..@.......@.....@..@@@.@............@.@....@.@..
..@@...@.....@........@.@@...@...@..@.@.@.@@..@...@..@@....@.....@....
@..@..@..@@.@.@.@.@...@.....@.......@.@....@...@@@....@@..@@.@.......@
.@@.....@@......@..@.@..@.....@@.....@@@.@..@@.@..@....@@@.@..........
.........@...@...@@@...@.@.@@@....@@..............@@..................
.@.@....@..@@.@.........@.@..........@@...@.......@@.@...@.@.....@...@
Agents:
85
0,20,21,62,43
1,37,3,17,18
2,35,15,31,16
3,17,63,26,44
4,58,24,67,11
5,36,51,41,60
6,63,52,53,68
7,30,8,49,47
8,18,32,3,26
9,29,39,37,68
10,26,25,45,10
11,59,51,29,35
12,47,17,23,27
13,23,55,57,15
14,35,8,69,31
15,33,51,29,47
16,69,0,4,5
17,41,26,40,42
18,57,12,56,52
19,3,5,56,41
20,44,66,33,48
21,49,7,50,7
22,67,63,22,23
23,44,46,13,63
24,19,11,63,4
25,57,65,35,13
26,66,20,68,31
27,9,14,23,66
28,5,31,21,32
29,26,46,53,13
30,48,42,66,35
31,43,3,47,5
32,7,34,62,45
33,24,41,47,19
34,34,56,68,36
35,15,47,54,27
36,68,12,14,5
37,8,23,55,59
38,60,64,40,7
39,68,33,52,42
40,9,58,43,63
41,20,43,59,5
42,33,12,39,45
43,45,47,23,2
44,36,22,50,24
45,41,25,34,10
46,22,22,28,16
47,69,28,0,35
48,16,69,64,52
49,21,40,26,54
50,33,19,49,67
51,18,44,20,40
52,53,57,21,58
53,32,46,66,67
54,36,58,46,11
55,23,2,36,6
56,1,36,58,7
57,26,55,24,10
58,35,53,9,66
59,41,45,22,53
60,33,22,20,25
61,21,63,4,20
62,34,65,26,26
63,64,61,34,50
64,39,53,15,49
65,62,10,5,31
66,52,34,34,63
67,68,67,38,11
68,26,50,34,69
69,42,1,42,1
70,52,41,4,23
71,61,42,33,24
72,11,30,33,41
73,38,22,51,19
74,23,46,0,21
75,32,51,35,28
76,47,35,64,54
77,65,39,53,35
78,37,69,41,50
79,57,69,63,42
80,42,62,50,61
81,4,21,58,5
82,15,40,16,3
83,66,37,38,13
84,44,50,65,61
