2
Grid:
60,60
..............................@@...............@............
.............@.......@...............@.......@..............
.........@................................@...............@.
....................................@...@............@......
......@..........@............@....................@........
...................................@@..@..@........@........
.......@...........................................@.@......
..................@...................@.@..@................
..................................@........................@
.............@...........@................@.................
....................@...............@.@..@.....@............
.................@...........@...........@.............@....
.......................................................@....
...@......@.........@...@.......@...........................
..@..................................@......................
..............................@.............................
.................................@.......@..@...............
.............@..............................................
...................@........................................
.....@.....................@.......@....................@..@
.............................@................@.............
.........................@......................@.........@.
@.................@..............................@....@..@..
.....................@...@.................................@
..........@..................................@............@.
@........................@...............@..@...............
..@..@.............@.@..@.........@.@........@..............
............................@@............@.................
..............................@.............................
.......................@.................@..................
....@........@............................@....@............
...............@...........@................................
..........@........@......@.................................
..@.@.............................................@.........
@..............@.....@...........@..........................
............................................................
.......@..........@.........................................
@...........................................................
................@......................@...............@....
.............@........................@.....................
.@............@....@@.....................@.................
....@..........@@......@..@.............................@...
................@.............@........@....................
.....................................@......................
.......................................@....................
........................................................@...
...................................@..........@.............
..@................................@........................
................................@.....@.....................
....................................................@.......
........@........@.@..............@.........................
................................................@...........
................................@.....@.....................
....@..............@............@................@..........
...@.@.@..........................@.........................
..................@..................@.@....................
...@...@..........@...@......@.........@............@...@...
......@....................................@...............@
....................@.........@..@.......................@..
..........@....................@......@.....................
Agents:
50
0,29,49,8,2
1,17,8,27,13
2,39,26,18,49
3,56,47,8,12
4,1,31,8,10
5,12,59,7,51
6,35,0,33,45
7,1,11,51,3
8,47,39,4,13
9,27,17,36,39
10,12,8,29,56
11,32,43,21,54
12,52,47,4,47
13,53,41,54,42
14,17,2,46,50
15,23,32,16,9
16,41,31,10,15
17,41,0,13,11
18,39,2,26,29
19,15,19,55,29
20,55,22,25,59
21,13,34,15,23
22,10,29,32,17
23,34,48,4,41
24,46,42,34,29
25,15,50,11,21
26,21,59,32,32
27,56,31,39,49
28,54,12,41,33
29,54,14,13,23
30,37,31,15,50
31,42,32,49,33
32,36,39,36,42
33,36,29,32,20
34,30,0,7,30
35,51,45,56,16
36,23,7,44,14
37,54,57,10,57
38,33,23,21,4
39,13,4,23,18
40,54,35,19,12
41,46,33,55,11
42,10,42,1,23
43,34,9,22,48
44,5,26,8,49
45,7,1,19,37
46,42,23,35,16
47,40,40,43,59
48,58,31,2,22
49,18,46,3,11
