2
Grid:
70,70
@.@.@@.@.....@......@....@.............@.........@@..@@.@......@.@...@
...@.....@@........@@@..@............@......@....@............@.....@.
..@@.................@..@..................@.@.@...@..@...@..@...@....
.@.@@@@.........................@............@..@..@@..........@@.....
......@..@.........@...............@....@...@.@.....@......@@.@.......
..@....@..@@...@.....@.......@.....@.@.@..@@.....@@......@..@...@...@.
...@.@@.......@.@...........@..@.......@...@..@@...@........@...@.@..@
@@......@.@....@.@...@@.@..............@.@...@......@@..@@.....@......
@..@.....@..@....................@..........@@....@.@@.......@........
....@.@......@..@.@....@.@...@....@...@....@..........................
.....@@....@..@@.@..........@@.....@.@@.....@@......@...........@..@@.
@....@.@.............@.........@........@.........@.......@.........@.
@...@..@.@....@@....@..@..@.............@....@..........@@..@.@@......
.....@..@............@@............@@@.@.....@.@.@@@..@.@..@.@@.......
.......@....@.@...@...@.........@.....@@.@.........@..@.@..@..........
.....@@........@@......@.......@....@..@.@...@............@...@....@@.
........@..@.............@.......@.@..@@.@.@............@...@@@....@@@
@........@@..@.@.....@@@.@.....@@..@...@@...@......@.@@..@@.@..@......
@......@..@...@...@.@..@.@..@@.....@............@.@....@.....@@..@.@..
@...@......@...@.@...........@.@..@..@.@..@....@....@.@@.@.....@.@@@..
..............@........@...........@........@...@.@..@..............@@
...@...@..@....@.....@@@@@...@.@..@........@.@....@..@.......@......@.
....@....@......@..@......@.........@.............@..@.@@.............
..@.....@@.....@.@@.@.....@............@..@.......@............@@.@..@
..@@...@...@....@.................@.@...@.......@....................@
........@........@.@@@........@@@.....@...@.@@@.........@.........@.@.
............@....@.@..@@..@........@..............@.......@@...@......
...@@.@.@.@@.....@.....@....@.......@..@.........@..@.@...............
..........@.@.@.@.@.................@@@......@@...@......@...@....@...
....@.................@.........@@..@.....@..@.@.....@....@...........
....@....@......@.....@.........@...@.............@@.@.@..............
..................@......@..@..@....@.......@@....@........@..@...@...
..............@..@@.....@@.@@.........@@.@..@@................@.......
...@.@.........@@@.......@.................@.@...@.@.................@
.....@....@....@...@...............@.......@......@....@.......@...@..
....@@..@.@.@@.....@@@..@.....@.........@..@..@.......@.....@.......@@
..@.@..@@.......@........@.@...@....@........@.......@.........@..@..@
........@.@..@@..@....@@.@..@......@@..@......@.@@..@......@..@@......
@..@...@.@.......@........@...@...........@...@.................@.....
.....@.@@@..@..@.....@@..@@...@..@.......@..@.@......@......@..@...@.@
...@.@.....@....@..@.......@...@....@...@.@@.....@....@..@.@..@.......
..@@..@.@...@....@...@.....@....@@.@........@...@..@.....@.....@....@.
@....@.@..@.@....@..........@.@.@...@.@@.@...@.....@.......@..@@....@.
@.........@...@@.@..@.@@.....@........@.............@...............@.
.@@..@...@...@.........@.@..@@@..............@..@@..........@.....@@.@
..@..@......@.@....@.....@.....@..@..@.....@.......@.........@@.....@.
.@.......@.@.@.................@.@.@@.@..@..@.@......@.@@...@.@.......
@..........@........@@......@.....................@...@.@....@....@...
@@..@..........@..........@@.......@@.......@@......@.@@@..@@.@.......
...@.@...@....@.@.@...@....@.............@.@.@.......@@@....@.........
....@...@.....@..@........@........@....@........@..@..@..............
.@..........@......@@..........@.@.........@......@....@.@....@...@...
....@...@.@.@.........@.....@........@@.@......@.@.....@@...@.......@.
...@...@....@.@............@...@.@@.....@....@.........@..............
........@@@@....@@......@.......@@.........@......@...............@...
@@@..........@.@...@...@.........@...@........@...@.......@..@........
@..........@.@..............@@...@...@..@....@.......@.@..............
.@........@.@.......@.....@.......@@...............@@..@.@...@.@...@..
..@.@....@.......@@....@..@..@.....@...@......@....@...@........@.@...
.......@@....@..@......@...@..................@..@...@..@.............
...............@.@@....@@@..........@..@..@@....@....@......@....@....
.@......@@.@..@@...@...@.....@...@@....@...@.@........@@@............@
.@@..@...@........@.............@..@.@........@............@@...@...@.
.....@@.@.@..@......@@.....@.@......@..@...............@..............
....@..@..........@..@.....@......@.........@.......@......@@.........
....@........................@@................@...@...@.........@.@@.
.@......@....@..@......@...@@@....@...@@...@...@..........@.....@.....
..@@@@.......@..@.@.@@.........@@@..@@.@.@@.....@@.......@.....@..@...
....@.......@.@..@.@.@@@..........@.....@......@..@.......@.....@.....
.@@............@....@...@.@................@@.@.......@.@......@..@...
Agents:
55
0,39,28,64,2
1,26,28,1,64
2,47,55,47,55
3,13,24,31,19
4,21,48,43,40
5,67,35,38,60
6,1,34,49,65
7,58,10,57,54
8,21,26,47,43
9,5,6,58,40
10,47,47,20,13
11,41,50,31,26
12,42,1,11,16
13,21,13,57,50
14,62,10,34,33
15,1,0,55,14
16,13,26,31,49
17,41,58,50,20
18,3,23,26,67
19,33,67,63,15
20,38,50,60,20
21,37,4,9,64
22,25,28,2,40
23,38,19,32,7
24,50,32,20,18
25,65,1,5,25
26,34,69,64,63
27,31,10,57,46
28,34,0,68,44
29,68,33,0,46
30,67,64,12,46
31,55,17,7,61
32,14,44,22,58
33,12,61,40,15
34,42,3,51,25
35,55,69,46,24
36,48,51,66,25
37,20,3,58,42
38,29,11,68,60
39,37,64,39,43
40,23,4,55,12
41,62,22,23,28
42,46,57,69,0
43,16,36,43,60
44,6,7,9,14
45,62,30,34,11
46,16,26,52,19
47,18,21,27,27
48,59,67,21,26
49,12,17,68,33
50,2,52,18,9
51,50,64,36,42
52,3,55,56,15
53,26,60,26,1
54,63,68,17,43
