2
Grid:
60,60
............................................................
............................................................
............................................................
............................................................
............................................................
............................................................
............................................................
............................................................
............................................................
............................................................
............................................................
............................................................
............................................................
............................................................
............................................................
............................................................
............................................................
............................................................
............................................................
............................................................
............................................................
............................................................
............................................................
............................................................
............................................................
............................................................
............................................................
............................................................
............................................................
............................................................
............................................................
............................................................
............................................................
............................................................
............................................................
............................................................
............................................................
............................................................
............................................................
............................................................
............................................................
............................................................
............................................................
............................................................
............................................................
............................................................
............................................................
............................................................
............................................................
............................................................
............................................................
............................................................
............................................................
............................................................
............................................................
............................................................
............................................................
............................................................
............................................................
............................................................
Agents:
65
0,9,59,19,25
1,4,51,54,25
2,8,39,48,17
3,0,11,31,25
4,32,31,2,51
5,23,17,4,6
6,54,33,39,27
7,53,17,6,41
8,2,33,3,4
9,31,37,30,1
10,26,44,24,8
11,11,45,14,57
12,0,45,0,23
13,26,59,36,16
14,43,59,25,6
15,12,50,48,33
16,22,16,50,38
17,11,12,44,25
18,39,55,7,23
19,44,53,19,31
20,19,14,10,11
21,11,57,55,39
22,50,59,35,25
23,45,29,28,43
24,12,34,40,49
25,29,8,22,27
26,30,48,58,15
27,33,25,38,10
28,47,18,31,15
29,51,23,18,9
30,12,1,37,49
31,27,32,12,15
32,18,33,53,56
33,55,38,58,21
34,21,41,38,1
35,37,6,33,51
36,48,37,23,34
37,17,11,41,22
38,32,14,42,54
39,55,0,46,51
40,59,56,57,52
41,47,9,59,12
42,30,3,26,18
43,19,33,16,53
44,42,46,53,28
45,25,21,32,36
46,4,20,2,9
47,41,18,51,26
48,47,38,18,17
49,38,17,58,19
50,4,7,10,58
51,8,31,34,10
52,56,23,16,52
53,19,53,48,52
54,30,21,33,11
55,52,32,40,7
56,23,50,49,51
57,23,16,36,3
58,13,18,24,3
59,2,14,14,12
60,13,21,25,47
61,55,34,39,8
62,16,16,39,45
63,1,28,24,14
64,56,59,23,13
