1
Grid:
30,30
..............................
..............................
..............................
..............................
..............................
..............................
..............................
..............................
..............................
..............................
..............................
..............................
..............................
..............................
..............................
..............................
..............................
..............................
..............................
..............................
..............................
..............................
..............................
..............................
..............................
..............................
..............................
..............................
..............................
..............................
Agents:
19
0,17,13,14,2
1,14,15,11,8
2,27,28,25,21
3,20,26,4,6
4,15,9,11,18
5,10,6,28,19
6,2,27,10,2
7,11,5,10,12
8,9,29,2,5
9,24,23,28,5
10,19,29,3,18
11,0,11,24,29
12,10,10,21,21
13,23,12,1,9
14,16,4,24,17
15,18,14,17,28
16,28,1,1,8
17,23,8,14,8
18,20,25,11,7
