2
Grid:
70,70
.@........@@..........@..@@........@..@...@@@..............@.....@....
.@...@...@..............@.............@....................@@.........
...@.@.....@.........@..@............@......@....@...............@....
.@................@....@........@@...@...................@@@..........
.............@.....@@...........@.@.@@.................@.....@......@.
.@@...@.@.....@....@@.....@..@.....@.......@...........@....@...@@@...
.@...@...........@........@....@...............@.@..@....@.......@...@
.@...@.@@...@........@..........@@....@..@...............@.......@@...
..........@.....@..@...@..@.....@.@............@............@.@.......
...@......@@............@.....@...........@.....@@....@...............
..........@@.@...@.................@..@........@@@.@@.@..@.....@...@..
....@...@.....@......@........................@....@..@....@...@......
.........@.......@..@..................@..................@.....@.@.@.
@@@.............@...........@.................@..@..................@.
..@......@.......@....@...@@...@.......@...@.@...........@@...@....@..
..@........@........@....@.....................@@...@.@.......@.......
@...@.......@.........@....@.....@@............@........@.......@....@
.....@..@.@.@..@.@@@@@.....@................@..........@..@...........
.@@.........@@....@.................................@............@..@.
.@...@......@...@@..........@...........@.......@....@..........@..@..
.............@...@.@....@......@@....................@@.......@.....@@
..@.@...@.@@.@.@......@.@....@@......@..........@..@......@..@@.@....@
..............@...........@.........@..........................@...@..
............@......@.......@.@..@..@......@.............@@.@@@.@....@.
@...........@...@.@...@..@.@....@..@.................@@.@.@...@@.....@
...@@..@@.@@....@......@...@........@.......@......@...@....@@..@.....
.@@.........@.............@.@.....@....@.......@......@@....@@@@..@...
................@@@@....@.@.....@...@...............@......@....@...@.
...@.........@......@...........@......................@......@...@..@
@..@..............@@............@..@....@..@..@.......................
...@.....@........@.....@@............@...............@...........@.@.
.............@.........@.......@......@@..@..@....@..@......@..@...@.@
....@.................@..@@@...@..@....@.@....@...@..............@....
...@@.@@@@@......@........@.......@.@....@.....@......@.............@.
.........@.....@@.@................@.@.@.@.........@.....@............
.....@.....@........@.@............@.........@........@.....@@........
..@..................@......@..@.@.........@.@.@.@.@.............@....
...@..@..............@....@..@...................................@.@..
............@..........@........@................@@.......@...........
...@..........@...@..@............@...@@....@.................@@..@...
.....@.......@........@..@@....................@.@.@........@@........
.@....@..............@.......@..@....@.........@....@..@.@....@.......
..@.....@......@..@..........@......@.............@...................
.@........@......................@.....@....@.........@......@........
..@..........@.@@@..@@...........@.@.@............@............@......
...@@....@@..............@.........@.......@.......@@..........@......
...................@@@.......................@...@..@......@..@@....@.
........@...............@.....@..................@...........@@.@.....
@.@@..@....@.......@....@.@.....@............@.@...........@@.........
..@.@..............@......................@....@..........@..@......@.
........@.......@...@............@....................................
.......@.@@..@.......@..........@..@@.........@@.@......@.......@....@
..@.@....................@.@@..@...........@..@.................@...@.
......@@@.....@.......@..@...@.@..@....@.....@.@............@.........
........@...............@.@@.........@...@.........@..@.......@@....@.
.......@..@...@................@@...@.@..@............@.......@@......
................@....................@...............@........@.@.....
........@....@...@.@..@.....@....@..@..@..@.@.................@..@..@.
.............................@..@..............@......@......@........
..@.......@.........@.........@..@................@...........@...@...
..........@@......@.........@@............@.....@@........@...........
.......@.@.......................@.@.@..@...........@...@.............
.@@..........@....@..........@..@............@........@...@........@..
....@......@................@@............................@..@@.....@.
.......@.....@..........@.....@......@......@.......@..@..@..@.....@..
@.@.................@..@.......@..@.@..............@.@.......@........
.....@.............@...........@.....@...@...@...@...@..@........@.@..
............@.@..@@..@....@...@......@@....@.@..........@....@........
@.......@........@.......................@..@.........@.......@.@.....
.....@..@.@..@.@@.@.........@@......@.....@@.....@....@.......@.......
Agents:
85
0,12,7,64,40
1,16,26,45,55
2,11,24,5,57
3,5,40,7,68
4,50,19,42,33
5,15,13,62,26
6,53,51,69,57
7,39,35,26,58
8,33,14,28,30
9,29,63,64,46
10,33,60,38,35
11,4,4,25,67
12,61,67,60,57
13,9,57,58,24
14,61,44,17,46
15,43,68,58,41
16,5,25,49,10
17,46,15,48,63
18,26,42,56,9
19,53,33,12,35
20,41,67,4,57
21,35,29,18,24
22,42,19,15,21
23,43,25,40,58
24,60,0,20,37
25,67,40,32,28
26,9,28,62,0
27,46,55,22,8
28,6,4,49,60
29,44,58,9,56
30,41,31,3,46
31,58,8,5,4
32,14,20,15,30
33,54,32,32,61
34,65,63,50,22
35,44,60,69,25
36,24,42,42,26
37,0,34,18,11
38,9,63,0,40
39,5,67,25,58
40,27,37,67,29
41,23,46,50,66
42,58,11,62,57
43,31,34,8,4
44,11,40,43,31
45,15,57,9,29
46,45,22,9,62
47,14,28,43,62
48,30,57,18,62
49,29,53,34,49
50,34,68,56,50
51,30,23,67,59
52,69,21,54,32
53,35,23,6,50
54,51,27,46,3
55,40,55,57,48
56,56,59,51,24
57,7,4,22,24
58,44,36,42,40
59,63,12,69,58
60,59,57,52,23
61,41,46,27,51
62,53,37,52,61
63,36,39,36,63
64,7,39,42,65
65,12,59,27,11
66,51,8,13,58
67,35,59,8,54
68,25,28,14,55
69,21,25,30,60
70,52,36,44,65
71,37,11,44,32
72,42,41,26,9
73,49,25,33,52
74,8,67,9,8
75,5,17,68,67
76,33,11,0,23
77,49,38,33,58
78,4,67,11,30
79,56,11,25,49
80,19,0,53,3
81,42,3,37,9
82,23,18,51,14
83,48,16,3,55
84,14,37,61,44
