1
Grid:
70,70
@.....@...@.@..@@..@@......@....@.@.....@.................@......@.@..
.@..@.@@.@@.@@...@......@..@@..@.....@...@......@..@.............@.@@@
......@..@...@.....................@...@....@...@..........@........@.
@@..................@.@@.....@..@.@@..@.@.....@..@.......@......@.....
..@.....@@..@@.@....@@.........@@...@....................@...@.@..@...
....@@.@.........@.@@..@@......@.@@...@......@.......@..@@....@....@..
...@..@........@@.@.@...........@......@.@....@..@...@..@.....@......@
..@............@.........@...@.................@.@.@..@.@.........@@.@
@@@@..........@..........@..@.@..@...@...@.@...@@@@..@...@..@.@....@@@
......@..@.@.............@..@.@..........@.@......@...................
@@.@.@......@..@..@......@..@.@.........@.....@@........@..@@.........
...@.........@@.@......@......................@............@..@.@.....
........@............@.@@.@..@@@......@@......@........@@.........@...
......@..@.@..........@@.......@..@.@.@@@....@@@.@......@........@.@..
..@@@@.@....@..@.@.............@.......@...@....@...@.....@.@...@.....
......@..@@....@..@@.........@@.@......@@...@....@@@..@......@.@@..@@@
..@..............@....@@..@.@@@@@@@...@.@..@.......@@.@.@.@.@.@..@.@..
.....@.......@...@..@@....@...@........@..@..........@@.@..@......@...
@.........@..@...@..@...........@......@.............@@...@...@@@.....
.....@.@...@@.@@@@..@....@.................@....@@.@.....@.@.@...@@...
@.........@..@@.@...@..@@........@...@...@...@@@@.@@...@@@....@.@.....
..@..@........@........@.@.@..............@@.......@......@.@.....@...
@@.@@..@@.@.....@.@.@.......@@.@......@..@.........@@....@......@.....
.@.@.@...@.....@..@......@@@.@.@@.........@........@@@..@@.@@@..@.@...
.@.....@...@...@..@.@..@..........@.@...@.....@......@....@..@..@.....
.@...@.@.....@@@..@@.@................@....@.@.@....@.........@.....@@
.@....@@@....@@.@...@@....@@..@...@........@.....@.....@....@@...@....
..@@.@@....@@....@..@.....@...@..@.@.@.@..@@.....@...@@..@........@...
...@...@.......@@.....@.........@@........@.@@@@.@@...@..@..@..@..@...
..@.......@@.....@@...@@.....@..@....@...........@....@.......@@@.....
.@...@.@...@..@.............@..@@.......@@.......@...@.@.@@@.@@.......
....@.................@.@.........@.....@......@....@.@.......@....@..
.@..@.@@....@..@@@@.....@....@@..@@@..@......@....@...@.@.@..@....@...
.@.......@..@@@.@.@........@...@.@.@@@.......@@.....@.....@@..@...@@.@
@@..@..@..@.@.....@...@....@......@..@.........@......@@@....@...@@...
.........@.......@..@@..@@@...@......@...@@....@@@.......@@....@......
..@..@@.@....@..........@..@..@....@@.....@...@@@@@..@@@@.............
.@@@...@@.@..@..@..@@@..@@.@..@@@...@...............@.@..@............
.....@....@@@...@@......@@...@..@...........@.@....@.@....@........@..
......@................@....@.........@..@.....@....@................@
.......@..@@@...@.@...@..@...@.....@...@@.@@.@.......@.@@@..@@.....@@.
..@@....@@.@....@.....@...@@@.@..@@....@..........@........@..@....@..
.....@...@@...@.....@..@....@..@.@.......@@......@...........@@@@..@..
.@........@.@.......@...........@......@@....@.@..........@.@@....@@..
..@..@@..........@@....@....@.........@@......@.@...@.@@....@@@.....@.
..@.@.....@.......@...@@....@..@........@@.......@@........@@@.@.@....
.@.....@@.@....@..@...........@..........@..@..@..@@...@.@.@........@.
@@....@.@@..@.@@.........@@..@@@.@.........@@.........@.@..@...@..@@..
..........@...@.@..@.@...........@.@...@...@.....@..@.......@...@...@.
...@@.....@@@...@@.@....@....@........@.@....@@.....@@@@.@.@@.@...@@..
...@....@.@.@....@.@@..@@...@....@.@.@.@..@....@.@.@..@..@.@@@@@.....@
.....@@@..@.......@@@..........@....@......@.....@.@@...@.@....@...@..
@...@...@@.....@..@..@..@....@..............@..@........@..@..@@.@@@@.
.@@.....@...@@........@..@...@.@....@....@@...@.........@........@....
@...@@...@@.@..@@.....@.....@....@@..................@.@..@...@......@
......@...@@........@..@.@....@@@..@@.@...@.@@..@..@.@.@...@.....@...@
@..@...@...@@@@@.@....@.@@..@...@..@@@.......@.@...................@..
@....@.@........@..@@.@..@...@..@.@.@.......@@.@..........@.@.......@.
.@..@.......@....@.......@..@...@.@@.............@@..@....@.........@@
..@...@.......@....@.@.@..@.@@@.......@@.....@.@...@@.@@@@@....@......
...@@.@..@.@.@....@..@@.@........@...@.@.......@@@..@........@........
..@......@@.@.....@@..........@....@...@..@....@..@.@....@...@@.@..@..
@........@...@...@....@....@....................@@...@......@@.@.@..@.
...@.@...................@@..@....@@@.@@.@.........@.......@..........
.@..@@....@...@.@........@@.@@......@@@........@.@.@...@...@@@........
....@.@....@.....@..@...@@@@...@.@.@...........@@@.@...@@..@@@.......@
.......@.@@...@...@.@@@..@.@......@......@@.....@..@..@@..@...@.......
.@@.......@@..@@@......@......@@......@@..@......@..@.@....@.@.......@
.@@....@.....@.@@@@@.....@.@@..@.@.........@.@...........@..@.......@@
......@@.@.........@.@.....@.@....@......@..@..@..@.@@..........@.@...
Agents:
50
0,48,48,6,17
1,18,12,13,68
2,58,43,46,62
3,65,13,60,5
4,11,28,21,35
5,4,4,23,45
6,31,50,34,11
7,54,40,27,19
8,64,13,18,30
9,3,19,11,40
10,8,4,33,63
11,32,69,23,55
12,49,42,40,30
13,35,18,14,24
14,39,1,53,15
15,15,23,30,48
16,3,30,35,45
17,57,52,36,43
18,51,8,62,67
19,69,35,51,61
20,44,69,45,44
21,34,60,35,36
22,50,11,63,17
23,49,31,24,4
24,40,30,51,23
25,31,7,12,58
26,67,50,40,20
27,15,0,19,54
28,57,43,23,8
29,11,66,58,21
30,61,11,6,22
31,61,0,42,16
32,6,17,19,58
33,6,4,10,8
34,43,42,62,23
35,46,42,27,10
36,22,56,13,27
37,18,27,69,10
38,48,38,67,64
39,47,62,19,6
40,37,64,34,32
41,53,50,63,45
42,14,46,10,21
43,3,7,23,62
44,0,52,58,64
45,39,43,52,12
46,36,66,12,12
47,9,63,26,3
48,6,13,65,37
49,0,63,24,66
