0
Grid:
60,60
...............................@........@...................
...................@..............@...@...............@....@
...............@.............@..@...........................
...............@.....................@.......@..............
.................@..........................................
...............................................@............
.@................................@..................@......
.........@.........@...............................@...@....
..................@...@.@...........@.......................
@...........................................................
...@.................................................@......
........@.........................................@.........
.....@...............@........@.............................
......@................................@....@...............
.................@.@........@.........@.....................
............................@........@..................@...
.................@.........................@....@...........
.....@...............@...................@..................
........@.........@....@....................................
.............................@......@..@....................
.............@.....@.......@.@..............................
@@..@..@....................................................
@........@....@.............................................
................................@.@...............@.........
.@...................................@......................
.@.................................................@........
........................@.........@.@@..@...........@.......
....................@............@@........@....@...........
.....@................@...............@....................@
.........@..................................@...............
.....................@......................................
....@..............................@........................
............................................................
......................@.......................@@............
.........................@..............................@...
..............@.............................@...............
......................@..................@..................
.........@................@.................................
.....@......................@....@......@...................
..@.@..............@......................@.......@.........
....................@.@@...@............@.............@.....
......@...............@.....................................
..@@.@....................@........@.@......................
.......@.........................@.@........................
..................................@..@....@.................
..........@..............@..............................@...
..........@..................................@.........@....
..@.........................................................
.......@..............................................@.....
.....@............@.@..@.....@..............................
...@........................................................
.....@..@...........@..@..@.......@...........@.............
.........@.....@.............@..........@.@............@....
........@...................@...............................
......................@................@.................@..
........................................@............@......
...........@..................@.............................
...................................@@.....@.........@.......
.......................@............................@.......
............@.................@.............@...............
Agents:
50
0,9,2,41,51
1,59,58,58,33
2,55,23,37,25
3,9,46,23,40
4,20,10,40,57
5,54,25,29,16
6,38,18,17,19
7,4,40,59,15
8,7,53,51,47
9,17,43,9,37
10,13,59,32,25
11,53,5,34,55
12,46,28,13,57
13,31,47,46,54
14,22,30,33,14
15,58,19,28,52
16,19,34,44,52
17,10,56,10,41
18,58,17,24,6
19,30,18,23,58
20,27,56,14,57
21,57,26,9,18
22,1,49,30,23
23,52,22,38,56
24,18,0,32,29
25,47,58,45,1
26,12,26,18,47
27,48,59,29,12
28,5,50,30,36
29,36,40,6,11
30,15,32,12,31
31,47,23,57,10
32,2,3,27,40
33,7,8,58,41
34,41,49,32,32
35,22,58,53,32
36,1,27,33,33
37,3,57,46,38
38,36,9,20,12
39,29,22,22,21
40,42,0,9,34
41,46,11,10,50
42,51,7,44,33
43,40,49,22,56
44,3,54,56,5
45,9,33,5,7
46,59,27,30,3
47,46,49,40,48
48,14,9,6,6
49,18,58,11,3
