1
Grid:
60,60
............................................................
............................................................
............................................................
............................................................
............................................................
............................................................
............................................................
............................................................
............................................................
............................................................
............................................................
............................................................
............................................................
............................................................
............................................................
............................................................
............................................................
............................................................
............................................................
............................................................
............................................................
............................................................
............................................................
............................................................
............................................................
............................................................
............................................................
............................................................
............................................................
............................................................
............................................................
............................................................
............................................................
............................................................
............................................................
............................................................
............................................................
............................................................
............................................................
............................................................
............................................................
............................................................
............................................................
............................................................
............................................................
............................................................
............................................................
............................................................
............................................................
............................................................
............................................................
............................................................
............................................................
............................................................
............................................................
............................................................
............................................................
............................................................
............................................................
............................................................
Agents:
50
0,50,22,48,29
1,43,15,1,51
2,52,41,34,37
3,32,46,52,23
4,13,30,51,44
5,14,13,20,2
6,39,8,28,8
7,23,23,37,38
8,55,16,58,25
9,39,36,10,1
10,35,38,10,42
11,42,4,11,55
12,59,45,56,27
13,23,48,41,33
14,29,55,1,55
15,55,55,7,48
16,36,59,27,24
17,21,52,29,48
18,7,40,57,48
19,45,45,42,31
20,1,15,21,8
21,49,57,37,44
22,37,43,50,17
23,22,53,11,19
24,28,46,33,33
25,34,23,32,8
26,43,43,13,54
27,37,11,38,56
28,39,38,27,55
29,16,7,51,43
30,18,43,39,32
31,16,17,52,25
32,35,19,26,12
33,36,39,9,59
34,47,31,56,42
35,15,15,19,12
36,31,53,40,3
37,35,20,36,41
38,49,45,53,16
39,26,15,41,27
40,23,29,25,20
41,19,43,25,30
42,20,32,2,40
43,11,53,47,5
44,22,9,57,4
45,12,28,28,32
46,23,37,2,58
47,27,18,54,20
48,58,31,13,55
49,22,18,30,38
