1
Grid:
70,70
..............@...@........@............@..@.............@......@..@..
............@........@...@..........@........................@........
@@..@.@................@@......@.....@................................
.......@..@@@....@......@...@.@@..............@....@...........@@...@.
......@.............................@..........@@.......@.............
.......@..........................@....@..@....@...@...............@..
.....@.@..@...........@.....@.............................@........@..
.@........................@..@.....@...@.............@........@.....@.
..................@......@.................@..@.............@.....@...
...........@......@@........@..........@.@......@...@.@...@...........
....@..........................................@......................
.......................................@.....@@...@......@@........@@.
......@.....@..@@....@..........@.....@....@..@................@.....@
............@.........@...@.......@..........................@....@...
................@.@.....@........................@@................@@.
..@..@@.............@.....@.@@....@...@........................@......
........................@.@.........@...................@...........@.
.....@....@......@.............@@.......@....@.............@....@.....
@@......@....@.@..@.............@...@..@.@.....@..............@.......
....................@.@...........@....@@.......................@.....
...@...............@....@.@.....@........@........................@...
.................@........@............@.........@...@................
.@@.........@......@......@..@....................@.@.................
.......................@.@........@..@....................@.@.........
..........@....@............@..............@@.....@..........@........
............@...@@......................@.........@...................
......@...@.....@..@.......................................@..@.......
........@....@.@.........@........@..........................@..@@....
.......@..............@..@......@........@.................@..........
...........................@....@..@.@...................@@...........
@..........@....@..@.......@..@..@......@..@....@..@..................
...........@..............................@..@..@.......@.........@.@.
.@@@.@...........@......@...............................@....@....@@..
...............@.@...@.@.....@@.................@@..................@.
.@................................@............@.............@........
........................@.................@.........@@....@....@....@.
..........@...........@..@..............@...@.@..@....................
@.....@.@...................@.....@............@....@.......@.........
.....@.......@....@..@.............................@.........@.......@
........@..@..@.....................@...........@...@.................
..@...@..........@.@......@.........@..........@...@@..@..........@...
...@......@...@.................................@................@....
..@....................@..............................................
.@..............@...........@@...............................@.......@
@@...............@..........@.......@@..............@.......@.....@...
..@...........@..........@................@..@.......@................
...............@....@..................@...@..........@...@@..........
@............................................@........................
........@....@.@.@....................@.@.....@..........@...@@...@...
......@@..@...............@..@...@@...@....................@......@...
.@.@..@@......@...................................@......@............
....@.@.@...@......@..............@..........@.......@.....@..........
.........@......@........@.@..@......@...@....................@.......
.........@.........@........@....@..................@@..@...........@.
....@@...........@...@.......@....................@..@............@...
......................@............@............@...............@.....
...................@................@....@@....................@......
...@..................@...........@..@.......@.....@.................@
.....@................@.@.............@..........@..@.................
.........@............@..............................@...@..@.........
..................@.......@...................@.@..@..................
.........@................@........@....@..............@..............
........................................@.@......@.......@............
......@................................@.......................@......
..........@......@@..@.............@..@.......................@.@..@..
......@..............@@...........@....@.....@@.....@.................
.............................@.............................@..........
.....@........@.....@........@@........@........@.................@...
......................@.............@..............@@.....@@.......@..
......@.....@............................@....@..@......@...@..@...@..
Agents:
40
0,27,46,29,43
1,4,63,11,7
2,54,10,56,0
3,31,67,35,16
4,1,40,49,56
5,16,10,51,23
6,52,1,35,33
7,1,53,10,16
8,26,54,62,20
9,45,22,49,47
10,63,45,62,59
11,69,53,48,42
12,65,51,43,52
13,60,27,25,49
14,58,46,55,19
15,61,67,9,42
16,32,15,68,16
17,45,41,20,10
18,50,18,38,67
19,55,47,21,44
20,68,38,39,42
21,13,9,55,54
22,49,22,40,44
23,63,61,14,37
24,1,51,18,58
25,0,31,24,64
26,26,1,42,35
27,6,44,45,33
28,52,40,52,54
29,18,55,51,24
30,38,56,64,57
31,8,54,46,28
32,3,4,60,13
33,55,26,63,52
34,37,15,26,48
35,47,31,40,3
36,40,56,24,56
37,2,38,8,20
38,46,40,64,54
39,53,69,34,32
