1
Grid:
60,60
.................@.........................................@
..@...................@...........@@.....@..........@.......
...@..........@..@..................................@..@....
..@.........................................................
.........@...................@..............................
...@...................@............@.................@.....
..........@...........................@.....................
.....@......................................@...........@@..
....@............@.......@...............@..................
......@..@...............@...........@......@......@..@.....
.......@..................@...........@............@..@.....
......................................@@....................
.@..........................................................
.......@.........@.........................@................
.....................@...................@..................
..@.........................................................
......@@....@@........@..@.........@........................
..........@....@.......................@.@.....@............
....@.......................@.....................@.........
..................@.........@..........@....................
.......@....................................@..........@....
.@..@................@.........@...................@........
...@.........@...@.....@.........@..........................
..@.........................@..............................@
..@@@.......................@@..............................
.................................@..........@...............
.............@..............................................
............................................................
....................................@......@................
..............@.............@.............................@.
........@@...........@......................@...............
...@......@..........@.@..........................@......@..
.....@.............@.....@.@..@..........@..................
.........@@........................................@........
@....@@...................@.................................
......@........@@...............@...........................
............................................................
..@.......................................@.................
.@.@...........................................@@...........
...@.@...................................@..@...............
...........................................................@
@..@........................................................
.....@......................................................
..................................@.........................
............................................................
......@............................@.................@......
.....................................@......................
...........................@........................@...@...
.............................@....@....................@..@.
........@...@...............................................
.......................@.....@...........@@.................
......................................@...............@@....
@.......................................................@...
........................@.............@.................@...
.....@.............@........................................
.............@.........................@...........@........
.............................@.....@....................@...
................................@................@......@.@.
......................@..........................@..........
..............@.............................................
Agents:
60
0,59,41,17,19
1,57,6,35,48
2,31,55,46,48
3,2,45,9,8
4,9,29,37,40
5,4,32,17,54
6,22,8,2,16
7,7,2,57,46
8,46,21,51,53
9,56,15,29,52
10,25,36,53,45
11,58,0,20,37
12,23,8,27,3
13,15,57,50,9
14,57,2,39,32
15,42,10,43,38
16,5,4,39,0
17,17,23,2,19
18,56,3,15,19
19,23,14,20,47
20,7,51,29,7
21,53,20,49,10
22,19,8,4,42
23,36,42,53,22
24,33,6,13,34
25,39,39,36,1
26,55,34,37,52
27,43,23,52,38
28,43,56,12,45
29,40,4,25,58
30,48,6,26,57
31,47,54,8,54
32,27,18,37,47
33,50,44,33,28
34,5,42,36,32
35,58,42,52,11
36,7,33,23,53
37,42,38,41,14
38,41,15,46,9
39,31,32,40,23
40,24,51,13,14
41,14,30,20,30
42,21,54,13,36
43,40,0,20,35
44,20,0,31,39
45,33,2,26,11
46,3,46,32,38
47,40,18,6,59
48,51,49,51,12
49,0,56,1,13
50,41,12,49,5
51,26,9,44,18
52,40,5,56,53
53,15,27,17,58
54,51,7,59,34
55,40,56,20,27
56,43,45,41,36
57,39,56,50,14
58,3,4,48,17
59,22,57,6,29
