0
Grid:
30,30
..............................
..............................
..............................
..............................
..............................
..............................
..............................
..............................
..............................
..............................
..............................
..............................
..............................
..............................
..............................
..............................
..............................
..............................
..............................
..............................
..............................
..............................
..............................
..............................
..............................
..............................
..............................
..............................
..............................
..............................
Agents:
18
0,13,14,14,23
1,9,4,14,8
2,22,3,20,29
3,19,21,25,29
4,13,6,1,15
5,18,29,8,16
6,26,11,19,25
7,27,15,3,3
8,6,20,4,21
9,26,13,0,28
10,23,10,14,28
11,20,13,28,10
12,28,18,1,10
13,7,26,3,20
14,26,23,16,2
15,2,9,23,12
16,8,7,1,3
17,22,21,10,24
