0
Grid:
70,70
..@......@..@@.....@..@.................@........@..@.................
.........@..@..@..@...........@@........@.@............@.....@........
.......@....................@...@.......................@@.......@.@@.
......................................@.......@.......@.....@.........
............@...@.....@.@...@.............@.@.@.............@.....@...
.@.@.@............@..@............................@...................
......................@................@.....................@......@.
...@..@......@@......................@...@.......@............@.......
.@....@.............................@.....@..@....@@.....@.@..@.......
.....@..............@.....@...........@...@..@....@...................
................................@.....@............................@..
.@...........................@.................@.......@...........@..
.........@...................@..............@.@................@......
.............@@@...............................@@...@.............@...
.......@.@..@@....@........@.@.........@................@.......@..@..
..@...........@.............@....@............................@...@...
.......@..........................@..............@....................
.@......@.@@..@.................@.........@.....@.....................
............@@.......@..........@.@........................@..........
..@......@@...........@@.@.......@..........@......@..@.............@.
.......@........@......@@@.......@......@..@.@...........@.@..........
.@....@......@...................@.............@................@.@...
.........@.......................@......@................@.........@..
.............@..........................@....@....................@...
....@...............................@..@.......@.........@.......@....
......@@.....................@...........@....@....@........@.........
......@...........@..............@........................@.......@...
.@......@..@...................................@....@....@..@.........
...@.........@.@............@.@.........@........@....@@..@..@........
.@.@..........@..@....@@....@.......@.................................
..@........@@.....@..................................@................
............@...................................@@...@............@.@.
...........@.....................@...@.........................@..@..@
....@..............@..........@......@................................
.....................@................@.................@.............
.@.....................@.........@...................@..............@.
..@..@.@@......@..........@..............@....@......@......@.........
@....@........@.....@@.........@..........@.......................@.@.
@....@.........@.@...........@........@......@..............@.@.......
.....@........@..........@....@......@...@.................@@..@......
...........@.....@...............@.........................@.@......@.
............................................@.........................
.......................@....@..@........@.@....@....@...@.............
....@.............@..................@.....@.......@..........@.@.....
......@............@....@.@@.....................@........@@.........@
....@...@@@...................................@.......................
....@.............@..................@...@@.................@.....@...
..........@..........@........@..............@......@..@...@@@@...@...
.....@......@............@....@.@........@.....@......................
....@..@.....@...@.............................................@...@..
.......@.............@................@.............@.................
..@........@..............@..................@................@..@....
.@....@..@..@.@.....@...........@...@.....@.....@..........@..........
..................@.................@.......................@......@@.
...........@....@........@.@..@..............@......@..............@..
...................@..@@...............@.....@.........@.@.@..........
....@..................@..........@..........................@........
.@.........@...............@.................@........@...........@...
.@........@.....................@......@............@.@........@@.....
...@@@.....@.....@........................@...........................
@@....@........@@........................@........@.....@.............
.@..............@.................@.....................@.....@.......
.........@............@....@@.@.@@.@..@....@@........................@
...........................@....@......@..............@....@..........
.....................@....@...@.@.....................................
@...@.@@..@.@..............@.................@......@........@.@....@.
.........@.......@.....@..........................@..............@.@..
.........................@.@...@..........@..........@..@........@....
.@@.........@..@..@...............@.........@@.....@..@.........@@@...
.............@.........@..........@.........@.@......@...............@
Agents:
80
0,41,59,7,45
1,0,41,55,9
2,33,12,46,25
3,4,69,64,63
4,44,51,40,1
5,25,11,34,64
6,28,69,41,61
7,12,14,32,22
8,10,37,24,42
9,34,32,61,22
10,16,2,65,53
11,57,31,30,46
12,3,39,21,29
13,45,67,40,38
14,17,2,6,66
15,7,26,25,1
16,35,26,59,57
17,5,7,9,54
18,8,4,9,12
19,6,44,46,13
20,51,13,42,11
21,48,67,57,51
22,67,36,30,22
23,54,21,27,46
24,46,9,32,15
25,42,43,55,64
26,37,63,6,56
27,37,7,67,62
28,51,42,7,17
29,45,2,42,60
30,49,38,48,51
31,9,3,11,25
32,28,29,41,49
33,26,42,12,3
34,49,59,59,58
35,60,48,11,17
36,0,50,20,49
37,17,56,1,39
38,49,26,55,34
39,53,46,47,36
40,34,37,11,15
41,37,69,31,2
42,62,2,10,59
43,53,52,41,20
44,18,28,42,33
45,27,51,61,4
46,62,16,23,4
47,53,69,62,12
48,15,49,9,6
49,58,48,61,41
50,2,59,67,22
51,6,1,52,66
52,19,18,49,58
53,4,41,36,61
54,34,13,11,39
55,61,26,39,54
56,50,26,68,19
57,46,67,30,37
58,21,15,48,39
59,29,42,4,40
60,23,35,5,2
61,43,53,21,42
62,31,54,37,39
63,48,61,61,31
64,11,48,25,0
65,63,60,45,12
66,47,65,3,63
67,26,15,59,61
68,23,55,28,46
69,17,49,8,0
70,25,26,59,65
71,2,61,29,52
72,26,57,36,64
73,29,33,33,13
74,48,59,37,50
75,64,56,41,19
76,45,35,29,50
77,40,20,45,31
78,63,43,7,16
79,1,13,12,20
