2
Grid:
70,70
....................................................@@.........@......
.....................@.....................................@...@......
.......@.......@...........@..@....@......@....@...@...........@......
...@..@.....@@...@..@.......@..@..........@....@...............@.@....
............@........@......@.......@....@..@.........@...@....@......
@........................@.............@........@.................@...
...@.......................@....@........@......@..@..@..@....@.@@....
................@.....................................@...........@...
.........................@.......@@......@...@........................
................@..@................@..@..@.@@.@.....@......@...@.....
@...............@....................@........@.......................
..........@.@..............@................@.......@@.....@....@.@...
.....@..................@.........................@...................
.........@...@....@...@.............@..................@..............
..................................@...@@....@.....@...@...............
...................@................@.............@............@......
.......@.........@.................@@........................@....@...
@......@...................................................@..........
.......@@.@........@....@@.@.....@..............@.................@...
.................................................................@@...
..@....@....@..........@...........@..................@.@.............
...........@..........................@...@@...@......................
...........@....@.................@......@...@...@....................
....@.....................@........................@.@@..@...@@@..@...
......@.@....@............@.@.......................@..............@..
............@......................@...........@@@...@..@.............
...........@@..........................................@..............
......@..@....................@.......@@@..@@......@..................
........@.....@........@.....@..@...@.........@..@.....@..........@...
....................@......@...@.............@..............@...@@....
...@..@.@............@......@....@..........@.@@.@.@.............@@...
..@................@......@........@...@......................@..@...@
....@...........@......@..............@.@....@........@......@........
..@...@..............................................@..............@.
........@.........@@......@...@...@.......................@...........
.............@.............@.......@..................................
.........@........@.@.................@................@..........@...
@................@............@................@...@........@......@..
...............@.@..@...@..@..@........@.................@............
..........@.@.....@...@@....@........@..............@.....@...........
..........................@.....@..........@.@.................@......
@.......@..........@..@........@......................@...@@.........@
.....@.......................@..@@.......@.....@.....................@
..@.......................@...............@..@..@.......@.@......@....
...@........@.....@...........@....@.......@...@............@.........
@........@..@...@.@@@..........@...........@...@...............@.@....
....@.......................@........@.......@......@.................
@........@...@............................................@.......@...
...................@..@....@..@@................@...@..............@..
.................@....@.@....@.........@.........@....................
....................@...........@.....@...@..................@@.......
...........@.........@.....@.@...........................@....@@......
.......@.....@..@@.@.......................@........@.................
....................@..........@......@..........@....................
..@@..................@............@............@.@..........@........
.....@.@.......@@........@............@@.....................@......@.
...@...@........@.................@@....@..........@...@..............
..................@...............................@...................
.....@.@................@.@@...@............................@.........
.........@.@.@......@.@.@...@@........@........@@.@......@.@...@......
...@...@.....@...@..........@..........@....@....@....@.......@.......
....@....@............@.........@.@...@................@..............
.....@@..............@................@...............@@.......@.....@
.......@...@.....@..................@....@..........@.................
...................@@................................@.............@..
.....@..@.......@.....@@...@......@..@...............@...@.......@....
......@.....@.............@...@..@.......@...@..........@.....@.......
..@..........@..@@...@.......@@..@..........................@..@......
...............................@.........@....@...................@...
.@......@.....@....@.......@....@..............................@...@..
Agents:
55
0,8,8,47,57
1,8,42,30,36
2,13,59,6,43
3,40,64,15,37
4,59,40,67,22
5,27,54,25,32
6,62,14,44,51
7,19,49,8,52
8,42,67,14,22
9,11,8,1,7
10,34,39,69,42
11,8,4,17,41
12,7,29,50,49
13,33,8,12,57
14,44,28,43,52
15,16,33,19,49
16,64,33,41,27
17,51,14,33,63
18,0,42,55,43
19,66,47,9,61
20,61,69,27,33
21,67,25,24,47
22,8,43,14,49
23,50,35,34,36
24,57,30,53,36
25,55,49,21,63
26,21,54,53,55
27,40,34,50,17
28,38,63,16,39
29,54,6,18,32
30,57,64,5,54
31,3,34,33,59
32,35,12,53,41
33,52,55,38,46
34,16,44,68,22
35,54,42,11,55
36,52,28,24,55
37,46,9,22,8
38,32,20,20,28
39,6,67,48,58
40,7,36,40,11
41,8,57,26,52
42,44,14,2,50
43,31,3,16,23
44,40,1,65,47
45,56,56,53,1
46,32,22,36,4
47,65,42,41,16
48,66,35,23,31
49,38,65,35,9
50,3,8,9,3
51,43,60,65,36
52,26,44,8,8
53,1,28,22,59
54,69,59,18,68
