0
Grid:
70,70
........................@..@...@@...........@.@.......................
....@...@.........@......@..@........@...............@...@....@.......
.......@.............@...@................@.......@@...@.@.@@.@.@.....
.....@..@@....@.....@.....@...@...@.....@........@....@...@...@@@..@..
.......@..@...............@....@........@.....@..........@.........@@.
@.......@..@.@..@..@.@..@....@.....@........@...........@..@...@...@..
................@.......@....@.......@@.........@@.@..@..........@....
@.@.....@..................@....@.@.....@.............@..@@........@@.
.....@...@...@....@..@...@......@.......@......@...@........@...@...@.
...@....@..@..@...........@.@@......@...@@.@...........@@.......@.....
............@..@.............@.....@...@..@..@.....@...@.....@......@.
@@..@..@@............@@...@..................@...@..@@................
@.@........@.......@..@...@....@.........@..@.....@.........@.@.@.....
........@..@.....@@.....@......@..@.....@....@@............@.....@....
..@.........@.....@@...@......@......@....@..@@@........@.@@..........
....@........@@.............@......@.@.@..@..@.@..@.......@.....@.....
......@..........@@@@.@....@.........@.......@@...@................@.@
....@.@..........@...............@..................@.......@.........
@.........@....@@.....@@.....@..........@..........@..................
..@..@...@.............@..............@...........@....@..@...@.......
...@.....@...@..@.....@...........................@.@..@.....@.@....@.
@@...@..@....@......@.@...@.....@.........@.@.@@.....@.@.@.........@.@
..@..@.@.........@...@....@@.........@.....@@...@..........@..........
...@..@@.....@@@.....@.......@.............@...@.@.@...@..@.....@@....
..........@....@@...................@........@........@...............
.@....@......@.@@............@..@..@@...@......@..@....@.@..@.........
....@...........@@....@..@...............@.......@......@...@...@..@..
..@.@..........@@@.....@......@..@.@..........@..@......@..@...@...@..
......@..@.......@..@.......@.......@.....@........@.@..........@@.@..
...@.....@....@...@@.......@@.@..@........@.....@.......@.........@...
......@......@.@.@....@........@........@..........@.@..@@............
........@....@............@...@....@...@....@...................@.....
@..@@@...........@.....@@...@...........................@...........@@
.........@.....@..........@@@.........@.@........@....@...@...........
@@@....@....................@.@@@.......@@.............@......@......@
......@@.@...@@....@...@..@..........@..........@...............@...@.
..@..@.@..@......................................@....................
.@.......@...@......................@........@.@.@...............@..@.
........@....@.@@....@....@..........@.....@.......@.@................
...........@..................@.....@...@.@@...............@..........
.@@@......@..............@....@..@............@.......................
.....@....@.....................@...@...@.@..@.......@..............@.
.@.....@.@........@@.............@@..@.@...@.@........................
.........@....@..........@@........@.......@.@............@..........@
.@................@.........@.....@.......@......@............@@.@....
...............@............................@@......@.....@..........@
...@..@.@@@........@.....@@@.@........@@......@.........@......@..@..@
@...@........@.....@.@..@....@....@...............@............@......
.......@@@@...............@.........@@...@..........@......@...@......
@.......@...............@@...............@@........@.@................
.@.@....@...@......@..@......@.......@...@...@.................@......
.@...........@....@..........@......@..@.................@.@.........@
......@......@@............@@.@............@..@..........@...@......@.
@.....@.....@............@@....@.......@.......@........@....@..@.....
@........@..@........@...@..........@........@.............@.........@
...@....@@....@..........@.@.............................@@........@..
......................@@.....@....@..............................@....
..........@.....@....@@..................@......@..@...@..............
........................@.......................@.@..........@.....@..
.@@...@...........@.....@.........@.@............@............@.@.....
......@..................@.............................@.......@......
.....@..........@.........@@....@..............@..@.@......@..........
@....@..@@................@@@..@@....@...............@..@.............
@..............@....@.................@....@......@@.@...@.......@....
@............@..@...@.....@.@......@@......@@..@..@.@.........@.......
.....@..............@....@.............................@...@..@.@..@..
.....@...............@@..@......................@...@...@.....@....@..
............@@@.@.........@@@...........@..............@............@.
.................................@.@..........@........@.@@.....@@...@
.....@..@....@.@...@...........@...@...@......@...@.................@.
Agents:
70
0,16,25,12,39
1,52,66,35,3
2,19,25,60,40
3,54,17,20,34
4,43,67,9,67
5,24,35,50,9
6,44,57,17,10
7,69,20,63,10
8,51,64,3,37
9,17,9,47,54
10,67,32,10,30
11,52,42,15,20
12,60,3,69,3
13,30,12,28,69
14,0,19,18,21
15,49,16,34,10
16,62,45,24,57
17,61,33,42,52
18,15,9,19,36
19,63,66,65,17
20,15,25,39,49
21,33,13,48,11
22,66,10,59,20
23,28,12,59,8
24,18,30,35,40
25,65,28,37,46
26,38,54,39,4
27,65,42,69,34
28,16,23,44,51
29,17,8,26,3
30,65,35,16,4
31,37,21,66,4
32,15,1,60,37
33,16,26,47,51
34,8,46,32,51
35,6,19,66,58
36,53,58,17,64
37,20,33,23,10
38,6,7,66,46
39,60,43,45,1
40,24,68,28,32
41,13,21,21,52
42,49,62,48,32
43,7,25,13,50
44,40,67,47,7
45,15,62,42,24
46,44,67,8,41
47,13,37,7,23
48,37,16,26,21
49,1,29,57,38
50,9,46,24,32
51,58,28,6,55
52,22,68,43,64
53,58,9,47,57
54,62,58,48,48
55,45,64,17,19
56,67,50,61,42
57,64,64,12,48
58,21,24,20,26
59,19,53,47,22
60,6,9,56,49
61,4,61,22,41
62,13,4,48,20
63,37,32,53,21
64,20,38,9,33
65,40,44,36,57
66,42,64,23,18
67,59,37,35,31
68,32,21,8,23
69,39,8,14,8
