0
Grid:
70,70
....@.....@.....@...@.......@@........@.@@@...@.@.@..@................
...@...............@....@.........@....@....@..@...@.....@....@.@.....
@...........@@.@..@...@..........@....................................
........@.........@.....@@..@@@..............@............@......@..@.
.@......@@.....@.............@....@............................@..@.@.
...@@.@.@...@....@..@.......@.@.....@...@............@......@.......@.
.......@........@.@@....@...............@........@.@................@.
..@............@........@.......@.@..............@..........@.@.....@.
.@.....@........................@...@....@....@...@.....@.........@...
@...@.............@......@....@.........@.......@.@......@...........@
........@.@...@.....@.@............@.........................@@......@
............................@.@.@.@..................@................
...................................@.@...@......@....@@..@@.......@@..
@..@............@..@.@..@...@..@...@...............@@.................
..@...@...............................@.@....@.......@.@@@.@......@...
...@...@.....@...@....@................................@.......@..@..@
...@......@.....@..@....@...............@....@..@............@........
...........@............@..@@.@.......................@@..@.@....@...@
...@.@...............@.@@.@@.@.....................@...@.....@........
................@...........@......@..............@........@@@@.......
.....@...@............@.........................@@.....@.@....@.......
....@...........@......@...@............@...........@.....@@@.......@@
...@............@....@.......@....@......@.@..@....@..................
..@.........@....@.............@.....@@.................@@@...........
.@........@..@........@...@...@.@@.........@.....@.........@....@..@..
..@.................@.......@.@...............@.....@.....@..........@
.......@@.@@..@..@.....@....@...@....@........@.......................
@.@......@..@..............@..@....@.@.......@.........@.........@.@..
...@.....@.......@@......@@..@........@..@.@@@....@.@.....@@...@....@.
...@.......@........@...@......@.........@..............@@....@....@..
.@@.....@.....@.............@@..@.....@.@...............@.......@....@
.........@....@....@...@....@............@....@.@..@.........@........
........@......@.........@@..@....@.......@@@...@.....................
.........@................@...@.....@@...@..@..@........@.......@.....
...@.@...@....@............@.....@..@...@@...................@........
...@....@....@......@....@..@........@......@....@..@..@......@.@.....
.............@..............@.@..@@..@........@@.@.......@.@.......@..
..@...@..@......@@...........................@@.@@....................
@@...@...@...@....@@........@@@..@....@...@@@@.............@@....@....
@........@....@.......@....@.@@.@.............@...@.............@@....
...@.........@...@...@.............@@.@@.........@.@.......@@.@...@@@.
..........@..@....@.@.................@@.................@@@..........
...@.........@...@.....@.....................@..@.@..................@
.....@.....................@.@......@.@.@....@..@@...@.@.....@........
.@............................@.....@...................@........@@...
........@....@.................@....@.................@.@...........@.
@..@@.................@...........@.@@.....@...@..@.......@......@....
@..........@...@..@.....@.@..@........@@.......@.@....@....@..........
.......@....................@...........@..........@...@....@@.....@.@
..@...@.............@...............@.....@......@.@.....@@....@.@....
........@..................@.....@.............@..........@..@..@@....
..........@...@.....@..@......@........@@..@..............@.@.........
....@..@.....@.@@.......@@..@.....@.......@@....@.@.@@@............@..
..@.........@.......................@....................@.......@....
...@...@.....@..@..................@...@...........................@..
.@....@@...@.@@@..@.@...@........@.....................@@..@.@..@.....
........@....@......@.....@@..........@@..........@...@@@.....@.......
...@@..@.@.@.@.....@...@....@.@...@..@..@.................@.....@@....
.....@.......@@.@...........@........@@............@@.......@......@..
...@...@..@......@...............@.@.....@.............@..............
...@..................@...........@..@.....................@.....@....
....@........@@@@..........@@.@..........@....@............@..@..@...@
.......@...@......@..@...@..............@..@.....@.@...@..............
.....@...@.............@......@......@.......@.....@....@........@..@.
.@.@.........@@@.........@........@..@..@..@.....@...@..@.............
........@@.......@....@........@.....@.......@.....@.@.......@........
@...@......@....................@@..........................@.@.......
.....@.@.................@@@.....@@........@...@@..@........@.........
..........@.......@..@@.@@....@...........@................@..@.......
....@...@......@..............@.........@.@................@..........
Agents:
65
0,45,63,27,8
1,56,4,6,20
2,26,56,17,15
3,56,58,39,62
4,67,64,37,4
5,22,24,18,8
6,65,14,7,43
7,36,16,3,38
8,65,55,43,11
9,53,17,3,34
10,56,1,49,24
11,15,56,47,17
12,45,52,30,58
13,43,42,6,13
14,58,1,33,60
15,45,7,64,58
16,43,31,33,65
17,57,2,40,47
18,52,32,6,33
19,51,9,50,13
20,11,50,14,24
21,21,18,62,22
22,48,11,23,43
23,7,23,60,14
24,3,43,25,36
25,17,1,69,10
26,58,39,23,16
27,10,3,31,54
28,60,32,31,21
29,20,50,65,14
30,36,63,28,23
31,43,34,11,5
32,68,51,16,54
33,35,23,30,5
34,20,35,16,51
35,4,55,0,23
36,21,11,64,32
37,35,35,20,1
38,68,1,57,60
39,43,17,1,30
40,61,48,47,32
41,42,18,25,23
42,59,30,5,69
43,14,27,25,1
44,49,19,30,23
45,38,49,58,54
46,33,25,65,7
47,58,50,60,4
48,23,52,53,33
49,28,23,52,30
50,4,53,18,9
51,15,0,15,50
52,39,1,28,49
53,61,50,56,45
54,59,56,27,20
55,51,1,26,64
56,46,12,32,16
57,19,6,48,34
58,17,42,21,45
59,48,9,51,57
60,46,17,18,0
61,12,8,41,25
62,48,37,8,21
63,7,50,13,18
64,15,14,39,57
