0
Grid:
60,60
......................................@....@................
.........@............................@........@....@.......
.............................@................@.............
..........................@.........................@..@...@
.........@.................@..@.....@.......................
.....................................@...........@..........
........@...........@....................................@..
.......@....................@....@..@.......................
........................@......@...@........................
.....@..@....@.............................@................
..........................@.....@........@..................
........@.....................@.....@@..@@..................
..........................................@.................
.....................................@..............@.......
.....@................................................@.....
.....................................................@......
.....................................@......................
..........@....................................@............
......@................................@.......@.....@...@..
..............................@.......@.....................
......................@....................@................
.............................@..............................
......@.............@.......................................
...@.......@.......................@......@.................
@..@......................@.......................@.........
........................@................................@..
.....................@.......@............@.........@@.....@
.........@..@.........@.............................@.@.@..@
....@...............................@.......................
............@.............@.@........................@..@...
.........@@.......................@........@......@.........
..............@.......@.....................................
.............@..........@............@......................
...............@..@.........................................
........@..@...............@...........@.......@............
........@..@.......................@........................
.@........@.................@................@...........@..
..@................@..................@...@.........@.......
@........................@...@..@...........................
.....@.@....................................................
......@.....................................................
...............@......................@....@................
@@..............@.@...@......................@..............
.........@.................@................................
.............................................@.........@....
.............@.............@......................@.........
.........................@..................................
.......@.........@................@.....@...................
..................@.........................@...@...........
...................................@.........@..@...@.......
....@...........................................@...........
@......@.......................@.........................@..
.............................................@...........@..
.............@...............................@.............@
......................@.....................................
.........@..................................................
....................@.......................................
............................................................
............@.@..............@..............................
......................@.........@......@.......@..@.@.......
Agents:
70
0,57,26,35,22
1,29,9,30,30
2,28,25,57,43
3,15,41,46,58
4,24,9,20,46
5,41,25,35,38
6,22,24,29,46
7,10,30,27,37
8,15,2,50,45
9,9,1,52,22
10,19,16,24,59
11,59,27,3,34
12,40,38,58,59
13,1,5,6,54
14,35,10,23,49
15,15,50,55,26
16,28,11,9,50
17,53,28,45,37
18,6,41,5,9
19,10,48,0,18
20,47,14,59,34
21,43,1,17,29
22,13,31,8,59
23,54,1,8,28
24,16,25,48,50
25,3,41,8,0
26,27,2,9,46
27,28,50,29,8
28,24,10,33,59
29,14,32,30,38
30,34,30,46,8
31,9,31,12,31
32,29,0,49,25
33,2,4,18,9
34,8,40,24,19
35,55,37,21,14
36,5,11,26,18
37,39,26,7,6
38,54,59,2,32
39,51,55,38,38
40,58,34,37,9
41,54,50,41,35
42,46,13,10,4
43,42,25,15,38
44,42,3,0,42
45,4,56,17,58
46,27,38,43,29
47,14,17,33,37
48,4,11,51,4
49,29,49,14,22
50,52,35,26,15
51,36,16,47,54
52,22,2,19,25
53,56,24,53,46
54,18,19,13,20
55,34,59,50,3
56,36,18,14,11
57,45,15,48,49
58,18,36,34,55
59,22,5,44,38
60,36,59,54,23
61,10,27,14,0
62,56,22,34,21
63,21,42,31,39
64,26,8,35,59
65,41,18,17,12
66,20,20,53,48
67,37,26,41,21
68,3,39,52,38
69,7,40,34,13
