0
Grid:
20,20
....................
....................
............@@......
..........@.........
...............@....
.....@..............
@...................
.@..@......@........
....................
...@.@..............
...............@....
....................
........@.....@.....
....................
..@.................
@...................
.....@........@.....
....................
.@..................
..........@.........
Agents:
10
0,13,8,7,2
1,13,16,11,12
2,1,0,15,6
3,3,15,5,15
4,0,3,7,5
5,2,14,0,2
6,6,7,10,9
7,18,12,11,18
8,10,2,1,6
9,7,17,18,8
