0
Grid:
70,70
............................................@.......@.................
.@.@.............@....................................................
......@.......@..@........@..@.@...@..................................
.........@...@.............@..........................................
...@................@....................@............................
....................................@..........@......................
...............................................@......................
@.........@.@.....................@....................@..............
.............@.............@.......@.......@........@..........@......
.....@.......................@........................................
......@...............................................................
.........................................................@..@.........
..@..............@.................................................@.@
...................................@@................@..............@.
......................................@@.............@................
...............@..................@.........@........@................
.....................@................................................
....@..................................@........@....................@
........................@.....................@.....@...............@.
...@.................................@...............@...@.....@......
..........................@....@..........@.........@.................
...............................@@.....................................
...........................................@..........................
..........................................@..@.......................@
.........................................@.....................@......
......................................................................
......................................................................
.....@.............................................@..................
....................@.......................@.........................
.............................@........................................
..................................@................@..................
......@............@...........@......................................
..@...@....@.......@....@............@...............................@
...@.............................@....................................
..........@......................................................@....
...@...........................@.......@.......@...@.................@
.......@.....@.............@....@.................@@...@..............
@............@..@......@...........................................@..
@..........@.....@...........@...@..............@.....@@..............
....@.................@...........................@...................
@..................................@...................@........@..@..
.........@.......................@....................................
..@.@...@.............@.................@@@...@.......................
.....@.......................................................@........
.........................@...............@............................
.............@......................@................@..@.@...@.....@.
.............@.@....................@..................@..............
...........@...........@.................@........@...................
.......................................@.........@.....@............@.
..@....@.......................................@..........@...........
........................@.............................................
.......................@.............@.........................@......
.................@...............@........@.................@.........
....@..................................@........@...@..............@..
.@.............@...........@@..................@..@...................
@.....@...................................@...............@..@........
...................................................@.................@
..............@..................@....@........@.........@...@........
..................@...........................@..............@......@.
@..................................@..@...................@...........
.@..............................@...........@.........................
...........@.............................@..................@@........
....@.@...@.............@...........................@@...@............
...................@...@..............@..........@...................@
.........................@...............................@............
.....................@....@...........................................
...................................@.............@.........@..........
.........@...............@..........@.................................
........@....@..................................@......@..............
..........................................................@....@......
Agents:
85
0,2,69,3,63
1,57,63,35,26
2,40,53,34,41
3,45,22,0,5
4,68,62,26,21
5,59,2,57,67
6,51,64,61,21
7,24,35,59,22
8,6,53,44,37
9,20,62,48,58
10,24,55,67,11
11,32,42,51,54
12,27,7,64,32
13,42,43,11,67
14,3,52,7,68
15,6,31,44,26
16,55,9,58,51
17,40,3,56,50
18,19,40,3,65
19,39,34,65,14
20,2,9,27,15
21,33,14,32,46
22,10,12,26,42
23,2,65,60,39
24,10,66,6,23
25,69,7,49,59
26,41,65,69,22
27,21,16,41,14
28,36,15,33,4
29,10,2,36,9
30,18,15,53,0
31,56,28,3,60
32,16,42,21,2
33,24,21,47,35
34,16,36,7,58
35,13,55,10,53
36,59,15,30,6
37,22,17,17,6
38,31,15,4,50
39,5,46,22,38
40,33,7,52,32
41,53,68,35,0
42,60,59,32,44
43,57,24,22,50
44,36,3,47,45
45,3,7,42,62
46,23,0,54,25
47,60,17,3,48
48,28,52,15,28
49,65,29,67,32
50,41,58,46,28
51,49,33,37,25
52,64,55,15,61
53,6,6,31,14
54,53,20,25,2
55,27,33,26,27
56,39,11,3,69
57,32,57,21,51
58,38,27,27,26
59,54,0,44,46
60,54,12,21,29
61,32,59,1,40
62,24,5,50,20
63,59,49,61,50
64,20,45,17,12
65,5,44,60,8
66,27,19,11,6
67,4,4,62,59
68,53,50,16,24
69,30,17,34,62
70,20,53,30,66
71,50,59,51,0
72,31,48,43,37
73,55,41,7,39
74,45,40,59,53
75,3,36,36,29
76,1,57,25,23
77,22,16,58,6
78,52,58,38,3
79,29,4,4,13
80,0,51,61,25
81,28,64,40,45
82,53,12,10,52
83,43,4,7,53
84,39,37,7,28
