0
Grid:
70,70
..............@................@........@....@...........@.@..........
@@..@...@@...@.............@...@.....@..@..........@............@.....
..........@.....................@.............@..............@......@.
....................@...@........@...@............@...................
...@@.............@.@...........................@@.........@.@........
..@@.....@..@....@.@.................@..............@.@...............
...............................@.....@.....@........@.................
.@......@.........@.......................@................@..........
...................@.......@...@.................@.........@.@........
.....@..@@..........@........................@@.......@.@..........@@.
.@..........@.......@......@..@...@.@@..........@.@.@..@...........@..
..@.......@..........@................@.......@..............@@@......
...................@.......................@..@......@........@.@.....
..@......................@.....@....@.......@.......@.@...............
.@.......@.............@...@...........@..@....@...................@..
.@.......................@........@........................@......@.@.
.......@....@....@...@.@..@.........@................@..@.............
.................@@.....@...........................@@................
.@...........@.........@..........@..............................@.@..
.@...@...........@.............@..........@.............@............@
.......@.@...@.....@......................................@...........
..@@................@..........@@..................@..@..........@....
..@@....................................................@@.........@..
@........@@.....@................@............@.@......@.........@....
...........@..@.@..............@..................@............@.....@
....@................................@...........@..@.......@........@
....@..@..@.....@....................@.@...@...@...........@..@.......
..........@...........@.@@@......@........@.....@..........@......@...
......@@..@................@...@@...@.......@.........................
.....@..@........@..............@.....@.........@...........@.......@.
.....@...........................@........................@....@......
....@.@..@..............@..................@..........................
...............@..........@.....................................@.....
..@.@......@..@..@....@.....@@....................................@...
......@...@......@.................................@..........@.......
@.@..............................@.......................@............
@@.......@..................@.@@........@..@.@.................@......
.@.....@....@.......@.......@..@...@.@..@@..@...............@.........
...............................@......@..............@...@......@.....
......@.....................@@.....@..................................
........................@.@.@...............@...@.....................
.@.....................@....@......@...@....@....@.............@.@....
@....@...............@..................@................@....@@...@..
.@........@.@......@.....@.....@@....@..........................@.....
..@..............................@@...................@............@..
@....@..................@....@...@........@@............@.............
......@......@@..@.................@...@@..@........@.........@.....@@
...............@............@............@...............@............
.......@@.@..............@@..................@.........@...@...@......
.....@............@......................@......@.........@.........@.
...........................................@@....@......@.............
.....................@.@.............@.........@............@.........
.@@..@...@..............@..@......@.........@.........................
................@.............@........................@..@...........
............@............................@@..........@................
.........@.............@.......@...@................@........@.@......
....@..........@..@@...............@...@.........................@@..@
........@......@........@.......@......@.............@.......@........
......@.@...@..............@..........................................
......................@..@@..............@......@.@@@............@....
..........................@..........@............@........@.....@....
..@..@.......@...........@......@...@.....@.....@.@.............@.....
.@...............@....@........................@...@......@@.....@....
.@....@.......@...@.....@.@.............@.....@.@.....................
....@.@@.......@@..........@@......@.......@@.........................
.........................@......................@.........@...........
........@.......@........................................@............
........@.....@..........@.@.........@@@...@.....@......@@...@.....@..
.................@....@.....@..............@.....@....................
...@.................@......@...........................@.....@@......
Agents:
50
0,6,4,56,33
1,10,32,22,60
2,27,46,42,26
3,6,38,28,20
4,56,44,54,19
5,56,47,42,52
6,3,45,15,31
7,6,47,58,35
8,30,57,50,27
9,24,8,11,22
10,51,69,33,1
11,8,2,50,50
12,22,22,4,23
13,44,28,20,40
14,23,13,35,53
15,39,8,68,66
16,33,61,24,26
17,22,10,50,37
18,1,36,25,29
19,62,7,14,10
20,18,25,24,25
21,28,30,49,42
22,44,16,43,50
23,25,47,46,60
24,41,6,38,21
25,21,62,67,35
26,37,3,23,24
27,69,27,42,54
28,23,60,69,69
29,6,67,69,11
30,13,38,10,19
31,34,13,45,32
32,6,15,57,47
33,7,14,4,60
34,37,55,54,15
35,5,48,1,24
36,61,60,45,26
37,3,46,28,55
38,41,33,60,18
39,26,8,27,20
40,40,30,23,47
41,43,67,55,7
42,20,28,20,41
43,7,60,44,7
44,1,38,37,6
45,24,12,8,24
46,18,5,61,8
47,52,11,24,55
48,69,37,37,46
49,56,59,41,33
