2
Grid:
70,70
...@....@....@...@@.................@@.@@.@........................@..
@..@.................@...@....@......@.@...............@.@.....@....@.
..@...@...@..@..@...@.....@.@.........@..@.....@.@....@@....@.....@..@
.............@.....@.............@......@............@....@.@..@.@@.@@
...@...@......@@...@..@...@.@.......@......@..........@...@.........@.
....@......@..@..@............@.@....@.@............@@.........@..@...
..............@...@..@....@@@............@.........@...............@@@
..@@.......@@.....@.....@...@@.........@.............@......@......@..
.......@..............@................@.......@.@..@.@...............
..............@.............@.@.......@...@@.@...........@...@......@.
.@.....@.....@...@.....@@..@........@..@.@..........@@.@..@...........
.......@......@@..........@.@@......@@....@.@...........@...@....@@...
........@..@....@.@.@@@....@....@@.....@@...@.@...@@...@......@.@.@...
@...@...@@............@..@@@.@.@......@....@@...@...@.@.........@.....
.@.@.......@.@..@..@.......@..@.@...@..@................@@.........@..
..@@.....@...@...@....@..@.....@...........@..@@@...@@.....@..@.@.....
@......@@........@..........@.....@.......@........@@.@...@.@.........
.......@........@@.......@.......@..@...@................@....@.......
...@.@.@...@...@..@@@.........@.@@.@...@...@@...@..@.......@..........
....@..@.@@@...........@....@...@@..........@.@..@..@.@.@....@...@@@..
@.@..@..@.................@.@...........@...@...................@.@...
@....@@...@.......@......@.@.@...........@.....@@...@...@...@..@.@....
@@..........@......@@.@..@.@@@.........@.....@.@@.....@....@.@.@....@.
..@.@.....@......@......@...@..@..@..........@....@......@..@@........
.@.......@.......@..@.@...@@@....@...@..........@....@@..@@@...@.@....
....@....@............@....@@..@..@.@...@......................@...@..
@...@..@............@.@...@....@.@@@....@@......@............@.@....@.
.@..@..@...........@.................................@...@@.....@.@...
..@....@...@...........@.......@.....@.@.......................@..@.@@
.....@.@@....................@.@..@..@...........@..@......@....@...@.
.....@...@.@..@..@...................@..@..@@....@@...@.........@@....
..@...................@..@.....@.....@@................@.@.......@@.@.
.@.@.......@...@..@.@...@.............@.........@......@.@............
.....@..@.........@...@....@..@.....@...............@....@............
.......@.....@@.....@...............@..@@....@@@@...@..@.@...@........
.@........@....@...@@.@@.@......@...........@.@..........@..@.@.......
..........................@@.......@@.@.....@........@.@.@....@@..@@.@
.......@......@@.........@..@@..@....@@......@........@@.@.@@@..@..@..
......@........@...............@.........@...........@....@...........
......@@...@@@.@......@.@.@.....@.....@@@@.@..........@...@....@......
.@....@....@.........@...@...@..@@....@....@...@........@...........@.
.@..@@....@..@.....@....@......@@..@........@..........@@..@@...@.....
.....@.....@..........@.@.@...@...@...@...@......@.@..@..@.@.@.@.....@
...................@@......@@.....@@....@.@....@@@..@.@....@...@......
.................@..........@....@.....@......@..@@.....@....@..@@..@.
..@......@................................@...@...@.@@.......@@@..@...
.........................@.@.......@.......@..@...@..........@@....@..
.@.@@......@.@....@.@@.@....@..@....@...@...@..@..@.........@@..@....@
...............@.@@...@............@....@.......@..@@......@..........
.@....@.@.......@..@......@.@@@@................@.....@..@...@.@....@.
@@.@@.....@.............@.........@.....@...@@....@.@..@......@.......
.@.@@................@@.@.@...@....@...@....@@@.......@..@.......@...@
...@.........@@..@@......@@.........@.@..........@..@.@.........@.@@@.
....@....@.@......@....@.@@...........@...@...............@@..@.......
.....@@...@...@..@.........@@@..............@..@..@.@..@.....@.@.@@@..
@...............@.@......@.@..........@..@@...@..@....@........@...@..
@...@..........@..@.@@...@@..@@.....@@.@....@@@@....................@.
........@@.@@......@.........@..@.@..@.....@@@.@..@...............@@@.
...@.......@.@..@.@...@.@....@.@..............@.......@..@@..@.@......
.@..@........@.............@.......@...........@...@@.@.@....@......@@
..........@..@@@..@.......@@........@...@@.@@@..@......@..@...@.@@..@@
....@....@@...@@..........@@...@.....@.........@.@.@...........@......
@.@........@......@@@.@..@.@......@....@@...@.@.......@.....@@........
.....@.@@.@......@.@...........@.....@....@...@..@...@........@.......
...@.........@..@...@......@....@......................@....@@....@...
@.......@.......@..@.@@@.....@..@........@@.@.@..........@..@@@.......
..@....@@@.@..@.....@..@@....@.....@@........@.@.@..................@.
.@@..@..@........................@.@.@...@.@..@...@.......@@.@.@..@..@
......@...............@.@..@.........@..@@.........@......@.@@.....@..
.....@...@......@.@@......@@..@.@............@......@@@@......@.@..@..
Agents:
50
0,2,50,20,55
1,61,7,20,14
2,2,61,20,51
3,26,57,25,42
4,14,69,48,46
5,44,42,46,22
6,59,67,46,21
7,68,20,67,21
8,49,9,41,42
9,68,3,43,9
10,1,12,33,62
11,58,55,48,13
12,44,69,43,0
13,18,26,17,61
14,51,37,33,14
15,26,29,67,57
16,55,21,62,16
17,17,32,5,49
18,38,59,4,17
19,35,9,51,6
20,53,45,14,21
21,60,11,67,6
22,1,52,32,58
23,9,69,20,35
24,68,50,60,46
25,12,36,16,29
26,18,6,8,56
27,16,29,20,9
28,51,59,59,24
29,43,58,16,3
30,23,64,64,18
31,29,13,38,24
32,56,23,52,61
33,8,6,64,17
34,67,68,35,55
35,35,43,49,34
36,20,56,58,7
37,30,2,60,34
38,33,58,1,4
39,29,39,11,48
40,67,62,2,50
41,1,11,28,57
42,8,20,17,2
43,45,65,2,8
44,55,55,30,46
45,63,58,59,38
46,59,19,58,59
47,40,42,24,47
48,9,25,7,62
49,2,62,43,65
