1
Grid:
70,70
....@@.....@......@.......@....................@...................@..
.................................@....................................
.@....@.............@.......@...@...........@....@........@...........
......@..................@...........@...........@............@.......
...........@.................@.................@.......@..........@...
..............................@.@.....................@............@..
.........@.........@..@.......................@................@......
.....................................@...................@..@.........
..................@.@.........@..@.......@....@...........@..........@
........@..@.....@......@@...@............@...........................
..@..@..@.@.........@..@.........@....@.........................@.....
.....@@...@.@.....@.@............@......@.............@......@......@.
@....@.....................................@.@................@.......
...............@.................@.....@@............@..........@.....
............@@.@......@..@....@....@..@...............................
...@..@...@........@...............................@................@.
...............@.@...........@.....@..........@.....................@.
......@@...@.@......@.@...........@..........................@.....@..
.............@@............@.........@..@...............@..@..........
...@.@.@.@..........@.....@......@......................@.........@...
...................................................@..........@.......
.@.@@..........................................@..........@.@.........
..........@.@.@......@......................@.......@.................
@@....@..@...............@......@@....................................
...........................@..@@.....@.............@........@........@
................@.@..............@...........@.....................@..
................................@.............@......................@
.@.............@@..@...........@...............................@.....@
...@.........@..@........@.............@@@.....@.......@.........@....
...............@...........@.......@..........@......@................
................@.........@......@......@@............@...............
.@.@....@...@..@...........@.....@.......@.@.................@........
@........@.@.........@.......@........@@.......@............@.........
@.....@.....@@.........@........@......@...@..................@...@.@.
@..........@...@...........................@...@................@.....
@.@..............@..@.@........................@@@....................
.@@..........@.........................@.....@......@.@.....@.....@...
.....@.............@...@...@............................@.....@.......
...............................@.....................................@
...........@@....@.@............................@@......@...@....@....
.@..........@................@.....@............................@.....
........@........@..@......................@.........@..........@@@...
..@@.@............@..@.....@.@....@@.................@.............@.@
....................@.@...........@@@........@...@...@................
........@...@..@.....@..................@...@..............@..........
....@.........................@....@...@...@..........@.......@@......
@@......@...........@@..............@...@......@......@..............@
@@........@.............@........................@....................
....@........@..@@@.@........@....@...@......@...@..@....@..@@.@.@.@@.
..@....@........@@.@@@...@.........@..@...@...........................
.@@.....................@........@@.....@.............................
....@...@.@........................................@.@...........@....
..@...............@@.....@................@...@@.@...........@.......@
........................@............@..............................@@
.................@.@.................@.........@@............@........
......@.......@.......................@....@...............@@.........
......@........@...@..................@....@.........@................
....@..@.........@..@............@.................................@..
....@@....@....@...............@........@.............@..@@...@...@...
@.@..................@...........@...@..............@.........@.......
@..@..........@...........@...@..@..@..........@..........@....@......
....@@..@.......@@......@........@.@@...@.............................
.@...................@........@.......@...........@@.......@.......@..
..@.............@..........@@@..................................@.....
.@@...........@.............@....@...........................@..@.@...
.......................................@..@@..........................
.....................................@.....@.................@.....@..
.@............@...........@@...........................@...........@..
@................@................................@....@.....@.......@
..@...................@..............................@.......@......@.
Agents:
55
0,33,22,17,24
1,63,53,26,42
2,28,62,59,55
3,51,34,41,2
4,69,69,69,69
5,59,68,45,60
6,10,32,21,53
7,25,38,44,38
8,0,49,46,24
9,24,53,5,12
10,7,49,65,18
11,27,57,61,53
12,13,21,26,62
13,12,64,48,30
14,39,40,30,44
15,8,40,51,11
16,0,52,66,50
17,53,22,18,46
18,0,38,41,55
19,2,29,47,16
20,64,55,43,13
21,19,23,17,57
22,51,64,44,39
23,60,65,33,5
24,21,48,39,6
25,56,14,59,29
26,6,18,65,14
27,35,28,50,56
28,48,2,11,3
29,47,65,3,16
30,59,22,54,34
31,30,22,54,0
32,38,59,33,49
33,3,44,42,14
34,17,64,50,58
35,11,16,35,55
36,67,5,48,0
37,57,5,25,40
38,17,23,38,8
39,42,49,13,56
40,48,0,67,28
41,15,16,3,27
42,57,22,36,40
43,16,57,30,10
44,27,60,60,13
45,36,34,22,42
46,64,32,68,57
47,17,12,25,6
48,26,31,46,15
49,8,39,54,41
50,1,65,36,68
51,61,18,63,60
52,15,32,0,45
53,14,24,28,29
54,22,9,37,59
