2
Grid:
70,70
......@..@...........................@.........@........@......@......
..@........................@.@.@...........@.....@....................
@..........@.........@.......@@..........@........@@................@@
.@....................@....@..................@..........@.@........@.
..................@@..................@......@.@@.@.@.................
@..................@...........@..........................@...........
.......@....@..@.....@.@.......@.......@...........@.@............@...
@...................@@....@.....@.........................@..@.....@..
...@........................@..............@.@........@.........@...@.
.....@..................@...............@........@.......@............
.............@.............@.......@..............@.....@...@...@.....
............@.......@@......@....@@..@....@...............@..........@
......................@.................@..@.......@...@.......@.@....
......@...........@.@.....................@.....@.@...........@....@..
...............@..@...@................................@.......@.....@
@................@@.............@@.....@..............................
..........@.....................@..@..........@................@@.@...
.@..@.@..........@.....@...@....................@.................@...
........@.....@...@..@.@............@.........@.......................
...........@.......@...@.................@..@.@............@......@...
............@.....................@@................@..@..............
........@@@........@.............@..............@.....@..........@..@.
...@....................@..@.....@...........@...@.........@...@......
....@@......@.....@........@.....@......@......@....@..@..............
.................@@..@.@...........@..............@...................
...........@.........@.....@...............@..........................
...@............................@.......@..@..........................
........................@....................@........................
..............@..........@..@...............@.....@...........@.......
........@@@...........@....................@....@........@............
...................@......................@......@.............@......
..@.........@..@........@...........@...........@...@.....@...........
@..........@...................@.......@.@........@..................@
..................@...........................@..@..@.......@@........
..........@.@.........@....@.......@.......@.............@...........@
.@.@.....@@......@@..@@..............@@...............................
.@............................@.......................................
.@...@.........@...............@@...@.....@.........@......@.@........
..@..........@@............@@.....@.....@@...............@............
.........@..@..@....@.................@.................@......@......
.......@.............................@@..@.@....@@.@.....@.@....@.....
......................@@.....@..........................@@......@.....
@@...........................@...........@..............@.......@.....
........................@@......@...............................@..@.@
..............@.................@....@........@.........@.........@@..
..............@...@..@.@.......................@.......@...@.....@....
.@..@..............@..@...@...................@.................@..@..
.....@......@.........@..@.....................@.@....................
.........................................@..........................@.
................@............@.......@..........................@.....
..........@@...............@...................@....@.....@.......@@..
......@..................@..@..................@........@.....@.......
..................@...@...................@........@............@.....
..............@.....@@.................@...........@............@.....
............@.........@@........................@...@............@...@
..............@...@......@.............@.........................@..@.
..@...............@.........@.........@....................@.@........
.....@..........@......@@..............@........................@...@.
.......@.@..@.@@.......@......@@..@.........@........................@
@.......@.@..........@@...@........@.....@...........@...@...@.......@
.@...........@........@.....................@..@.@....................
.................@@........@.....@.....@@.........................@...
............@......@........@............@@..@....@...........@...@...
...............@@.......@...@.....................................@...
...@.....@.......................@...................@@.@....@@.....@.
...@..@@............@..................@.....@....@.@.........@......@
....@.@.....@..........@@.....@@..........................@@..........
..@.....@........@.........@.@..........@.........@...................
.......@...@.............................@....................@.@.....
.....................@......................@...@.@@....@....@@.......
Agents:
65
0,34,49,50,25
1,53,27,43,65
2,56,13,13,32
3,43,6,37,66
4,67,53,3,18
5,19,5,50,7
6,37,43,47,1
7,53,32,24,41
8,69,23,42,4
9,66,2,19,16
10,58,49,47,45
11,24,5,55,5
12,35,53,21,24
13,62,11,53,43
14,44,68,7,34
15,32,66,51,59
16,66,11,12,12
17,50,48,51,45
18,25,63,27,68
19,41,52,58,55
20,11,50,68,24
21,68,67,60,53
22,54,15,14,0
23,50,46,9,68
24,65,54,26,53
25,24,31,13,59
26,7,9,27,5
27,60,3,20,47
28,3,51,45,4
29,47,60,22,56
30,14,56,31,32
31,8,21,6,1
32,46,42,54,8
33,52,20,46,14
34,67,3,7,60
35,30,45,36,67
36,14,8,13,66
37,50,26,25,15
38,21,20,15,40
39,3,16,48,56
40,16,60,16,42
41,44,1,63,63
42,20,46,24,66
43,45,44,7,1
44,15,51,62,52
45,38,25,59,48
46,41,47,66,27
47,24,13,52,39
48,38,8,56,16
49,63,44,27,66
50,56,20,30,59
51,0,31,0,18
52,64,52,22,20
53,22,46,2,54
54,29,27,28,45
55,39,18,54,43
56,46,41,68,60
57,52,58,8,41
58,21,6,1,7
59,57,49,48,48
60,7,59,31,7
61,36,3,66,32
62,1,8,48,21
63,51,64,40,56
64,22,42,59,16
