1
Grid:
60,60
.........................@.......@..........................
.@.........................................................@
.....................@.............................@.......@
.....@.............@.......................................@
......@..........@@....................@.....@..@...........
..........................................@.................
...............................@...........@..............@.
......@.....................................................
............@.@.......@.................@...@...........@...
...............@...............@...........................@
....@..........................@........@...................
................................@........................@..
...@............................@...........................
.....................@@....@..........@....@................
............................................................
...................................@........................
.........@......@.........................................@.
.................................@.@....@@.............@...@
..............@....@..@.....................................
.....@...............@......................................
......................................@...@................@
...........................................................@
.........@........@............@..............@....@........
.@...........................................@..............
.........@............@.....................................
........................................@...................
.......................@....................................
.....@.................@....................................
@........@.....................@..................@.......@.
...@..@.......@.......................@.....................
.......................................................@....
................................@...........@.........@.....
.................................@.....@.....@..@...........
...............................@.............@............@.
.........@......@............@..............................
..........................@....@..@@...............@........
...@.....................@@.......................@......@.@
..................@.....@....................@@.............
................................@........@................@.
..........@.........@.....@...........@..............@......
........@.................@...@...........@.................
............@..............@........@................@......
..........@...........................@..................@@.
.............................@..............................
...@...@.......@.....................@............@.@.......
.............@@....................@............@...........
.....@......................................................
......................................@..................@..
.........................................@..................
..@..............@.......@@@................................
....@.........@....................@.....................@..
......@...@.............@....................@..@..........@
........@...................................................
....................................@.................@.....
....................@....................@....@.............
.................................................@..........
........@...@.................@......@.....................@
...................@.................@......................
.........@...............................@..................
.......@.........@..........................................
Agents:
55
0,5,41,19,7
1,17,24,56,14
2,5,7,21,5
3,51,55,15,51
4,24,2,16,13
5,22,24,2,8
6,31,35,25,42
7,52,22,51,19
8,2,56,0,1
9,58,52,18,24
10,29,12,5,6
11,20,3,35,13
12,15,11,0,31
13,41,37,16,21
14,6,27,40,47
15,28,53,24,7
16,28,57,17,12
17,40,11,0,18
18,25,59,25,44
19,39,45,47,54
20,6,34,45,19
21,55,18,23,29
22,57,6,21,42
23,17,29,12,52
24,56,0,56,39
25,9,5,26,16
26,12,53,24,2
27,21,13,40,55
28,8,54,12,11
29,22,44,21,10
30,13,46,8,52
31,56,54,41,43
32,56,38,7,37
33,6,55,52,36
34,41,51,2,36
35,30,59,19,29
36,12,44,51,2
37,5,45,11,12
38,7,56,45,25
39,14,37,1,5
40,50,12,11,43
41,40,6,6,15
42,17,22,52,39
43,41,35,38,48
44,35,27,38,0
45,2,31,38,3
46,36,55,50,44
47,31,19,43,39
48,38,0,7,0
49,22,19,53,37
50,0,21,27,26
51,47,5,22,6
52,29,10,25,59
53,52,27,29,51
54,47,36,4,12
