2
Grid:
60,60
..............................@.............................
..................@.........................................
..........@................@@...............................
.....................................@......................
..@....................................................@....
..............@.........@............@............@.........
.............@....................@......@..................
@.........@............@@.........@...@................@....
.......@.............@..............................@.......
@@..........................................................
.............................@..............................
....@...........@......@..................@.................
...........@...@.@......................@...................
.....................@..........................@...........
..................@........@.......@...................@....
.................@..........................................
.@...................................................@......
.......@...........@................................@......@
..............................@..@...........@..............
...................................................@........
......@........................@@...........................
.............@...........@..................................
..@....@.....@....@.......................@.................
.....................................................@....@.
@..@....................@...................................
@............@...........@................................@@
.................@............................@.............
...@.@....@...@.............@...........@...................
...............@.................................@....@.....
..@...@..................................@..................
...............@...........................@................
......................@..........................@..........
..................................................@.........
......@...........................@.........................
....@..............................@..@............@.@......
...............................................@........@...
.....@..................@.......@....@......................
@..................@....@........@..@@.................@....
.........................................@.....@......@....@
...................@........................................
.....................@..........@......@..........@...@.....
....................................@.......................
....@..............@.................@.......@.@............
......@...............@.............................@.......
................................@........@..................
...................................@.............@....@.....
...........................@.....................@.@.....@..
.......................@....................@.@.............
...........................................@..........@.....
@..................................@........................
.................................@.........@................
.........@.....@........@...................................
..............................@....................@........
............................................................
....@...........@@............@.....@.@..@......@...........
......................@.....................................
.@..........@...................@...........................
........@.............@.......@@..................@.........
........................@@..@......@@.......@.............@.
..............@..........................@..................
Agents:
30
0,26,59,4,18
1,55,37,23,1
2,9,31,30,3
3,57,15,31,19
4,33,26,6,33
5,15,40,43,2
6,17,13,44,39
7,28,35,54,22
8,42,50,40,14
9,15,8,52,4
10,33,41,0,33
11,30,3,5,48
12,24,59,36,34
13,13,20,41,11
14,36,28,42,13
15,51,55,45,31
16,43,53,38,52
17,34,37,11,9
18,55,51,0,39
19,8,42,57,15
20,45,34,13,32
21,37,53,26,8
22,6,18,43,51
23,33,11,38,46
24,46,33,40,40
25,38,17,22,39
26,6,6,29,3
27,1,54,29,35
28,13,54,10,26
29,3,48,42,26
