1
Grid:
70,70
@....@@........@.@.......@@@.@@.@@@.@....@....@.....@..@.@.@@..@@...@.
.@.@@..@.........@..@@..@@.@@..@....@..@....@....@....@.......@.@..@..
.....@@.....@..@.........@.@@.@@@..@....@.....@@...@....@.....@..@.@.@
..@@...@..@...@..@.@@@....@@....@..@..@....@.@.@.....@@..@.@.........@
@...@....@.@..@....@...@....@@.@..@.@.@@..@.@...@@.@@@...@@..@.@.....@
.....@...@....@..@.@......@.@...@@....@.........@@....@...@.@..@.@...@
.@...@.@...@....@...@.@.....@@......@.........@.........@@.......@....
....@.@....@.@.........@..@...................@@........@..@..@.@@...@
...@.@..........@.........@.@@..@..@@...@@@@...@.......@...@@@..@.....
@@@.........@.@....@.....@@@..@.....@@..@.@@...@.....@.......@..@@.@@.
...@.@@@@.......@.@.@...@.....@.@@@.@@.@..@@@@@..@.@@@@@..@@@..@@....@
...@......@.....@@.@..@...@.@.@@.....@.@..@.@@....@..@.@.........@....
.@@.@.....@......@...@.......@........@@..@.......@..@...@...@.@....@.
......@.........@.@.....@@@....@....@....@@.@.......@........@...@....
...@@..........@..@@@.@....@.....@@.......@...@@...@@...@@...@@....@..
..@@.....@....@@.@..@@..@.....@@..@@@.@.......@......@.@......@@@.....
@....@@....@@.....@.....@@........@.@@..@............@.@.@@.@...@..@.@
...@@.............@@...@......@....@..............@.....@@..@@...@....
....@..@@.....@@@@.@...@..@...@.@..@.@....@@@.@@....@.@..@...@@...@..@
...@...........@..@@.@.....@....@@....@...@..@......@@..@..@@.@.....@.
....@...@..@...@..@@.@...@.@@......@@..@.@@@.....@...@......@@@@@@....
..@@.@....@......@...@@@.@@....@.@.........@..@.....@...@......@.@...@
@@.......@.@@@......@@........@.@@@.@.....@@.......@@..@.....@.@..@.@.
.@..@.@.@.....@..@@.......@......@..@..........@.@.......@.@..@@@.....
@.....@@.@@.@..@......@.@..@@@.@......@...@@.@....@.@.......@.@.....@@
..@@..@..@......@.....@.@....................@@..@@@.@@...@...........
...@@@@@@.....@.@...@.@.@@.@.@@...@.@.@..@...@..@.@...@......@@@..@@..
@.@.@@.@.@........@@......@.....@@..@..@..@@.@......@@.@@..........@@@
@....@.........@@.@@..@@...@.@@.@.@.@@.@.@.@...@..........@@@.@...@@..
....@........@.@...@..........@.@..@...@.@@@...@....@@@.@....@........
......@..@.@.....@....@..@....@.........@..........@.@@@@......@.@..@.
...@.......@@....@@...@..@@......@.@.....@@.........@....@...@.....@.@
...@@.@@..@..@@....@..@....@@....@.@.@...@..@@.@.@..@.@.@@..@@.@....@.
.@.@..@..@.@.@..@@@....@@@...@..@@....@.@.@.@..@..........@.@..@.@@.@@
..@@@.@@@.@.....@.@@@....@@....@.......@@@@..@.....@..@@.@@.@..@.....@
.....@........@@.@..@..@....@..@..@.@@..@..@......@......@@@..@.......
.@....@....@.@@......@...@.@.....@.@.....@........@......@..@@@@@..@..
.@@@@.@.@......@........@.@..@...@.@...@@..@.@.@@@...@.@......@...@@..
.....@.......@.....@.@@..@@....@..@@..@.........@..@@..@....@.@..@@@@@
......@...@.@.........@.@..@...@.....@......@....@@@....@.@..@...@.@..
.......@.....@.@@......@..@.....@...@...@@@.......@@.....@....@.......
.........@.@...@@...@@..@@..@.@..........@.@..@.@.@@@..@.....@....@@.@
@..@.@.@@@..@..@.@@@.@.....@..@@..@.@@@.@@...@......@..@........@...@.
....@.@..@...@.@......@...@.......@@...@........@.@..@.@.@@...@.@....@
@.............@.@.@.....@@...@@...@..@.........@..@...@@.....@......@.
.@..............@@..@.......@...@....@..@..@..@@.....@..@...@.@@......
@...@@....@@.@.@@.@@@@..........@......@.........@@@@...@.@.....@@...@
@.....@..@.@.@.@.......@...@.@....@@@@@@........@....@.@.......@....@@
...@@.@.@........@........@@..@@....@....@...@..@.@@..@@.@@@...@@@.@..
@...@...@.@@@...@...@..@@@@.....@@..@..@@.@..@@..@@..@..@....@.@...@..
@@@.@...@...@...@@.@@@@.@...@..@@....@......@......@@...@@..@......@..
.......@.@@....@..@.@.@@..@............@....@........@.@.....@.@...@..
.......@.....@..@........@......@....@.....@..@.@.@.@.....@.......@@..
.....@@@.@...@...@.@.@..@..@@..@....@..@@..@.@@@..@.@..@.@.....@@.@.@.
.....@....@.@......@.@.@..@@@........@.@.@@@...........@@...@.@.......
@............@...@.@.@@..........@.@.@......@.@....@..@......@@..@..@.
@......@....@.@.........@@.@...@..@@@.@@@@..@..@.@@@......@...@@..@..@
@......@.@.........@....@@...@.....@.....@..@..@...@..@..@.@.@....@...
....@@..@..@.......@.....@@.@.@.......@...@...@....@...@....@.@.@@....
.@@....@@@@....@@....@.@@...@@.@@.@@....@@@.......@@..@@@@.@..@....@.@
.@....@@........@....@.@......@@.@@.@@....@.....@...@.......@........@
.@@.@......@@@@@.@..@...@.@@@@@.@@.@...@..@......@...@@..@@.@....@.@@.
@.........@.....@...@.....@......@.@.@@.........@...........@.@.......
...@@.......@@@..@@.@..........@......@@@..@@...@@.@..@...@@..@@@.@..@
.@.@.@@@...@.@@..@...@@.@@@@.@@..@.@@@.@....@...@@@......@.@..@@.@@.@.
@@.@.....@.@....@@@@@@..@@......@@..@.@@.@.@...@@.@@.......@....@@@@.@
@.@.@.......@.@.@.@...@.@@.............@.@.@...@.....@@.......@@.@.@..
@..@..@.@@.@........@@...@...@@...@@...@......@.....@......@...@.@.@@.
@.....@.......@@...@....@.@.@.@.@.......@....@@..@...@.@.@...@........
..@..@...@...@..@..@..........@@......@@..@@...@.@....@@..@@@...@.@.@@
Agents:
35
0,3,63,39,5
1,67,22,35,2
2,9,45,13,13
3,16,32,24,57
4,68,41,31,24
5,48,69,69,4
6,28,45,66,29
7,48,19,7,42
8,55,42,43,2
9,11,11,38,50
10,64,15,31,10
11,39,11,51,66
12,52,29,28,55
13,44,7,35,13
14,54,22,13,3
15,62,68,50,43
16,9,17,50,63
17,19,7,59,37
18,34,22,9,54
19,43,27,46,29
20,21,68,62,9
21,17,66,62,8
22,41,49,12,5
23,58,18,45,61
24,2,3,44,65
25,1,41,59,25
26,35,33,29,3
27,62,64,58,18
28,38,54,65,44
29,7,14,29,1
30,60,57,25,13
31,51,12,14,8
32,15,60,4,35
33,20,2,7,7
34,62,69,64,10
