2
Grid:
70,70
...@.@....@..@..@.....@@......@....@...@.......@.@........@.....@....@
.@...............@......@..@@...@...@.........@.@....@.@..............
.......@...@...@.@......@....@..@.@..@@.@.@...@..@...@.........@.@....
.....@...................@.@......................@...@@....@..@.@...@
@...@..@.@..@.@.@....@...........@.@.@...................@@.@.@@.@..@.
...........@@..@........@@....@......@@.....@........@..@....@@.....@@
.@.@..@.............@........@.@.....@........@.@@...@@...@...@@......
.................@.@....@....@......@@.......@.............@...@....@.
.@@@@......@.@...@...@..@..............................@..........@...
.........@.@@.@....@.......@........@...@.@.@.@@..@.@...@@....@.......
.@.....@.@.@.@@......@.@.@..@......@..................@.....@.@......@
.....@......@@@.....@@@.......@.@@@.@.........@......@@@..@@.......@..
@..................@.......@@@..........@@.@.........@....@.@@.@@.....
.@.@.@.@@@..@.........@...@...@...@.......@..@..@.@...........@.......
.@@.@@.....@..@@@@....@..@@....@@.....@@....@........@.....@@@........
..@...@..@..@.@...@...@...@.....@.@@@...........@..@..@.@.........@.@.
.@@........@.@.....@...@..@...............@.....@@@.....@............@
......@....@..@@..@@.....@@@..@.@...@@...........@......@........@....
@.@.......@......@...@.........@.........@..........@.@.@...@.@....@..
..............@@.@...@..@..@@....@@.....@@..@..@........@@........@.@@
........@.@..........@........................@.........@@.....@..@..@
......@.@@....@........@..@...@...@@....@@@...@.............@.@@......
@....@.@...@...@........@...@..........@.....@@.....@.@@...@..@.@.@...
.@........@........@......@..@@...............@@.................@....
.........@...@@......@...@..@..............@@@..@.@........@..@.......
..@...@.....@..@...@...........@@......@....@........@.....@..@..@@...
@..@@.@...........@............@....@........@.....@..............@..@
.....@..@..@..............@.........@..@@@.....@............@.....@...
..@...@...@@...@....@@..@..@..@....@@@..............@@.@..@...@.......
........@@..............@...........@..@@.@.............@.@@...@......
.......................@......@.....@....@.@...@..........@@..........
@.............@...@.....@......@........@..@@......@.@..@.@...........
.......@@.............@@.......@...........@.@....@....@....@@.@....@.
..................@....................@..@.@.....@.@..@@.@@.@........
....@........@....@@@.........@@....@...................@@.....@......
@.@....@..@.....@..@.........@.....@...@............@..@@..@...@..@..@
@.....@.....................@..@.@....@......@..@.........@........@..
..@..................@..@..@.....@............@@....@.@...........@.@.
.@..........@..........@........@..@@.........@....@@...............@.
..@.............@...@.....@@........@@........@........@..@...@.....@.
.@.@...@.@...@@.......@...@....@@@..@.............@.....@.@.@.@@..@...
....@......@......@@@@....@.@@..@..@.....@@..@...........@....@...@...
....@.@.@..........@.@@@@..........@..@..@......@....@@.....@...@.@...
..@.@.@......@..@...@@.@...@@..@@..@..@...@.@..........@...@....@@....
........@.....@@.@......@..........@.@......@......@........@@........
.....@........@..@...................@@.@......@.......@.@@..@........
.@...@..@.....@@.....@............@.@....@@@..@@..@@..@............@..
@..........@.@....@@...@..@........@....@........@@..@.......@..@..@..
..@.........@.....@.........@....@...@..@......@@.@@.....@@...........
@.@.....@.........@@@.@@.@.......@....................@...@..@.@.....@
...@..@..@..........@..........@.......@.........@.....@..............
@...@...@......@.@.@...@.......@@..@@........@...............@...@....
..@.@..@.....@...@@.......@@.@@@...@@...@@.......@.@........@@........
@..@.....@......@......@.....@.....................@.@......@@........
........@@..@@.@.@.@...@..........@@.@@.@..@..@@........@.....@@....@.
..@@@.................@.....@.....................@.....@...@.....@@..
.............@@.........@@..@.@.@......@...@@.......@..@@..@..........
@@........@.@..........@....@..............@.@@....@......@...........
....@.@..@........@...@@.....@......@.@..@...@.@@.....@.@@..@@@@..@@..
@..@..@.@..@@......@.........@...@.............@.@.@....@.......@@..@.
..@....@...@....@.....@.....@....@@..........@.@............@.........
@....@....@...............@...@@..@........@.@@.@..@.@...@..@..@......
@@....@.......@.................@@.@....@@.@@................@...@@..@
......@..@.@....@..........@..@...@....@......@.....@.@..@............
.........@......@..@.....@......@..@@.....@@......@.....@.....@@..@.@.
.@..@............@....@...@...@@..........@...........@.............@.
.....@.......@..@.........@@..@.....@..@..................@...@.......
...@.@.......@...@.....@..........@..@.@.@@...@@@.@@........@..@@@@..@
.............@......@..@.......@....@@.@...@........@......@........@.
...@.@.@......@@...@...........@..@@..@....@@..@.........@.@..........
Agents:
45
0,42,46,43,34
1,39,45,57,17
2,68,51,45,9
3,66,9,23,42
4,66,11,28,61
5,54,66,34,9
6,69,37,69,36
7,59,38,1,45
8,36,42,48,35
9,1,7,33,3
10,26,55,43,62
11,35,45,35,26
12,16,55,35,58
13,17,28,30,34
14,20,42,15,64
15,57,29,2,13
16,40,19,12,32
17,23,56,7,16
18,63,33,53,8
19,49,31,43,46
20,43,33,35,36
21,39,0,68,6
22,44,22,38,55
23,16,20,58,50
24,19,2,25,29
25,53,65,17,0
26,50,13,10,18
27,19,31,8,67
28,18,64,7,26
29,54,69,62,36
30,53,52,22,26
31,53,40,68,61
32,67,30,56,26
33,52,1,66,57
34,14,27,22,19
35,41,0,54,20
36,12,54,32,35
37,58,20,62,54
38,68,34,20,41
39,13,20,50,1
40,69,21,40,44
41,11,49,21,58
42,13,55,49,67
43,16,17,22,13
44,31,61,14,20
