1
Grid:
70,70
.@...........@........@@...........@.........@...@.............@...@.@
@..@..........@.....@....@..@....@.@@..@@........@@....@.........@..@.
..@.....@@....................@....@.........@........@.....@.@....@..
.......@.......@....@......@..........@.....................@.........
.....................@.......@...........................@....@.......
..@...@.@.@.....@@................@.........@@.........@.......@......
..@..@...@@@........@...............@.......@@..@...@..@.@.....@......
................@.........................@.@........@...@............
................@...............@............@........@..........@....
..........@......................@........@.................@@........
..@......................@........@.......@............@....@....@@@..
.......@@...@...@..@....@....................@......@....@...........@
.............@.......@......@........................@.........@@.....
..................@..................@...........@....@........@@.....
@..........@.......................@....@..@@....................@....
@.................@.........@@......@........@......@.................
.@..........@.....@.@@.@@@.....@.....@.............@...@@........@....
...@@.......@..................@@..@......@..@...@.@@.@.....@.........
.......@.................@.........@.....@....................@@...@..
.........@....@...........@.......@..........@....@.@.....@...........
....@....@......@..........@......................@...........@.@.....
.....@....@......................@....................................
....@.......@..........@..............@.@......@..................@...
.......@...@....................@...............@.........@...........
@..@...@............@....................@............................
...........@.@...@....@.................@...........@.................
....@...........@..........@@.............@...@..........@............
@..........@..@....@@.......@....@.....................@..............
........@...............@.............................................
.........@............@.@....@........................................
...................@.................................@.......@........
...@............@...@...@...@..@...@.@.....................@........@.
.................@.............@................@@....................
............@....................................@...@...............@
...........@...@@.......@..........................@..................
.....@...@............................@........@....@@..............@.
....@..@........................................................@.....
.............@....@...@..........@.......@.........@.@@.............@.
.@...............@.......@@.....@@...................@......@.........
..@...@@....@..@.............@..@..................@.........@..@.....
.@..............@............@..@.........@.....................@..@..
......@......................................@................@@......
......................@......@.....@......@...............@........@..
..@.....................@............@..........................@.....
.@.................@...@...............@.....@........................
.........@...........@..........@....@............@..@.............@..
...........................@..@...........@@...@................@.....
..@.......@................@.........................@..@......@.....@
......@....@........@...@.......................@..........@.........@
................@.........@.................@......@.....@............
..................@................@..@.............@.......@....@....
...................@........@.@.....@.................@.@.............
.@........@................@......@...@@..@.........@..............@..
.................@..@.....................@....@...@.....@............
..................................@...................@@...@..........
..................@@.......@...........@....@..............@.....@..@.
............@...........@......@........@..@..........@...............
........@.............@....@.......@.........................@........
.@........@........@.@..........@.......@.......@.....................
.@...@.....@...................@@......@.........@@.@.................
.......@@........................@@........@.......@..................
..@@.....@.....@......@.....@.................@.........@.......@..@.@
......@..@..@...........@...@............@..................@@...@.@..
.......@.....@........@......@.........................@..............
@....@.@..@.......@....@.........@...@.........................@......
...@.........@.........@....@......@..................................
...@................@....@.....@@......@@...@..........@...........@..
................................................@..@...........@......
....@.@..................@...........@..@..@..........................
.......@@...@@.........................@.......@.@@............@@.@...
Agents:
35
0,13,24,7,9
1,3,0,51,44
2,4,55,38,14
3,8,56,18,69
4,59,17,37,5
5,59,44,48,32
6,21,56,3,36
7,5,13,47,21
8,40,25,54,69
9,68,52,58,31
10,65,6,20,35
11,56,49,34,59
12,27,66,12,4
13,23,55,0,40
14,53,69,0,7
15,24,49,41,40
16,40,5,1,9
17,19,66,60,13
18,28,9,39,23
19,31,11,35,65
20,44,15,47,64
21,26,40,21,6
22,13,55,63,25
23,13,30,54,5
24,28,67,14,59
25,32,1,35,34
26,28,62,36,28
27,64,3,29,10
28,1,30,61,30
29,54,26,51,63
30,43,35,13,47
31,6,1,66,66
32,24,56,40,59
33,45,45,42,39
34,31,40,59,20
