1
Grid:
70,70
.@@@..@@..@..@..@@@@@.......@@........@@..@@.@......@.@.@..@.@..@.....
......................@...@......@....................@.....@......@.@
@..@........@....@@..........@@.@..@.........@.....@..@@....@..@..@..@
......@......@......@..@.@@.....@..@..@.....@.......................@.
.@....@@@@...@.@@...@....@.@.@.....@..@............@@..........@....@.
......@@.........@@@...........@......@@....@...................@@@...
.........@.@........@...@..@....@..@@............@@@..@........@...@..
.............@......@.......@...@...@..@.@.............@.@@.....@..@@.
.@..@..................@@@....@............@@...@@.@@...@.@....@...@@.
@@...@@..........@.@.@@...@@..@..@...@@.............@@......@......@.@
......@.@.@....@@@...@..@..@.........@....@..@@@@.@.......@..@..@.....
....@@@@@@......@.....@@.........@@.@..@.....@.....@.@.....@..........
.............@...@..@@@...@...@.@..@....@...........@.@.@..@......@...
...@..@.....@....@..........................@@.................@......
.@.@.....@.............@.........@..........@.@@.......@..@.@...@@@...
...@...@...@@....@@....@...@......@.@.@...@........@..@@@...@....@.@@.
.@...@.@@@.@...@...@@..@.........@....@.@@@......@......@.@.@.........
..@@..........@...@................@..@.....@.....@.@..@......@.@.....
............@..@..@.@.@.........@.......@.@@..@.......................
...........@......@..@@..@.....@....@.@@.@..@..@..@@..@.......@@.....@
@@....@..........@....@@.........@.@..@.@.....@....@@.@...............
@.@@.........@.............@..........@..............@....@...@.......
@.@...........@@@@......@@.....@..............@.@.@.@...@.@....@...@..
..........@.@..@@.........@.@@......@.....@@.......@...@............@.
..............@.@@........@...@..@.....@..@@.....@....@.....@....@....
...........@.@....@@@.@.@.......@.@...@......@........................
......@.@.....@...@.....@..@....@.@....@.......@.@.................@.@
.@...@@..........@...@....@@...@....@..@..@........@@@..@.............
@..@@@.....@..............................@.@..............@@.@@......
.@..@..@.@......@.........@.@....@.@.@.@..@.......@......@@@..@@.....@
.@@.@....@@.....................................@@......@...@@........
.....@..@.....@@...........@.@.....@..@.......@....@....@.........@..@
.@.@.........@.@.....@....@...@.@..@..@.@......@.@.@..@..@.........@..
@...@..@.@...@@@......@..@@..........@..@@@.....@.....@.@@@...@.@..@@.
.@@..@......@..@....@...........@.@.....@...@......@.@.@..@...@@......
@......@......@@.@.@...@@.....@..@...@.............@..@....@..........
@.........@.........@..@@....@............@..@...@........@........@..
.....@@@@.........@..@....@...............@@....@.@..@....@@.....@..@.
......@...........@@...@@@.@.@.............@@.....@...............@...
.........@.........@...........@.......@...........@......@.@..@......
............@@..@.................@.....@.........@......@@........@..
.@..@...@@................@...@...@..@..@......@......@@@.....@...@...
.........@...@................@...@.......@......@........@...@.@.....
..@..@@.........@@...@...@............@..............@...@.......@@..@
.............@.....@.@@@.....@@@.....@.@@......@...@@.........@@......
@.@.....@@@@.....@.....@.......@....@....@@.@.@.@.....@.....@...@....@
.@........@..@.......@.....@.@@...@..@.@..@..@@@.@.@......@......@....
.....................@@@.@.@@......@.@@........@.......@..@...@...@...
.....@@....@....@.@..........................@.@.@...@..@...@.@.......
@.......@............@..@@.........@.......@.@@..@...............@.@..
.@@...............@.@@.@.@.....@.@.@....@.......@...........@.@.@.....
....@....................@@..@....@@.......@..@......@.....@@..@@..@..
........@..@...@.....@..@....@@.@..@..........@.......................
........@....@.....@...@...........@..................................
.............@..@...@@.....@..@....@.@..@..@........@@..@..@..@......@
@..............@..@@.......@...@@@.@..................@...............
....@.@.@..@......@.....@.....@.@......@.........@.......@....@.....@@
.@.....@@.......@...@..................@@@...@....@.@.@@....@@@...@@@.
.....@@..@.@@.............@.@@@.................@.....@....@........@.
....................@@....@@.@..................@......@...@..@.......
.........@...@......@..........@.@..@..@..@..@..............@.@...@@..
@@.@.@@@..@......@.........@.@@...@..@....@......@.....@.....@........
.........@.@...@....@@@.........@........@@...............@...........
.....@@.........@@....@....@.@.@....@......@.@.@.@...@.....@...@@.....
...@........@.....@..@.@.@.....@@....@.@.@.@.@..@@........@........@@.
@.......@..........@.@..@.............@........@............@.@.......
.....@@...@.@@.....@@.@.........@...@.@............@......@...........
@...@@....@@...@.@....@..@..@@.......@.......@@@..@.@.@.........@.....
...............@.@...........@...@.@....@@@....@.........@@.....@@....
@.........@..@...@....@.@.@..........@@.........................@.....
Agents:
40
0,21,44,64,20
1,69,55,14,42
2,60,30,16,59
3,16,14,51,58
4,57,3,27,59
5,16,63,6,26
6,1,44,64,4
7,52,58,10,35
8,3,47,69,56
9,5,49,54,61
10,31,36,68,60
11,62,4,52,10
12,36,38,14,40
13,27,15,36,1
14,62,24,35,69
15,61,40,18,65
16,65,11,5,45
17,10,53,33,20
18,60,5,57,44
19,7,31,29,36
20,10,34,17,31
21,8,32,20,66
22,47,33,7,27
23,14,32,23,66
24,62,55,27,55
25,24,20,64,10
26,45,1,53,5
27,0,46,51,56
28,53,11,64,44
29,62,10,68,31
30,14,20,63,1
31,29,30,32,9
32,64,40,6,2
33,16,52,27,45
34,25,2,42,21
35,25,33,16,36
36,51,41,36,14
37,29,5,34,3
38,31,33,12,18
39,51,66,44,14
