2
Grid:
70,70
.......@....@....@....@......@....@.@..@...@.@......@............@.@..
...@...@@.@.@.@@.....@.....@.@......@....@@...@...@..@@@.@@........@..
@.@.@@..@..@.@@.....@....@....@@..........@...@........@@....@.......@
@@..@......@..@...@.....@..@.@@.....@.@@.@...@......@@.@.@........@@@.
@...@.........@@@......@....@..@.@.@....@@.@@.@...@@.........@.@..@.@@
...@@@@...@@.@....@.@@...@..@@.....@...@..@@....@..@.......@..@.@.....
.@..@........@@..@@@.@@.........@....@@.@@..@...@...@..@@..@..@.@..@..
.....@.....@.........@...@@....@.....@.....@@@@@..........@@@..@..@...
..@..@...@....@..@..@......@.@@..@@..@.@@.@@@..........@@.@..@...@@...
@.......@.@@@@..@...............@@.@@..@.....@@....@.....@@..@..@.@.@@
@...@.@...@@.@@@.@..@.@.@...@..@..@..@@..@@.@@..............@@.@...@..
......@...@@..@...@.....@.........@@.....@....@.@..@.@@...@..@.....@..
.@....@.......@..@.@.@.@..@.@......@....@@@...@@..@..@@..@.@..@.@...@.
..@..@.@@.........@...@@....@.....@.@.@.....@.....@..@....@@.......@@.
..@@........@....@....@.@..@..@.@@@@@...@..@@@@@.........@....@@@..@@@
@.@@.@.............@@..@.@....@.@....@........@@....@@@....@.....@.@..
.@.@.....@@@@.@@..@.@.@@......@@..@@@....@@.@....@......@....@..@..@..
.@.........@....@.@....@..@..@..@.@@.@.....@@.@@...@.@....@...@...@...
....@@..@..@..@@...@...........@..@@@.@...@@.....@@....@@@@.@.@.@.@...
@....@.@.@.@...@@.........@.@....@.@..@@...@@..@.@@..@....@.@@...@@...
...@......@.@....@.@.@@@..@@@...@...@@@@@..@@.@@.@..@@@.....@..@....@@
..@@..@....@@.@.@...@.@.@.@.@..@@.@.....@.@............@@....@....@.@@
@..............@@@......@.....@.@..@@...@..@.@.@...@@..@@.@..@.@....@.
.........@.@....@....@.@.@@...@@.@..@.@...@....@.@.@@........@.@@.....
@.@.........@@....@@.@....@@@.@......@....@........@.@@...@@.@..@..@..
.@.@@.....@.........@...@...@.@@.......@...@.@...@...@..@..@..@..@....
.@.....@@@..............@@.@@@.........@.....@..@.@@.@.@@.......@..@..
.@..@.@@...@@@.@..........@@.@.@..@..@..@...@..@@.@.....@....@..@.@..@
@....@@......@..@@@..@.....@@..@@..@.....@.........@@........@....@@.@
...@@..@.............@..@.@...@@@@@.@@@..@..@..@........@@..@@.@...@@.
@...@....@@....@..@@...@.........@@....@...@.......@.@@..@@@@.@....@.@
..@......@..........@.@..@...@.......@.@.@@...@...@@@@.@...@......@...
..@.@.@....@.....@....@@..@.....@@@...@..@...@..@@...@@@@@.....@......
..@.@.@.@...@.@..@.@@.@...@...@.@.@..@@.........@.......@.@.......@...
@..@..@@@.@.........@@.@...@..........@..@..@@...@.@@...@.@@...@@@....
.@.@.@.....@..@@@......@....@..@.@......@....@......@@........@.@.....
...@.@..@@..@..@@..@@.@@@@...@@...@..@..@..@@@@....@..@....@.@....@...
@........@....@.@.@@......@..@@@@.@@@....@@.....@.@...@...@@@@...@..@.
....@.@.....@@.@.@..@....@@@@............@..@.@@....@..@...@..@..@@...
@....@......@.@@....@.....@@....@..@...@@.@...@.@....@...@@.....@@..@.
..@....@@.@.@.@@@@...@@.@.@....@@...@@.@.......@..@.@@@.........@.....
.@...@..@....@.@..@...@...@....@....@....@.@....@..@@....@....@.......
.....@@........@@@..@..@.......@...@...@@..@...@.@@.....@..@..@@.@.@..
@@@@.....@......@@.......@@...@..@...@.......@...@.@...@@..@....@..@@.
.@@..@.@@......@@.......@@.@.....@@........@.....@@@....@..@..@@.....@
...@.....@.@....@@@.@...@....@..@...@.....@.....@.@......@..@..@.@....
..@@.@.......@@@.....@@@..@.......@.@...@.@@...@..@......@@...@.@.@@..
..@.@.@@..@..@@@...@.@..............@........@@...@@@.....@..@......@@
..@@...@@.@.@........@..@.....@@....@@..@.......@..@.............@@...
@...@@.@..@.......@.@.....@....@.........@.@.@....@.@.@@.......@@..@..
@.@.@....@......@@.@.@.@.@..@.@.@..@...@.@..@.@.......@....@@..@@..@..
....@.@..@......@.....@...@..@@.........@..@@.@...@........@...@@@..@.
..@...@......@@..@.@...........@@@.@........@.@.@@....@@.@.@.@@.@..@@.
.@....@@.@.....@.....@..@....@..@...@...@..@@@..@@.@.@@@.....@...@....
@..@..............@.......@..@@@.@..@...@@@..@....@.....@....@..@@...@
.@.@.@.........@@....@..............@.@...@.@......@....@...@...@@..@@
........@..@@.....@..@@@..@@...@..@@@@..@.@.@@......@@..@....@@..@....
@.@@.....@..........@.@@@.........@.@..@......@..@@.....@..@.@@.....@.
..@@@@...@@@@....@...@.....@..@..@@........@@...@....@@@@.....@..@.@..
@...............@@...@.....@.@............@@@....@.@@.@.....@.@..@@@..
.@@..@@..@.......@..........@.@...@..@.@......@..@@....@....@........@
...@..@.........@.@@.....@....@...@...@.@......@.@....@.@.............
.......@.....@@......@...@.@.@..@...@@@@........@..@...@..@.@.........
@.........@.@.@...@.@@@.@....@...@....@.........@@..@.@..@@..@......@.
.....@...@...@.@..............@@.@..@...@.@..@@.@.@..@.@..@@@@....@.@@
@@@.@.@@...@...@..@.....@....@...@@@..........@.@.......@..@.@...@...@
....@@.@@@@......@@......@..@..@@@@@.@..@...@@.......@@@...@@@......@.
..@....@...@..@...@@.@.@...@..@...@.....@@.........@.@..@.@.....@....@
@..@.@..@@................@....@...@@.@.@.......@.@..@@@.....@...@.@..
@@.@@.@..@....@..@@.....@..@......@@....@@@@@@..@..@..@@.......@@.@...
Agents:
45
0,5,27,21,58
1,26,16,38,31
2,37,27,58,40
3,27,60,59,57
4,11,66,61,5
5,15,64,49,65
6,5,12,47,43
7,60,57,27,5
8,41,32,26,36
9,49,8,30,25
10,24,20,10,53
11,53,66,68,52
12,26,11,26,66
13,31,4,54,19
14,56,67,62,49
15,65,3,13,56
16,23,1,30,66
17,55,30,65,51
18,30,25,8,1
19,61,17,53,34
20,7,42,29,48
21,31,47,55,39
22,36,28,33,28
23,2,6,25,66
24,7,14,44,40
25,39,3,41,68
26,32,1,27,60
27,25,12,12,39
28,57,63,40,58
29,47,57,12,65
30,65,21,3,65
31,9,63,11,0
32,28,20,59,31
33,5,9,48,35
34,66,13,17,21
35,36,50,58,18
36,0,55,37,33
37,12,8,40,38
38,32,16,68,15
39,4,17,45,13
40,5,55,17,31
41,5,8,52,24
42,16,48,64,29
43,9,30,12,60
44,19,2,36,18
