2
Grid:
70,70
....@....@@..@.@@.......@....@@..............@.....@............@.@...
@...@@......@...@.......@.@...@.@@...@.........@....@..@......@......@
..@...@.....@...@...........@@..@.@..@@.@.@.......@...................
.....@.......@.............................@..........................
.........................................@.......@.....@...@.@........
...@.........@....@.........@....@...@.....@.@.@..@.....@....@....@...
..........@.@.....@....@.@....................@...@.......@.@.@....@..
..........@..@@...@.@.....@.....@.......@...........@@.@.@........@.@.
................@.@..........@@..........@....................@..@@...
..@.@....@.....@..@.@........@...@......@....@....@....@@.............
...@.............@@....@.@......@...@.@......@.@....@...@...@.........
...@...@@...@............@......@.@.@.......@.....@...@......@.@......
.....@.@@....@...................@@...@.@.......@....................@
@...@.......@.@....@........@.......@....@.@....@..............@...@..
................@........@.@..........@.@.@...@.@....@.......@.@......
..@..................@..........@@.......@@......@...@..............@@
...@@...@.@@.......@@....@...............@@..............@............
.@@........@...@@......@...@.@..............@.......@........@........
........@....@@@.......@...@......@..@..@....@..........@.@...........
@...............@............@@...@.@.@...@....@...@.........@..@.....
.@@...@.......................@........@......@...@@.@...@.@..@.......
.....@..@....@.@.@.......@...........................@.....@.........@
@.....@.........@@@@@............@...@.@.@..............@....@....@...
..@....@...@...@.@.@@....@.....@@....@...@..@.........................
.................@..@..@...........@......@.....@@.....@.@@....@......
.............@...@.......@....@@.@......@...@......@.....@@.......@...
@................................................@...@........@.@...@.
.@...........@.@............@........@..@.....@....@.@................
..@............@......@.........@.@...................@..@....@.......
@..@.@......................@.....@...........@........@..@@@.........
..@...@.@....@.@..............@..@.....@....@......@......@.......@...
....@..@.......................@.....@.@.@.@@@.............@@....@....
..........@...........@...@....@.............@@.....@..@.....@.....@..
.....@.@@......@...@...@....@..@.................................@..@.
....@.....@@..@...........................@@@.......@.@......@.....@..
...........@.@....................@.@.....@.@.....@........@..........
.....@.@@...........@......@..@@.........@@....@.@.......@@.........@.
....@.............@............@.....@......@.....@...@...............
...@..@.@..................@.@....@.@....@.......@.@..........@......@
.@...@@@....@.................................@..........@............
........@..@............@@.........................@......@...........
...@.....@......@.........@......@.@....@.....@.....@...@.....@......@
....@...@.@...@@.@@...................@......@...@.@............@...@.
...@...@........@@...@@.............@.@.......@.........@.@......@.@.@
....@....@.@............@.................@...@.......@...@..@........
...............@.......@....@.......................@..@.............@
.....@...@...@.......@.@...@.....@..@@@@.....................@.....@..
........@................@............@.......@.........@............@
.......@.......@...@.....................@..........@..@..@@..........
.@........@....@...@...@...........@....@.@..........@@..@.....@.@..@.
......@@.@...........@........@......@................................
............@..@.@...@..@..@.......@............@..@..@.@.............
...........@.......@......@..@......@............@..@...@............@
..@.....@@....@.......@....................@..@.@...........@......@..
@@...@......@..........@....@.............@...........................
.....@@.@.......@................@@@@....@.@........@@.........@.@..@.
@.@........@....@.........@@..@@................@...........@....@....
......@.@.....@...........@.........@...@.....@.@..........@..........
.@...@.....@...........@..@.......@.@......@......................@@..
.@.......@.................@.........@.........@.................@...@
.@.@@.@............@@.......@@.......@...@.@.@@.....@......@........@.
..@.@..@.................@@............@....@...@.....@.....@.....@@..
......@..@......@@..@.........................@.......................
@.@...@........@..@...........@.....@.......@.............@......@@...
....@@...@...........@..@.......@.....................@...............
......@.@............@...@....@.@@........@@@...@.@....@@@@.......@.@.
.@.......@.....@..............@.....@.....@......@..@.................
......@....@......@........................@...........@@............@
@@...@...@......@@.......@..@@...@......@@...............@.@@......@@.
....@..................@....@.@@..........@...........................
Agents:
75
0,20,18,62,39
1,55,25,24,44
2,9,65,15,19
3,23,0,69,27
4,36,22,42,42
5,25,54,57,39
6,9,11,56,51
7,33,48,18,6
8,51,53,27,35
9,6,35,40,68
10,41,54,26,21
11,37,1,59,60
12,7,19,14,20
13,27,58,43,10
14,67,59,33,27
15,22,7,37,39
16,28,45,56,46
17,12,17,30,57
18,58,55,23,49
19,28,64,29,10
20,17,19,60,26
21,10,4,62,1
22,48,45,0,50
23,7,24,35,38
24,56,40,68,48
25,35,46,4,51
26,9,36,61,50
27,50,53,26,25
28,17,60,14,35
29,38,35,35,51
30,2,46,32,54
31,0,18,36,33
32,25,34,26,20
33,69,16,52,12
34,24,11,61,8
35,17,22,67,7
36,43,32,57,56
37,46,25,19,7
38,41,51,25,53
39,51,43,57,62
40,3,52,10,24
41,42,52,20,32
42,36,46,23,64
43,37,38,54,35
44,26,52,38,1
45,16,34,58,18
46,4,7,43,40
47,26,14,4,9
48,46,60,66,3
49,35,61,14,8
50,15,24,26,11
51,29,56,37,22
52,54,29,13,6
53,43,18,13,26
54,45,43,7,46
55,67,22,37,21
56,28,55,2,64
57,54,35,28,64
58,5,8,38,4
59,28,39,60,9
60,68,26,50,64
61,8,11,35,35
62,36,18,16,60
63,23,49,69,66
64,53,18,54,16
65,68,44,67,50
66,20,40,26,10
67,68,56,18,44
68,61,56,40,61
69,31,53,20,69
70,16,23,21,68
71,9,51,61,12
72,32,30,12,46
73,39,64,28,12
74,63,61,69,10
