1
Grid:
60,60
............................................................
............................................................
............................................................
............................................................
............................................................
............................................................
............................................................
............................................................
............................................................
............................................................
............................................................
............................................................
............................................................
............................................................
............................................................
............................................................
............................................................
............................................................
............................................................
............................................................
............................................................
............................................................
............................................................
............................................................
............................................................
............................................................
............................................................
............................................................
............................................................
............................................................
............................................................
............................................................
............................................................
............................................................
............................................................
............................................................
............................................................
............................................................
............................................................
............................................................
............................................................
............................................................
............................................................
............................................................
............................................................
............................................................
............................................................
............................................................
............................................................
............................................................
............................................................
............................................................
............................................................
............................................................
............................................................
............................................................
............................................................
............................................................
............................................................
............................................................
Agents:
60
0,6,18,57,19
1,0,25,6,35
2,48,28,22,10
3,4,2,11,52
4,55,28,36,21
5,21,52,33,12
6,36,42,37,58
7,2,5,23,25
8,30,29,50,7
9,54,57,35,55
10,54,35,26,43
11,6,40,25,27
12,16,23,25,28
13,53,1,53,16
14,31,31,59,56
15,19,56,48,28
16,42,6,26,50
17,48,56,36,33
18,40,53,26,29
19,20,18,25,42
20,29,7,37,36
21,31,0,25,56
22,14,32,51,2
23,44,53,31,40
24,2,8,58,32
25,7,20,9,53
26,22,4,8,22
27,15,30,1,1
28,12,19,57,55
29,8,24,54,32
30,35,3,22,23
31,31,23,46,38
32,9,29,22,25
33,53,6,53,48
34,25,37,44,31
35,9,36,44,49
36,27,46,17,38
37,4,6,15,55
38,26,43,5,13
39,38,59,7,5
40,58,22,37,32
41,24,58,23,54
42,33,37,40,20
43,50,17,2,49
44,43,21,25,2
45,44,55,21,2
46,42,26,30,43
47,36,7,45,22
48,51,49,27,3
49,23,14,37,7
50,59,56,11,42
51,42,29,5,59
52,11,46,49,2
53,37,29,46,46
54,26,5,36,57
55,52,25,53,49
56,45,35,14,41
57,4,8,19,44
58,58,9,19,15
59,51,31,31,29
