0
Grid:
60,60
............................................................
............................................................
............................................................
............................................................
............................................................
............................................................
............................................................
............................................................
............................................................
............................................................
............................................................
............................................................
............................................................
............................................................
............................................................
............................................................
............................................................
............................................................
............................................................
............................................................
............................................................
............................................................
............................................................
............................................................
............................................................
............................................................
............................................................
............................................................
............................................................
............................................................
............................................................
............................................................
............................................................
............................................................
............................................................
............................................................
............................................................
............................................................
............................................................
............................................................
............................................................
............................................................
............................................................
............................................................
............................................................
............................................................
............................................................
............................................................
............................................................
............................................................
............................................................
............................................................
............................................................
............................................................
............................................................
............................................................
............................................................
............................................................
............................................................
............................................................
Agents:
45
0,40,52,25,7
1,45,55,49,11
2,48,23,50,26
3,46,13,48,23
4,30,43,15,9
5,54,24,51,54
6,14,42,18,49
7,59,3,25,45
8,4,21,35,2
9,10,25,3,42
10,31,59,9,25
11,17,41,41,15
12,49,23,9,36
13,2,24,47,28
14,52,51,34,51
15,15,44,11,17
16,28,17,59,22
17,21,16,29,41
18,40,51,1,22
19,12,58,46,38
20,27,48,16,37
21,48,25,7,12
22,21,17,7,20
23,12,37,24,49
24,21,22,49,24
25,11,31,15,40
26,21,59,48,30
27,3,40,35,10
28,35,4,41,1
29,6,24,15,45
30,21,39,5,38
31,27,9,16,49
32,56,57,4,24
33,21,42,19,58
34,23,13,52,2
35,9,11,45,28
36,58,42,23,43
37,11,52,33,55
38,20,31,28,48
39,11,24,24,4
40,2,29,9,59
41,39,44,41,6
42,23,28,16,33
43,14,40,11,1
44,41,35,48,37
