2
Grid:
70,70
.@........@..@.....@...@..@...@@.@.@@.@.@..@@.@@.@.@.......@..@.@@@...
....@@@...........@..@.@@.@@@.................@@@.......@..@@@........
......@....@.@....@..@.......@...@@@@..@..@@@@..@@.............@......
@...@..@.....@........@...........@.............@@@.@@..@........@.@.@
..@.....@..@@@.@........@.........@.@.@@.........@..@.@......@..@...@@
......@@@.@@.@@......@...........@@....@...@.@...@...@...........@@@@@
....@.....@...@@.@...@..@.@.@.......@.......@@....@.....@.@...........
@.@.....@@@......@.....@..........@.....@....@@...@.@.@..@........@...
...@.....@....@@@.....@....@..@.@.@........@@.@@....@........@.@.@....
....@@.......@.....@.@......@@.@.......@....@@.....@..@..@....@....@..
.@@.@.@...............@.@......@@.@.........@@@......@...........@.@@@
@@..............@....@.......@.@....@@.....@........@.@.........@....@
.....@...........@......@.....@@....@@@.............@......@.......@@.
...@.......@..@...@.......@..@.@.@.......@.......@....@@..@...........
...@@.@.......@...@.@..@.....@......@..@.@....@.@.....@.@............@
@......@.@...@....@.........@.........@....@....@@@.@@......@.@.@.....
......@..............@.@@..@.........@..@@.....@.@@@@@.@@.......@....@
@.@@..@..@@....@@....@@....@...@@.@@@@..@..@......@..@@.....@..@@.....
....@.@....@.........@....@....@..............@.....@@.............@@@
.@.@@@.....@@@@@..@.@.@...@...@@........@..........@@.@....@....@...@@
@@.@.@.@........@.@@.@@@.@........@..@....@@@.@@@..@.@@.............@.
@.....@.@@...@..@@.@@..@.........@..@@@.....@.....@.......@...@@......
.@.@@@.....@........................@...@@.@.....@@..@........@....@..
..........@@@..@...@...........@........@..@@....@...........@....@.@@
.....@..@......@.@.....@.@...@.......@......@@@...@.....@@........@...
.......@......@.....@..@@@@......@.@@.....@....@@...@......@....@.....
@@........@...........@..@...@@..@.@.......@@..@@...@.@...............
@.@.@...@.@......@.@@...@.......@@@@...@@@.....@.....@.@..@@..@.@..@..
..@.......@@@..@...@.....@.@@.@.....@@.....@.@.@.........@@@@.....@@..
@@.@....@........@...@..@@.....@@..@..@....@@...@.@@@@....@.@.........
@.......@@.@.......@@@..@.@@.....@....@....@...@....@.@..@@@.@@....@.@
....@@@..@.......@.........@..@@..........@......@...@..@......@......
@......@.......@...@...@.@.@......@........@.@....................@@..
....@...@.@............@.@.....@......@@.@@@@@.....@.@..@..@.@...@....
.........@@@..@.@............@...@.......@.....@.@..@...@@@..@...@.@@.
.@..@.....@....@.@....................@....@..@@..@........@@@...@....
..@...@...@.@@@.........@.@@..@.@@.@...@@........................@.@@@
@@@...@@@..@..@.@........@@....@.@...@@........@@@@.@.............@.@.
....@@........@@@@........@@.@.@....@...@@.......@.........@..@.@.....
.......@..@.@..@.@.@....@@.@@@...@.@@.@.....@....@.@...@.....@........
@@.....@@.@...@..@........@@.......@@.......@..@@@@@..@...@..........@
..@@...@....@..@.@..@....@...@....@......@...@@..........@........@@.@
.....@...@........@..@@@.@@.@....@..@..........@...@........@.........
@...@@..@...@...@...@..@.....@.....@.@..@....@..@.@.............@.....
.@.@.@@@........@....@.@@..........@@.....@....@.@@.....@@.@@.........
...@...@.@.@.....@..@....@......@@..@...@@@........@...@@.@...@...@@@@
@.@.....@...@...@@...............@..@..@...@@..@..@.@@@@.@..@..@..@.@.
...@...@@..@.........@@@.....@........@.@@........@.@.................
.....@...@........@@...@..@.@...@...@.@....@......@....@.@@@......@...
....@........@...........@.@..@.@.@...@....@.......@..........@.@..@@.
.....@@@@.@........@...@....@..@..@....@...@@..@@..@.@@@@.@......@...@
.@@...@..............@@@..@@@..@..@..............@................@@.@
@@..@.............@......@.@.@.@.@..@@@@..@.@.....@.....@......@..@.@.
.@....@.....@...@@........@........@.......@..@.@..@....@...........@.
.@.....@..@......@@.@.....@..@.......@..@@.@.@@...@........@..@..@...@
...@...@@............@.@@.@@.........@.....@.@.....@@..@.......@.....@
...@@..@@@........@..@@..@....@.....@..@........@.@..@@..........@....
@.@..@@.@@..@..@.@.@@........@.@@@@.......@...@@@@...@....@@......@@..
.....@...@......@.....@............@....@.@.@@........@.......@..@..@.
@@...........@...@@@@........@..........@@@............@....@..@.@....
.......@@.@..@@......@.@@.....@....@...@.@..@..@.@........@@..@.@@....
..@..@..@.....@..@@..@.@@.......@......@......@..........@.@@.....@...
.....@...@@...@@......@......@..............@.......@.....@..@........
@...@.@..@@.@......@....@.@....@........@.@.@.@....@.....@..@..@@@@@@@
......@..@@..@.@.@...@@...@@....@...........................@....@@...
..@..@...@.@..@.@..@....@.@.@@..@.....@....@...@@..@.....@@.....@@.@..
...@..@.@.@....@.......@.....@@@.@.......@..@......@.@...@@@....@..@..
.....@....@.@@..@.....@..@@@....@@...............@...@@..@@..........@
...@..@.@......@.....@.....@...@.@.@.@.@.....@.........@..............
......@........@....@.....@@@..@..@...@@...@.@......@........@....@..@
Agents:
75
0,27,69,20,57
1,69,40,49,57
2,50,50,55,58
3,40,31,64,34
4,42,55,36,36
5,20,49,16,32
6,5,18,39,63
7,2,25,5,5
8,9,20,17,62
9,51,11,35,8
10,35,63,59,6
11,30,13,17,58
12,51,35,60,54
13,11,58,67,56
14,44,15,30,4
15,10,5,68,29
16,7,20,34,45
17,58,58,27,65
18,3,59,59,39
19,29,67,32,61
20,39,4,18,13
21,44,53,59,50
22,26,68,57,23
23,58,38,27,23
24,14,47,33,18
25,17,13,17,48
26,24,7,39,21
27,68,40,35,9
28,7,13,13,16
29,51,64,45,21
30,10,64,10,28
31,36,23,43,22
32,12,63,65,62
33,39,67,52,49
34,9,12,34,27
35,0,5,11,9
36,57,64,34,37
37,33,66,67,4
38,61,58,61,58
39,60,5,48,15
40,8,45,8,45
41,64,49,7,35
42,12,0,11,49
43,56,2,35,27
44,14,68,38,34
45,38,1,52,52
46,31,64,25,40
47,12,45,29,11
48,6,42,63,62
49,53,32,24,49
50,29,10,55,57
51,26,21,1,57
52,39,18,33,28
53,32,59,19,48
54,49,6,23,45
55,25,5,13,12
56,44,31,47,28
57,20,57,16,17
58,7,36,27,12
59,35,35,23,34
60,27,65,34,3
61,62,33,31,34
62,51,17,56,67
63,42,44,25,9
64,19,24,12,46
65,35,19,38,7
66,54,36,68,52
67,43,34,8,56
68,35,48,26,66
69,21,24,36,18
70,38,7,63,49
71,0,32,46,28
72,26,19,19,35
73,52,64,0,15
74,28,6,45,14
