2
Grid:
70,70
..............@@@.......@@........@...@..@@@....@...................@.
..@............@..............................@...@.@.....@.....@.....
..........@@@........@@@..@.......@...@............@@@.............@..
...............@...@...@.........@.....@.@.......@...@....@@....@....@
...@............@...@.@@.......@.@...@......@..@...@.................@
.@..@@@........@...@..@...@................@......................@.@.
..........................@.............@.@......@............@.......
..@..@............@..@......@....@...@...@............@.........@.....
@@.................@..@..............@.......................@........
@@@...@....@.......@..@.....@.....@@.@@........@..@@..................
@@@@..@.....@..@..........@........@....@.@...@....@....@........@....
@............@.......@....@..@...@.................@.@.@.@.@.........@
.....@.@@....@..............@..........@..@........@.......@@.........
...@......................@.@.......@........@.@....@..............@..
..........................@@..@.@.@.......@....@......................
@...........@.....@.....@.......@........@.......@@..@.........@...@..
................@.@..................@..............@..@.....@...@....
...........@..@.@..@...........@...@.@..@..@....@...@.................
.@...@..@....@..@......@........@..........@........@...@..@......@...
.............@.............@.....@..@..@..@..@...@............@@..@...
.....@....@.........@..@@........@...........@@...@@..@..@............
..@.@....@.......@...@....@..........@..@...@@.@..@......@........@@..
...........@.........................@..........@..........@@...@.....
....@.......@@@.................@@...@.................@.@............
.........@............@........@....@@...........@......@...@......@..
......@................@.@........@......@..@..........@.@...........@
..........@.@@@........@.......@..@....@..................@.@@.@......
.@@.....@.@...........................@@..........@..............@....
@@.................@@....@....@@..@...@...@..@.....@.@@.............@@
.@..............@.....@...........@......@..............@.............
....@.@..@.@.@....@.@............@...............@........@..@.......@
........@...................@...............@.....@@@.......@.....@...
.@.......@.............@............@.@.......@...@@...@...@........@.
.......................@.@...@...@..@@..@........@........@...........
......@.@@.@.....@...........@.@....@........................@.@......
@.........@.........@@......@................@.@@....@.@.............@
.@......@@..@.....@....@..@.@..................@..........@.@........@
.......@........@..@.@...........@.@.......................@@..@@...@.
.@....@@........@@...........@...@.@...@.......@@....@.@....@@........
...@.@..............@....................@@..@..@@@...@....@.@.@...@..
....@.@.......@.......@.@.@.@.@.......@..@.....@......................
...@....................@.....@...@..@......@...@@.......@.@...@.....@
.....@.......@..............@@.......@.........@.@.........@.@.@....@.
.@.....@..@.@...@........@......@@....@@.......@..............@......@
......@...@...@...@@...........................................@......
...@...@..@....@............@.......@.........@.........@.......@.@...
..........@@.....@..@......@.@......................@@@@.......@..@.@@
..@@@....@........@...@@......@........@.........@................@..@
....@..@......@.......@.......@.....@..........@...........@......@..@
.......@.....@............@...@...@.........@.............@...@.@...@@
.........@.@.@......@...@..........@@........@....@............@......
...@...........................@.......................@@.........@...
.....@..@.......@@.............@@.......@@......@@......@@.......@....
..........@.............................@@........@......@.@..........
.............@......@........@..@...@..........................@.@..@.
...........@..@@...........@.........@..@...@......@.@..@.............
..@.........@@........................@.......@..................@....
..@.@..@.....@......@...........@@...........@........@.@.@...........
......@.................@@...@@@@...@.....@....@......................
....................@.......@.@...................@@@@....@......@....
..@....@.......@..@@@@......@@.....@....@.....@......@....@....@......
....@..........@@............@..@......@....@.@......@.....@..........
.........@.........@......@@......@............@...........@...@..@.@.
@.............@.....@...........@....@.@..@.@..@..@...................
..@@.............@..@......@..@.........@...........@......@......@.@@
.@..@.........@....@.........@.....@........@..........@@.............
..@.....@...........@......@.@..@.............@...@.........@@........
@@............@.@....@........@........@.........@.......@..@....@...@
.@........@.........@.................@.@...@...@...........@@.......@
......@.......@.@......@.......@...@.......@@..@.@.@.@...@....@@....@@
Agents:
65
0,58,46,25,49
1,9,58,19,21
2,42,20,33,53
3,26,24,64,55
4,10,53,54,46
5,40,33,18,51
6,17,36,15,54
7,1,60,30,30
8,26,56,35,50
9,17,10,66,37
10,23,19,25,64
11,39,53,31,21
12,18,69,38,41
13,17,2,9,64
14,43,11,22,57
15,44,25,64,34
16,37,62,42,17
17,24,21,21,29
18,2,28,13,56
19,17,32,18,65
20,57,34,27,27
21,16,54,25,68
22,37,9,22,1
23,66,47,23,51
24,23,59,49,37
25,40,59,56,25
26,51,43,14,65
27,5,11,35,65
28,36,38,26,44
29,42,10,63,16
30,56,57,33,15
31,38,59,57,46
32,16,0,39,29
33,18,24,63,24
34,55,2,47,25
35,16,58,50,18
36,35,6,3,62
37,66,53,10,57
38,53,32,14,37
39,34,51,59,26
40,40,54,35,42
41,54,33,65,23
42,55,7,28,32
43,45,69,29,42
44,66,26,19,22
45,37,36,4,10
46,60,41,3,10
47,62,20,12,49
48,42,52,5,56
49,24,44,27,52
50,27,3,5,49
51,3,61,29,24
52,69,55,29,0
53,11,54,68,28
54,25,24,50,62
55,37,41,30,64
56,18,53,69,10
57,57,26,27,16
58,65,67,38,32
59,60,38,51,15
60,9,26,58,54
61,11,58,22,35
62,29,0,41,67
63,16,34,34,14
64,55,50,10,62
