0
Grid:
70,70
..@@........@...@......@.........@@.@..@......@....@.@........@..@....
..@...@.....@...@..@..@@....@......@.......@...@.....@.....@........@.
....@@..@...@....@@.@....@....@..@........@@......@@..@...@.......@...
.@.@......@...@..@......@@...@...@@.@.....@...@..@....@@.@..@@@..@.@@@
.@@@@.......@......@..............@..@.....@...@@.........@@@...@...@.
@@@...@.@@...@@..@.@..@.....@..@.@@@...........@.@.@....@.@.@@@.......
.@@.....@..............@.....@...@@@........@@....@@............@...@.
....@.@.@.@...@.@.@..@.@@...@...@......@.......@......@.@....@....@...
.....@.................@....@@...@.@...@..........@........@......@...
.@.@.@@.......@@@@@...@...@@....@.....@@.......@.@.....@..@.@...@@@.@.
.@...................@....@..@.............@...@.@@...@...@....@@.....
.....@@...@@.@...@..@@@@@....@..@..@.@..@.....@.@....@@@......@.@..@@.
........@.........@..@@..@@.@...@@.............@..@.@@......@...@@....
...@..@....@@.....@@.@........@........@........@......@@...@...@..@..
.@.@....@..@...........@@.@.@.....@...@...@@@...@..........@@.........
@.@....@.......@......@...@@.......@...@@.@@..@........@..............
@@..@@......@..@@@.....@@.@@..........@@...@@....@..@....@.@....@@....
.........@........@..@.@...@...@......@.@@..@@....@..........@@.......
@.@..@@...............@...@........@...@.@...@...@...@.......@@..@@...
@..@.....@@.@..........@@.....@.@....@.......@....@....@@.......@.....
...@..@..........@.@...@..@.@.@...@....@@..@....@.@......@@...@.......
@..@.......@....@.@......@@..@.......@....@..@@..@@.....@.@@.@@.......
.......@.............@....@..@.@.@@....@..@....@..@..@.@..@.@.@.......
.@...@.@@.@@.....@@....@@.@..@.....@...@..@...@@.....@@.............@.
@@...@@....@..........@.........@..@@@....@@...................@..@.@.
.......@.@.@@.@.@.@.@..@@..@@......@@@...........@..............@.@@.@
.@..@...@@.................@..@..@.@@....@..@.....@........@@..@..@...
@@.@@@@.....@@.@...............@...@...@...@.....@.@.@@....@@.....@...
........@..@.......@........@..@@.....@..@@.....@...@@..@.@..@....@@..
........@.@...@.@.@....@...@.@.@........@@.......@@....@.........@....
.............@.@.......@.@...@...@@.....@.@@..@..@@..........@......@@
.@@.@.@..@....@@.@@..@....@...@...@@....@...@..@..@.....@...@..@@@....
.............@.@@.@..@@....@.....@.@.....@@@@...........@@.........@..
..@........@.@..@@.........@....@@.......@.............@..@.@..@......
.@@.....@....@.@..@...@.@..@...@.@@@@@...@.......@.@............@...@.
..@.@@..@.@.............@@......@.........@....@.....@.@...@@......@@@
@...........@...@.@..@......@......@@.....@.@.@@....@...@...@.@.@@@@..
..@.....@............@.@..@.....@@......@...@.@...@..@@......@@@@@.@..
........@.@....@....@.......@..@.@....@@.......@@.@@......@..@.@.....@
..@...@..@.....@.@.@.@.@@....@..@@..@...@..@@..@....................@.
...@.@..............@.@@.@.@.@.@..@...@....@.@....@.@@.@..............
.@....@.@.@...@.@.@...................@.@@....@....@.@@..@@..@.@@..@..
@...@...........@@.@@..@..@.@.@..@..@.........@..........@........@...
.@..........@.@...@...@...@....@@.........@.......@@...@@@.@..@..@@...
...@@............@.....@@..@..@.......@.@....@@........@@.@@@@.@....@.
..@.@..@........@..@..........@..@.@....@.@@......@.@.............@...
..@.@......@.@.......@.........@.@@....@...@.......@.......@.....@....
.@..@........@.@...@@@@@...@@@.......@@.@.....@...@..@.@..@...@...@@..
.@..@.@........@@......@..@.......@......@.............@.@@..@@..@....
......@..@.....@..@.@......@...@.......@@......@..@.@@@..............@
@@@@......@@@.....@.@..@@@..@.....@@....@@.@..............@.@.....@...
.....@......@......@.@...@@@.......@.....@@@...@.@..@@........@.....@.
..@....@...@@....@...@....@@.@..@.@@@...@..@...@..@....@....@.@.@.....
.@@@...@.@..@.@..........@..@....@....@@.@.@..@.@.@......@.@@@......@.
..@@.........@...@.@.....@...@@....@....@.............@.@.@@@.@.@.....
.@@...@....@@...@@......@@.@..@.@.......@@@..@....@.....@...........@.
..@........@.@...@...@@@..@.@...@......@@@.@.@.@@....@@@...@.........@
@.@.@@..@.............@...@..@.....@........@.@.....@......@..........
@@..........@.@.@.@.@...@.@.@...@@.@@@....@...@.@.......@...........@.
...@.@.....................@...@........@.@@..@@...@......@@........@.
...@@.@.@..@@@.......@....@@..@.@....@..@......@......@..@...@..@@....
...@....@.@.@.....@...@@@.@@..@.@.@......@@.@...@@..@........@@@@..@..
.@@.............@...@@.@@...@....@@...@.......@.......@.@...@@......@@
..@@@@...@@......@..@@.....@...@.@@........@.@@@...@...@@.........@.@@
.....@.@.@.@.@.@.@........@.........@@@.@@@..@...@....@.......@....@..
.........@.@@.......@....@...@....@@..@.@...@.@....@.........@........
...@...@..@.@...@@..@.@@...@.@@...@.....@.........@......@@.@....@....
...@.@..@@.....@....@......@..@@.....@.......@..@@...........@........
..@@..@..@@.....@.....@........@....@@.@...@...........@.@..........@.
@.@..............@...@..@....@.........@.@....@..@...@................
Agents:
55
0,63,23,6,4
1,36,40,52,57
2,64,4,58,60
3,35,1,3,39
4,43,53,17,46
5,36,6,33,43
6,50,62,34,4
7,59,36,3,59
8,14,39,56,37
9,47,24,25,40
10,48,64,27,17
11,39,57,65,37
12,67,36,58,67
13,53,17,62,4
14,22,28,0,14
15,11,1,0,61
16,0,50,5,25
17,63,24,10,57
18,17,2,15,63
19,9,4,67,2
20,36,53,52,24
21,54,38,21,2
22,33,24,60,35
23,45,12,10,68
24,62,0,31,59
25,35,48,40,16
26,4,6,1,39
27,69,18,39,66
28,54,21,58,11
29,1,25,28,25
30,29,57,26,15
31,35,34,16,54
32,46,23,63,12
33,6,46,49,14
34,54,34,12,13
35,19,11,51,0
36,26,13,3,0
37,52,15,62,41
38,52,48,67,38
39,36,22,4,56
40,6,20,39,59
41,2,60,38,22
42,20,15,4,51
43,48,22,41,69
44,5,15,37,17
45,15,60,60,43
46,35,56,26,5
47,60,18,32,31
48,21,13,46,28
49,27,25,58,6
50,3,66,67,26
51,43,64,11,26
52,59,56,16,21
53,64,35,9,7
54,63,44,46,12
