1
Grid:
70,70
..@@@......@.................@.@......@@@.....@...............@..@....
@.........@@..............@..@@...@......@.............@..@.@.........
..@@....@@...........@....@@@..........................@..............
..@.@...@............@...............................@...@..@.....@...
.......@......@@......@........@......@@.@.@....@.......@...........@.
........@...........@...............@.....@........@@..@....@.@.......
.@..@............@....................................................
....@...@@@..@...@..@................@.......@........@....@@.....@..@
....@.@.........@....@@............@....@...@............@.......@....
.....@...@...@.......................@...@@..@....@...................
..@...@...@.@@@..@....@...@.@...........@.@@...@....@......@.........@
..................@.............@...@......@.....@...@.@..............
@........@....@.@@...@.......................@.@.....@..............@.
....@..............@.......@...@...................................@..
...@......@.........@......@.....@....@......@.@...........@..@...@.@@
...@....@@.........@.......@@@.....@@.........@@@@....@.....@.........
@.......@....@.....@......@..@@.................@@.......@......@@....
................@.............@..............@............@.@...@..@..
.................@....@...@.@.@@............@.@@@..@......@....@......
..@....@.@.@...............@.@.....@.....@..........@.......@.....@..@
.@....@....@@.....@......@.....@................@............@.....@@.
@.........@...............@.....@@....................................
........@........@..@...............@...@..............@..@@..........
....@.@@...@@.@....@...@.....@....@...@............@@....@@.....@@...@
.............@@@@...@@@.@..........................................@.@
......@..@......@..@....@..............@@.@.....@....@@...............
@.@.....@@.....@.....@..........@...............................@.....
..........@.@........@..@........@...@....@....@.@..@...@.....@...@.@.
...@.....@..............@....@.......@.........@..@..@....@@@.@.......
@@@@..@...........@..@@@@..@@@@.........@.............@..@@......@.@..
....@.......@.@............@.@......@..............@.....@.....@..@@..
.................@......@..@.....@....@.@..........@..........@.@.....
....@...........@..@......@.@.............@..........@...@...@..@.....
..@@..@....@.@.@....@.....@...@........@....@.......@@.............@..
@.........................@..........@............@........@..@.......
.....@....@..........@@....@.....@...@...............@......@...@....@
@.@........@........@@...........@..........@.@.@.........@@...@......
.@..............@..@@@@@.@@........@@..........@.........@.@...@......
............@....@.@......@@@@..@.........@.....@..@@.................
...@..@@@...@...@..@...@.....................@..@.@...................
@......@......@....@.@......@...@.............@........@......@....@..
..............@@..@..@@......@@.@@......@.@@....@....@.....@........@.
.....@@.........@..............@.......@@......@..@.......@.....@.....
.......@..........@..........@.......@..........................@.@...
.@..@..@..........@...@.@.@..@..@...@@.....@..@........@.@@..@.@.....@
@@....@......@.@...................@@.......................@....@.@..
@..@...@.@.........@...@.@..........@.....@...@...@.............@.....
.........@.@@........@.....@...........@......................@.......
.@.......@..@..............@@..@...@.........@@..@.@.....@@......@@.@.
@..@..@...@.......@@........@...............@...@.......@..@..@.@.....
.@......................@...@@@....@........................@.......@.
.................@.......@..@......@........@.......@...........@.....
.@@@......@...........@@.......@@........@.@.........@.........@......
@...@........................................@.................@......
....@.......@.@.........@@...@.....................@..............@...
..................@....@..........@........@..........................
.....@.....@...@............@...@......@..@....@......................
............@.....@@.@...@............@.............@................@
..............@......@....@........@.....@.................@..........
...@.....@........@.@....@.............@....@.@..@@.......@...........
................@............@....@.@........@..@..@...@.@@...........
.........@...................@.........@.@.@..@..@.....@...........@@.
.@.......@.@.........@.......@..@@...@....@.........@..@..............
@@.....@.@@........@....@............@...@..........@.......@.....@...
@..@...@.....................@..@...............@...@@...@.......@...@
...@..@@....@..@......@.@.@.@..@........@...............@........@..@.
.@.@@.............@...........@@.....@.............@@...@@@.@.......@.
..................@.....@...@....@..@....@.....@..........@@..........
....................@@..@.......................@...@.................
..............@..@@................@.........@.......@.@@.............
Agents:
40
0,68,19,42,69
1,21,60,34,47
2,53,2,41,44
3,53,3,62,14
4,9,28,4,25
5,30,52,49,8
6,34,27,47,18
7,55,31,6,59
8,68,10,49,16
9,5,39,22,33
10,60,1,69,20
11,33,59,67,6
12,60,30,31,47
13,69,4,45,69
14,2,22,28,33
15,56,34,31,39
16,0,23,55,66
17,37,54,52,29
18,66,49,18,29
19,48,34,32,59
20,30,47,46,68
21,17,10,59,38
22,57,27,2,19
23,14,12,62,28
24,10,19,37,50
25,5,48,4,34
26,41,63,28,44
27,11,23,54,9
28,4,5,13,43
29,25,7,40,36
30,65,69,9,56
31,27,31,58,24
32,63,13,13,22
33,13,26,26,65
34,61,25,42,66
35,63,32,67,45
36,21,56,11,6
37,42,42,47,7
38,31,14,43,27
39,24,50,4,64
