0
Grid:
60,60
...............@...........................@..@@............
......................................@................@....
@.....@.......@.....................@.......................
..............................................@.............
.........@..................................................
....@..................@@.............@.................@..@
...............@...............................@............
..@............@..................@..................@......
.......@.........................@..........................
...........................................@....@..@........
............................................................
........................................@@..................
..@.........................................................
............................................................
..................................@.........................
......@....@.......................@........................
......................................@.........@@.....@....
................@.....@........@.........@..................
..............@..........................@...............@..
............................................................
.........@.......................................@..........
......@.....................@........@...@..................
...@................@......@.....@.....................@....
..........@....................@.........@..................
.......@@..........@........@...........@........@..........
........................................@...........@.....@.
..............@......@...........@..........@............@.@
.@........................................................@.
..@@.@..............................................@.......
..@...............@....................@....................
....@.......@......@........................................
.......................................................@@...
.............................................@.........@....
....................@................@......................
........................@.@........@...............@........
..............@..@.......................@..@.@.............
..............................@............@...........@....
..............@....@.....@@..@...@....................@.....
..............@...........................................@.
....................@.....@.................................
..........................................@........@........
...................@.@...............................@......
........................@................@..................
..........................@.................................
...................................................@........
..@...........@...........@...@............................@
................@.......@..@................................
........@....@...................@..@...........@..@........
.......................@........@.........@...........@.....
....................................................@.......
...@...............@............@........@..................
....................@..............@...@.@..................
.............@.@......................@.....................
........@......@..............................@..@..........
.......................@....................................
...@..@................................@.........@..........
....@........@......................@............@..@.......
....@.......................................................
....................@....@...@@...........................@.
...................@.....................@.........@......@.
Agents:
75
0,21,31,4,36
1,36,10,22,38
2,5,34,40,9
3,24,13,29,44
4,36,4,39,38
5,45,8,27,47
6,57,31,55,18
7,57,21,38,23
8,39,7,4,33
9,1,20,14,20
10,9,17,6,18
11,23,25,29,9
12,21,50,34,16
13,42,18,15,29
14,14,28,41,17
15,26,51,37,32
16,41,58,52,17
17,45,56,40,56
18,26,16,14,55
19,56,57,29,25
20,21,14,3,39
21,28,35,8,25
22,56,3,35,18
23,5,54,35,21
24,0,3,17,45
25,28,55,54,14
26,12,57,2,59
27,47,3,24,20
28,8,11,47,12
29,49,14,15,49
30,52,6,39,47
31,59,7,34,10
32,38,54,43,33
33,27,59,21,48
34,46,0,51,44
35,54,22,34,54
36,11,4,0,6
37,59,54,31,20
38,49,47,11,3
39,28,17,11,33
40,45,47,42,56
41,18,10,28,6
42,59,30,3,8
43,39,43,17,43
44,10,41,56,23
45,48,14,33,36
46,27,41,5,26
47,4,14,28,53
48,15,20,18,49
49,57,2,3,22
50,36,5,41,22
51,8,59,56,33
52,8,6,13,36
53,44,7,43,29
54,58,52,7,50
55,14,20,23,46
56,43,31,17,19
57,47,49,18,27
58,7,7,2,15
59,15,44,44,9
60,49,4,52,56
61,12,40,33,9
62,54,29,15,54
63,0,44,8,58
64,39,28,15,43
65,50,26,58,57
66,41,39,56,34
67,39,19,35,16
68,1,53,9,3
69,46,31,23,48
70,44,17,5,20
71,26,27,48,29
72,12,59,43,47
73,27,26,18,1
74,13,50,48,37
