2
Grid:
70,70
...............@...@..@..........................@..@@.........@......
@@........@.@..........@..................@@.....@............@..@@...
......................@........@..@@....@....@..@@...@..@....@@.@.@.@.
@.......@.....@.....@..........@.@.......@............................
.......@.@....................................@@.....@....@.@.........
@...@.@......@....@.............@....@.......@.@.......@..............
........@.........@....@........@.........@..@.....@......@.@..@.@....
..........@....@....@..................@.....@..............@.........
.@............@......@........@...@..@@........@@.............@@..@.@.
@.@.............@..@.......@@@.........@.........@@@..@...............
...@...........@..@@...@.@.......@..............@............@..@.....
..@.@..@....@..@.........@..@@.@.@.....@..@@.........@.....@.@........
...........@..@......@........@.....@.@.........@..............@.@...@
......@.......@@...@................@.@.....@............@......@.@...
.@......@.@.....@........@.........@@..@...@.......@.........@........
.@@.............@..........@.........@......@..........@.....@...@....
@........@..@@.....@.@.........@......@....@.@..@...........@.....@.@.
....................@..@.....@@....@............@...............@.....
.......@..@..@@...........@...@.............@....@.@..@@..@.......@@.@
.@.@..........@.@..........@.........@.....@.@....@.@@.........@.....@
..................@.@.@................@...........@..........@@......
@....@@@@.@.....@...........@...@@.....@............................@.
....@....................@.....@........@....@.@.....@..@@...@.@@....@
..........@....@...@........@@.......@.@.@.....@.....@............@@..
..@.......@@..@.....@......@....@......@....@.........@..@@.........@@
...............@@........@.......@.....@@.@@@...@@....@.@@....@.@.....
......................@..@......@.@...@.....@...@.......@.............
@@@....@.@.....@.........@....@..............@....@.......@.@.....@..@
........@..@.....@....@@.....................@...@....@....@.@..@...@.
....@....@...@@..@.....@.....@.....@.........@....@..@.........@@.....
..........@@.@................@.@@.@...@.@....@....@......@........@..
......@@....@............@...@........................................
.........@...@......@..........@..................@@...........@......
....................@...@........@..@...@..@......@................@..
.............@.....@@...@.@...@..@.........@......@...@@.@.......@.@..
.@.................@......@.......@@........@..........@@@............
...@....@.@...@..@.............@....................@.@.......@.......
.....@.@.................@.........@......@................@.....@....
..@.................@..............@.@........@..........@@...........
.....@..@...@@...@...@....................@..........@...............@
....@...@........@..@@.@......@.@...@@.........@......@...............
.@............@@........@.@.....@..@...............@..................
..........@...@...........@.............@..@...@.................@@...
....@@.@........@.........@@.....@...@..@..........@@..@.@.....@......
...@@........@@@..........@....@.............@...@...@................
...@..............@.....@.........@..........@.......@.@..........@...
.....@......@@@..@..@......@.....@.@.....@.........@............@....@
....@.............@........@.@@......@...........@.....@............@.
....@@.@..............@.@...@...@...@@.......@.........@....@.....@...
.............................................@...@.......@..@@@..@...@
.........@.................@@..@..............@............@......@...
.............@......@........@@.................@...@@.............@..
.............@.......@.............@.....@.......@@...........@.@.....
.....@...........@.@..................@@....@..@......@.@.......@.@...
.@......@..........@............@...............@.....@..@.....@@.@@@.
..@...@....@......@....@....@.......@@...@...@...............@@.......
..@...@.@.........................@...@..@.@.@@.@.@@@...@.@....@.@....
........@......@.@..@...........@........@...@.......@.@..@....@.....@
......@..@...@........@...@@...@......@.....................@.@@......
..@.....@...............@@.............@.......@.............@......@.
........@.@......@..@@...........@...@.@.....................@.@....@@
..............@...@.......@........@...@...@@........@...@............
..@..@..........@...........@........@..@..........@..@.......@.....@.
................@.@..............@.............................@@....@
......@...@..............@...........@.......@.......@........@@......
...@..@@.........@..@.@@....@.@......@@.......@........@.@...@...@....
..@.@.......@@......@.....@.......@.........@.@.......@.....@.........
.........@............@@............@@.@....@@...........@.@.........@
......................@.....@.@.......@..@.............@..............
....@......@@.......@....@.....@.@@..@...@..@@..........@....@........
Agents:
35
0,44,25,66,66
1,66,42,21,26
2,52,19,16,2
3,4,32,47,56
4,46,3,39,51
5,12,40,2,47
6,65,34,33,5
7,31,62,12,62
8,37,49,57,18
9,60,25,18,9
10,59,55,27,52
11,7,65,18,40
12,12,22,22,38
13,51,39,8,55
14,1,41,47,15
15,35,62,69,49
16,36,66,35,58
17,41,19,14,31
18,15,36,15,33
19,8,67,13,53
20,39,0,30,54
21,1,18,42,67
22,63,6,16,63
23,18,16,3,66
24,16,18,32,52
25,7,51,17,12
26,51,6,45,19
27,4,2,35,49
28,67,34,54,4
29,63,24,67,25
30,29,6,23,58
31,7,40,8,45
32,10,22,55,15
33,46,9,37,48
34,26,11,50,12
