1
Grid:
30,30
..............................
..............................
..............................
..............................
..............................
..............................
..............................
..............................
..............................
..............................
..............................
..............................
..............................
..............................
..............................
..............................
..............................
..............................
..............................
..............................
..............................
..............................
..............................
..............................
..............................
..............................
..............................
..............................
..............................
..............................
Agents:
17
0,2,13,27,1
1,17,10,4,11
2,20,7,8,10
3,16,0,17,11
4,21,27,26,9
5,8,1,27,9
6,22,2,22,16
7,18,28,4,10
8,11,14,20,19
9,6,24,14,15
10,6,27,20,5
11,4,3,28,25
12,24,29,27,17
13,2,25,4,9
14,13,10,7,3
15,23,8,3,8
16,15,7,22,28
