1
Grid:
60,60
............................................................
............................................................
............................................................
............................................................
............................................................
............................................................
............................................................
............................................................
............................................................
............................................................
............................................................
............................................................
............................................................
............................................................
............................................................
............................................................
............................................................
............................................................
............................................................
............................................................
............................................................
............................................................
............................................................
............................................................
............................................................
............................................................
............................................................
............................................................
............................................................
............................................................
............................................................
............................................................
............................................................
............................................................
............................................................
............................................................
............................................................
............................................................
............................................................
............................................................
............................................................
............................................................
............................................................
............................................................
............................................................
............................................................
............................................................
............................................................
............................................................
............................................................
............................................................
............................................................
............................................................
............................................................
............................................................
............................................................
............................................................
............................................................
............................................................
............................................................
Agents:
75
0,13,4,36,31
1,42,9,23,46
2,40,19,58,21
3,9,55,16,16
4,25,8,8,46
5,51,13,31,44
6,46,6,37,1
7,2,30,56,35
8,54,35,23,32
9,30,37,29,29
10,32,15,39,10
11,10,48,44,11
12,15,43,25,56
13,21,39,50,45
14,56,31,52,33
15,20,46,17,14
16,42,37,56,53
17,32,27,39,30
18,1,51,9,27
19,37,13,25,6
20,21,43,43,37
21,30,32,30,10
22,45,29,55,6
23,4,45,54,29
24,14,35,5,26
25,19,49,5,24
26,21,59,29,46
27,22,58,6,1
28,54,54,14,14
29,53,57,58,58
30,58,29,44,42
31,59,54,3,52
32,48,5,30,39
33,30,9,53,11
34,34,35,5,43
35,28,3,45,2
36,58,17,19,39
37,16,49,22,57
38,44,37,35,33
39,2,46,0,30
40,38,36,47,6
41,25,20,34,30
42,12,30,27,40
43,25,42,32,29
44,14,33,33,24
45,33,7,45,22
46,57,40,5,54
47,14,51,37,55
48,44,36,51,39
49,44,40,14,46
50,58,55,17,41
51,10,39,18,49
52,6,15,53,56
53,51,3,40,33
54,43,33,21,36
55,14,17,42,44
56,51,7,25,52
57,18,22,2,51
58,4,38,52,28
59,41,17,37,33
60,39,48,33,37
61,55,1,19,0
62,2,21,55,28
63,5,18,58,46
64,2,24,0,26
65,5,7,12,7
66,52,21,38,23
67,47,43,27,2
68,25,46,28,22
69,13,56,52,40
70,39,21,5,40
71,58,40,54,18
72,18,15,28,47
73,15,50,16,18
74,21,52,19,11
