2
Grid:
60,60
............................................................
............................................................
............................................................
............................................................
............................................................
............................................................
............................................................
............................................................
............................................................
............................................................
............................................................
............................................................
............................................................
............................................................
............................................................
............................................................
............................................................
............................................................
............................................................
............................................................
............................................................
............................................................
............................................................
............................................................
............................................................
............................................................
............................................................
............................................................
............................................................
............................................................
............................................................
............................................................
............................................................
............................................................
............................................................
............................................................
............................................................
............................................................
............................................................
............................................................
............................................................
............................................................
............................................................
............................................................
............................................................
............................................................
............................................................
............................................................
............................................................
............................................................
............................................................
............................................................
............................................................
............................................................
............................................................
............................................................
............................................................
............................................................
............................................................
............................................................
Agents:
45
0,2,35,6,26
1,53,1,7,31
2,7,40,34,22
3,56,28,51,9
4,57,22,55,41
5,27,5,44,37
6,32,26,6,13
7,4,32,56,31
8,18,23,33,54
9,31,41,50,59
10,22,25,21,9
11,38,12,34,47
12,47,56,44,39
13,39,20,29,34
14,44,47,47,17
15,2,50,27,15
16,17,0,36,49
17,42,46,33,26
18,2,55,1,12
19,12,7,25,57
20,52,59,50,42
21,4,10,34,45
22,11,26,59,15
23,31,26,17,49
24,3,33,51,48
25,31,28,15,25
26,21,32,1,36
27,11,36,30,12
28,56,40,19,46
29,14,11,9,43
30,1,35,54,34
31,44,10,11,20
32,19,37,19,30
33,48,31,52,36
34,44,18,7,37
35,30,22,56,20
36,11,24,31,4
37,49,23,23,52
38,20,27,14,50
39,0,20,29,10
40,24,13,38,16
41,16,10,41,20
42,16,34,22,55
43,29,44,18,42
44,49,6,13,19
