1
Grid:
60,60
........................@..........@........................
.................@..@.......................................
..........@......@.........@.........@...@.@................
@...................@@.@.....@........@....@................
.......................................@......@.............
.........@..................................................
...@................@.......................................
...........@.......@...........................@............
@..@............@................................@..........
..............@.................@..........@......@.........
@................@.@........................................
.................@.........................@@...............
.................@.........................@................
@.....................@....................................@
.............................@.....................@.@.@....
.@...............@.............@....@.......................
.....@......@...............................................
.....@...........@................................@.........
............................................................
........@..............................................@....
..................@.........................................
..............................@.@.....@....@..........@@....
.......@..........@.............@.........................@.
....................@@..............@.......................
.........................................@..................
............................................................
..............................@........@...............@....
............................................@...............
...@..................................................@.....
................@................@..........................
@......@.................................@..................
.....@......................................................
..................@........................@....@...@.......
.............................................@..............
.....@................@..........................@.@........
@....................@.................@..@..@......@.......
.........................................................@.@
......................................@......@..............
.........@......................................@...........
.............................@..................@....@......
............@..@..@...@....@...@.............@...@...@......
...........................................@.......@...@.@..
..........................@...@........@................@...
.............@..............................................
...............@...................@........................
.................@..................@....@.............@....
.....@......................................@.@.........@...
...................@.....@........@...........@.............
........................................................@...
..........@...........@@........@...@.......................
@......@............................................@.......
...@.........@........................@.@............@......
............................................................
.......@........@....@.......................@..............
.....................@......................@..........@..@.
..............@...@.......@.................................
..@.@...................................@...................
....................@...........................@.@.@.......
..........................@..................@..@...........
@@......................................@...................
Agents:
75
0,13,8,35,17
1,36,2,5,37
2,33,56,30,57
3,8,25,40,46
4,19,1,10,58
5,7,38,36,16
6,24,8,27,7
7,44,59,41,6
8,22,48,51,59
9,53,25,33,54
10,9,4,6,26
11,4,13,12,31
12,29,50,10,34
13,26,50,27,20
14,51,46,4,48
15,45,13,28,20
16,22,6,39,3
17,41,36,25,32
18,19,49,16,20
19,19,6,10,30
20,18,31,42,0
21,31,20,41,45
22,48,54,10,49
23,20,4,43,19
24,38,8,21,45
25,27,8,16,18
26,59,14,48,25
27,2,9,4,47
28,29,18,12,59
29,33,33,46,26
30,15,53,59,7
31,27,7,47,49
32,40,32,12,45
33,29,47,25,52
34,6,38,8,30
35,33,44,42,44
36,25,35,1,10
37,29,21,57,39
38,12,42,51,58
39,18,36,45,56
40,14,8,1,29
41,4,32,12,19
42,33,55,5,20
43,17,35,9,3
44,36,0,20,1
45,57,57,31,42
46,4,54,34,44
47,39,3,6,44
48,37,30,45,18
49,39,12,17,41
50,7,24,42,40
51,36,18,51,39
52,58,57,26,22
53,14,7,33,10
54,5,51,16,33
55,14,39,15,4
56,38,7,22,1
57,13,54,45,53
58,10,6,19,31
59,40,35,28,25
60,39,30,36,56
61,56,26,5,25
62,44,42,25,58
63,14,24,17,13
64,57,2,17,42
65,0,40,57,7
66,57,19,29,25
67,20,28,46,23
68,54,6,22,46
69,42,25,37,41
70,49,42,48,52
71,56,43,0,7
72,38,45,50,51
73,1,1,48,13
74,43,0,58,36
