0
Grid:
70,70
........@........@...@.@....................@................@...@.@..
..@.............................@.@....@.....@.................@...@..
........@....@.....................................@...............@..
@...............................@.@.@.@...........@.................@.
..@.@..@..@@.@..........@......................@......................
..@...@...................@..................@.....................@..
.....@.....@.......@......................................@....@......
....@...@..............@......@.@................@..@.@...............
.................@...............@...@.........@@...........@.........
.@.@............@.........@..........@.@..@.............@...@.@......@
.......@............@...........@@.....@..@...........................
.@.................@............................@..@@.............@...
..............@@@.....@...@.....@.....@...@...........................
..@....@..........@.....@....@.............@........@............@....
@.....................................@.....@.........................
.........@...............@.......@..@..........@......................
@...@...........@@.....@.....................@......@..@.@............
.....@...................@..@....@....@@@...@.@.....@........@........
.........@.....................@.........@@........@..............@..@
..................@..@..................@...........@........@.......@
......@..........@@....@..............@...............................
.......................@........@....@.........@......................
....@......@...........@.@@.........................@.....@...........
.................@...........................@......@.@.........@..@@.
..@....@..........@.............@.......@@....................@...@@@.
.@.....@@@..@.........................................................
.....@......@..@...................@...@.........@.....@..............
.........@...........@.....@.........................................@
@..@@.....@...@..........@...........@........@..@...@........@.......
....@..........@........@@..........@.................@...@...........
..................@.......@................@@.........@@..............
..........@...@............................@.....................@....
.@.......@.............@...@............@.....................@@......
......@@........@....@@................@.@......@.....................
.@.......@...@............................@...@..........@........@...
.........@....@.....@...@..............@.....@.....@...@............@.
....................@....@...@.@...............@.........@............
.....@........@@..@............@...@...@.......@......@@..@.....@.....
......@...........@..@....@...........@...@.......@....@.@...@........
.........@..........@..@@..@......................@.........@.........
.@.@..@.@.............@...................@@.....................@..@.
......@....@@..@....@@........@....@...................@.......@.....@
...........@.@.............................@.......@..................
........@.......@.....@.@.....@......@.......@......@@.@......@......@
...................@.......@................................@....@.@@.
..@............@........@@..................@@.....@....@.............
..........@@..@....@...@......@....@..................................
..@..............................@.....@................@..........@..
.....@..........@.@.........@......@..........................@@.@.@..
...............................@.............@............@..@......@.
.@.........@@...@..@.........@...............................@.@@....@
............@.......@@.@...@....@.....................@..@............
..........@@.......@.......@..................@.@...@.................
.@.@.............@.@.@.....@..@...@@..@....@..@...........@.....@.....
........@.....@@...@@...@............@....@......@..........@..@@.....
.....................................@................@...@.........@.
.................................@.......................@............
.....@......................@..@.........@..................@...@....@
........@...@....@..@........@.......................@....@...@.......
..............@.........@....................@@..............@@.......
@....@..........................@.......@.....@.......................
.........@.........@@.......@.....@...................@..@.@@.........
.....................@................................................
.......@.........@......................@..............@..............
........................@..............@..@@.@.......@................
.....@....@..@........................................................
.............@...................@..@..........@@..................@..
.....@..................@.........@.......@...........@.@.@..........@
.............@......................@..............@..................
.......@..@..@...@..........@......@........@.........@.....@.@.......
Agents:
35
0,1,69,58,60
1,48,17,18,47
2,48,29,32,19
3,13,61,20,63
4,31,36,11,17
5,44,15,6,45
6,69,22,38,35
7,11,47,22,6
8,49,36,21,42
9,22,6,44,11
10,7,17,65,41
11,45,67,66,0
12,14,47,61,10
13,40,38,14,27
14,64,5,21,28
15,10,24,44,36
16,4,43,57,16
17,32,60,16,2
18,69,57,34,68
19,56,31,8,69
20,36,39,9,43
21,23,28,64,11
22,54,62,5,62
23,14,20,36,13
24,8,54,53,68
25,26,53,62,61
26,21,62,43,47
27,14,35,45,65
28,20,63,68,65
29,42,39,1,68
30,18,38,39,14
31,14,58,49,12
32,20,45,40,23
33,51,7,43,7
34,33,17,38,30
