2
Grid:
30,30
..............................
..............................
..............................
..............................
..............................
..............................
..............................
..............................
..............................
..............................
..............................
..............................
..............................
..............................
..............................
..............................
..............................
..............................
..............................
..............................
..............................
..............................
..............................
..............................
..............................
..............................
..............................
..............................
..............................
..............................
Agents:
17
0,4,29,17,22
1,14,19,21,27
2,27,9,12,10
3,23,14,11,24
4,27,21,9,19
5,0,3,2,20
6,0,7,9,27
7,14,28,3,15
8,26,4,4,21
9,12,26,2,18
10,20,1,6,13
11,20,16,14,23
12,1,25,27,2
13,24,25,1,20
14,20,24,2,5
15,17,0,20,11
16,3,0,15,17
