2
Grid:
70,70
@.........@..@.@@....@@..@@......@.@@@.......@@.@@.......@@.....@@....
.@@@.@..@.@...............@@...@@@@......@..@...@....@.@@............@
.@.@.................@............@...@.........@@.@@@@@@...@.@..@..@.
@.............@....@.@.@.@@..@....@......@..@@@..@....@@........@.....
.@@.......@@.@..@.@@@.@.@.@@.@@.@..@..@@.@.@@@.@.@...@.@..@@.@.@.@..@.
....@@.@..@@@.....@..@..@...............@.@.@..@.@..@.@.@@@...@.@...@.
@@..@@@.@...@...................@.@.@..@.@.....@@...@.........@.@.....
..@@..@.....@....@.@...@@....@.@.......@@.@..@@..@.................@@@
@@.....@......@.@.......@@@.@.@@@........@.@..@@@.@....@.@.@@@@@@@@..@
@...@@...@..@.@.........@.@.@@.@.@@@..@.@..@.@...........@.@@...@..@..
.@@.....@.........@@..@@...@...@...@...@.@......@...@@@....@@...@.....
.@.............@@.@.@@.@.@......@..@....@.@@.@@@....@...@......@.@@@..
..@.....@..@.....@@...@@.@.@..@......@@.@@..@.@.@.......@@.@@..@...@..
...@@@...@....@.@.@.@@.....@@@@@@.@.@...@.@...........@.@...@@@..@...@
.@...@.......@..@.@...@@@@.........@..@.@....@..@..@..@...........@.@.
.@@......@@............@....@@@.@..@.....@..@...@@.....@...........@@.
.....................@.@.@@.@@....@.@.@.@..@...@.@@@.@.@.@.@..@...@...
@@...@....@.@..@..@.@...@...@........@.........@....@.@..@@..@@@...@@@
........@.....@.....@.@.....@.@...@@@..@..@@@.@.@..@@.....@.@......@..
@@@@@...@@.@..@..@@.@@.........@@.@@@......@@.................@....@@@
.....@.......@@.....@.@..@..@.@.@.....@@...@..@@@.@...@...@@.@@@...@@.
..@.@@@.......@@.......@...........@......@...........@...@.@....@@...
.....@.@.@..@@@.......@..@@@@.@.......@.....@..@.@...@@......@..@.....
.......@..@........@.@..@.@.....@...@.@.@.@.@...@......@@..@..@.@@...@
........@..@@...@.@.....@.@@....@.@........@.......@.@..@..@@@.@...@@.
.@@.@@...@...@@.....@....@@...@@@..........@..@.@@..@.@.@.@@..@..@..@.
@@.....@..@@..@@..@@.@.@@@...@.@@..@.@@..@..@.@....@..@.......@...@...
..@.@.........@....@@....@..@.@@@.@.@......@....@@..@...@.@......@@...
@.....@@.@.@..@.@@...............@..@..........@.@@@..@..@@...@.@..@@@
@.@..@...@@@@..@.......@....@.@...............@.......@...@...........
@.@.@@@............@.@.@..@.@........@.@.......@.@..@@.....@.@....@.@@
@..@@.@@..@...@........@@@....@@@.....@....@@.@.@@....@...@..@@......@
..@@@..............@@.....@@....@@@...@........@.@.@..@@@.....@@...@@.
.@...@.@.@....@.@@.@.@...@......@.@...@......@..@.@.....@...@..@...@.@
@@.@@@.@@.@.......@..@.....@@....@......@@@.@.....@@..@..@..@...@@..@.
..@...@...@............@..@..@@..@@....@........@.........@......@....
......@.@@..@..@.@@.@@@.@..@@@.@..@.......@@.........@..@.@@@@@....@..
..@......@@....@@@...@......@...@.............@...@@.@..@.@@....@.@...
.....@..........@.@@...@...@@@.@.@@.........@.@@..@.@...@@...@.....@.@
.....@.@..@.....@...@@.@...@@.......@@.........@.....@..@......@.....@
...........@....@......@..@........@@....................@.@..@.@@@@..
@..@@...............@..@......@@@...@@..@.@..@@.....@..@@..@.@....@@.@
....@@......@..@....@@@.@@.@.@.@......@..@..@@......@.@..@..@.....@.@.
.@....@......@@@.....@@.....@.@....@.........@@....@...@.@.@..@@@...@@
..@..@..@..@@.....@..@@@....@.....@.......@.@.@.@@..@@....@@......@..@
@...@..@....@...@@@..@..@..@.@@@..@...@...@..@....@..@@.........@.....
@..@.@.@@..@.....@@@.@@.........@@@..@@..@@@....@.@.@.......@..@.@.@@@
@.@.@.........@@.@@.@....@@.@@...@.@......@...........@.@@..........@@
@@@........@...@........@....@.........@@@@..@...@.@@@.@@@...@.....@..
.@@..@.@....@@.@..@.....@...@.@....@@@.@...@@....@@...@@@@@......@....
@@@...@.@...@..........@.@......@....@@@...@@@.@.@@.@@@.@..@..........
...@..@...@.@.@@....@.....@..@..@.@@..............@@..............@...
..@.....@.@....@..@.@.......@....@...@.@@......@.@@.@@.@..@.........@.
....@..@@..@..........@.......@@..@@....@..@@..........@@.@..@@@..@..@
.....@.......@@........@@.@@@.........@..@.@..@....@...@....@@....@.@@
@....@.@.@..@....@.@.........@@...@.@...@@...@.@..@.....@..@....@@...@
.@..@.....@@@...@@...........@@.@......@.@.....@@.@.@.@@.@...@......@.
@......@.......@.....@.@.@.....@@...@@....@.......@....@@@.....@.@@.@@
....@@.@..@@...........@...@...........@.@.......@@@@.@.@......@..@...
...............@@.@.@..@@.......@@@@@....@.@..@@@.@@@....@@..@.@....@@
@.@...@......@......@......@..@...@....@@.@..@......@.@@@..@.@..@@.@.@
@..@.@@............@.@..........@..@@..........@@...@......@@.......@.
.@..@.@.@...@........@..@.@..@..@....@@.@.@...@@@@.........@@.@.@@@..@
..@.@.@@@@@@@.@....@@.@...@..@@..@...@....@@..@..@..@.@@..@.@....@@@..
.......@..@.......@..@..........@@.@.....@..@...@...@@.......@.@@.....
..@.....@.@@.@.@@.@.@.....@.@@@@.....@...@......@...@@.@@@...@..@...@.
.......@.......@..@..@..@...@...@....@..@@........@.........@....@....
...@.@...@..........@@....@..@..@@.........@...@.@@..@@.@.@@.@...@@...
..@.@...@@.@@@..@.@@..@@.@..@@........@......@....@...@@...@...@.@.@..
....@@.@@.....@@@.@..@.@...@@@.....@.@@..@.@...@.@.@@.....@@.....@....
Agents:
60
0,24,6,35,14
1,69,0,48,9
2,48,19,35,51
3,50,31,43,34
4,6,2,10,65
5,37,25,11,7
6,35,9,59,14
7,19,26,40,19
8,47,66,48,16
9,41,47,68,32
10,0,14,41,50
11,27,61,69,69
12,5,41,5,41
13,68,62,64,34
14,55,23,14,30
15,21,27,67,62
16,63,21,63,21
17,20,9,23,15
18,27,40,23,34
19,28,22,59,38
20,37,22,45,25
21,69,34,5,39
22,50,20,17,33
23,48,6,27,17
24,12,42,34,12
25,24,65,33,6
26,20,41,68,1
27,53,49,61,13
28,8,18,54,7
29,34,34,68,44
30,53,47,64,13
31,60,46,28,42
32,43,0,38,20
33,2,67,56,43
34,21,13,40,5
35,66,55,58,44
36,64,8,66,52
37,11,54,44,29
38,12,1,13,50
39,65,1,25,28
40,21,3,1,57
41,66,57,32,44
42,39,55,51,44
43,7,7,11,14
44,18,64,18,66
45,22,48,45,9
46,18,61,0,7
47,53,51,62,52
48,44,4,31,34
49,6,43,40,58
50,39,33,18,32
51,6,13,29,51
52,40,60,5,30
53,12,14,13,46
54,12,43,7,7
55,62,16,12,34
56,32,1,67,60
57,32,58,53,59
58,14,26,5,34
59,5,69,0,18
