0
Grid:
30,30
..............................
..............................
..............................
..............................
..............................
..............................
..............................
..............................
..............................
..............................
..............................
..............................
..............................
..............................
..............................
..............................
..............................
..............................
..............................
..............................
..............................
..............................
..............................
..............................
..............................
..............................
..............................
..............................
..............................
..............................
Agents:
16
0,2,11,6,17
1,22,10,15,28
2,5,25,7,22
3,5,29,14,28
4,19,8,11,23
5,9,13,12,20
6,23,13,22,9
7,6,1,17,11
8,22,27,14,13
9,28,19,28,2
10,18,28,10,4
11,24,23,26,22
12,27,22,10,14
13,5,28,3,27
14,4,28,24,23
15,18,20,0,6
