0
Grid:
70,70
.......@..@...@......@.@.......@.................@...@...@.@......@.@@
....@...@....@.....................@......@.......@..@...@....@..@...@
......@....@..................@.....@...........@..@@....@@...........
..@.@..@...@.....@......@...@.@.@........@.@.....@@..@@.@..@.@........
...@.....@@......@@......@@.....................@@..@.@........@..@...
.@....@.....@..@.......@.@...@.@.@.......@..@@..@@...@......@..@...@.@
...........@....@@....@..@.@@@.....@..@..@...@.........@.....@@.......
....@............@.............@.@....@.......@@..@..@..@.....@..@@..@
@..@@.......@.....@.......@...@@........@@@......@...........@.......@
.....@....@............@.....@.@..@............@.@@.@@..@..@@@@.@....@
..@....@...@@...........@......@..@................@...@.@...@.@......
...@..@.@....@..@.@........@.......@...@..@...@@@..@.@..........@..@..
@.....@.............@.....@@@.....@........@.......@...@...@.......@@.
...@....@.....@@.....@...@...@....@...@....@........@.@.....@.......@.
@...@......@.....@..............................@.@....@.......@....@.
.......@.@.........@...@.......@.......@.......@.@..@...@....@@@......
@..@@...........@......@....@....@........@..@...@@........@..@..@@..@
...@....@......@...@..@..@....@......@.............@..@......@@.......
........@..@@...@....@....@@.@@@.@.@..@.@................@...@.....@..
...@........@..@.@@..@...........@....@..........@@.............@.....
@@...@@..@....@.@....@@@.@..@@..........@........@.@..@.@.........@.@.
......@...@.....@@..@.@.........@.............@..........@@......@..@.
..@....@.....@@@...@....@.@......@......@...............@.@@@.....@...
@.@......@.......@..............@.@.....@.......@.@..........@.@...@..
..@.@......@......@@..................@..@......@...@..............@..
..........@......@.......@........@@..@...........@.@.@......@..@@....
.@@........@.....@...........@.....@@..@....@.....@@..@.@.....@...@...
............@@...............@...@@.......@@...@.....@......@.@.......
...@.@.....@..@........@..........@........@@.....@@..............@...
@.@..@....@........@.....@...@.@..............@...........@@@@....@...
......@..@@.@.....@..@......@@....@@@....@.....@.............@.....@.@
..@..@..@@.....@.....@@..@............@...@@@@@@....@.@......@........
..@..........@..@.@........@@...@.......@.@@....@@.@@..........@...@.@
.......@@@.......@.@.....@@.........@.@@.@.......@...@@...@...@.......
@......@@.@........@.@..@..................@...@..........@..@@...@...
.........@.@.@.....@...........@...@@....@.@........@@......@........@
......@.@.....@.........@....@@.@.....@.......@..@@...................
...@@...@.@@...@.......@..@............@.@......@....@........@.@..@@.
.@.@..@@................@..............@.....@....@........@.@......@@
.............@.....@@.............@.....@@........@..........@..@.....
...............@@..........@....@..@..@@.....@@.@.....@.@...@......@..
..@.@........@@.........@...@@.@@..@.@@........@...@@.@..@...@.@..@...
.......@..@.....@...............................@@........@...@@.@....
@.....@......@..@..........@..@........@..@.@.......@..@..@@@......@@@
@.........@........@..@..@.@.@........@@@....@...@.........@...@...@..
..........@.........@................................@...@.........@..
....@......@@...@.......@.@.@......@......@..@..@@@@....@....@...@....
....@.....@@.@..@.@.@.@.......@.@...........@.........@.@.......@.@@.@
@............@@@....@..........@.@.@..........@...@@.@.@@.@.....@@..@.
.......@..@....@........@....@...........@.................@.@..@.@..@
...@..@.@@...@..@....@...........................@@.........@.........
...@...@....@..@.....@..@....@.........@.............@.....@...@@.@.@.
.@....@......@@.@.@.@@.@....@@@...........@@..@.....@......@.......@..
...@.@........@.@.@.@.....@@..@@..@@..........@.@.@.......@..........@
@......@.........@..@@@....@...@......@...................@.@.....@.@.
..@.....@.@...............@........@@..@....@....@...@@..@............
@@.@@..@...........@@....@............@@....@.@@...........@...@.@..@.
......@....@..@.........@.@@.@....@..@...@....@.@....@@...@..@@..@.@..
...@.@@.@.@...............@@..................@......@..@..@......@...
.....@...........@.@@..........@@..........@.@.......@...@@.@.........
...@..@.@.....@.......@.@.@.@.....@.@..@...@..@.....................@.
...........@.....@..@.....@.@....@..@......@......@........@@......@@.
.@.@......@..@@..@...@......@........@@.....@@.@......@...@.@.........
....@.@......@@......@@..@.............@@.....@.@.@.......@@.....@.@@.
.....@..............@.@@........@..@....@...........@...@@...........@
................@......@.@....@.....@@@....@.@........@..@.@.@.......@
.@..@.@.......@@...@..@...@.....@........@...@@.............@@.......@
@......@..@@...@.@........@........@..@...@.............@.@@.@@.......
.....@...@@@.@.......@@.......@@.........@.@.....@@...@....@...@..@...
...............@....@.....@@...@.@.......@@..@...........@............
Agents:
65
0,52,64,51,57
1,58,58,25,15
2,4,51,57,68
3,9,3,67,63
4,29,24,7,27
5,31,10,66,39
6,40,28,51,50
7,27,4,41,19
8,9,0,60,37
9,11,57,68,15
10,19,43,34,55
11,41,12,65,11
12,42,57,21,4
13,52,26,61,13
14,25,13,46,17
15,53,42,27,46
16,13,31,2,44
17,6,59,69,3
18,63,28,51,51
19,46,23,34,49
20,24,9,2,38
21,46,59,62,66
22,67,60,16,22
23,37,54,60,15
24,48,4,14,56
25,25,36,56,34
26,51,62,30,51
27,15,42,48,11
28,55,27,67,64
29,45,61,54,62
30,49,65,24,1
31,67,20,21,2
32,6,53,31,14
33,11,66,2,7
34,60,61,29,36
35,58,24,0,47
36,10,20,18,56
37,42,24,59,52
38,16,47,9,8
39,7,0,30,43
40,8,52,5,55
41,23,19,23,11
42,13,5,38,41
43,56,28,33,16
44,17,29,69,53
45,17,0,25,63
46,2,40,51,32
47,14,60,65,7
48,31,35,32,15
49,45,1,39,18
50,66,39,42,61
51,58,36,22,8
52,7,15,16,48
53,39,54,12,47
54,38,52,55,16
55,7,57,26,30
56,29,69,61,57
57,68,24,55,6
58,29,17,59,37
59,20,58,34,34
60,34,63,68,69
61,45,16,21,53
62,40,51,50,66
63,62,66,61,18
64,28,17,6,57
