0
Grid:
60,60
............................................................
............................................................
............................................................
............................................................
............................................................
............................................................
............................................................
............................................................
............................................................
............................................................
............................................................
............................................................
............................................................
............................................................
............................................................
............................................................
............................................................
............................................................
............................................................
............................................................
............................................................
............................................................
............................................................
............................................................
............................................................
............................................................
............................................................
............................................................
............................................................
............................................................
............................................................
............................................................
............................................................
............................................................
............................................................
............................................................
............................................................
............................................................
............................................................
............................................................
............................................................
............................................................
............................................................
............................................................
............................................................
............................................................
............................................................
............................................................
............................................................
............................................................
............................................................
............................................................
............................................................
............................................................
............................................................
............................................................
............................................................
............................................................
............................................................
............................................................
Agents:
60
0,28,32,55,10
1,8,53,22,46
2,22,42,16,17
3,27,16,43,22
4,15,4,11,35
5,20,4,40,29
6,43,37,36,25
7,34,21,45,43
8,16,52,43,13
9,48,16,26,2
10,9,8,18,9
11,41,11,14,47
12,30,30,10,41
13,18,5,13,28
14,51,17,51,51
15,38,48,33,32
16,30,35,10,13
17,36,16,22,15
18,43,26,6,56
19,30,5,19,31
20,18,25,0,17
21,45,12,7,3
22,17,14,40,43
23,3,31,41,16
24,11,56,2,3
25,12,59,7,5
26,8,24,42,36
27,35,19,12,7
28,50,56,49,10
29,23,52,44,21
30,23,21,53,38
31,24,57,5,31
32,25,32,42,21
33,34,7,53,59
34,0,18,24,53
35,38,49,19,36
36,21,43,37,24
37,57,44,22,22
38,23,29,40,21
39,53,15,30,45
40,26,47,40,39
41,53,55,51,12
42,4,39,33,46
43,39,5,38,18
44,59,17,6,9
45,25,47,12,24
46,3,38,41,0
47,41,56,9,12
48,0,47,53,7
49,46,45,11,25
50,40,55,42,47
51,31,53,9,1
52,18,22,58,57
53,37,24,13,54
54,26,51,6,14
55,55,21,9,5
56,2,7,57,34
57,26,36,18,21
58,28,29,5,43
59,53,46,33,6
