0
Grid:
60,60
..........................................@...@.............
..@....................................................@...@
............@..................@...@.......@................
.......@................@...@...............................
............................................................
.@.........@.....@...................@...@@......@.@........
..........................................@.................
............................................................
..........@..@..............@.......................@.......
.......................@..........@................@........
.............................................@.............@
..................@.@............................@..........
......................@.....................................
...................@................................@.@@....
......................................@............@........
.@...............@.................@...@.............@...@..
....@...@....@...............@.........@.......@............
..@@............................@.........@.................
.................@.....@........@.@................@........
.....@.......................@.@..................@.........
.................@......@..............@@...................
......@.....@......................@.................@......
....@..........................................@............
.........@.......@...................................@.....@
............................................................
.......................................................@....
...........................@............................@.@.
..@......@.....@....................................@.......
......................@...................@...........@.....
................................@.....@.....................
...........@........................................@.......
...................@....................@...................
............@.................................@.............
..................@....@...............@................@..@
...............................@................@...........
...@.....@..................................................
.@..............................@...........................
..............................@.............................
.@...................................@......................
.............................@...@..........@...............
......................@................@....................
............................................................
............................@@...................@..........
............................................................
.......@.@..........@.........................@.............
...............@.............@..............................
.................@.....@.....@................@........@..@.
...........@...@....@...............@.........@.............
.........@.............@...@.....@.......@..........@.......
@...............@..................@........................
.......@....................................................
........@.@......................@.................@.@......
..................@.......@....................@....@.......
...................@...@..@.........................@.......
..........@........@.............................@.@........
.......................................@.................@..
.............@......@....@..................................
.......@................@..........@........................
........@.................@....@......................@.....
.....................@....@.....@.@.........................
Agents:
65
0,17,24,58,42
1,13,31,38,41
2,51,47,30,49
3,11,21,21,18
4,24,3,57,36
5,12,23,14,22
6,50,29,43,52
7,24,40,55,8
8,21,44,53,36
9,33,28,55,47
10,9,14,23,55
11,43,54,6,18
12,35,32,14,6
13,31,11,20,32
14,48,44,26,28
15,10,35,57,13
16,28,26,3,30
17,44,59,13,31
18,2,55,32,41
19,22,11,39,59
20,59,14,56,58
21,19,3,24,27
22,11,44,26,16
23,13,6,34,10
24,25,34,43,36
25,50,48,9,42
26,15,58,45,48
27,48,56,17,54
28,59,41,25,13
29,20,38,34,50
30,50,13,25,19
31,14,27,18,47
32,12,14,20,23
33,1,58,23,24
34,55,21,7,51
35,41,37,42,38
36,6,57,46,25
37,15,28,9,7
38,35,45,54,14
39,40,51,26,2
40,19,25,20,51
41,45,14,57,55
42,54,21,49,47
43,20,30,48,0
44,38,47,7,5
45,0,21,7,8
46,34,44,21,27
47,21,45,37,1
48,59,51,56,28
49,50,56,22,11
50,43,15,57,30
51,10,4,16,44
52,52,12,46,1
53,42,17,0,25
54,42,19,8,31
55,21,13,4,5
56,0,29,41,21
57,27,0,40,47
58,33,51,38,28
59,54,30,6,24
60,20,8,7,21
61,20,19,39,40
62,3,21,55,21
63,36,30,51,29
64,28,43,12,24
