2
Grid:
60,60
............................................................
............................................................
............................................................
............................................................
............................................................
............................................................
............................................................
............................................................
............................................................
............................................................
............................................................
............................................................
............................................................
............................................................
............................................................
............................................................
............................................................
............................................................
............................................................
............................................................
............................................................
............................................................
............................................................
............................................................
............................................................
............................................................
............................................................
............................................................
............................................................
............................................................
............................................................
............................................................
............................................................
............................................................
............................................................
............................................................
............................................................
............................................................
............................................................
............................................................
............................................................
............................................................
............................................................
............................................................
............................................................
............................................................
............................................................
............................................................
............................................................
............................................................
............................................................
............................................................
............................................................
............................................................
............................................................
............................................................
............................................................
............................................................
............................................................
............................................................
Agents:
70
0,13,51,4,3
1,46,8,56,19
2,23,30,58,43
3,41,47,31,51
4,57,36,36,35
5,7,37,40,36
6,43,44,57,17
7,9,54,47,37
8,58,47,19,37
9,8,4,45,50
10,42,25,59,3
11,23,11,2,5
12,42,58,17,54
13,8,57,31,21
14,19,47,13,18
15,43,52,38,18
16,45,6,56,49
17,37,14,46,9
18,50,43,26,21
19,30,25,30,46
20,38,35,13,3
21,57,29,24,43
22,38,28,44,31
23,30,10,12,20
24,56,40,1,54
25,51,54,29,59
26,1,30,11,15
27,27,35,6,16
28,26,24,41,22
29,21,43,3,47
30,28,10,22,36
31,53,15,45,24
32,52,36,50,7
33,6,55,47,11
34,4,14,40,35
35,17,43,24,42
36,25,7,23,59
37,28,54,55,10
38,32,14,37,1
39,28,58,3,10
40,0,38,37,27
41,55,48,44,11
42,51,14,51,17
43,47,49,18,13
44,46,15,30,11
45,17,5,36,28
46,3,54,54,18
47,7,46,14,13
48,36,23,6,44
49,35,53,42,14
50,3,0,14,45
51,36,37,16,48
52,36,18,0,38
53,4,12,35,56
54,19,33,38,8
55,2,12,18,31
56,56,23,59,15
57,42,49,34,38
58,14,4,30,44
59,23,37,21,46
60,49,17,47,12
61,9,48,1,2
62,56,12,37,52
63,39,30,33,48
64,59,41,39,53
65,18,9,39,17
66,54,59,39,2
67,2,18,19,26
68,12,33,40,25
69,10,34,3,12
