1
Grid:
60,60
............................................................
............................................................
............................................................
............................................................
............................................................
............................................................
............................................................
............................................................
............................................................
............................................................
............................................................
............................................................
............................................................
............................................................
............................................................
............................................................
............................................................
............................................................
............................................................
............................................................
............................................................
............................................................
............................................................
............................................................
............................................................
............................................................
............................................................
............................................................
............................................................
............................................................
............................................................
............................................................
............................................................
............................................................
............................................................
............................................................
............................................................
............................................................
............................................................
............................................................
............................................................
............................................................
............................................................
............................................................
............................................................
............................................................
............................................................
............................................................
............................................................
............................................................
............................................................
............................................................
............................................................
............................................................
............................................................
............................................................
............................................................
............................................................
............................................................
............................................................
Agents:
55
0,44,3,14,26
1,55,34,8,33
2,49,6,18,28
3,5,5,30,52
4,45,23,38,5
5,20,0,49,11
6,9,33,28,13
7,2,23,26,30
8,46,0,53,58
9,58,45,56,0
10,4,18,27,49
11,7,52,21,11
12,3,28,0,40
13,40,29,9,26
14,25,35,34,25
15,24,0,51,49
16,12,44,0,35
17,58,4,43,31
18,59,59,52,48
19,30,50,4,36
20,45,13,41,46
21,11,12,17,15
22,21,25,28,11
23,50,14,18,54
24,6,8,56,33
25,23,21,37,38
26,21,37,24,39
27,6,26,26,57
28,56,2,12,19
29,30,21,27,16
30,25,36,2,14
31,39,10,18,17
32,59,20,52,47
33,48,25,18,5
34,34,58,52,53
35,23,47,37,54
36,30,8,19,6
37,0,51,28,55
38,6,54,51,18
39,31,38,32,31
40,37,26,29,45
41,22,17,21,33
42,11,2,29,7
43,38,34,12,47
44,37,31,11,1
45,7,57,27,21
46,28,8,53,57
47,24,8,46,51
48,34,0,50,32
49,12,0,58,11
50,37,25,19,28
51,39,7,7,43
52,45,36,55,0
53,51,13,3,7
54,37,15,46,25
