2
Grid:
60,60
................@...........................................
.........................@.@................................
..@.@..................@.............................@@.....
........@........................@...@......................
..........@.......................@............@............
.....................@@.................................@...
..@.....@..............@....................................
........@................................@...@...........@.@
...............@.......................@....................
................................................@...........
.@....................@................@...............@...@
...@........@.....................................@.........
......@...........................................@.........
.....@..........@.....................@...........@.@.......
........@......@............@@..............................
...@........................@...............................
.....................@.......@..................@...........
.............@..@....@...........@..........................
....@............................@..........................
.................@.@...............@@.......................
............@....................@..........@..@............
..........................@................@................
.........@...................@.............@................
........................@.......................@...........
....@..........................@............................
..@...@...............@......@.......................@......
....@...@.................@...............................@.
.@.....@........@@..@......@@....@..........................
...............@..................................@.........
...........@.......@........................................
...........................@.............@..................
...........................@...................@.@..........
.@..........@@.@.......@........@...@.....@.................
.........................................@.............@....
....................................................@.......
....................@.................@.....................
.............@.......................@........@........@....
....@..@.................@@.................@...............
...........@.................................@..............
.@..........................................................
...........@........@.......................................
........@..........................................@........
.....................................................@......
.............................................@..............
.................@.................................@........
............................................................
.............................@......................@.....@.
.........................@..................@...............
.............@......@.....@................................@
..........@.....@...........................@...............
..........................................@................@
.....................................................@......
..@.............@.....@..................@.@..@......@..@...
......@...............@.........................@...........
...........@............@....@.........@.............@.....@
..........................@.........@..............@........
.................................................@..@.....@.
.......................@......@.........@..........@........
..................................@.........@..@..........@.
............................................................
Agents:
80
0,42,9,28,10
1,25,36,54,17
2,20,15,24,59
3,10,30,33,11
4,14,27,6,0
5,54,50,20,3
6,11,11,32,21
7,28,55,38,16
8,13,57,25,17
9,50,34,27,12
10,31,35,36,48
11,9,1,4,27
12,19,39,0,17
13,35,19,4,20
14,21,45,37,24
15,6,3,44,50
16,6,47,15,23
17,5,8,54,20
18,8,0,49,43
19,12,42,21,46
20,36,45,59,35
21,21,6,44,8
22,41,29,27,10
23,42,11,38,40
24,10,44,59,14
25,0,17,15,8
26,0,23,7,30
27,17,41,30,3
28,40,50,47,3
29,9,28,31,20
30,21,51,2,14
31,43,23,31,28
32,5,20,5,30
33,46,12,39,0
34,5,33,50,34
35,22,48,38,5
36,58,24,45,5
37,39,13,33,35
38,58,5,40,28
39,37,10,48,43
40,34,22,1,19
41,2,48,19,43
42,35,58,28,16
43,8,45,6,55
44,36,21,12,56
45,33,7,14,17
46,24,30,50,6
47,22,17,30,16
48,23,22,22,28
49,24,58,6,4
50,38,26,45,29
51,55,23,35,9
52,8,35,53,10
53,43,4,41,58
54,42,34,47,54
55,13,59,42,39
56,54,58,47,27
57,48,54,38,39
58,48,7,16,32
59,11,1,43,13
60,30,54,41,1
61,57,0,58,19
62,14,51,59,17
63,0,8,5,12
64,50,40,49,7
65,42,15,43,4
66,45,36,50,31
67,43,35,53,9
68,53,11,11,17
69,49,32,23,39
70,1,38,51,20
71,28,2,50,3
72,8,34,39,17
73,13,25,23,49
74,42,27,34,42
75,29,15,46,38
76,27,44,17,18
77,29,55,26,9
78,8,17,4,22
79,35,34,23,9
