2
Grid:
30,30
..............................
..............................
..............................
..............................
..............................
..............................
..............................
..............................
..............................
..............................
..............................
..............................
..............................
..............................
..............................
..............................
..............................
..............................
..............................
..............................
..............................
..............................
..............................
..............................
..............................
..............................
..............................
..............................
..............................
..............................
Agents:
18
0,0,19,11,7
1,10,28,18,0
2,25,1,29,29
3,18,24,26,5
4,7,0,2,12
5,14,21,10,24
6,4,0,4,17
7,20,2,26,6
8,18,2,22,4
9,12,28,27,21
10,7,10,9,18
11,24,11,21,11
12,7,19,16,28
13,13,8,10,12
14,2,5,8,18
15,16,28,14,2
16,9,21,8,15
17,28,12,11,23
