2
Grid:
70,70
....@..@...............@...@.....@..@.............@..@..@.........@...
...@@.@..........@....................................................
...........@........@...@........@.....@@...@....@.........@.....@....
.........@...................@..................@.......@.............
........................................................@.............
...@..............@................@..............@.....@.@...........
..............@.......................@.....................@@........
........@...@.......@...@.@..@...@...................@..........@.@...
............@.........@.......@...............@...@........@...@.....@
....@.@...@.....@............@........@.@...........................@.
............@...................@...........@......@....@..@..........
...@.................@.........@.@..........@.@....@....@...@..@......
...@....................................@..@.........................@
.@...@..........@.@.............@@.@.....@.......@....@@..............
...................@.........@.....@..........@...............@.......
........@@.@..........................@..............@....@...........
..@....@.................................@.....@.........@...@........
..............................@......@....@......................@..@.
.............................@.........@.@....@.@...@................@
......................@.......................@......@..............@@
..........................@...................@.......@..@............
..@.....@.......@........@....@....@....................@....@........
.@...@..........................@....@.............................@..
..@.@.........@....@..@.................@............................@
..@.@.................@.@.....................................@.......
......................@....@.@..@.....@..............@............@..@
@....@@...............@...........@.......@.........@.....@.@........@
.............@.............@........@....@............................
..@..@@......@........................................................
....@.....@...............@.@................@....@..............@....
@......@...........@@............@............@..............@........
.........@......@.............@................@...@.@.@.@............
@...@..@...@........@.....@@.........@.........@.......@..............
.@..@..@.................@...@..........................@@..........@.
..................@..@.......@.................@............@.........
........@......@....@..@..@...................................@.......
.@.............................@...........@.......@....@.@...........
........@@.@...................@...........@...@@.....@.........@.....
......................@...............@..@.@.................@..@.....
...........@...@......@....................@......@@..@.@......@......
..................@..........@.................@...@.................@
.........@....................@....@......@.............@.@..........@
..................@.............@..................@...@...@..........
...........@.....................@..........................@...@@....
.@....@@..@.@....@......@...@......@@.....@.......................@...
.........@@......@........@@............@.............................
......@.....@................................@.@......@.........@...@@
@@..............@..@...........@...@.........................@.....@@.
.......@..........@..@...@....@@..@....................@.....@@.......
..@@...........@..@.............@....@............@.@........@........
..@.........@....@...@....@......................................@....
...@.@..........@.......@............@................................
...@.......@......@............................@.............@........
.....@........@........@..........@..................@..............@.
..@..........@.....@@...........@..................@....@.........@.@.
@.............@..................@@...@..................@.........@..
......................@.........@.......@....@@...@.......@.@.......@.
.@...........@......@.......@..................@...........@..........
..@..........@....@...........@........@.......@..@..........@...@....
........@...@....@......@.....@.@........@@.@......@..@..@......@.....
.@..............@....................@..@.............................
...........@...................@..@....@......@.@........@......@.....
...@..................@..@...@.......@..@................@@...........
.........@...@....@..@.......@...@.........@..................@..@....
............@.............................@..@....@...........@.......
....@........@...........@..................@...@.@@.....@............
.@.......@...@..@.......@..........................@..................
.@....@.....@.......@....@..............@....@......@.........@.......
@.....@..@.............@...@...........@.................@.@..........
..........@.@@.........@@........@......@...................@.........
Agents:
50
0,43,30,14,7
1,49,38,41,64
2,25,10,39,46
3,54,6,65,21
4,60,13,30,52
5,68,31,43,27
6,10,18,3,52
7,52,21,18,27
8,6,37,28,10
9,58,59,36,53
10,44,58,50,48
11,7,55,43,49
12,40,59,65,9
13,17,51,39,40
14,56,24,46,1
15,18,53,66,63
16,0,64,53,55
17,19,26,66,55
18,49,35,9,24
19,38,60,16,12
20,16,56,25,34
21,42,66,26,47
22,5,9,51,55
23,68,3,28,20
24,18,3,8,26
25,18,47,19,34
26,65,54,49,47
27,56,61,19,47
28,31,40,10,49
29,40,48,29,63
30,20,36,22,10
31,64,14,10,24
32,68,25,24,40
33,42,41,58,48
34,69,67,19,21
35,42,57,39,45
36,49,30,61,65
37,60,14,4,0
38,32,53,59,22
39,5,41,44,40
40,58,16,47,9
41,8,28,58,63
42,64,9,68,35
43,64,59,22,14
44,55,13,13,19
45,36,6,48,59
46,1,61,23,15
47,48,52,30,24
48,4,63,8,39
49,31,46,50,49
