1
Grid:
70,70
...@..............@..@......@@@@.@...@....@...@.........@....@........
.@......@....@.....@..........@................@.................@.@..
.............@.....@.................@.@..@...@....@..@@.@@.@..@......
.......@@.@..@..@..@@....@...@.@.@...@..@.@....@@...@...@...@.@@...@..
.....@.@....@..............@@.@@@.@..@.@@@....@.....@@.@.@......@.@...
.@.....@..@...@.......@...@.@...@.......@.....@.....@...@.........@...
.@.@....@...@...........@..@.......@.@@..............@.@.....@@.@@....
.........@..@.....@......@.......@@.....@...............@@@.........@@
..@@...@...@..@.@............@......@.@.....@......@..@..@@...@@..@@..
........@@...@.....@.............@.........@...@....@....@.@.@........
....@...................@......@..@..@@......@.@....@.....@.........@.
.......@@......@..@....@@........@....@..@@........@..@@@....@........
.....@..@..@.@..@.....@.......@...@..@..@.@........@.@@@..........@..@
.@@.@.......@..@..@@..@..........@.@..@......@.@@@@...@..@..@.........
..@.......@.....@@@...............@@......@.@.@....................@@.
..................@.@.@......@.@.@....@@@@@...@........@...@@...@@...@
......................@............@...............@..@.......@@......
..@...@.............@......@......@.@.............@..........@......@.
@@....@.....@.....@...@.......@.@@........@.@.......@..@.@@......@...@
@..@...@..@.....@@..@.@.....@@....@...@..@.@..............@.@@.....@.@
.................@..........@...@......@@...........@.....@@.@......@.
........@....@....@.............@....@....@.........@.......@..@.@.@..
....@.@.....@...........@..@...........@..@.............@.@@.@........
....@.@.@..@@..@.......@............@....@.@@@....@.@@...@@.........@.
.....@........@....@..@...@.@.......@.@@.@.......@....@@......@..@....
@...@.....@....@..@........@..@.......@......@...@......@@@..@.@.....@
..............@@..@..@.......@.@@.@..@.....@...........@@....@........
..@............................@..@...@...@.....@..@..............@...
...@................................@.....@......@@@..@..@...@@.......
.........@...@......@@..@....@.@..........@.@............@.@...@..@.@@
......@@.@....@......@..@......@.@.....@..@...@...@......@@...........
..........@.@@......@..@...@..@...@.......@.......@..@......@@@.@..@..
@.@@........@...@...@.....@@......@....@...@.@....@...........@.......
...@.@.....@...........@........@......@.............@....@.......@@..
.........@............@..@@..@....@.@@....@..@....@......@...........@
.......@.@..@...........@..@...@...@@.@..@@...................@.@.....
.........@.@........................@@..........@.....@..@...@....@...
.@..@@......@.@.@....@..@..@..@...@.@....@.........@...@....@....@...@
@@...@..@.....@..@.@.@@...@.@...@...@..@...@....@...@.@@.........@..@.
...@...@.....@...@.............@....@@................................
..@.@.........@.....@.@........@..........@.@.....@.....@...........@.
..@.......@....@..@.................@.......@@...@.......@.@..@....@..
........@...............@...@.....@....@.....@....@....@...@........@.
@..@.@.@.@........@...............@....@.@..@........@......@.......@@
............@....@.....@....@......@....@.....@....@......@...........
@..........@@.......@.@.@.@@...@...........@..........@.@....@..@.....
...@.................@..@.....@...@....@@.@....@.@...@......@.........
..@.........@......@@.@.......@@.............@............@...@.....@@
....@@.@..@...@.@...@.........@.@........@.@..@................@......
@...........@..@@.....@....@......@......@@...@......@...@...@....@@@.
@.@@.....@@.@@........@......@......@..@..@.@....@.@.......@.......@..
@@........@..@......@.@..@@.......@@.........@......@...@.....@.......
......@@@@...@...@........@......@............@....@.@......@.@...@...
.@@@.@..@@@..@...@.@...@....@@.......@....@.@@...@@........@...@.@....
......@@......@......@@@.@......@...@@........@..@.......@..@@@@......
.@.@...@..@@...@@............@.......@.....@@.....@@.......@.@...@....
..@.....@.....@......@..@.........@.....@..@@@..@@.....@.@@@.@@@.....@
....@...@.@..@@@@........@.@@...@...............@.....@.@.....@...@.@.
....@.......@.@...@..@.@@.....@.......@.@............@...@....@@......
.@@.......@.....@..@.@.@..@..@..@.......@....@...@.@@......@@.........
.........@@....@@..@.@..@.@..@.@...@...@..............@@.@........@.@.
...@@......@......@@..@....@@@..@......@........@.@...................
.......@...........@..@@.@..@............@....@.@@...@@....@.@........
.@@@.....@.@.......@....@@...@@.@@@....@.@....@...........@...@@......
.........@@....@....@@@..@...........@.@.....@..............@....@....
@....@.....@...@..................@..@...@.@.....@...@.@............@.
.................@.@@@.............@.........@...@.@@....@.....@@.....
.............@@@.....@......@..@.......@.....@....@.@@....@..........@
.....@....@....@..@....@..@.........@............@...........@..@.@.@.
....@..@...............@..@@...@@@.@...........@....@...@.....@.....@@
Agents:
65
0,53,56,68,56
1,40,60,4,21
2,63,28,42,65
3,34,46,10,6
4,18,16,11,28
5,35,63,25,23
6,55,9,60,7
7,53,30,66,34
8,51,58,12,67
9,4,58,51,38
10,46,13,62,64
11,28,14,30,41
12,66,67,6,31
13,54,24,59,12
14,50,6,7,53
15,69,64,57,37
16,68,56,68,12
17,48,45,53,67
18,53,38,35,4
19,37,8,52,18
20,15,23,25,13
21,26,8,7,55
22,23,27,63,5
23,31,48,9,36
24,32,36,18,23
25,62,64,35,20
26,36,29,22,25
27,14,51,48,55
28,10,1,1,4
29,51,6,11,16
30,14,62,34,8
31,41,9,19,8
32,46,57,45,18
33,52,30,1,60
34,1,60,12,25
35,48,61,49,1
36,41,41,35,65
37,13,7,1,66
38,2,11,57,55
39,4,56,4,56
40,56,64,36,67
41,41,68,48,13
42,44,34,6,43
43,2,15,35,51
44,55,22,37,22
45,2,44,11,62
46,54,31,52,61
47,31,9,68,43
48,28,24,10,20
49,29,65,61,31
50,41,51,53,48
51,63,7,68,8
52,5,29,49,64
53,5,60,21,21
54,60,38,53,68
55,43,37,16,5
56,55,2,9,0
57,15,14,1,34
58,58,26,31,8
59,67,38,32,60
60,28,63,18,15
61,53,47,41,51
62,53,61,42,48
63,22,60,33,42
64,5,37,19,47
