1
Grid:
70,70
...................................@............@.....................
...........................................@..........................
........................@........@........@......@....................
........................@..........@..................................
............................@.@............@.............@..@.........
.@...................@......@...@.........@...................@...@...
.........@......................@..@..................................
.......@...............................................@..............
.....................@...........@............@@.............@........
................@.........................@..........@.@..............
................@....................@@...............................
....@.........@..............@..........@.............@...............
@.............@.............@........@................................
..@.....@...............@....@........@............................@..
......................@...............................................
.@..........@.....................................@...................
.@................@...................................................
..........@@...................@........@.............@...............
..@......................................................@...@........
.....@......@.......................@................@................
...............@.........@............................@....@..........
...........................@.@...........@............................
..............................@........@.......@......................
....................@..........................@............@.........
.............@..........................................@.............
......................@.........................@..@..................
.........................................@....@.@........@.......@....
..@.......................................@....................@......
............@............@.@..........................................
...........@.........................................@................
.........@...................@.......@.@................@.............
................@...............................................@.....
......@.......................@.......................................
....@..........@................................................@.....
................@.........................@..................@...@....
..@.........@....@.........@..........................................
@...........@..........@..........@....@..@....@.......@..............
...@..@....................@................@.@..@............@.......
.......................@.........@...........@@.........@.............
..@...................................................................
..................@............@.....@..............@....@............
..............@............................................@..........
....................@@................@...............................
......................................................................
.........................................@............................
.........@......................................@..........@..........
..@.........@.......@..................@...................@......@...
.@...............................@.....@@............@................
.......@.........................@...................@...@..@.......@.
......................@......@...@..@..@......@...........@...........
@.........................@........@..@...............@..........@....
....@............................................@....................
...................@........@......@.............@......@.@...........
.......@......@............@.........@................................
.............@..........@.............................................
...@....................................@............@................
..........................@@........@..........@......................
..............@..............@.....................@.......@..........
....................................@.........@@@.....................
......@....................................@.....@....................
.............................@........................................
....................@......................@.....@.........@..........
......................................................................
................@.....................................................
...................................@........@...................@.....
..@@................................@.................................
............@...@..........................................@..........
.......................................@.......................@.@....
.....@..........@..............................@................@.....
............................................@........@.@@.............
Agents:
85
0,16,20,21,14
1,29,24,42,27
2,10,23,1,10
3,39,10,41,32
4,45,22,42,14
5,32,33,13,22
6,18,45,8,63
7,30,50,45,17
8,4,9,64,56
9,45,8,44,26
10,38,39,38,6
11,63,52,48,11
12,55,37,27,62
13,42,40,10,41
14,29,22,39,63
15,0,44,24,15
16,13,9,20,67
17,9,46,29,17
18,33,37,29,50
19,3,26,9,24
20,25,16,64,45
21,61,46,49,19
22,19,13,53,35
23,13,62,53,52
24,34,48,55,60
25,2,59,53,29
26,27,47,56,8
27,38,42,1,68
28,50,69,10,12
29,50,23,16,58
30,21,58,5,58
31,54,55,43,18
32,32,20,14,33
33,40,27,39,15
34,46,8,46,0
35,4,12,65,53
36,14,47,47,25
37,61,8,61,54
38,18,28,62,66
39,26,37,13,47
40,57,21,63,19
41,24,36,1,50
42,52,31,24,11
43,8,60,32,44
44,57,4,42,6
45,45,1,18,22
46,64,2,44,32
47,62,34,27,28
48,51,62,3,33
49,21,7,21,23
50,2,64,35,43
51,55,67,33,40
52,32,49,32,12
53,56,29,57,27
54,24,21,61,0
55,42,12,6,34
56,35,69,32,20
57,16,64,11,45
58,31,65,54,59
59,38,9,24,8
60,19,55,7,50
61,20,0,39,54
62,16,54,38,49
63,47,34,56,68
64,16,50,66,42
65,19,47,47,38
66,4,26,42,42
67,4,2,52,60
68,44,48,24,61
69,36,36,33,28
70,31,32,16,28
71,36,64,31,67
72,3,55,63,37
73,24,12,4,67
74,57,16,39,28
75,43,55,64,50
76,30,19,60,54
77,67,68,36,5
78,12,40,24,33
79,44,8,2,15
80,66,54,41,49
81,60,4,32,13
82,61,35,30,35
83,34,40,38,59
84,19,54,12,52
