1
Grid:
70,70
@...@@....................@.......@.@.............@.@..@..............
@.@...@...............@.......@@................................@.....
..@........@...@....@@..@..........................@..................
@.............@..@@.......................@.@.......@..@.....@........
......@......@.......................@.@...........@@...@............@
........@.....@......................@......@.........................
..............@@....@........................@.........@..............
@....@......@........@..............@....@...@.@............@.........
.............@.@.....@...................@............................
.....@.....@.....@.........................@............@...........@.
...........@.....................................@@.........@...@.....
..@.....@........@..........@.....@..........@..........@.......@...@.
....@.....@@@..............@....................@.@....@..@.@........@
..........@.@......@.....................@.................@@........@
.....@.....................................................@..........
@.....@...@.................................@...........@......@...@..
.....@.@@.........@...@...........@.....@.........@.......@.@@@.......
............@...@..........................@@......@.....@..........@.
............@................@.@.....@...................@............
......@....@..@.@........@.......@...@..........@.....@..........@....
.........@...........@..............@.....@.@......@@...@....@........
..................@......@..@.....@@.......................@..........
.@.......@........................@..@.....@.@...............@..@.....
......@@........@...@..@.@..............................@.............
..........................@.@@...@..................@.........@.......
@...@@........@.......@.........@................@...@@...@.....@...@.
.......@..............................................................
.@...@........@@.......@.......@....@........@@..@.......@...@..@.....
@@.............@...@..@....@.....@.................@...............@..
..@...@........@@....@.........................@..@..................@
................@................@.......@................@...@.@....@
@.....@....@...@.........................@............................
@.@..@.............@......@.@.@@..........@...............@.@..@......
.........................@.................................@.....@....
..............................@..........@.@@........@................
.....................................................@...........@....
..........................@......@..............@...............@....@
....@............@...........@.......................@............@...
........@......@....@....................................@..@@........
...................@..@....@....@......@@@............................
.....@...............................@...@...@..@....@................
...@.@.....@.....@..............@...@...@......@....@.@............@..
....@@.................@@...............@@@.........@.........@.@...@.
........@..@...............................................@..........
..@................@.......@..........@.................@.@..@........
...................@.........................@....@...........@.......
.@..........@.......@...@.@...........@.@................@............
.@.................................@..........@..............@........
.@.@.............@......@...........@........................@....@@.@
.@...@.@...................................@.......@.........@..@..@..
...@........@...............@.........................@.....@.....@...
@................................@...........@.......@................
....................@..........@.........@..@............@.@...@......
...........................@....@...............@...........@.@.......
@@....................@.....@..@..........@.......@........@..........
............................@................@......@....@.........@..
..........@@@......@.........@...........@..@...@@.................@..
......................@.................@...........@.....@...@.@.....
....@.........@................@..@.@...@..................@..........
........................@.............@@.........@..@.............@...
................@....@@........@.@..........@................@.....@..
....@...@......@@....@.............@.@..@.....@.........@....@........
.......@.......@.............................@.............@..@.@.....
.........@........@............................@..@@..................
....@........@....@........@...................................@......
....@@@..@.@@...........@......@......@..........@...@................
......@...@............@...@.......@.@.....................@......@...
............@@.......@..@..........@....@....@...@@.............@@....
@...........................@..@........@............@................
@.....@................@.............................@...@....@.......
Agents:
75
0,25,1,57,41
1,54,17,24,17
2,17,53,34,52
3,4,10,9,32
4,29,4,49,18
5,44,6,34,37
6,15,50,43,18
7,42,3,12,30
8,26,35,35,33
9,35,11,39,55
10,69,25,20,6
11,68,4,47,18
12,3,11,60,69
13,21,31,28,35
14,57,16,43,39
15,27,21,13,22
16,44,54,7,28
17,56,51,23,41
18,26,56,65,55
19,17,14,64,39
20,29,5,57,24
21,24,68,27,20
22,65,33,57,32
23,13,24,17,22
24,66,60,25,38
25,36,43,50,21
26,17,61,65,1
27,55,69,17,58
28,7,18,30,67
29,53,12,33,29
30,60,40,41,68
31,62,16,12,39
32,30,65,61,18
33,65,57,62,31
34,16,45,49,56
35,8,48,50,57
36,63,55,10,51
37,66,63,6,8
38,50,4,27,34
39,15,57,23,18
40,18,61,50,8
41,47,66,26,66
42,69,56,31,16
43,44,8,38,6
44,2,4,62,35
45,23,58,46,69
46,12,7,20,25
47,38,0,49,2
48,38,25,17,28
49,49,32,61,48
50,65,61,35,21
51,19,2,24,12
52,2,65,0,63
53,64,69,2,59
54,63,66,44,59
55,36,45,49,54
56,61,12,9,3
57,57,29,57,26
58,46,59,39,47
59,31,8,50,43
60,51,42,11,59
61,35,15,23,27
62,19,62,55,11
63,53,26,58,52
64,14,62,45,65
65,4,41,55,5
66,57,8,7,26
67,37,41,30,36
68,5,7,3,13
69,9,24,52,36
70,65,16,26,35
71,41,62,37,50
72,8,25,61,32
73,38,47,0,30
74,11,60,67,5
