0
Grid:
30,30
..............................
..............................
..............................
..............................
..............................
..............................
..............................
..............................
..............................
..............................
..............................
..............................
..............................
..............................
..............................
..............................
..............................
..............................
..............................
..............................
..............................
..............................
..............................
..............................
..............................
..............................
..............................
..............................
..............................
..............................
Agents:
19
0,7,10,16,12
1,4,8,12,19
2,29,9,18,15
3,10,14,11,19
4,1,1,16,0
5,6,19,22,23
6,22,15,7,2
7,16,5,20,25
8,4,4,21,23
9,5,2,25,12
10,0,14,2,6
11,23,28,13,13
12,29,2,7,19
13,10,29,13,25
14,12,23,14,2
15,1,11,2,27
16,2,2,2,22
17,8,20,12,21
18,15,9,9,14
