0
Grid:
60,60
............................................................
............................................................
............................................................
............................................................
............................................................
............................................................
............................................................
............................................................
............................................................
............................................................
............................................................
............................................................
............................................................
............................................................
............................................................
............................................................
............................................................
............................................................
............................................................
............................................................
............................................................
............................................................
............................................................
............................................................
............................................................
............................................................
............................................................
............................................................
............................................................
............................................................
............................................................
............................................................
............................................................
............................................................
............................................................
............................................................
............................................................
............................................................
............................................................
............................................................
............................................................
............................................................
............................................................
............................................................
............................................................
............................................................
............................................................
............................................................
............................................................
............................................................
............................................................
............................................................
............................................................
............................................................
............................................................
............................................................
............................................................
............................................................
............................................................
............................................................
Agents:
80
0,26,24,33,14
1,32,18,39,34
2,11,56,0,34
3,48,32,48,16
4,22,15,2,20
5,33,9,17,8
6,55,13,26,28
7,17,54,43,16
8,38,34,45,19
9,30,5,51,16
10,59,12,59,40
11,31,30,8,5
12,24,48,37,24
13,46,24,28,27
14,42,10,23,20
15,12,21,3,4
16,25,8,51,17
17,31,37,25,35
18,24,39,33,27
19,59,34,55,52
20,44,37,7,58
21,43,50,12,31
22,21,48,26,36
23,43,43,23,6
24,49,40,34,19
25,32,49,55,49
26,37,43,16,3
27,36,13,56,25
28,53,2,42,33
29,53,22,19,15
30,10,24,47,4
31,49,12,5,41
32,2,12,44,59
33,43,47,22,32
34,41,39,5,24
35,30,58,9,38
36,34,55,43,52
37,20,22,11,20
38,29,41,55,55
39,9,36,29,20
40,5,2,49,14
41,34,2,46,31
42,37,23,15,54
43,43,41,37,31
44,32,17,0,49
45,44,21,47,8
46,46,36,29,31
47,24,19,36,51
48,47,30,5,5
49,48,8,42,13
50,4,56,5,4
51,1,10,8,9
52,10,34,38,15
53,15,41,14,38
54,22,13,0,40
55,44,12,6,21
56,53,17,42,15
57,17,7,27,15
58,50,47,47,33
59,35,39,57,5
60,28,1,40,25
61,14,24,4,54
62,55,8,15,23
63,12,57,54,7
64,31,1,12,46
65,35,58,44,47
66,52,0,33,2
67,31,9,9,9
68,1,23,28,49
69,51,3,1,41
70,8,2,21,53
71,19,18,43,11
72,32,32,17,38
73,27,28,37,16
74,19,17,39,19
75,28,59,44,9
76,55,9,30,36
77,39,2,25,47
78,41,36,22,21
79,14,2,26,30
