2
Grid:
60,60
............................................................
............................................................
............................................................
............................................................
............................................................
............................................................
............................................................
............................................................
............................................................
............................................................
............................................................
............................................................
............................................................
............................................................
............................................................
............................................................
............................................................
............................................................
............................................................
............................................................
............................................................
............................................................
............................................................
............................................................
............................................................
............................................................
............................................................
............................................................
............................................................
............................................................
............................................................
............................................................
............................................................
............................................................
............................................................
............................................................
............................................................
............................................................
............................................................
............................................................
............................................................
............................................................
............................................................
............................................................
............................................................
............................................................
............................................................
............................................................
............................................................
............................................................
............................................................
............................................................
............................................................
............................................................
............................................................
............................................................
............................................................
............................................................
............................................................
............................................................
Agents:
75
0,51,33,57,50
1,49,52,42,41
2,13,52,39,0
3,12,30,1,52
4,8,14,31,17
5,23,9,5,50
6,48,41,30,1
7,21,1,12,2
8,40,43,37,59
9,27,59,57,0
10,45,29,49,56
11,25,29,25,31
12,42,33,22,57
13,28,38,3,57
14,39,46,12,7
15,36,15,13,58
16,15,42,36,14
17,20,17,17,9
18,58,33,9,33
19,32,34,39,3
20,59,10,36,3
21,3,53,3,28
22,43,1,34,1
23,48,34,42,14
24,22,43,10,50
25,40,44,27,31
26,50,9,54,42
27,3,22,11,32
28,8,19,58,10
29,9,39,36,34
30,23,34,22,59
31,51,21,24,50
32,37,7,35,44
33,53,5,56,12
34,21,3,14,6
35,3,7,41,46
36,11,53,19,45
37,0,35,24,23
38,25,32,4,10
39,45,41,14,38
40,45,54,5,42
41,16,56,40,36
42,6,52,59,3
43,25,6,36,1
44,39,57,57,10
45,9,38,30,37
46,23,52,32,50
47,10,24,25,17
48,18,42,11,7
49,15,36,51,53
50,7,42,32,35
51,13,19,9,51
52,39,33,27,45
53,32,57,31,14
54,9,27,43,5
55,57,35,40,8
56,34,28,5,31
57,54,29,48,37
58,18,55,34,45
59,15,45,3,47
60,42,47,6,55
61,25,23,4,35
62,53,24,16,2
63,43,19,47,51
64,42,35,48,25
65,16,43,48,6
66,16,9,24,5
67,33,2,2,58
68,41,57,30,38
69,16,33,19,7
70,19,27,8,11
71,57,11,51,51
72,0,33,3,33
73,4,55,38,44
74,57,40,59,8
