1
Grid:
60,60
............................................................
............................................................
............................................................
............................................................
............................................................
............................................................
............................................................
............................................................
............................................................
............................................................
............................................................
............................................................
............................................................
............................................................
............................................................
............................................................
............................................................
............................................................
............................................................
............................................................
............................................................
............................................................
............................................................
............................................................
............................................................
............................................................
............................................................
............................................................
............................................................
............................................................
............................................................
............................................................
............................................................
............................................................
............................................................
............................................................
............................................................
............................................................
............................................................
............................................................
............................................................
............................................................
............................................................
............................................................
............................................................
............................................................
............................................................
............................................................
............................................................
............................................................
............................................................
............................................................
............................................................
............................................................
............................................................
............................................................
............................................................
............................................................
............................................................
............................................................
Agents:
70
0,57,57,58,57
1,53,37,2,50
2,34,12,37,43
3,56,58,7,41
4,20,28,42,54
5,8,25,18,47
6,38,23,58,52
7,29,12,19,41
8,46,26,48,24
9,55,32,8,45
10,16,41,14,51
11,47,2,23,52
12,22,53,26,29
13,48,16,14,19
14,19,23,48,7
15,9,47,1,51
16,39,58,46,53
17,33,38,16,54
18,2,37,29,17
19,38,39,21,12
20,35,38,35,29
21,11,38,46,18
22,24,23,15,4
23,35,41,2,44
24,48,33,57,55
25,48,56,9,53
26,7,15,26,11
27,37,15,11,36
28,9,51,48,55
29,15,40,43,50
30,24,40,34,43
31,39,57,27,42
32,19,21,34,38
33,45,40,41,37
34,50,51,40,49
35,9,9,25,58
36,47,16,42,42
37,57,38,31,59
38,29,9,21,50
39,37,59,2,30
40,18,6,7,50
41,27,46,52,32
42,35,12,55,41
43,39,24,46,47
44,20,17,53,22
45,29,11,46,56
46,22,58,18,9
47,14,54,40,23
48,59,14,46,16
49,18,2,51,46
50,37,55,46,26
51,51,57,36,58
52,23,38,17,13
53,8,51,1,13
54,17,59,17,5
55,46,59,48,4
56,13,15,50,23
57,22,18,18,27
58,12,52,17,44
59,21,6,43,57
60,41,21,25,45
61,19,32,46,25
62,21,57,21,24
63,46,49,34,14
64,1,2,58,33
65,38,15,0,45
66,51,35,49,6
67,21,23,44,41
68,15,29,9,29
69,22,56,42,39
