0
Grid:
70,70
.......@.................@.@................@..@..@...@@.......@......
.......................@......@..................@...@....@...........
.@.........@....................@..................@..................
.@.....@..@....................@..@....@........@..............@......
....@....@@......@....@.........@@..@..@.......@................@...@.
..@...@..............@..........@.......................@..@.@.@...@..
@.......@.....@..................@@.....@.............................
..@..............@.....@......@.......................@............@..
..@@....@......@..............@............@@.....@.............@.....
.......@...................@..@.@@........@......@.....@........@.....
..............................@.@..@..............@...................
....@..@......@..........@@.@....@...@...............@...@............
...@.........@...@............@@........@.@....@....@.................
.@..@.....@.......@..@...............@..@...@.......@.......@.........
......@....@@.........................................................
...@.....@@.................@.............@...........................
....@.............................@...@................@...........@..
....@.................@@.....@....@..@@........@.......@@..........@..
...............................@........@@.@.............@...........@
@...................@.........@....@...........@......................
.........@............@...................@...........................
..@...............@..........@@@....@......@@..@..........@@..........
.......@.........@...............@....................@...............
.................@..@.............................@...................
..@........@.............@.....@....@.......@...........@@..@...@.@...
...@.@......................@....@.............@.....@................
.........@..........@...@.............@....@...@..@....@.@......@.....
..@@.@..@.......@...........@...@......................@......@.......
..@@..............@........@@.@...............@..@....................
.@.....................................@..................@....@......
............@.........@...........@@.......@...............@@.........
............@.@........................@.......................@...@@.
............@...@.......@...@...................@..........@..........
...............@.......@.....................@.@.......@......@.....@.
.....@..............@..@.........@.............@@............@........
......@...............@.................@.....@.......................
@...@.....................@...........@..........@............@.......
@....@....@...........................@@.@............................
............................@........@........................@.....@.
...@................@...........................@.@......@............
......@...@.......................@....................@......@...@...
..@..@...............@..........@...@...@..@........@.....@...........
.........@........@..........@.....................@.....@............
...........@..@...@...............@...................................
...........@.....@.................@...............@..................
..@.........@................@...@@...@.....@................@........
....@.......@@.........@.............@@................@..@.@.........
.............@...@.@......@..@.@.................@..................@@
.......@.@@..@.......@..@...@.......@...@.....@.......@...............
.........@...........@....@...........@.........@..@..................
.@........................@.........@.......@......@.............@....
.@..@.........@..........................@....@........@..........@...
.................@.........@............@..........@@@.........@@.....
.@.@.....@.......@@....@.....@.....@@....@..@....................@..@.
.......@...............@.@....@.....@...........@....@........@....@..
......@....................@......................................@...
.@.......@..............@.@..........@...........................@....
.....@....................@...............@..@@.......................
..........@............@..@...@.................@.@@...............@..
..@......@.........@.......@...@.............@.............@.....@..@.
..@....@......@..................@...@...........@....................
...........................................@.......@.....@.....@......
..@..@..........@.....@....@...@@@................@...@...............
.@........@...............@....@.....@.................@..@@..........
.................@.............@.........................@..@.@.......
.....@......@..@@.....@........@...............@................@.....
.....@...............@.@......@........@.......@.....................@
...@..........@...............@.................@..........@......@...
...@.....@.....................................................@..@...
.@..@@....@@.........@...@@..@@......@..............@...@.@..@........
Agents:
60
0,22,6,23,58
1,24,52,69,66
2,6,28,53,42
3,24,7,23,62
4,66,38,56,11
5,55,23,53,55
6,37,16,51,6
7,69,18,8,53
8,5,66,41,19
9,5,24,15,59
10,3,50,29,27
11,12,64,22,50
12,6,55,58,14
13,33,60,7,24
14,51,12,65,66
15,32,60,37,1
16,45,0,28,36
17,47,16,21,42
18,0,41,60,57
19,64,44,65,35
20,16,39,5,17
21,10,23,1,59
22,48,68,47,28
23,39,69,37,51
24,67,51,9,51
25,68,27,50,24
26,47,51,2,0
27,25,43,19,39
28,65,30,59,4
29,50,50,1,62
30,36,22,57,1
31,49,53,11,16
32,6,65,59,22
33,39,53,22,5
34,7,34,41,61
35,40,58,49,8
36,15,7,66,48
37,62,0,21,26
38,13,63,4,8
39,45,3,5,13
40,20,40,49,36
41,60,13,61,21
42,59,26,19,58
43,17,53,30,66
44,20,2,23,6
45,30,14,44,41
46,33,34,10,54
47,25,16,41,16
48,44,60,2,38
49,3,6,54,28
50,14,42,31,49
51,34,2,52,42
52,29,49,47,6
53,39,2,27,59
54,51,54,43,60
55,61,35,44,58
56,32,47,26,27
57,44,58,20,56
58,22,13,40,53
59,44,13,27,53
