2
Grid:
70,70
..@.@...@...@...@..@@@..@@@.........@.@@..@..@....@.@.....@.@.@@..@...
.@..........@..@....@.....@@...@.@.@.@.@..@....@.@@...........@..@...@
..@........@.....@@.....@@.........@.@@@@.@...@.@.......@........@....
...........@@@.@....@.....@..@...@....@..........@...@.@.@.......@@...
@@@....@.................@...@..@..@.....@...@.@....@@@.....@........@
.....@....@....@....@@..@@@....@...@........@.@.........@@@..@...@...@
@.@...@.....@..@...@@@......@..@...@@.@@.@......@....@........@...@...
....@@@...@......@........@@.@.....@@@..@@.............@@@...@@...@...
.@@....@..@....@...@.....@............@...@@@...@..@.......@....@@..@.
.@.....@.@.@.@@@.@..@.......@.@@.@......@...@..@.@....@..@@@....@.....
@..@...@.@...@...........@......@.@....@..........@..@@.@@@..........@
.....@.....@...@......@.....@....@@..@.@.@.......@@..@..@@........@...
@..............@.@.........@...@@..@.....@.@..@..@..@@@..@@...........
..@.@..@....@.@.@.@.@...@@@.........@.@..@@.@..@.@........@..@......@@
.@..@@......@.......@...@.@........@..@@@.@@......@....@....@@...@..@.
@.@....@.....@.@........@..@...@.........@..........@...@@....@..@..@.
.@.@@......@....@.@.@........@...@..@@.@..@...........@..@@.....@.....
.@.@@...........@.........@..@....@@..@.@..@.@..........@..@@.@.@.@...
.@.@..@@.@.....@@...........@...@..@.....@@....@..@.....@......@.@@...
@.........@..@.@..@.@.......@....@.@..@.@@@....@.@..@..........@....@@
@@@@@...@...@@.@.@.@@....@@.@@.@@...@...@..@.........@.@.....@@....@.@
..................@...@.@@...@....@....@....@@.@@.@.@.@....@.@....@...
...@@@..@.@.....@.@@..@......@.......@...@@...@..@.@...@....@..@..@...
@...........@.@..@.@.@.......@.........@...........@@.@..@...@...@...@
....@......@@.....@@...@@@..@@.....@@..@@...@@..@.@.....@.....@.....@@
.@.@.@...........@...@....@......@@.....@.@...@@............@...@....@
.....@.@.........@.@....@.@@..@......@.@@...@...........@@...@........
.....@.@@....@.@@..@........@..@@@..@.@...@..@...............@@..@....
@...@.@...@..@.....@@.@.@...............@.....@@.....@..@....@...@@...
....@....@.............@...@@...@......@.@.@.@...@......@@.@@.@....@.@
.........@@...@@@.........@@.@...@.......@....@@........@@@@...@......
.........@.@@@............@@...........@......@.....@...@@...@@...@...
@.........@.......@.........@..@@...@@..@....@.@....@...@..@.@...@.@.@
...@@..@...@........@............@.@...@.@@@@..@...@..@@..@........@@@
@..@@......@.........@@.....@.......@........@...@...@................
....@.@.@..@.@......@.@@...@@......@.@.....@.@@......@.@......@..@....
..........@@.@.............@...@............@...............@.........
....@............@...@@................@.....@@@..@@.............@@...
.@........@.....@..@@....@......@.@..@..@.@@.....@.@.@.@..@@.@...@@@@.
...@@...@.@@...@.@........@.....@.@.@....@....@@.......@...@....@....@
......@...@.......@@........@.....@@.@...@..@@.....@..........@@@...@.
....@.....@....@@...@....@..@@@.....@..@@.......@.........@....@..@...
.@....@.......@@..@@..@...@..@......@..@@..@..@@....@@.@..............
..@..@@@....@.@.@.@..@.....@@..............@@....@...@..@..@........@@
@..@@...@..@..@.@..............@.@@.......................@.@@.@@.....
@.....@.....@@.........@.....@@.@@@...@..........@@.@.@..@....@.......
@.@..@..............@@.@.........@@@....@@....@.............@.@.@@....
.@.........@....@.@@@..@......@..@.....@@...........@..@@....@@.@..@..
.@......@.@.@..@@...@.........@..@....@.......@......@@......@...@.@..
.....@..@...........@.........@....@.@@..@.@.@@..@@......@.@...@.@....
.....@@@..@.............@...@...@.@...@@.................@..@...@.....
.....@@@....@..@...@@@@@..@@.............@@...@....@@.......@.....@@..
.......@....@@@..........@.@.@...@....@....@.@......@@@@.@.....@.....@
.@.@@...@@.........@@@.............@@....@....@...@@@.@@......@.@....@
.@@.@.....@......@.@..@.@@.......@.....@..@@@.@.@@.....@@...@@....@.@.
@..@...........@..............@.@.@.@@.@@...@@..@.....@..@@..@........
@...@@......@...@@....@....@@...@.@.@.....@@....@@.....@@....@@.@.....
.@..@.@..............@@@.............@@..@......@@......@....@.@@@...@
.@....@@.@...@..........@@@.....@.@.........@@.....@...@....@...@.@...
@..@@.@@@...@........@@......@...@@....@....@....@@.....@@.@.........@
............@.@@....@..@....@..@.@.@.@....@....@@.....@...@...@.@.....
@@..@.........@.@..............@...@.........@...@@...........@@@.....
..@@...@...@.......@.@..@.@.@..@.@.@.@..@..@@@....@.......@@..........
......@.@@...@..@@...@@..........@.........@....@...@...............@.
.@........@@@...@..@..........@@......@...@..@..@...@.@..@...@..@.@@..
...@...@..@.@..@@....@@@.@..@..@.@.......@.@........@....@.@.@@..@@.@.
..@.@......@........@.....@...@...@@..@@...@..@.............@@.....@..
..@..@..............@...@..........................@.......@...@.@@...
@.@.@..@@@...@...@.....@.@.@.....@@....@.@...........@@..@@...@..@...@
.....@....@@..@@@..@..@..@.........@..@..@.....@..@..@...@....@.....@.
Agents:
65
0,38,52,57,36
1,59,10,67,14
2,46,25,51,29
3,1,28,30,13
4,40,13,42,31
5,15,25,68,52
6,41,50,22,24
7,28,29,48,6
8,39,18,8,30
9,29,5,25,66
10,2,26,23,68
11,56,53,52,2
12,8,16,31,19
13,22,52,58,19
14,46,49,27,4
15,24,14,41,46
16,49,10,50,9
17,1,58,67,12
18,34,47,15,59
19,19,46,65,55
20,59,53,54,37
21,44,25,5,48
22,69,51,23,53
23,37,32,3,27
24,49,33,27,58
25,17,55,67,64
26,50,46,42,9
27,67,57,61,61
28,36,36,47,47
29,0,27,52,18
30,1,18,29,54
31,17,41,15,69
32,61,8,41,64
33,34,31,17,63
34,26,63,43,62
35,18,67,49,15
36,53,65,54,15
37,11,61,2,10
38,34,15,53,39
39,55,19,66,37
40,53,15,33,64
41,7,22,30,65
42,36,46,32,6
43,8,29,66,23
44,34,66,6,50
45,25,11,35,52
46,28,55,1,57
47,27,69,25,10
48,24,9,49,53
49,63,55,35,2
50,33,66,67,47
51,55,1,9,25
52,66,50,46,51
53,11,62,51,56
54,58,23,45,66
55,44,38,45,2
56,61,68,21,31
57,56,20,32,30
58,65,36,69,26
59,28,36,10,61
60,62,12,62,14
61,32,41,23,26
62,19,48,26,13
63,10,8,44,15
64,43,40,69,28
