1
Grid:
70,70
@...@@.......@..@..@....@.@.@......@.@.......@@....@@.@...........@@@@
.@.@........@.....@.....@@@.....@....@..@......@..........@..@..@..@@.
.@...@.@...@......@...@..@@@...@.@@@.....@@..........@....@......@..@.
..@@.@...@..@....@@........@...............@..........@@.....@.@......
.@@..@.......@....@.............@..........@...@.@......@...@.@....@@.
........@@..@@...@@..@...@....@@@........@@...@@..@......@.....@....@.
...@...@......@....@.@@......@@...@..........@...@.@..@@@....@.@..@@..
.@@...@@..@.@..@.....@@@.@..@...@.....@...@......@.......@.@...@@@..@@
.@.@.....@.@@@..............@@......@.....@@...@.@@.....@@@.....@@.@..
.@.........@.@...@@....@....@@...@......@...@..@@....@.@....@......@..
..@........@..@....@.@...@....@...@..@.@.........@......@@....@....@@.
.......@.@@..@..@@@.@......@...@..@.@..@@@@@.@..@...@..@..@.....@..@@.
@@@@.@@...@...@.....@@@...@@.....@@@.@..@.@..@@.@....@....@...@..@@@..
.@.............@..@.......@.@@..@.@.....@@..@@..@.@.@.....@@.....@@.@.
.......@@@..@.@.@...@.....@..@.........@....@..@.@....@.....@..@..@...
@..@....@..@@.......@@.@....@...@.....@...@@.....@.@@...@@.....@.@@@..
.@.@.@...@.@...@.......@@@@@.....@@.@@.....@..@@......@....@@....@....
@....@@..@..........@........@.@@@@........@.@.@..@....@....@.....@...
@@@...@..@.......@........@.@.@..@..@@.....@@...@.@...............@..@
...@..@@...@.@..@.............@.........@.....@......@......@.....@.@@
..........@@@........@...@..@.@@..@@.@@@...@.....@....@.......@@.....@
.........@....@...@@.....@........@..@........@....@......@....@@...@.
@@..@@.......@...@@.@....@...@..@........@@..@@.....@@....@...........
.@...........@.....@@.@..@@@.....@..@.@@@..@@...@.@@......@.......@...
.@@.@.....@...........@.@@..@.@@...@.......@....@@@..@..........@....@
..@@.@...@............@..@...@..@.....@@@..@.@.....@.@.....@@.......@.
.....@.@..@......@@@...@@.....@.........@.@@....@.@..........@..@.....
...@.@@.@@@@@.@....@.......@.@..@@....@@.........@.........@...@@..@..
@..................@@.@@@....@..@.....@.@.@.@....@.@..........@@....@.
@............@@..@..@@.@....@.......@@...@...........@@..@.....@.@..@.
.....@.@...@.............@.@.............@...@.........@.......@....@.
.....@........@@....@..@@...@......@..@........@......................
@.@.@.......@...@@....@.@.@@@.@.....@.@........@.@.........@......@.@.
.@@.@..@.....@.........@@.......@@........@.....@.....@...@....@..@...
.@.@............@.....@....................@......@@..@..@...@.......@
.@.....@@.@@@.@@...@...........@..@.@@@....@.@.@....@...@.@@..@@.@..@.
............@@..@@.@.@..@......@..@........@.....@..@@.@...@..@.@.....
...........@.......@.....................@@.....@......@....@...@@....
..@..@....@....@.@.......@.@@..@@....@@........@..@.....@@@....@.....@
...@.@.@.@...@.......@@.@@.@@......@...@..@..............@......@...@.
..@..@.....@........@.@.@@@............@.@..@.........@...@@....@@....
.....@..@..........@@...@....@@......@.....@......@.@....@...@........
...@....@.@....@.........@@......@..@@.........@.....@......@.@@......
...@...@..@.@...@.@.....@.........@...@..@.@.@.@.....@.......@.@.@@.@.
...@@...@.....@........@..@..@@......@.......@@.......@....@..@..@.@..
.....@....@.@@.............@@@@...@@........@...@...@@.@@.@.....@@.@@.
@@@.@..@@.....@..@@@.@..@@...@......@..@......@....@.....@.@..........
.@..@....@...@..@.....@.@...@.@...@..@@@......@........@......@.@..@..
...@.....@........@..@..@........@...........@@..@........@@@..@..@@..
...@@......@.@..@@@...@.@....@........@.@@@...@....@....@.........@...
..@@..@..@.....@..@..@........@@@....@...@...@........@.........@..@..
.@.@.@...@..@@@@@@.....@.@..@....@..@.......@.@.@....@@.@.......@@.@.@
...@......@...@...@.@......@....@.@..@.....@......@.......@......@@...
.....@.....@.......@@@@....@......@......@.@@.....@....@@......@@...@.
...........@.....@@...@....................@.@@.@..@.@..@@.....@.....@
..@..@....@.@@..@@@@..@@@.@....@@@.@.@....@.....@.......@@...@@@@.@...
.....@.........@........@..@.@...@.@............@.........@..@......@.
@..............@.@......@.@.@@@.....@..@@..@.....@.@.@@.....@...@..@..
..@@....@..@.........@...@........@@..@.......@...@.......@..@@.......
.@@....@....@.@@.......@.@...@...@@...@.@.......@...@@..@@......@..@..
.@......@...@..@.@........@...@..@.@..@........@@...@@.@.@...........@
......@@.@..@.@..@@.......@.....@...@.@....@...@.......@.....@..@.@..@
...@...........@..@.............@........@@.....@....@.......@.@.@.@@.
..............@@.@.@@...@@..@....@@....@.@@.....@.@.......@@@@@......@
...@@...............@...@........@.@..@@............@....@.....@......
...@.@..@.......@.....@.@......@.......@.....@.......@@..@............
..@..@.@..@...@...@@.........@@..@@.@@...@..@.@.@.@@.@..@...@......@..
........@@.......@.....@.@.@........@..@..@..@....@@......@.@....@....
..@..@.......@.....@@@......@.@..@.....@....@...@@.@@...@@....@.....@.
....@@.@@..@.@.@@...@.......@.....@...@@..@.@..@........@....@@...@.@.
Agents:
40
0,27,36,14,32
1,37,20,30,35
2,25,35,49,44
3,49,63,60,59
4,25,58,42,66
5,19,57,68,55
6,5,5,5,35
7,3,48,22,23
8,15,17,28,8
9,67,22,50,55
10,8,31,17,7
11,29,34,26,14
12,64,7,30,66
13,53,52,24,6
14,7,35,49,36
15,20,4,60,62
16,0,62,61,33
17,48,35,47,25
18,16,42,50,43
19,2,67,26,54
20,67,28,18,21
21,5,23,11,28
22,27,65,57,20
23,6,2,8,27
24,55,60,24,21
25,37,15,1,6
26,20,20,21,56
27,4,10,5,65
28,0,61,43,9
29,5,35,36,42
30,22,66,66,43
31,7,61,38,59
32,51,27,65,47
33,49,10,59,6
34,37,62,57,12
35,68,14,37,1
36,56,45,16,62
37,68,31,3,49
38,57,19,8,31
39,66,11,62,24
