0
Grid:
70,70
.........@.@..@.@...@.@....@...@....@....@..@@...@@.........@........@
.....@..@.....@..@.@...@.....@...@.......@......@.@@..@...........@...
..@@...@@...@......@.@@......@@.@..@@@.@...@@@@.....@.@....@....@..@@.
..@....@@..@..@............@.@@.@@.@.@.@..@.@..@...@..@......@.@.@@..@
.@.....@.@.........@@....@...@@...@..@...@...@@.@.......@@.....@@...@.
..@.@......@.@..@..@....@@.@.....@.....@..@...@....@...@@...@@@...@.@.
.......@....@......@.@..............@.@........@@.@..@.@@.....@..@.@..
@@.....@@....@@@...@@.@@.@.@@.@.@@......@.@..@.@.@@@.....@.@.@@@.....@
...@.@..@@.@..@.@.@@..@@......@...........@...@.@......@.@.@..@...@...
...@@@@.@..@........................@.@@@.@.....@.@..@.@.@......@@.@..
..@@.@@.....@@...@.@....@.@...@@..@@@..@.@.@.@@.......@.@.......@..@.@
@@.....@@.@.@........@..@...........@@@...@.@@@...@...@.....@.@@@.@...
.@.@..@..@......@.......@@..........@@.@..@@.@...@..@.....@........@@.
....@......@.....@..@@..@@@..@@...@...@..@.......@@.@@@@...@@......@.@
..@@..@...@..@@.......@@.@.@.@.@....@.....@@@.@...@@......@@...@....@.
@..@..@.@@@.@@..@........@@@...@..@@..@....@@@@@@........@@..@...@@.@.
..@@@.@.....@@.@@......@.......@@...@......@@..@..........@...@...@...
..@.@.@@......@.@.@@...@@.@@......@@@@..@...@..@..@..@@@@@..@.......@.
..@@.@..@.@.@.@..@@@.@.@...@.@..@....@.....@...........@.@....@...@...
@..@..@.@..@@@...@.@@@@.....@@@..@..@..@.@..@.@.......@@.@....@...@.@.
...................@@........@..@...@@.....@@@....@.@@.@..@@@..@...@..
@.......@...@.@..@...@@..@.@.@.....@.....@.....@..@...@..@@@.@....@...
.....@@...@......@...@@@.@@.@......@.@@..@......@..@@@....@.......@..@
........@@@..@....@....@..........@....@@...@@@@.@......@.......@.@@.@
..@.........@@.....@...@@.@@.@.@.@.....@..........@....@......@@....@.
.@@...@@@.....@.@@..@.....@.@..@@.........@@@....@@@....@......@.....@
@..@.@@.@.@....@..@.@@@@....@.@.@..@@...@.@.@..@.@..@@..........@.....
........@......@.@...@.@...@....@@@......@..@@.@@.@.@.@.........@..@@.
.@..@......@.....@.@.@@@.....@....@..........@...@..@......@...@.@@..@
.....@@..@.@@@.@......@@..@@.@@....@.@.....@......@.....@......@....@@
...@...@.@@@.@....@..@......@.....@..@@@@.@@....@...@.@...........@...
@.......@.@@@@........@...@@@.............@..@..@......@@.@@....@.@@..
.........@..@.....@.@@.....@@@..@.@..@..@@.@.@.......@..@.@.@.@...@...
...@@.@@@.@...@...........@........@........@.@@@.......@@.@.@..@...@.
..@@..@@....@.@@......@.....@.@.@..@..@.@.........@.@@@..@@......@....
....@....@@..@....@@..@..@...@...@.......@.@......@..@..@.@.@...@....@
.@@..@.....@..@.@@..@......@.@........@....@.@.@.....@..@.@........@..
....@.....@.@@.@..@....@...@.@.@.@...@.@...@..@.......@..@...@@.@...@.
....@.@..@@@@@....@...@.@.@.........@..@.@....@.......@.@...@@..@...@.
...@...@@.@@......@@..@@@..@.@.@.@.....@...@.......@@.....@..@.....@.@
@.@....@.@......@.....@.@@.@@........@.@@..@.@.@.........@..@...@.@@..
@@...@@.@....@....@.@@...@....@@@@..@@..@.@....@.@@...@...@@..........
@...@@...@.@.....@.@@..............@..@....@@.@.@..@@....@.@...@......
.@..@.....@.@@..@...@....@.....@.......@.....@@..............@.@......
@@........@@..@.......@.@@..@.........@.@..@..@....@....@..@...@@....@
......@...@@.@......@..@.@.@......@@.@@..@.....@..@.@....@...@...@@...
...@........@.@.......@....@..@..@@@.@...@....@..@@......@....@.@.@..@
.....@.........@......@..@..@@@@.@.......@@.@.@@..@@@.@@.@...@@......@
.@.......@.........@..@...@...@....@.......@....@..@@.@.......@.@.@@..
@....@...@@@....@@@...@@.@@.....@..@.@@@......@..........@......@.....
@...@..@..@..@......@@....@@.@...@..@.@.....@@@....@.....@.......@....
@...@..@....@.@@@......@........@.@@.@...@@.@..@..@..@.@....@...@.@@..
..@..@....@.@.........@.@....@....@..@.....@@.@@.@....@.....@..@@..@@.
@..@@....@.@@..@....@..@.@........@..@..@.@.@@....@......@.@..@@..@.@.
....@...@..@.....@@.........@.........@@@....@@....@...@.@...@...@@...
@.@.@@.....@@@.......@.@@.@..@@@..@.@..........@...@@....@..@..@@.@...
@..@..@.....@...@@.@...@.@@@.@@.....@.@.@....@@@.........@@...........
...@@.......@....@....@.@.......@..@....@.........@...@.@.....@.@@...@
..@....@@...@@...@.....@......@@.....@....@.@.@@.@@....@..@.@.@.......
.@@....@..@.@....@..............@.........@@..@@.@.@...@@@..@@@....@..
.......@.@@...@....@...@@@..@.@.@@.@@.@....@@...@..@.....@......@@@...
...@...@.........@.@@..@...@.....@@.@@...@.@.@@..@@...@@@@....@.@.@...
@.......@....@@.@.@.@@@....@......@.@......@..@..@@@.@@..@@@.....@@...
@.@...@.........@.@.....@...@..@@....@..@@.@..@.@@.@@.@@.....@.@.@..@.
....@.@@...@.@.@@@...............@@@.@.@.@@..@@...@@@..@.@...@........
......@@....@@..@.@.@@@@.....@@......@....@............@@@.@.@..@....@
.....@......@@..@..@@@@@.@.....@@.@@@.@..@.@.@.@@....@.@.@@@.@@.....@.
........@......@....@@@@...@.@..@@......@@...@..........@@...@@@.@....
..@..@....@.@@@.....@..............@@...@....@..@.@@..........@@@@@.@.
@...@@@..@....@...@.@..@..@...@.@...@..@..@.@@....@@..@@@@.@..@@....@@
Agents:
75
0,33,29,42,26
1,10,57,10,53
2,24,69,24,69
3,40,23,31,4
4,38,15,65,58
5,23,36,52,9
6,13,62,60,3
7,58,27,39,37
8,66,39,4,3
9,20,54,20,54
10,12,29,58,15
11,43,53,44,19
12,45,9,42,60
13,30,27,27,60
14,15,30,43,17
15,64,22,17,8
16,11,4,8,44
17,20,9,22,29
18,60,53,36,64
19,14,38,62,60
20,33,27,9,31
21,26,13,56,32
22,55,19,64,23
23,57,10,24,64
24,50,55,5,59
25,40,13,17,29
26,5,1,61,10
27,68,53,19,26
28,67,36,62,35
29,32,51,68,27
30,33,34,9,44
31,45,58,51,26
32,0,1,21,38
33,8,58,25,54
34,36,61,12,31
35,17,65,43,22
36,58,35,32,17
37,39,46,48,10
38,48,12,60,27
39,57,33,6,15
40,60,41,0,43
41,50,58,7,17
42,62,38,48,32
43,35,62,20,28
44,0,0,45,1
45,37,1,1,62
46,1,67,5,58
47,69,24,36,52
48,44,37,1,49
49,63,67,60,58
50,39,48,11,55
51,3,45,3,45
52,0,21,30,46
53,49,4,38,16
54,9,25,19,45
55,21,20,45,0
56,65,68,69,21
57,32,3,21,55
58,30,65,37,47
59,35,38,34,23
60,9,46,15,60
61,11,43,11,43
62,25,47,16,9
63,33,36,65,15
64,52,52,22,19
65,63,25,67,66
66,10,60,65,44
67,61,48,38,66
68,21,32,2,15
69,62,45,10,29
70,45,24,17,42
71,13,1,33,32
72,61,40,24,47
73,32,25,17,25
74,27,63,64,66
