1
Grid:
60,60
............................................................
............................................................
............................................................
............................................................
............................................................
............................................................
............................................................
............................................................
............................................................
............................................................
............................................................
............................................................
............................................................
............................................................
............................................................
............................................................
............................................................
............................................................
............................................................
............................................................
............................................................
............................................................
............................................................
............................................................
............................................................
............................................................
............................................................
............................................................
............................................................
............................................................
............................................................
............................................................
............................................................
............................................................
............................................................
............................................................
............................................................
............................................................
............................................................
............................................................
............................................................
............................................................
............................................................
............................................................
............................................................
............................................................
............................................................
............................................................
............................................................
............................................................
............................................................
............................................................
............................................................
............................................................
............................................................
............................................................
............................................................
............................................................
............................................................
............................................................
Agents:
65
0,25,47,22,18
1,55,48,19,46
2,43,22,22,56
3,8,12,24,0
4,21,25,26,42
5,51,33,42,0
6,17,15,31,24
7,49,25,22,43
8,19,20,55,19
9,49,26,26,37
10,10,49,54,31
11,48,59,57,58
12,9,48,8,34
13,24,14,30,5
14,22,34,40,10
15,28,57,29,46
16,44,47,22,29
17,13,13,46,16
18,46,38,24,1
19,48,27,52,1
20,28,19,21,32
21,40,6,4,49
22,43,31,50,12
23,14,31,40,15
24,18,41,22,19
25,41,37,52,8
26,46,13,32,51
27,45,35,5,12
28,59,55,3,31
29,39,55,11,39
30,58,53,19,14
31,50,46,36,42
32,57,54,48,19
33,49,30,32,12
34,2,36,52,3
35,38,41,10,12
36,31,21,9,11
37,58,50,7,14
38,9,41,28,48
39,15,37,6,38
40,34,53,44,17
41,56,41,58,36
42,52,51,36,36
43,11,30,54,56
44,1,37,22,34
45,14,51,46,59
46,28,34,21,40
47,29,53,46,20
48,9,49,30,43
49,42,43,12,35
50,28,41,15,34
51,2,0,21,23
52,5,24,34,55
53,15,54,23,39
54,25,17,14,21
55,39,1,44,0
56,21,5,50,54
57,57,8,29,49
58,54,6,46,36
59,42,18,26,48
60,28,24,39,29
61,22,47,55,11
62,42,37,22,40
63,53,24,10,37
64,21,16,4,16
