2
Grid:
70,70
.@.......@...@..@....@.@.....@@...@@@@...@...@@......@..@@@..@.@.....@
...@@..@.@@@.@@....@......@..@...........@.@@.@..@..@....@@.@.@..@..@.
..@..@.@.....@..........@@@.....@..@....@....@.@.@...@....@.......@...
..@@......@.@..@@@@...@..@...@@.@.@..@.@....@..@.....@.@..@@@.@@.@...@
@.@........@@.@..@....@....@....@............@...@@@.@......@..@@....@
@@@.@@.......@@.@....@.@....@@.@.@......@...@.....@@@@.........@..@@..
.@....@...@@..@@@.@..@@.@..@......@.@...@.@.....@.........@.@@@@.@.@..
...@..@.@@....@......@@@.........@@.@.@@@@...@.@@........@@.......@...
...@.....@.@.....@@.@@@@....@....@@..@.....@.@@..@.@..@.....@..@..@...
.@...@@...@.@@..@.@..@.....@@....@......@......@......@@...@@..@......
...@....@..@...@@@......@.......@...@@.@.@...@.@@.@....@.......@.@....
@.@....@..@........@.@.@@.@@.........@..@.........@@.........@@@...@@.
....@...@.@@...@@.@@.@..@@@.......@.@..@@@.@....@..@.@.........@.....@
.@.@.....@..@...@.@.@@...@......@.@..@...@.@......@....@@......@.@..@@
@...@...@.@....@..@@..@....@....@.@@@.....@.@@.........@......@...@...
.......@..@@...@..@@.@.....@@...@@@.......@@@.........@.@..........@..
.....@........@.@@.@@....@.@.......@.@......@@.......@.@.......@.....@
..@...@...@.@...@.@@..@@@....@..@.@@..@..@...@.......@@..@............
@..@..@..@..@.@...@.......@.@..@@.@..@@....@@@@...@@.@..@.@....@.@....
.@...@@@.@.........@@........@........@....@.@..@@@......@..@@.@..@@@.
.@@@@.@.@..@.@....@...@...@.@.@..@...@...@..@@..@.@.@.@..@...@....@@..
...@...@....@..@.@.@....@.@.@@.....@@.....@@..@...@....@.@@.@....@..@.
....@.@..@....@.........@..@.........@....@.@@@...@..@@.@@@@.....@..@.
.@@@@@@....@.@.....@@....@..@...@@....@.@.@....@...@.....@....@.....@@
..@@.....@...@.@....@..@@..@........@...@..@.@.........@.@.......@.@..
...@...@.....@@..@.@.@@.....@.@..@@....@.@@.@...........@.@.....@.....
@...@...@..@@.@...@....@.@......@...@..@......@.......@........@.@..@.
......@.....@....@..@...@.@....@@@......@.@@@@.@...@....@.@..........@
@..@.@.@.....@......@....@..@.@..@............@.......@@..@.@@...@@@@.
......@...@.......@...@...@......@@.@@..@@@.@@.......@..@@.@@.@@@...@.
..@.......@.@...@......@.@..@.@..@@..@..........@...........@@@@.@@.@.
...@...@...@.@@@@.............@...@@......@.@..@..@...@@.@...@........
.....@..@@.@.@.@..........@@...@.@......@@......@.@@..@..@...@@.@....@
....@.......@..@......@@@.@..@...@@@........@........@....@@.....@....
@.@@....@@.@.@.@@..@@......@.@@@....@@....@@....@..@.@..@...@@..@@@@@.
..@.@@...@@........@@@@.....@.@@@............@.@.@....@@...@......@.@.
@.@@.@.....@..@......@.@.......@..@...............@..@@.@.@....@......
..@@@@.@.@@.@...@@.@...@..@........@...@..........@.........@...@.@.@.
@..@.@@..@@....@..........@.@....@...@.@..@.@....@......@..@...@...@..
..@...@..@.@.@@@@@..@.@.........@..@........@....@@@@....@...@........
.@..@.@..@.....@..@@....@..@@..@.@...@.@......@......@..@@@@.@.@.@....
...@..@...@.........@...@....@.@....@@@@....@@.@.@..@@..@...@@.@.....@
..@@@.@@..@.....@......@@.@@..@.@@......@..@.....@@@.@.@.@@@@.@.......
.@..@@@..@....@@.....@.....@.@..@@....@@...........@..@.@.......@.@.@@
...@@..@.@@..............@..@.@@@.@.....@@..@........@.@..@.@.@....@.@
.@.@.@.@...@...@@...@@.......@....@.@.....@..@..@.@....@....@......@..
.@@..@@.@@..@@.......@@..........@.@....@....@......@@@......@@....@.@
....@@..@@.@...@..@..@...@@........@.@...@.@@...@....@.....@..@.......
@.@..@...@.@@@..@..@.....@.@......@@..................@@.@........@...
@.@@...@..........@..@..@@.@@..@..@@.@@..@.@.....@...@.@...@@.@.....@@
.@.....@..@@@.@@....@.@.@.@@.@..@..@......@..@...@@.@.@...@...@.@....@
.@@..@...@..@@..@@.@@....@..@....@..@@..@...@..@@.........@.....@....@
.......@.@.@....@@....@@@.@.@....@..@@..........@...@@....@...........
..@.@@....@..@.@@.@@@...@...@.@......@.@@...@.@@@..@.@@@.@@@..@@......
....@@@.@.@.@.@.@.@......@...@.@....@.@@.....@...@@..@@..@.......@.@.@
.@..@......@............@...@@.@............@@..@.......@..@........@.
.@...@..@..@@@...........@@....@....@....@...@..@@..@.................
.@....@.....@.@....@@@.@.@.@@....@@@..@@...@..@.@...@...@.......@.@.@.
........@.@....@@....@........@@.@.....@..@...@....@...@...@...@..@.@.
..@@@.....@.@@@...@..@@.@...@..@@......@.@...@.............@@@....@@..
...@..@.@@..@.....@@.@@..@..............@@...@..@@@@@.@...@.@....@...@
.........@.....@@....@.@............@...@..@........@@@@..@.@..@@@.@..
@.@@....@...@@@...@@..@@@@..............@@@..@@.....@@.@..@.@.@@...@.@
...@......@...@@@....@@.....@.@......@@@.......@.@@..@.@@..@...@..@@..
..@........@...@.@...@..@@..@.@.@.@...@@.....@@@.@@@..@@....@.@...@@@@
@@...@@@@..@@.........@@..@...@@.........@...@.........@.....@.@....@@
.@@.....@@..@@..@@@.@....@....@.....@.@@.@.@@@.@@.@@@.@..@....@@..@@@@
.....@....@..@.@@...@......@.@....@......@.@@.@..@.........@..@.....@.
..@.@.@..@@.@........@@...@..@...@......@@....@......@@....@.@@.......
@...@.........................@.@@..@.......@.@@@..@@@....@@.@@@..@.@@
Agents:
40
0,18,52,30,8
1,31,41,13,26
2,48,43,7,54
3,55,15,27,14
4,56,64,37,22
5,11,6,40,66
6,12,52,8,42
7,27,60,31,67
8,2,33,45,23
9,39,69,19,3
10,31,8,5,17
11,7,69,41,8
12,67,67,26,21
13,8,55,50,9
14,29,32,47,50
15,13,24,21,53
16,4,68,51,65
17,69,23,33,9
18,10,51,65,27
19,45,9,56,59
20,36,55,42,34
21,17,15,31,24
22,46,0,50,47
23,40,3,17,31
24,38,2,58,35
25,68,8,38,41
26,28,40,33,20
27,0,8,16,3
28,68,25,25,62
29,25,61,52,29
30,10,44,11,49
31,18,2,52,51
32,68,44,37,18
33,58,5,47,34
34,46,58,51,27
35,11,11,6,25
36,43,65,53,64
37,26,43,1,22
38,32,2,16,66
39,31,29,69,45
