1
Grid:
70,70
@....@.@...........@.@..@..@......@..@......@.............@.@.........
....@.....@@......@.@....................@.......................@....
.....@.............................@@.............@@.@...@......@..@..
.@@..........@.....@............@......@..................@...........
...........@.@@@......@.....@........@...@...@.@.....@@....@@..@..@...
.@..........@.........@.@.....................@.......@.........@.....
..@..@.......@.@..@@.........................@..@@.....@........@.....
..@...........@..........@..........@...@@......@...........@....@...@
...@........@....@@.@............@.....@......@.........@.............
.......@.......................................@.@...@...@.@@....@....
@.@.....@......................@...@@....@..@..........@....@.........
.@.@...........@..............@..............@..........@...@....@....
........@...........@@@@..........@............@...................@@.
@....@....@.......@.@.@.....................@@.......@....@...@..@....
......@......@.......................@..@....@@..@.@.@......@.......@.
.....@..@............@.@...@....@...............@@.@........@.........
.@......................@..@...@......@.@.@...@..............@........
...........@...@.@...........@.@.......@..@....@..@.....@.....@.@..@..
..@.@...............@@.........@...............@.@...........@.......@
..@....@@.@........@...............@.....@.........@.....@.........@@.
...@..@............@.............@...@....@.....@@...@....@@..........
..............@@.......@....@.........@@.@...@..........@@..@.......@.
.....@........@@@..@@..............@.......@..........................
...........................@.......@@.@..@.@....@......@.@.@...@......
...@......@@...@.....................@........@.@@........@...........
..@..@..................@................@....@.@...@.........@@......
.@....@..........@..@.@.@.....@...........@........................@..
........@....@....@...........@@@...@..@...........@.@.@......@....@..
@......@....@.@.......@@...@.......@.............@@.@.................
@.......@@..........@.......@@.@.........@@@.....@..@@.@...@@@........
....@......@........@.....@....@...@@...............@.....@...........
................@....@.@@......@@@..@....@......@............@........
.@....@...@...@........@...@@..........@@@.@@.....................@...
...........@.@...........@..@@.....@.....@..@...@@..@......@......@.@.
.......@....@.............@...............@@.......@....@@...........@
...@...@............@...............@.@.....@..@@...@...@.@..@.@......
....@..@.@..@..@@......@.....@.@.........@.............@........@.....
.....@.......@.....@.....@......@...................@..............@.@
........@.........@.............@........@@.@....@.....@......@.@.....
@.......@..@..@......@...@.@@..@...........@...........@...........@..
@....@............@.@...@@..@@..@..@.................@.@...@.....@...@
........@......@......................@@.....@.......@..@....@....@...
@.....@.............................................@...........@.@...
.........@.@.....@..........@...@.@...@...@...........@..@.....@....@@
....................@...@.............@.@....@...............@.@......
....@.@.......@.@@..@...........@@.....@....@.................@......@
.@.....................@.........@...@@@@........................@..@.
..@....@...........@...@....@...@@..............@..................@..
.....@@@.......@.....@@....@.............@..............@.......@....@
....@.............@.........@@....@......@@.............@.....@...@..@
...............@.@..@.@@..........@..........@...@@............@...@..
.@..........@....@.....@.@....................................@@..@@..
@.........@.@........@.....@...@......@........@....@......@.@....@...
...@.......@...............@....@......@@..@........@....@@@@.........
.@..........................@.........@...@.@...............@..@@....@
...@....@.@......@@.....@...........@........@@...@.....@...@.......@@
@.........@....@......@.@@@...@...@@...@.@....@..............@.@......
..@............@....@...@@..............@.@@.....@..@.........@.......
.........@...............@...@@..@.....................@..............
......@@..............@......@.....@.....@.........@...........@...@@.
..@..@..@.@......@........@.........@@....@........................@..
...........@............@...@..@.@................@.@@@.@@........@..@
..@.@@..@.@........@.........@...@.@.....@........@@......@..@..@@....
.......@...@...@@..........@.......@...@@...........@...@......@..@..@
@....@...@@@................................@.........@..........@...@
.@@....@....@....@@@..@....................@.....@............@@..@...
....@.........@...............@......................@................
.........@...@..@...@......@......@.....@..........@...............@..
.......@...............@@..............@.......@@..............@..@...
.@@.................@...@..............@..@@...@..........@@.........@
Agents:
75
0,41,46,44,8
1,2,13,19,24
2,45,3,10,57
3,67,60,41,18
4,65,40,41,33
5,24,25,17,49
6,55,66,29,15
7,36,47,61,19
8,43,10,18,58
9,19,14,26,13
10,26,8,55,32
11,12,48,41,44
12,62,9,38,22
13,37,37,47,57
14,16,60,22,24
15,16,16,47,39
16,7,51,17,52
17,1,33,12,4
18,52,9,2,12
19,14,24,24,25
20,57,56,41,23
21,51,26,13,69
22,60,22,9,6
23,45,35,58,28
24,51,9,45,68
25,57,36,46,8
26,61,19,10,20
27,14,41,60,30
28,47,15,63,25
29,57,18,52,9
30,49,45,50,7
31,2,37,25,60
32,13,59,10,66
33,13,1,6,6
34,10,17,5,18
35,64,57,10,68
36,60,59,50,58
37,41,36,40,62
38,19,15,21,48
39,8,6,65,64
40,29,40,63,49
41,60,51,31,45
42,16,36,31,5
43,21,65,17,68
44,45,11,52,42
45,23,22,9,61
46,22,50,23,6
47,42,4,56,7
48,29,24,58,52
49,69,11,26,23
50,66,42,14,24
51,26,68,47,68
52,36,24,10,9
53,67,32,29,27
54,40,63,22,32
55,66,68,2,8
56,34,16,68,25
57,12,66,61,41
58,28,28,34,29
59,7,59,29,63
60,67,55,32,19
61,22,64,16,4
62,20,5,47,50
63,40,48,35,34
64,39,46,55,59
65,44,1,30,32
66,27,61,38,37
67,45,46,21,24
68,15,29,26,66
69,66,25,7,6
70,43,44,30,24
71,59,53,22,41
72,68,0,1,45
73,36,21,0,25
74,40,8,8,16
