0
Grid:
30,30
..............................
..............................
..............................
..............................
..............................
..............................
..............................
..............................
..............................
..............................
..............................
..............................
..............................
..............................
..............................
..............................
..............................
..............................
..............................
..............................
..............................
..............................
..............................
..............................
..............................
..............................
..............................
..............................
..............................
..............................
Agents:
15
0,29,18,5,27
1,11,4,5,29
2,6,7,19,2
3,20,28,13,0
4,23,11,22,25
5,18,28,28,2
6,27,16,25,17
7,10,29,7,23
8,0,3,0,25
9,1,1,29,6
10,26,12,21,25
11,26,18,27,15
12,7,0,16,23
13,15,25,3,24
14,7,2,17,23
