1
Grid:
70,70
....@.@...@.@...............@..........@...@..@.........@.............
....@@..@..................@.@...........@.........@@......@...@@.....
.........@@......@@..@.@....@............@.........@.@.@...........@..
.....................@.@.@......@.....@...............@.........@.....
.......@....@............@......@...@.....@...@....@..@.............@.
...@..........@..........@..........@.....@......@....................
....@..............@....@...@.........@.@@@...@...........@....@@.@..@
@.@.....@...@.@....................@....@@............................
..........@.@........@......@.@........................@...@....@..@..
...........................@..@...@@@.....@.....@....@.@...@.@........
@....@....@........@.@.....................@.@..................@.....
..@..............@........@@..@.................@........@.........@..
.....@.@@..........@................@.@.@.@..@................@.......
.....@.@......@..............@...@.......@......@...@.@...............
@........@@@@........................@..@@............@...............
.@.....@@..................@.......@..@....@.............@............
.@......@..@..........@.....@.............@...........................
............................@.@@.@.@@...............@......@@....@.@@@
@@.@....@.......@.......@.....@.......@...@....@....@.................
.............@............@.........@...@...@@..@@...@@.......@...@.@.
...........@...@.@.@@.@.@....@.....................@..........@...@...
......@.@...@....@......@.@...@.@...@@...@@..@......@.......@......@..
.@.....@......@..@.............@@........@..@....@@........@@@.......@
....@..@..@.........@......@..........@.....@..............@..........
....@.....@....@..@.@.@.............@.....@..........@....@.......@..@
........@......@..@.@@..@...........@..@.@.....@.........@@.@.@....@..
..@.......@.@......@...@..@..@..................@@...........@.@......
.@.@................@...........@@.............@......................
@@..@...........@...@.........@..@.......@.......@..@....@.@.@..@@....
..........@..............@.@...............@....@.........@..@....@.@.
.@.@..@...@..@.........@..@....@.........@...@...@.....@@.............
.@.......@..........@.........@..........@......@..@...@..............
...........@..@...@@.....@....@.........@..@...................@...@.@
......@.....@....@........@@@..................@......................
....@@.....@........@..........@.@@@..@..............@................
..............@.....@.......@.@.........@@...@....@.......@@@@@.......
.............................@..@....@.....@..........@@@.@........@..
....................@@..@.........@@...@.............@.......@...@...@
.......@.@....@...@......@.....@......@..........@...@...@...@.......@
.@........@.........@.@@..@.............@..@.@.@...@....@..@....@.....
@..@....@......@...@.........@...........@.@.....@.....@...@....@.....
@.@....@.....................@.@..............@.....@......@.......@..
...................@@........@@..........@..@.......@..@@....@@...@...
.........@@.@..@.....@......@..@..@.......@..@....................@...
............@..@..@...@@............................@.@@......@.@..@..
..@..............@.@........@........@@.....@.@.@......@......@.......
@.@.........@.....@................@...@@.....@..............@@..@...@
...................@.....@..@...@....@..........@....@@...............
............@..@@@..@.@@.................@.@.@...........@.....@....@.
..........@.........@@......................@........@...@.......@@...
.....@...@.......................................................@....
................@.@......@..................@...@.....@....@..........
.........@.....@......@...@.@...............@....@@....@....@..@..@...
....@........@.@.....@......@.....@...@...@..@....@.......@...........
....@..................................@.........@..@...@............@
...........@....@....@.............@.@@.......@.@..@...@....@.........
.@@....@...@.......@......@............@.@........@..............@...@
.......@..@......@...........@.........@@...@..........@...@@........@
.@...............@@...@..............@......@...@......@...@..........
........................@.......@...@@...@.@........@@.@...@.....@.@..
...@@..............@..@....@.@.@.@.........@.......@.@.@..........@...
...@...............@....@.@@.@.@@............@.@.........@............
..@...@.....@@............@..@.@.@...........@..@@@...@..@@.......@.@.
.....@..@..........@.....@.......@@......................@@.......@@..
....@...........@.........@..........@........@..@..............@.....
@......@..........@.....@.....@..@........@...@@........@@............
..........@..............@........@...............@....@....@.........
..@............@..@..............@@.@.@...@..@@.@@.@..@.@....@.....@..
...........@...@.@......@.@.....@......@@@...@@............@.....@....
.....@...@...@@..........@....@.@.........@...@@....@.........@....@.@
Agents:
70
0,39,24,22,15
1,36,36,27,55
2,41,20,4,3
3,67,35,15,25
4,15,23,16,14
5,28,63,46,8
6,56,29,60,8
7,29,59,61,65
8,61,51,31,21
9,63,62,5,18
10,35,67,16,10
11,20,9,19,33
12,8,49,54,2
13,41,44,19,7
14,40,68,32,3
15,34,59,50,54
16,51,33,63,38
17,60,9,44,56
18,28,13,30,19
19,39,48,1,48
20,44,9,11,68
21,65,27,5,40
22,62,37,21,23
23,59,57,57,64
24,46,33,61,6
25,12,48,9,65
26,42,49,32,39
27,54,0,45,57
28,14,6,27,21
29,15,48,64,3
30,22,11,0,51
31,58,31,64,2
32,25,16,54,58
33,61,38,33,40
34,25,68,11,46
35,18,14,0,38
36,17,26,27,56
37,16,40,50,46
38,60,54,25,54
39,67,6,50,42
40,17,2,54,61
41,48,60,40,25
42,64,22,25,27
43,67,60,16,39
44,26,33,44,9
45,20,34,53,68
46,2,46,11,53
47,64,30,29,50
48,66,8,36,18
49,30,28,19,30
50,31,28,26,35
51,68,21,0,23
52,59,45,19,5
53,58,38,65,9
54,14,52,34,54
55,69,40,25,38
56,50,1,38,12
57,43,3,52,1
58,58,54,35,0
59,5,37,50,63
60,60,40,29,34
61,45,29,47,44
62,58,58,38,67
63,40,20,52,40
64,61,43,35,21
65,32,22,2,31
66,2,57,32,45
67,19,38,47,39
68,58,33,30,32
69,47,24,53,48
