2
Grid:
70,70
..@@..@.......@......................@@.............@.................
...@...............@.@.....@.......@....@.....@..@............@...@..@
..............@.@.....................@.@..@........@..@.............@
@............@....@.............@.....@.@...................@.........
....@..@....@.@@....@.................@...@....@................@...@.
...............@..............@@@......@......@.......@@.............@
...@.............@...@....@..............@........@@.@......@......@..
.......@......@.@@.......@.....@.....@@...........@....@....@...@.@...
..@..........@.....@........@...@...@.........@@@.....@@@...@....@..@.
.............@@..@.........@...@.@.@.......@......@.....@.............
...................@@.....@......@................@...........@.@.....
........@..........@.@......@.@...@.............@.....@....@......@..@
.@.@..@..@.@..........@.......@........@..........@@.@@.......@..@.@..
.@@..@....@..@@....@...@....@.@....@..............@..@..@............@
.@..@.......@.@@.........@@.@...........@.........@............@..@...
...@.@...@.........................@...........@...........@......@..@
.......@....@......@..@.......@.....@.........@....@.......@....@.....
.....@.@....@.@@.............................@..@@@.........@....@....
.......@..@@...........@.@.........@..@.@@............@@......@...@.@.
.........@@....@....@.........@......@..@.....@.@.@.........@@@......@
....................@..............@..@@@.@@@................@.@.@.@..
.....@.....@...@.........@.@.....@.................@.............@..@@
.....@..@....................@@@@.....@..........@......@..@..........
.......@@.@............@..@.......@...................@...............
.....@...@........@......@..........@...........@......@....@........@
............@.......@........@@....................@......@.@.........
....@.@......@@.........@....@..............@..........@........@...@.
@..@....@.....@....................@....................@@.@..........
........@..@@.@......@...@.......@..@.................................
.......@@......@........@..........@@....@........@.....@.@..........@
................@@......@...................@..@...@.@.........@......
....@...@...@...@........@.......@........@@............@......@.@..@.
.....@...................@@..@@@.@.@...............@....@.........@.@.
@.........@.@..@.@..@@......@..............@....@....@....@..@..@.....
......@..@...............@..@...@....@.....@....@....@...............@
................@....@...@.........@@..........@.@.@..@....@..........
.....@.......@...............@.....@.............@.........@..........
...........@@.@....@........@@...............@................@.....@.
.@..@......@...@.@..@@@@@@...........@......@..@...@.......@@....@...@
............@..................@...@.....@..@.@..............@........
...........@....@....@.@.@.@@.....@@.....@......@........@@....@....@@
..............@....@.........@.@@...@.............@.@.............@...
.@...........@....@.@@......@.@..@@.................@@...@....@.....@.
.............@.@...@.....@@.@...@.............@..@.@.......@......@...
...@@@@.............@.........@..@.......@............................
....@..@..............@.......@......@......@...@.@.@.........@@@...@.
...@......@.@.........@.....@.........@.@...@....@...................@
......@..@.......@..@@.@...@........@................@@@........@.....
.@..@....@....@..@......@..........@.@......@....@....@......@..@.@.@@
....@.@..@................@......@......@....@.@@.......@...@.........
.........@...............@@...@@@.........@..@..@.....@.........@.....
..........................@...@.@........@..............@.........@...
..........@@.@.........@............@@.@.....@..........@.....@..@...@
......@@.@...............@..............@@@..............@.........@..
@.........................@..............@.@...................@......
.@..@...................@..@................@............@.@....@.....
.........@........@.......@.....@@....@@.@......@.....................
@..............@@...@..@.@@......@@.......@......@.@..............@...
@......@....@.@@.@@.@..@....@.........@.....@.@@.@..@...@...@@........
....@..............@..@.......@@....@........@.....@...@...@.....@.@..
.....@...@@..@.@..............@..............@...@..@......@....@@...@
....@.@.@...@@.......@............@.@.......................@.........
@......@..................@...........@.......@........@.....@...@.@..
@.@....@..@.......@.............................@@.@@...@..@......@@.@
@.......@@..@...@................@...@....@...@.........@...@.........
.....@.@......@.....@.................@...@.@........@...........@.@..
..........@.................@..@@...................@.@...........@..@
.@....@.......@..@......@........................................@@...
................@..@..@.@...@..................@...@..................
..........@.@..........@...............................@.......@......
Agents:
70
0,44,47,17,29
1,68,17,3,63
2,27,17,60,58
3,39,28,19,8
4,24,27,34,65
5,67,54,55,67
6,43,22,54,31
7,34,41,50,37
8,3,65,56,13
9,2,30,62,44
10,27,53,34,10
11,37,53,65,56
12,63,43,42,60
13,61,11,19,44
14,68,45,9,15
15,16,57,40,31
16,28,24,16,65
17,18,60,64,26
18,45,14,60,19
19,51,49,63,55
20,62,60,35,55
21,37,8,19,52
22,61,41,61,46
23,40,6,23,36
24,49,18,42,6
25,9,49,10,30
26,3,61,39,27
27,0,60,26,54
28,10,14,32,38
29,26,28,44,22
30,29,49,3,25
31,11,9,13,45
32,26,18,43,58
33,3,44,36,52
34,65,58,55,68
35,14,22,60,35
36,37,36,4,41
37,15,28,62,17
38,62,22,56,0
39,3,55,68,1
40,31,49,21,37
41,35,37,68,26
42,53,37,36,58
43,24,28,22,65
44,49,31,40,18
45,61,67,58,57
46,22,33,46,66
47,31,58,62,39
48,67,51,49,10
49,14,21,20,0
50,2,5,38,62
51,23,20,12,47
52,34,51,18,58
53,23,33,16,27
54,44,52,16,53
55,22,1,49,2
56,50,41,23,67
57,66,49,16,39
58,13,43,2,9
59,26,59,61,51
60,64,45,30,69
61,64,34,55,52
62,69,3,67,28
63,5,27,61,28
64,31,10,61,7
65,7,51,46,57
66,52,26,46,39
67,2,2,61,32
68,13,61,19,24
69,54,67,69,2
