0
Grid:
20,20
...@@..........@....
...@..@@..@.@@.@....
..........@....@....
...@.@@......@......
@......@@..@@.......
...@@@...@.@...@....
.........@@....@..@@
.......@...........@
@.................@.
@..@.......@...@....
..@.......@@.....@@.
......@....@.@..@...
...........@....@.@.
.....@..@...........
@.....@@....@@.....@
.....@@...@.........
.......@@....@.@@...
@@......@...........
..@@....@.@.........
.@...@......@..@@...
Agents:
10
0,7,0,17,17
1,17,9,7,0
2,12,9,3,18
3,5,8,15,15
4,0,18,19,18
5,0,13,5,18
6,17,19,13,18
7,15,17,15,17
8,6,2,14,3
9,9,2,18,18
