2
Grid:
60,60
............................................................
...........................@.............@.........@......@.
..@...@....@................................................
.............................................@..............
.............................................@..............
..@....@..................@...............@......@.....@..@.
...............................@.@..@@......................
................................@@..........................
..................@...................@........@............
.........@..............................@...............@...
..........@........@.........@......@.....@...........@.....
..................................@.........................
...............................................@............
@................................@..@@.............@........
@...........................................................
................................@.................@.........
...........@.........@......@...............................
........................@........@..........................
.........@....@......@.................@....................
...@...........................@.....@......................
........................@.............@.@............@......
....@.....................@............@....................
..................................................@.........
..............@....@.......................@................
.............................................@.............@
.............@................@...@@...................@....
......@..........@....@...........@........@................
..........@..................@....................@.....@.@@
.@............@.............................................
..@..@.......@..............................................
............@...............................................
...........................@....@........................@.@
.@..................@......@...................@............
.....@@.....@.@...................@....@....................
.............@...............................@.......@......
.@.....@...........@.....@..................................
........@.....@.................................@@..........
.....@........................@............................@
...............................................@............
....@....@...........................................@....@.
...........................@................................
.........@..................................................
.................@.................................@@.......
...........@.................@..............................
...............................................@............
..............@@....................@@................@.....
....@.............................................@.........
...................................@........................
..@@......................@.............@...................
...................................@....@.....@.............
....................@...................@...................
....@..............@.......................................@
....@.....................@...........@...@...@.............
............................@........@.@..........@..@......
..@...............@@......@......@...@.@....................
..................@....@....................................
...................................@@..................@...@
.@................@..................................@......
............................................................
......................@.......@.............................
Agents:
35
0,40,18,47,55
1,44,35,59,5
2,39,32,29,36
3,9,20,33,44
4,59,57,37,26
5,9,28,9,51
6,34,22,49,41
7,51,38,43,31
8,36,41,7,30
9,36,54,11,24
10,31,21,49,54
11,32,19,53,55
12,24,21,45,18
13,55,22,1,3
14,37,28,57,13
15,26,16,4,19
16,25,3,31,22
17,52,8,29,47
18,59,37,20,43
19,58,30,39,19
20,2,34,31,12
21,18,28,33,23
22,8,6,2,38
23,32,43,17,27
24,50,51,20,10
25,25,4,20,14
26,37,37,36,32
27,56,19,4,34
28,46,24,56,11
29,11,18,50,37
30,37,46,7,13
31,42,31,58,49
32,31,52,10,3
33,2,30,35,30
34,29,43,49,48
