2
Grid:
60,60
.......@.........@..........................................
..............@........@....................................
..............................@.............................
..@.................@.......................................
.@.........................@..............................@.
............................................................
........@....@..............................................
...@............................................@...@....@..
...........@....@.........@......@..........................
.......@.............................@......................
...............@.............@....................@.........
................@....@..................@....@............@.
...............................@.......@....................
........@..................................@@.@.............
..................................@.........................
.........@.@............@......@....@...............@.......
.................@.................@........................
.........................@...........................@......
..............@@............................................
............................@........@....@............@....
......@..............@.................@..@..@..............
............................................................
............................................@..@............
........@.............@.........@...........................
...@.....................@..................................
...@....................@.......................@...........
.........@.....@......@.................@...................
..........................................@................@
.....@....................@@...........@........@....@......
.............................@.....@......................@.
.......@................................@...................
.......@.@...........................@.....@................
@.@..@.........@.....................................@......
.............@...@........@........................@.@.@....
..................................@.............@...........
................@...........................................
..........@......@....@.........@.....................@.....
..@.......@.........................@............@..........
.@........@@.@..........@...................................
.@.....@.............@.................@........@...........
..........................@.................................
........@...................................................
................@......................@....................
..............................@..........@.......@.@........
....@...............................@.......@.@.......@.....
.....@.......................@..............@............@..
..........................@.@.@...................@.........
..........@@.......@..................@...........@.........
........................@...................................
.........@...............................................@..
.......................@............@....@.@...............@
........@..@.......................@.........@..............
.............@...............@.......@......................
........................@.....@.............................
.......................@...............@....................
..................@@..@.......................@.............
...............................@............................
.........@.........................................@........
.........@....................................@.............
.................@...........@............@@................
Agents:
75
0,6,2,32,47
1,33,0,21,33
2,54,37,2,35
3,41,56,54,49
4,45,26,14,16
5,26,45,35,22
6,17,21,42,18
7,23,19,9,9
8,20,18,38,59
9,17,15,15,25
10,51,58,28,13
11,8,48,17,51
12,3,9,18,47
13,15,37,1,45
14,52,42,53,35
15,18,9,55,4
16,37,11,52,32
17,10,44,24,32
18,10,24,59,49
19,48,10,31,16
20,3,8,42,55
21,50,58,48,17
22,28,9,27,13
23,56,21,50,53
24,18,17,22,50
25,49,48,44,30
26,45,23,52,26
27,9,34,3,13
28,52,5,32,58
29,34,32,3,51
30,41,7,29,20
31,33,43,58,25
32,27,8,44,9
33,44,59,3,43
34,48,39,22,55
35,8,55,37,4
36,30,6,20,9
37,12,43,55,52
38,8,9,5,28
39,20,53,21,32
40,12,53,31,14
41,19,35,55,21
42,23,14,33,1
43,1,35,15,20
44,51,4,12,32
45,50,15,46,22
46,29,55,23,5
47,34,6,48,3
48,31,19,56,33
49,25,56,50,20
50,33,39,32,45
51,8,54,42,33
52,18,38,21,57
53,11,26,50,40
54,26,43,5,43
55,45,40,40,7
56,20,47,25,29
57,48,58,50,1
58,50,57,27,38
59,44,29,22,27
60,57,13,37,1
61,47,4,12,28
62,5,14,11,34
63,37,16,55,49
64,8,1,47,42
65,37,0,5,44
66,28,16,30,47
67,20,40,32,36
68,11,44,50,25
69,3,35,6,31
70,8,8,4,53
71,18,10,39,13
72,55,41,49,18
73,7,36,43,44
74,15,34,32,21
