0
Grid:
20,20
....................
............@.......
....................
.....@........@.....
...@..@.............
.............@......
....................
....................
...@................
....@...@...........
.......@...........@
................@...
................@...
....................
....................
...................@
..............@.....
..........@.........
...........@.@.@...@
....................
Agents:
11
0,5,15,17,0
1,12,13,7,9
2,19,18,9,19
3,1,15,13,4
4,6,12,17,18
5,19,19,15,9
6,1,6,10,16
7,7,1,3,13
8,11,19,19,0
9,16,7,10,11
10,1,14,16,9
