1
Grid:
70,70
.................@@.......@@@..@..@...........@.@.@@@.........@@.@@...
@@..@...@.@..@.........@......@......@..@.@..........@..@.......@@....
....@.............@.........@....@....@....@@.@.@...........@.....@...
.@@.......@...@.....@@@....@@@.@..@....@..@...@...@.@@@@....@@....@.@.
.@.@...@@.......@......@.@.@.@..........@.....@.@@@@........@@@.....@@
@..@...@@....@@....@...@.@..@.@.@.@.@..@............@@....@.@...@@...@
@.........@@....@.....@...............@.@@..@@.@.@..@....@..........@.
.@..@.@...@.@..@.@@@@......@..@@.....@..@.........@..@...@.....@@@....
.....@....@..@@.@.....@...........@.@@.............@..@@@.@@@..@.@.@@.
............@.....@..@@...@...@....@...@@@....@...@@@.@@@.@.@..@......
..@..@@......@.@.......@....@.@.@.@.@..@....@@...@...@@@.............@
@..@@.....@.@@...@........@.@.@@.@........@.@...@..@@..............@..
..@.......@......@............@.@.@.....@@@..@..................@@@...
...@.@.....@...@.......@......@..@...@@...@@@...@....@@..@..@.@@......
.@.......@..@@.......@......@.@.@.........@.........@..@@.....@@.@....
.@......@.@@..........@..@@@..@@@...........@..........@...........@.@
@.@.@@.@..@....@.....@@..@@@..@........@..@.@...@..@@..@.......@......
..........@@@.@......@@@.....@@@.@.....@@.......@@..@@@....@..@.......
..@.....@.@..@.@.@......@@@@..@.....@.@.....@@..@@...@@.....@...@...@.
.................@..@......@..@.@.....@.@..@......@....@@.@.@@..@.@..@
..@@...@....@@@...@....@.@.@.@.@....@@.......@.......@..@......@@.@@..
...@....@...@..@@.....@..@....@@.....@@@..@..........@....@..@.@......
...@...@@.......@.@...@..@@.....@.@..@.@.....@.@...@..@.@@..@@...@@@..
.@@....@.@@@@.@......@..@...@@.....@@@...@.@.....@..@.@.@.@..@........
........@..@@......@..@...@....@@@....@.@.@..@.@.......@..@......@@@..
.@.@..@..@@.@.@@....@....@..@.@....@.....@...@@......@@@.............@
@............@@..@......@..............@...............@.....@@.@.@.@.
.@.......@.@....@.......@........@@.............@@.........@...@@...@.
@...@..@..@.........@.......@@..............@@@.............@........@
..@.@.......@..@@...@.@.@....................@@@..@.....@...@.....@...
.@@@...@...@..@.....@..@....@..@..@....@...@....@@..@.@......@..@..@@.
..@........@@.....@....@...........@.@@...@@...@....@.@@@......@.@....
..@@@.......@..@@@@@@@.@@...@.@..........@@............@..@...@.......
....@..@...@.@.@....@..@@@..@.......@.@@..@...@@@............@...@....
..@.@..@@.....@..............@.........@...@..@.@@..@....@@.@.@.@...@@
...@@.....@.....@.@....@....@..@....@@.@@@.....@..@.@.@....@........@.
@.@...@....@.@@..........@..@...@.......@........@..@...@....@....@..@
...@.@.@.@.@..........@@....@@@.@....@@..@.....@@.............@...@...
@@..@@@.........@...@....@.@....@@@.......@..@@..@@.....@.@.....@@@...
....@.@@...@...@.@.@@...@.....@@..@...@.@@..@...@@@..........@..@..@..
....@.@...@.@.@......@....@@..........@.........@.@..@................
@...@.................@.......@.@...@@..@.....@.@.@.@@.......@....@.@@
..@..@@......@.@@@@.....@...@..@......@....@........@......@..........
...@@@...@.......@.@.@....@....@@..........@..@........@.....@...@...@
............@...@.....@@........@......@...@......@......@@.........@.
.....@..@....@..@@.@........@.........@......@....@@...@@...@@.@.@....
...........@...@....@.@.........@.......@....@...@.......@.....@@..@@.
.@......@@....@.......@...@@........@@...@..@...........@......@...@..
..@.....@@@@@..@...........@.@...@..@@@..@..@......@@@.....@..@@....@.
...@..@...@.@@........@...@....@.@@.@.....@........@@........@.@......
......@.@.......@.@....@@....@....@..@........@@....@...@....@..@..@@@
@.@.@@@@.@..@.......@........@..@..@...@..@.@@@@......@..@..@.@@...@..
@.....@.@....@.......@.....@...@....@@..@......@.....@..@...@........@
..@.........@.@@........@.@....@.@.@.@@..@...@@....@......@.......@...
....@@....@..@@.@@.@...@....@..@@...@...@...........@......@@..@.@....
.@@.@.......@.@........@....@....@....@@..@..............@...@.@.@.@..
......@....@....@.@...@..@@..@....@.@.....@@@....@...@@@@......@@.@...
@@@@...@.......@.....@..@@.........@..@@@..@..@@@@.....@.@..@..@..@@..
..@...@@@.@..@.@@............@@.....................@.@.....@..@@.....
...@.@.@..@..@..@@...@............@.....@..@.@@@...........@........@.
...........@....@....@...@.@..........@...@..@.....@@............@@...
@...@@@@.@....@....@......@.@.@........@....@...@..........@@.@.....@.
.@@...@@.@......@@....@..@......@.@.....@..@.........@..@.....@@...@..
..........@@...@....@.....@..@.@@.....@..@..........@...........@@....
.@.....@.....@.......@.......@@..@.....@.@@.......@@........@@@@...@..
..@...........@....@...@........@........@.@@..@.....@@..@@.@..@.@..@@
@.......................@.@@.........@.....@.......@..@..@............
..@..@....@@@.............@@.@...@..@@.@......@..@....@....@...@.@@..@
.@.....@.....@..@.....@...@.....@.....@@@@....@@...@......@..@.......@
...@@.@.@@.......@.......@...@.@...@..............@........@...@@.....
Agents:
55
0,64,46,21,47
1,63,69,56,46
2,14,37,27,17
3,2,64,64,8
4,29,68,24,53
5,10,18,32,48
6,39,25,40,44
7,69,37,47,50
8,48,45,40,42
9,37,16,22,28
10,10,22,32,32
11,63,33,59,64
12,2,47,68,3
13,2,37,7,14
14,40,15,57,50
15,28,43,54,46
16,57,53,46,2
17,57,4,6,23
18,8,57,34,17
19,47,52,46,18
20,49,5,51,56
21,39,16,36,46
22,69,48,46,21
23,49,66,54,11
24,49,35,26,56
25,7,47,50,19
26,6,51,27,46
27,34,20,41,15
28,33,35,32,60
29,24,13,12,12
30,40,37,29,5
31,30,44,1,43
32,38,15,60,35
33,49,43,37,34
34,39,28,64,58
35,43,57,42,64
36,64,55,6,48
37,47,23,48,57
38,35,62,58,35
39,47,6,38,68
40,40,58,33,8
41,27,35,16,32
42,35,1,0,57
43,10,33,42,63
44,16,6,29,31
45,69,27,61,66
46,8,7,19,31
47,67,19,56,30
48,56,48,18,61
49,42,9,46,12
50,47,50,66,17
51,47,48,52,10
52,1,20,12,47
53,15,21,31,48
54,3,47,14,37
