0
Grid:
70,70
..........@..@.@.@..@.@.@.......@........@.@.............@@......@....
.@.......@.........@.........@@...@.....@.....@...........@.@....@....
....@...........@...@......@...@.@...@.@.......@....@.............@...
.............@..@.............@@.@.......@....@@.......@@.......@...@.
.............@.................@.@......@....@.....@@........@........
...........@@.......@.@.@..........................@.......@.@........
@.@@@.....@@@.....@...@....................@.....................@.@..
............@................@.................@..@.@.@.@....@........
.............@@..@.......@..@@...@..........@......@....@....@...@.@..
................................@@....@.....................@.@.@..@..
.....@@...........@............@.........@@@...@..........@...@...@.@.
................@................@@............@..@........@.....@@...
@@.............@.....@..@.............@..@.........@..................
.....@........@...........@......@....@...@...@.@..@.@........@.......
....@..........@@.@......@..............@................@..@......@.@
........@@@@....@..............@.......@@.@.@...............@.........
.......@...@.....@..@....@.......@......@......@@......@..........@...
..@...@.....@......@......@....@......@.@..@..@...@...................
...@..@.@..@..@@....@...@..............@@..........@..................
..@.@...@@........@@@@......@.@...@.....@....@........@@.......@.@....
........@...@.............@.......@....@@.........@....@.....@.......@
.........@....@.....................@...@..@....@................@.@..
@.....@.@..........@...........................@@.@@....@.............
...@.........@@..@...@.......@...@............@....@.......@..@....@.@
..............@...@...@.@......@.....@..................@.............
.......@.................................@@...@@.@................@.@@
@.......@...@.@.@@.........@@.@....@@...@...........@.................
....@....@.@.@.......@@...............@.....@.......@...........@...@.
...@...@....@@......@......@........@.....@.@......@...@..............
...@............@...........@.@...@....@..@.......@..@.....@..@.....@.
@................@..@...@.@@..@.@@.................@.....@.......@....
.@...@..@..@............@..............@..@....@.........@...@........
.@..@.@....................@...@...@.....@...@.........@.@............
....@...@...@@......@@...@@.........@........@...@@.@...........@....@
.....@@..@.....@..@....@.......@@....@.@....@...@........@.....@...@.@
.....@....@.@............@.@....................@@@.@@................
........@.....@............@.@.@........@........@...................@
...........@...@......@.............@...........@.....@@........@.@@..
..@@.......@...@........@@..@.......@.@.......@..@..........@.@.@.....
@.......@.@..........@...@@.@.....@.........@....@.@...........@..@...
...................@...@@..................@..@....@..@......@@.......
................@..........@@..@.....@.@@........................@....
..........@......@..@............@.@.@.......................@........
@................@@................................@@.@....@.@..@.....
...@.......@......@..............@..............@.....@.@@..........@.
@@.@.@..................@........................@@...................
...........@@..@...............................@...@..@@@..@........@.
.@..........@@.................@.........@.......@.......@......@@@@..
..@....@...@...@..........@@...@....@........@...@.....@.......@.@....
.@@........@.............@.@...@...@..@@..@......@....@.........@....@
.....@@..................@.@...............@......@.......@......@....
....@.@.....@.@..........@.@...@@...........@@...@..............@..@@.
....@@.@@....@.@.....@.......@..@...@...........@@......@......@......
.............@......@..........@........@.@......@....@............@..
....@...@........@.............@...@.........@................@@...@@.
..@.................@......@@....@@..........@........@..@..@.........
................................@.@.................@...@.@...@.......
.............@...................@.................@.@......@...@@....
....@.........@.......@@@..@.......................@...@..@@.@.......@
@........@...@.@.............@.@.@..........@.@..................@....
..@............................@................@.@.@@....@..@.@..@...
...@..@.@.......@...@...@@...........@.@...@............@......@......
................@..@.....@.............@...@..@....@........@...@.....
.@.@@.......@.......@.@...@..........@..@.................@........@..
...@....@...@.....@....@...@...............@..@.....@.@..............@
...@@@..@.....@.......@.........@.....@...............@............@..
........@......@.@......@.....@.....@......@@........@..............@.
..@.........@.@.......@@....@.@..@.@.......@..@.........@....@....@...
..............@.........@.......@.....@.......@...@...................
............@....@...........@....@.@....@.@.@....@..@......@......@..
Agents:
80
0,59,17,2,25
1,38,56,35,63
2,59,7,53,5
3,69,35,40,67
4,22,30,42,2
5,64,59,1,6
6,6,69,5,31
7,30,36,65,52
8,56,57,50,1
9,3,22,12,36
10,9,55,45,68
11,32,50,32,52
12,67,57,27,16
13,24,69,45,45
14,56,5,56,51
15,9,51,49,20
16,6,58,20,47
17,40,21,69,49
18,11,41,65,1
19,14,12,55,47
20,56,66,59,21
21,25,18,32,19
22,8,52,2,13
23,23,9,21,51
24,9,11,66,21
25,64,58,23,48
26,34,34,68,59
27,14,13,47,45
28,51,15,3,9
29,52,57,54,37
30,42,14,2,60
31,22,38,52,60
32,49,6,50,19
33,2,19,9,11
34,66,26,57,39
35,28,11,15,63
36,33,65,69,4
37,50,26,26,45
38,27,23,14,48
39,19,13,26,3
40,21,7,44,41
41,37,51,5,55
42,53,21,22,34
43,60,7,18,32
44,38,63,59,59
45,9,28,46,20
46,32,26,24,5
47,20,3,33,55
48,49,56,16,41
49,35,26,41,34
50,54,23,14,29
51,62,14,59,49
52,57,36,8,59
53,38,21,1,17
54,35,45,47,59
55,17,65,21,12
56,21,25,55,23
57,26,56,65,65
58,34,1,57,2
59,13,47,22,31
60,33,63,60,46
61,8,57,56,3
62,57,48,11,20
63,32,51,26,51
64,16,27,40,17
65,48,37,55,65
66,24,9,49,60
67,0,47,28,48
68,38,42,29,51
69,60,11,12,27
70,60,29,68,43
71,16,24,33,35
72,51,24,38,40
73,29,48,57,63
74,61,29,57,11
75,6,6,10,52
76,59,59,20,31
77,20,4,69,18
78,4,57,60,24
79,4,8,24,6
