1
Grid:
70,70
@@..@@.......@@@@@....@@....@.....@........@..@............@....@.....
..@.....@.@...@..@..........@..............@....@.........@...@.......
...@.....@....@..@......@.......@...@..@@@..............@@......@...@.
...@..........@.@.@...@@@........................@.@.......@....@@....
....@....@......@.@...@..@....@.......@.@...@@....@@...@....@.........
..@...@....@........@..@..@@...@.@.@.......@.....@@......@............
....@@..@.@.@.........@..@..@.@.........@....@.........@..@@@.@....@..
.....@...@............@.....@........@...@.@..........@.@..........@.@
...........@@......@.........@@....@...@..@..........@......@...@@.@.@
..@.....................@....@..@...@@...........@..@..........@......
.@.........@.@.@......@@...@..@@@....@..@@@..@@...........@.....@.....
...@....@@@@.........@....@............@......@..@@..@........@...@..@
.................@.................@@............@...@...@..@..@@...@.
@@..@......@..@@@@....@...@.@@.........@......@.....@.@@......@.@.....
.......@@@...........@.............@.@..@@.@.......@..@.....@@........
.@..@@..@...........@@....@....@.@................@.@@.........@..@...
..@@......@@@@....@..@..@.....@.@.@@.....@@........@.@@...@.........@@
..............@@...@@..@...@...........@@..@.....@......@........@..@.
.@@.@..@@...@.....@...........@..@..@@...................@@...........
..@.@@...........@........@@..@@..........@........@......@..@........
....@...@@@....@@..............@.@...@...........................@....
.....@....@.....................@@.@@..................@.......@..@.@.
@@..............@@......@..@.@.............................@....@@@.@.
..@....@@....@..@..................@@@..............@....@.@...@.@....
...@@....@.@.@...@...........@..@............@@.....@........@@..@....
@..@..@@.@.....@.@@...@..@.....@@.....@.....@....@...@....@@.@.......@
...@......@.....@..@@..@...@....@..@...@.......@........@.............
.@..@....@..@....@........@.......@....@@..@........@.@.............@.
..........@.@.............@..@..@.@@..@...@@.@@..@..@.................
...@@...@....@.@@........@......@..@..@..@..........@@..@.........@...
..@.....@................@.@@@....@.@@@..........@....@.....@.........
.......@..@...@.........@........@....@...@......@...@.@@.@.@.@....@..
..@@.......@.....@@.....@.........@..........@....@...@...@.@...@@....
@...@..@...@......@..@.@..@...@..........@.....@........@....@..@....@
..............@....@.@...............................@@@.....@......@.
.......@..@.@......@....@.....@.....@@...........@.@....@...@@.@.@.@..
....@..@....@...@@.......@..........@@.@.....@.@.....@....@@.@@.......
..@....@@@.@...@@.........@@..@....@..........@....@.......@..........
..@....@.@@...@...@.@......@.........@...........@@...@@.....@.....@.@
...........@..@................@.........@....................@....@..
..@......@.....@..@@........@.@.@@....@.............@@@@@@.........@.@
.......@...@..........@@..........@.......@.............@......@......
....@.@..@@................@.@@...@..........@...@.....@@..@.@.@.@@...
.@..@......@......@..........@@........@.@..........@....@......@.....
..@....@...@.@.......@..........@@....@@...@..@....@.....@@....@@...@.
.@...@..@..@..........@.@@.....@@.......@.....@.@.....@.....@.........
..@.......@@...........@.....@..@.@.@.....@.....@@....@..........@@.@@
@.....................@@....@@@.@@.@........@@..@.....@............@..
..@.........@.@@..@.@.@..@........@....@.@..@@........@...@....@......
.@@..@..@@.@.....@.@@@@@.............@.........@.......@@...@.......@.
.............@.....@.@@..@..........@....@.@@.........@......@@@@...@.
......................@.@..............@..@@@.@...........@..@.....@.@
@.....@.@...@.........@.......@.@.@...@......@@@@.@@..@..@....@....@.@
........@.........@.....@.....@.@..@..@...@..........@...@............
.@....@..............@@@............@............@......@.@..@..@@....
....@...@...@..@.@...@....@@..@........@....@.......@@................
...@.@.............@.@@.....@.....@@...........@...@.@.....@.....@...@
@....................@.@.@...@...@...@.@.....@..........@..@.@....@...
...@..@.........@......@......@..........@..@@@...@@...........@@.@.@.
....@...........@.@......@......@.@@...@.....@.@.@..@...@@.@...@......
...@@..@..@.......@.....@.@..............@......@......@..@.........@.
@.@...@.@...@.........@.@...@....@@.....@.......@...@....@..........@.
............@.@@..@@....@...@.........@@.@..@........@.@...@..@....@..
....@.@.@................@.@@..@@.@......@.@@.....@.@..@@...@........@
@.....@...........@............@.......@.@.......@.@....@..@..@@...@..
.@........@....@....@..........@.@......@@......@............@...@..@@
.@@........@.@..@........@.....@.@.@........@.@...............@......@
........@...@.....@@.@....@.....@@.@....@.@...@...@.@.@.....@.........
....@........@....@@.@..@..@.@@@.@...........@.................@......
...@......@@@..@.........@....@@....@@.@..@.@....@....@..............@
Agents:
35
0,59,13,33,44
1,30,30,44,61
2,61,19,22,49
3,1,0,68,1
4,40,27,3,58
5,51,13,54,15
6,33,62,65,42
7,7,11,62,3
8,69,51,2,19
9,65,9,31,12
10,41,20,5,15
11,63,12,18,47
12,14,63,69,59
13,21,34,45,55
14,45,17,37,19
15,26,21,48,46
16,24,39,12,13
17,36,9,0,3
18,34,45,14,48
19,2,13,37,56
20,46,17,40,6
21,47,1,23,15
22,36,64,50,29
23,31,44,12,41
24,37,40,41,39
25,36,48,36,55
26,4,8,17,3
27,49,6,36,38
28,51,33,68,52
29,41,3,9,51
30,14,56,11,56
31,45,10,23,51
32,33,27,41,16
33,43,46,63,54
34,3,1,16,6
