2
Grid:
30,30
@@.@...@......@@.@...@@.@.@...
......@........@@.......@..@@.
.@.@@@@.@.@.....@..@.@@@...@@.
..@@.@.......@......@......@..
...@@@.@@..........@.@....@..@
@@.@@....@......@.....@@......
...@.@......@@..@..@.@..@....@
.......@..@@...@........@@@.@.
@.......@..@.@...@.@.@...@....
....@...@.....@....@..@@@@..@.
@......@@@..@...@....@.@@.@..@
@@@..@@@...@......@..@.@...@..
@....@..........@.....@..@.@..
....@@...@..@...@.@.....@..@..
@@....@@@.....@@......@@@.@@@.
@@@@@.@@@...........@.........
@@@.@..@...@.@...........@.@..
.............@@@..@.@@..@.....
@...@...@@@.@...@.@@...@.@..@.
..@.@@@.@@@......@..@.........
......@..@@....@....@.@@.@....
@......@..........@@.@..@@.@..
.......@..@@@....@@......@@@@@
...@.@....@..@@.@....@........
.@.......@....@.@.@.......@.@.
@@....@@.@...@...@..@.....@@@@
..........@....@@...@..@@.....
@..@@@.@@.@@...@@.....@@...@..
.@@........@.@.@...@@...@...@.
..@@@...@.........@.........@.
Agents:
18
0,6,26,3,17
1,13,29,25,18
2,14,18,10,28
3,26,11,16,23
4,0,25,21,23
5,26,0,24,12
6,10,15,23,18
7,28,23,12,17
8,2,2,24,6
9,6,15,17,8
10,13,22,4,18
11,4,12,9,1
12,0,29,15,5
13,28,17,21,12
14,10,4,4,28
15,21,15,27,26
16,11,12,19,3
17,4,22,10,18
