0
Grid:
70,70
....@.............@..@...........@..@@..@.@.@..@.......@..@.....@@....
.......@....@@...........@......................@.........@.@.....@..@
.......@..@.@...@.@@......@........................@.@................
...@..@@.@....@.............@...@@.@@.@.@..@........@...@@....@...@@.@
@......@.@....@@.@@..@....@...@..........@..............@.............
@@...@.....@.@......@...@@....@..@...@@@@@..@....@.............@......
....@....@..@..@........@.@.@.@....@....@.@....@.....@@...@......@@..@
.@@.........@.......@..@..@.@.....@....@...@...............@.@@......@
....@..@@@........@......@@......................@....@...@@.@..@.@...
...@.@......@........@.@.....@.@@......................@.@@........@@.
............@...@.......@..@................@.......@..@.....@..@@@...
@...@...@..........@...@..@..@.@....@.....@@........@..@@.......@.....
....@....@.........@..@.................@.....@...................@...
................@.....@...@.....@@.....@@.........@.@..@.@@...@.@.@...
..@......@.@............@..@.....@.........@...............@..@.@.....
....@.............@..@@....@....@@....@..@..@.......@.....@......@.@..
.....@.@@......@.......@....@.@@@..@.......@.@......@@...@......@.@@..
.@...@......@.......@@.....@.........@.@..@..@........@..@....@@..@...
............@...@................@.........@..@......@............@@@@
.@.@.@.@.@....@.@........@........@..@....@..@..@..............@.....@
.....@....@.@...@@..@.............@@..@.................@..@...@.@@...
....@.......@..@.....@@....@@...@.........@........@.........@.....@..
..............@.............@.......@.....@.@........@.......@@@@...@@
......@...@......@.......@.....@............@.@@......@.......@.@....@
.....@@.........................@.@...@......@......@..@.@...@......@.
.....@.@....@.@........@........@@..@.@.@.@@.........@..@...@@....@...
.......@@........@@..............@..@...@@@........@.@..@....@......@.
@......@.......@.@...@@...@..@@@...@........@...@..@......@...@@...@..
......@.@.@@......@...@@..@.@@...@.....@@.@@............@........@@...
......@..@........@@....@.@@...............@...@...@..@.@.@.@.@....@.@
.@.@.@@.@.......@..@..@@......@..@........@..@..@....@.....@.@.....@.@
..@..@.@....@..@@....@...@@...@...........@@......@..@...@............
.@.@..@......@...@..@.......@..........@......................@.......
.......@....@........@..@.@...............@..@......@.........@..@....
...@@...@....@..@.@@...@........@...........@.@..........@..@......@.@
@.............@......@.@............................@@..@@@.......@.@.
.@....@@.........@..@.........@...@........................@..@....@..
..@.@..@@......@..@@......@..........@@@........@@.@............@.@...
......@.@..@....@......@....@..@.......@..@@.......@...@.............@
...@.@@@..........@.........@..@............@.@.@..@.....@...@..@...@.
@.@@......@..........@@...........@..@...@....@........@.....@.......@
.....@........@@.....@..@..@@.@..@....@.......@..@.@..@.....@.@.......
....@.......@...@@....@...@..@.....@.@@@.....@.............@@..@@..@..
........@...................@........@.......@..@..@.....@..@.@@......
..........@.@..................@@......@.@....@..@.@..@......@..@@..@.
..@@..@............@.....@.................@......@@......@.....@.....
.@.@..............@....@.........@..@.@.......@@.........@...@........
............@........@....@.@.@.............@..@............@.......@@
....@..@...@.....@.@...@............@.@...@@.@.@@.......@......@......
...@@@.@@@...@...@.@.@@..@............@....@@@....@@.@@@.....@...@.@.@
..@@.......@@@..@@@......@.............@.....@.@@...@.@.@@.@..@..@....
@...@@.@.......@............@......@..@.....@.@.........@.........@...
......@....@.......@@@.@....................@.......@...@.@.@...@@..@.
.....@..........@............@.@.......@.@@.................@..@.@...@
@.@...@.......@..@...@@.........@......@@...@.@@@......@....@.........
.............@@...@..@......@................@................@..@....
...@..@......@..@..@..............@..........@.@..@@..@.....@@.@@@...@
@.@@..@...@..@.@..@........@@@@....@...@.@@..................@@....@..
....@@....@@.@....@...........@.@...@@...@...@..@.@......@.....@......
.........@.@.....@.....@.........@...@..@@@..@........@.@...@...@.....
..@@......@.@.....@@@@.@.@...@.@.@..@..@....@.@...@.@....@....@...@.@.
......@.....@..@@@....@.@...@..@...........@.@.........@...@.@@.......
.@@@..@@........@........@.......@....@...@..........@......@.........
....@@..@....@..@.......@..@@...@.......@....@......@...@@...@.@......
..@.@.....@.@.....@.............@@..@.@........@.....@.....@....@@@..@
....@........@.@.@..@@..@............@@..@..@......@..@.....@...@..@.@
@@.@.@.@@....@.....@........@@...@...................@..............@.
..@.....@..@.................@...@............@.......@........@.@.@..
@........@........@@..@......@.........@...@..........@....@..........
@.@...@................@.@@...........@......@.........@....@.......@.
Agents:
45
0,2,50,48,41
1,38,58,19,10
2,48,14,27,66
3,0,5,42,46
4,44,4,54,36
5,7,65,37,25
6,42,1,41,25
7,8,20,31,23
8,12,52,42,0
9,25,4,24,27
10,19,12,24,43
11,8,2,15,40
12,34,27,62,10
13,47,32,65,25
14,18,58,65,2
15,67,10,18,41
16,42,43,22,43
17,43,44,65,57
18,36,41,26,25
19,36,50,46,7
20,16,50,13,18
21,36,51,51,29
22,38,56,24,1
23,32,45,15,6
24,2,35,47,41
25,5,68,25,41
26,41,42,39,47
27,66,12,11,6
28,16,49,57,54
29,47,53,1,56
30,28,34,4,10
31,6,23,63,18
32,31,44,21,0
33,46,37,59,57
34,36,54,45,40
35,11,67,44,36
36,65,5,44,33
37,59,32,59,59
38,25,22,36,65
39,8,6,39,21
40,37,16,41,48
41,17,23,67,35
42,8,30,34,49
43,27,57,15,14
44,47,42,8,56
