2
Grid:
70,70
@.......@....@......@......@......@@......@.......@.......@....@......
...@.....@...@.@.@@@..@.@..@...@.@@.....@.@..@@......@...@@..@.....@..
@...@@...@...@....@.....@@.@@....@.@@..@@@.@.....@.@...@@.....@...@@@.
.@@.@@.........@...............@..@......@@@...@..@..@@.@@.@...@....@.
.@.@...@......@@@@.....@......@...@...@.@...@..@.@........@@@......@.@
.@...@.........@..@....@@..@.@.....................................@..
..@.@..@@.......@....@@.@.@.@..@@.....@.....@....@.......@...@@.....@@
@..@......@.@........@....@.....@.........@..@..@@......@@..@..@...@.@
.@..@@...@.......@...........@...........@.@.....@@.@....@@......@....
.....@.@@...@..@....@...@..@...@@.....@........@...@..@.@...@....@....
..........@.....@..@@...@.......@.........@.@..........@@@.@..@.@...@.
...@@....@@..@......@..@@.@...@.@..@...@......@..@............@@.@..@.
.@..@.@.@......@.@.....@.......@.....@.@.@.....@.@.....@........@.@.@.
@@......@.....@...@....@@......@...@@..@.@@.@.@...................@...
.....@@.....@@....@.@..........@.....@..@...@.....@.................@@
.....@.@..@@@.@@..@..@......@.@@.......@.....@...........@@@.@.......@
.@@@@..@.....@.....@......@.@@@@....................@@@.....@......@..
.......@..........@..@...@......@.......@.............@@...@..........
......@@@.@...@..@@...........@@@.........@....@..@...@........@@.@...
@.@...@......@.........@.@@..@........@@.....@....@..@.@...@.@.@..@...
.......@.@........@@@...@..@...@...........@...@...@....@....@....@...
...@@@.@@.@...@.@..@..@.....@@.....@.......@......@.......@.@.......@@
..@.@....@.@..@.@..........@...@.@.......@..@.@.......@..............@
...@@.@.@..@.....@...@.......@.....@..@...@..@.@......@....@..@@..@...
........@@.@.@..@@@.........@@.@......@......@........@...@...........
@...@@.........@@.@..@....@.@@.........@...@@....@....................
@..@....@@@..@...@.@.@.....@@...@..@....@@.@......@.@.....@@..@@.....@
.@@..@@......@@....@@..@@@..@...@@..@..........@.......@..@.@.@....@..
.@@.....@@...@.........@....@.............@..@....@.....@.@.@.@..@.@.@
@..@...@.....@.@...@@..@.........@..@@@.@.......@...@@.@.@.........@..
@...@..@.@@..@....@............@.....@...@...@@..@.@@.@@........@.....
...@@...@..@@....@..@..@@.@@....@.@@..@@@...@.@...@@.@....@...@...@...
......@..@...@..@.@......@.@....@.@...@...@...@.............@@..@@@...
.@....@.....@......@......@@@...@..@...................@@....@.@.@.@.@
@.@..@......@..@.@...@@....@........@@..@...@..@..@.......@@@.....@.@.
.........@@.....@.@@.....@..........@....@..@...@.....@.....@.......@.
...@...@@.........@@@.@...@....@..........@...@@..@@.......@..@.@@.@..
..@...@...........@@@..@@...@@@@...@......@.....@....@.@...........@..
.@.......@...@@..@....@.@...@...@......@......@@@.@@....@@..@.........
.@@.@..@.@..@@...@..@.@@.@.@..@@@.......@...@@@....@..............@@..
@.@....@.......@...@..@.@@@.....@....@...@@......@..@....@....@@..@..@
...@@.....@..@............@.@@@@.@..@.....@.........@@@..@.@@@....@.@@
..@@..@..@.@.@..@.@.@..............@...@.......@............@........@
.@@....@....@..@.@....@...@....@@.@...@.........@@..@@.@@@@.......@...
..@.........@..@@.@.@..@.@..........@..@.@@.@@...@.@..@....@.....@....
....@.@@.....@...@@.......@.@.....@....@..@......@.@........@@........
.....@..@........@.....@.@...............@...............@.......@.@..
@..........@@.@.....@.@.@.......@@@@...@............@....@..@...@.....
......@@@.......@.@....@.....@.@..@...................@@.....@@.@.....
.@...@@......@@@....@...@.@@...........@..@..@.......@........@.@..@..
.@.....@..@........@..@..@.......@.@..@......@.@..@@@...@@.@...@@@..@.
.......@...@@........@.......@.@.......@@...@@@.@.@@.@.............@@.
@@@..@@......@...@.@.@...@....@..@@.@@@@...@......@...@@....@@.....@..
..@....@.........@......@.......@..@.@@.....@...@...@..@......@.......
@.@@....@@.@......@@@...@..@@@....@...@..@......@..@..@.@.@.......@@.@
.......@.......@...@..........@.@....@@......@.@@.@............@......
.@@@............@..@..@.@...@.@.@.......@....@.....@.@@......@......@.
.@...@....@.......@...@...........@.@@@...@.......@......@@.@.@.....@.
....@@..@@..@.....@.@......@....@......@..@......@.....@.........@....
.....@@..@..........@..@..@@..@........@....@..@......@..............@
..@.@........@...@@....@@.@......@....@..@.@.@.@....@@....@.....@.....
...@..@....@..@..@.@....@...........@..@.......@.....@...@.@...@.@.@.@
.@.@.@@.......@..@.@....@...............@.......@@@.@@....@@.....@.@@.
......@@.@..@....@@.@.@.@@.@@...@...@@..@.@..@..@.@.@........@...@@...
@..@...@..@......@....@......@..@@..@.@..@@.....@....@@..@...@@.@.....
@@.....@@.............@...@....@........@.@...@@...@.@.@..@.@....@....
@@@....@@@..@...@.@.@...@..........@..........@............@@.@@.@..@.
@@........@.@..........@.....@.@.@@.@.....@@.@..@..@@..@...@.@@..@....
@..@@...@....@@.@....@...@@...@...............@@.......@.......@...@.@
....@..@@..@.@@@@@..@..@.@..@..@.....@@......@@@.@.@...........@......
Agents:
80
0,20,60,69,60
1,47,4,47,45
2,24,52,29,12
3,55,46,5,39
4,45,36,36,49
5,20,14,1,48
6,8,0,67,67
7,63,35,54,61
8,46,24,31,67
9,58,68,55,18
10,44,8,19,3
11,1,66,42,40
12,58,54,50,21
13,45,45,41,6
14,35,45,2,69
15,35,39,34,18
16,32,48,43,27
17,29,46,59,13
18,38,20,24,41
19,66,45,62,35
20,5,30,7,36
21,57,46,36,66
22,62,30,8,13
23,38,45,23,15
24,69,24,58,37
25,3,33,57,46
26,11,8,57,28
27,60,65,65,20
28,33,39,67,56
29,1,56,21,65
30,36,68,44,50
31,65,12,31,1
32,30,23,41,50
33,24,23,56,35
34,0,33,32,40
35,58,59,3,65
36,53,5,32,59
37,49,4,33,4
38,42,4,22,56
39,9,58,36,10
40,55,42,37,36
41,15,19,36,44
42,28,57,40,16
43,59,7,54,62
44,15,38,48,36
45,20,46,18,40
46,17,23,52,22
47,33,48,46,33
48,7,43,38,40
49,56,66,53,4
50,18,61,34,30
51,14,23,44,13
52,44,52,66,32
53,21,12,34,46
54,49,12,66,58
55,43,14,12,62
56,56,63,1,12
57,56,18,25,66
58,34,41,19,20
59,2,10,25,54
60,58,44,41,24
61,6,59,12,18
62,23,65,26,45
63,32,37,10,66
64,2,20,16,59
65,4,57,16,5
66,66,64,32,47
67,0,41,49,68
68,9,61,12,26
69,11,16,4,29
70,4,20,35,4
71,64,35,27,12
72,17,35,14,29
73,23,58,59,3
74,10,33,44,68
75,6,54,28,47
76,61,61,7,14
77,30,69,0,32
78,33,25,36,58
79,16,20,11,21
