0
Grid:
70,70
@...@.@.......@@.@.@............@..@...................@....@@...@@...
....@.@.......@@........@@@...@..........@@....@..........@.....@...@.
@....@..........@@..@.......@@.@..@......@..@@........@.@@.@..........
......@@@@....@..@.......@.................@.@..........@..@@.........
.@.....................@..@.....@@.....@.........@.....@.@........@..@
......@...@.......@@...@@...@...@.....@....@......@....@.@...........@
........@.....@........@.@..@.......@.@@.@......@...@....@.@@.@...@...
......@..@.....@...@@.......@@..@........@...............@......@.@.@.
...@@.....@.@...@...................@...@@.@@.....@.@........@...@..@.
@.......@..@.@.........@...........@....................@........@...@
@.@@.....@.....@.@.....@..@..@.@....@.....@..........@.....@.....@.@..
......@.........@@@....@..@....................@........@..@.@@.......
..........@...@.......@.....@......@.@@..@....@....@...@@.@.@@....@..@
@...@.@................@...@.........@.....@......@...................
..@..@.@....@...........@..@...@.@.@@.............@......@@@.........@
@.@....@.@..@.@....@.........@.....@@.@.@.@...............@..@.@@.@.@.
@................@.....@.............@..........@@.@@...@......@..@.@.
...@..@.@..............@.........@..@.@..@...............@.@@...@...@.
....................@.......@..@.@........@.......@@...@.......@..@...
.@....@@......@..........@@.....@..@.@.@.@@...@.@@..@...........@.....
@..@..@..@.@............@...@.................@@.@....@@@.............
.@...........@@.@..@......@...@@....@..@......@.@@.@............@..@..
.@...@................@.@...@.......@............@...............@.@@.
...............@.......@@..@.@..@....@@@....@...@.@.@.....@.......@@@@
.....@@@.@.......@.....@.....@.@..............@...........@@........@.
@...@..@..@..@..@.................@.......@..........@.........@.@....
........@...@@@.@.@...@..@.@@..@..@...@.@@..@..............@...@......
...@.@@.........@@@.....@......@..@@...@........@.@....@......@.......
..........@.................@..@@...@...@@.@............@.@.@@.@......
....................@..@....@...............@..@...@....@....@.@@.....
@..@................@....@.....@..@.......@@@..@...@.@@.....@....@....
...@..@.@........@@@...@@..@.@@.......@.........@..........@......@..@
......@..............@...@@@@....@@@...............@@.@...........@...
..@@....@....@..@....@@.......@.......@....@.@.....@@.......@......@..
.@..@@.......@..@...@..@.@..@......@.@@..@......@.@@..@..@...@.@....@.
@..@.....@.@@@.@.....@..@..@.....@..@@@@..@...@@@@....@@............@.
....@@@.........@....@.............@@..@.....@..@.@@@......@@@......@.
.@...@......@............@@......@.@.@............@.........@......@..
..@.@..@..@.@...................@@.@....@@.@.......@.........@...@....
..@...@...@...@.........@.....@............@....@....@...@..@@@.......
...@.@......@@..@......@....@.......@@....@.......@.@@....@@.......@.@
....@...........@.............@@....@@..............@..@.......@...@..
..........@.........................@.@.@@...@...........@.@.......@@.
.@.@.........@...@.........@..........@...........@..@...@....@.@.....
@..@...@...........@..@..@......@.@...@@..@......@@..@..@@.....@..@...
...@.............@.......@.@....@..@...@@..........@.@.@.@@.@.....@...
.@.@..@..@@@@@........@@.........................@.@......@@....@.....
....@....@.@.@.....@@...@...@...............@.....@......@@...........
....@@.@.....@......@.@.@........@...........@................@....@..
.......@.@@..@@....@@....@....................@.@...@@..@@...........@
.........@.@...@.@@..@.....@....@............@@@..............@@@.....
@@.......@....@........@@..........@.@.@@.....@......@....@....@...@..
@.@..@..@.@.......@@..........@........@@@@.@............@@@...@@.....
...@..@..@...@..@.@...@..@@.@.@...@...........@...@....@.......@.@.@..
..@.......@....................@.@...@@...@.@.@@@@..@.@@.........@.@..
...@......@....@@@..@@.@..@.@@...@....@@.......@@...@.........@...@...
@..........@.....@.@......@...@@.....@...@.......................@....
....@.....@.@...@.@.@..@............@@@.......@......@..@.............
.@....@@.......@@@...@..............@@@........@.@.....@....@.@.......
@@..@..........@.....@.@.......@........@.@@......@....@....@.....@...
@.....@.........@@....@@........@.........@............@.@..@..@@.@...
..........@........@...........@@.....@...@..............@..@........@
.............@......................@...@..............@...@.......@.@
@...........@.......@...........@..........@..@...........@....@......
............@............@...........@......@..@...@...@@......@.@..@@
........@..@.......@.@.@........@....@@.@..@.@@.............@@.....@@.
.@......@...@......@.@.........@......@.........@@.@...@@.@@@@........
........@....@@.......@...............@.@...............@...@...@..@.@
@.@.@....@@@.......@...@.......@..............@.@.....@......@@....@..
..@......@....@@@..@.@.....@.@.@.@.............@...@.....@@@...@@...@.
Agents:
75
0,31,5,10,25
1,21,5,45,28
2,7,26,46,15
3,53,19,23,59
4,62,20,44,6
5,56,24,2,49
6,19,8,62,25
7,17,26,47,10
8,64,1,4,62
9,29,30,40,38
10,45,21,17,62
11,63,53,15,11
12,16,22,9,58
13,35,67,28,45
14,15,60,49,0
15,31,58,47,26
16,51,68,11,11
17,69,69,50,61
18,3,4,53,61
19,0,33,15,1
20,10,37,62,4
21,35,40,57,27
22,66,23,61,64
23,44,41,61,35
24,65,62,55,69
25,24,57,11,33
26,35,20,42,27
27,10,14,20,5
28,60,14,31,46
29,40,48,56,52
30,55,30,31,50
31,22,26,67,43
32,60,27,41,23
33,29,29,14,46
34,42,48,46,31
35,56,64,68,35
36,1,62,32,1
37,16,25,4,13
38,55,12,28,38
39,33,53,7,2
40,63,55,32,38
41,43,66,5,68
42,67,57,16,27
43,55,35,61,26
44,60,9,7,40
45,19,38,23,16
46,2,35,37,20
47,29,54,24,43
48,0,40,47,42
49,18,18,20,35
50,67,35,50,41
51,30,1,52,20
52,62,6,3,68
53,56,46,30,57
54,9,36,4,67
55,6,15,3,64
56,36,29,50,37
57,63,9,2,68
58,35,45,65,57
59,57,7,45,4
60,36,65,40,45
61,5,61,12,34
62,58,2,43,34
63,30,9,14,17
64,2,55,15,16
65,67,4,14,25
66,31,52,15,17
67,16,61,33,49
68,29,14,56,35
69,35,22,57,5
70,32,46,15,23
71,64,39,18,16
72,41,57,31,32
73,56,49,44,59
74,10,55,52,62
