0
Grid:
70,70
..@.........@......@......@.....@...@...@@.@.....@....@...@........@..
............@....................@........@....@..............@.......
.................@........@.....@...@.@........................@.@....
.....@@...@..@...@....@.............@.@............@............@.....
@.@................@....@..@.............@....@@....@.@..@.......@....
...........@...............@...........@................@......@@....@
.........@...@...............@..........................@.....@.......
........@......@.@....@......@@...@.......@@.......@@@........@.......
@..@.................@..@............@......@................@.....@..
........@@...................@.....@.....@.@...@...@....@@.......@@..@
..@....@@....@.@..................@.@........@....@.@.....@..@........
.@.@.....@..@.........@......@@...@........@.....@....@.@....@........
@@...........@......@...@.@..@.....@.@...@........@..@@.@.........@...
.........@@................@...........@.@@.@.....@..@..@@............
..@.@.............@.@..@....@...@...@..@...@...@.@.....@.....@........
.....@.......@....@...@........@........@@...........@.....@.@..@.....
.......@.@......@.@....@.@.@@....@.....@.@@@....................@....@
.......@.@@.......@..........@..@.......@.....................@......@
................@@..@@.........@@.....@.......@.................@@....
......@@..@....@.@...@....@....@.....................@....@...@.......
...@.......@.........@@..@...........@..@....@..@............@.....@..
....@.........@...@.@.............@@@.....@.........@.@........@......
........@..@........@.................@.@@......@............@@......@
@..........@...@@.......@......@@.....@.@..................@..........
.................@............@..@...............................@....
......@....@...@......@.....................@.....@.@.....@....@.@@...
...............@...........@.....................@...@......@.........
..@@.......@@............@..........@..@@...................@........@
...@........@............@..@@@.......@..@.@........@........@@..@@...
......@...@.........@..@...............@...@@..............@@..@.@..@.
@......@...@...@.................@...@.......@.........@...@..........
...@......@...@.@.@..@......@......@.@@@.................@..@.@.......
.........@....@...................@..@....@.................@@.....@.@
.@.@.............@..@......@.............@..........@.................
..@.@.........@......@.....@...................@....@...@.@....@......
.....................@..........@....@.@....@............@........@...
@.....@....@..@@.......@....@....@@.@...................@..........@.@
.......@..........@.............@@..@......@..........@.@..@..........
..............@@.....@...........@................@..@................
.......@@..@...@....@...@...........@......@@.@.@.@.@@.....@..........
.........@..@....@...........@..@......@@.@..........@.....@.@........
..@......@........@@.@................@....@..@..@...@..............@.
...@........@...............@..@...@..............@..........@........
...........@..........@.@......@.@.@..........@@@............@........
.@...................@............@....@........................@.....
@.@...........@..@....@..@@.......@...@.@....@@.........@...........@.
.........@.@.............@...@@......@.......@.@.@.....@..........@...
..@.....@..@.....@..@.....@...@...................@....@@.......@....@
.@.....@@@.@...@...@@.....@..........@...@.@........@@...@...........@
....@.....@@@@@.@.@@......@.@.@......@..@..@.....@.........@.....@....
...@........@..@..@.@..........@@...........................@.......@.
....@.@.@...@.@..@.....@.....@.......@...@.......@......@......@......
.....@...@..@.........@..@.@@.........@..@.................@.........@
@@.........@..@.......@.....@....@....@......@..............@.@..@..@.
.@..@..........@....@...@@.............................@.@@..........@
..@........................................@....................@.....
....@@......@@@.@@...@..@@.@....@..@......@.................@...@.@...
................@@.........@..@......@....@....@...........@.@...@.@.@
....@.@....@.......@......@@...@....@.@....@..........@..@.@.@.@......
@.........................@.......@................@...........@......
....@@.....@..@......@.....@....@......@...@..@@.......@..............
.........@@......@..............@..@........@.@.....@..@.....@.......@
...@............@.................@.....@...@.@.....@.......@...@.....
@@@...@......@....@.......@.@...@..........@...@...............@....@.
...@.........@.........@.@..@.....@...............@@@.....@...@.......
...@.....@....@....................@.....@.@@@@.......................
.....@.....@....@..@......@..........@....@..@....@.............@.@..@
.........@.........@...............@...@........@..............@......
.....................@@...@.@..........@@........@@...................
...@........@..........@...@.........@.......@.......@.@@....@........
Agents:
50
0,0,5,50,0
1,65,50,29,22
2,60,18,31,20
3,41,51,17,22
4,64,18,25,23
5,4,51,19,13
6,48,39,69,16
7,42,55,58,8
8,65,25,63,45
9,31,63,43,20
10,27,46,28,32
11,54,29,25,0
12,65,55,11,65
13,31,31,58,37
14,39,47,64,54
15,42,49,60,24
16,68,23,23,56
17,4,64,51,1
18,59,3,27,42
19,39,63,51,69
20,43,49,48,54
21,5,7,7,14
22,38,26,39,14
23,34,45,1,64
24,22,13,51,57
25,33,12,8,58
26,55,13,35,45
27,51,32,6,25
28,49,27,15,57
29,8,58,61,49
30,35,24,62,33
31,34,48,3,69
32,46,35,25,55
33,36,27,14,38
34,55,15,2,31
35,50,23,52,40
36,62,12,4,25
37,12,67,43,0
38,4,67,12,19
39,0,61,28,68
40,30,66,21,65
41,44,45,0,29
42,21,6,23,9
43,14,22,54,68
44,34,55,61,24
45,14,51,48,34
46,42,60,3,24
47,49,69,38,60
48,8,16,11,59
49,47,59,38,47
