1
Grid:
70,70
.....@@.@.@.@@.........@@.....@.........@...@@...@..@.@.......@..@....
@....@@....@@....@.......@....@......@@.@.......@.@@.........@@....@@.
@....@..@.@@@.......@@..@..@@@....@@.@...@.@....@...@...@.....@@@....@
@..@......@....@.......@@..@..@..@.@.@....@..@...@...@@.....@.....@@.@
...@...@@@.@.....@.......@..@@.@.....@@.....@@..@@..@@.@..@.@.........
.@..@.@.@..@..@.....@......@.@.......@..@.@.@@..@@.......@..@.........
.@@.@@.....@.......@...@......@.......@.@@.@@.@.@.@@.@.@@....@........
.@...@.@.......@...@@.........@..@@@@@@..@@@..@@...@@@@@.....@@@@@@@@.
.@...@..@@..@.@....@....@..@@@@@.@......@.@...@............@@@@......@
..@....@.@@........@....@.@.@....@..@@.@..@.@@..@@.@@......@........@@
.....@..@.@..@@.....@....@...@.......@@.............@@...@......@.@...
....@@.@@..@@@@..@....@..@...@.@..@......@....@..@@.....@@.@@...@.@...
..........@@....@.@..@....@.....@............@..@.@@.@.........@.@@@@@
.@.@..@..@...@@.........@.....@.....@...........@..@@.........@.......
...@...@....@@....@....@@.......@@@.@....@@..@...@@@...@.....@.@.@.@..
.....@@........@.....@..@.....@..@.......@..@.@...@.@@..@@....@@..@.@.
@.....@....@.....@@...@.@@@.......@.@.....@.@...@@@..@@.@.@......@....
@@.@..@....@....@.............@.@@....@.@@...@..@..@............@..@@.
....@.....@.......@@@.@.......@.@@@@@.....@...@.@.@.@@@.........@....@
...@@.@@...@..@.@@......@.@...@@@....@.................@...@.....@.@..
.........@.@.@@@......@......@.........@.@............@@@...@.....@...
@@@@@.........@@.@...@.@.....@..........@@.......@.@.......@.@..@..@@@
......@.@..@........@.@@.@.@.@.....@......@.@...@@.@@.@.........@...@.
@@.............@.@.@.@.....@...@@.@@.@......@...@.@...@..@@.@@....@..@
.....@.@............@...@.@.@.@.....@.@.@@...@..@.@..@@.@..@...@......
@........@@@@.@@...@....@.@...@@.......@.@.@@.@@.....@@.....@@...@..@.
.....@@.@..@@....@....@@..@@@.@@...@.@.@......@....@.@.@.@@...@.@@.@..
@.@...@..........@@....@..@.@......@..@.........@.@@.@@.@...@....@..@@
...@..@@.....@......@@...................@@.@..@..@@@@..@..@...@.@@...
..@@....@...@..@....@..@@....@....@...@.@...@.......@@@@@....@....@@..
........@.@@...@@..@.@@...@....@@..@..@...@@@.@@@....@..@@@..@..@@..@@
.@.@@....@@@..@@@@...@..@.@@.@@...........@.@.@@..@.@@.@@@.@.........@
..@..@@@@@.....@@....@@@.....@.......@........@..@@@......@@@@@@@.....
..@.@.@.@.....@...@@@.@..@@.....@...@@.......@.......@...@....@..@.@..
..@.@@..@.@...@@.@.....@.......@....@..@.......@.....@@@@...@@...@...@
..@@...@..@.@.@.@.@@....@...@...@..@.....@.@..@.@...@.@...@....@@@....
@.@......@@.@...@......@...@....@..@.@.@...@@........@@.@.@.......@@.@
..@@@@.....@..@..............@@..@...@@...@.....@...@....@........@..@
@...................@.@....@..@......@..@....@@.@.....@........@@.@...
........@@@@..@@@......@@@@....@.@@..@...................@.@..........
..@.@.....@...@@..@.@..@.@....@@..@........@..@........@..@.....@.....
..........@@@....@@@.@@.......@@@@...@.........@...@..@@.@......@@....
@@..@@.@...@..@...@..@.@.@.@..@@....@@..............@@@..@@@.@.@.@....
...........@@@@@........@...@@...@......@..@@@..@.@..@..@.@.@....@@...
.@.@...@..@..@..@..@.@...@@...@@..@....@.@@@.@.@..@.@..@..@@....@.....
..@@..@..@.....@..........@.@@@...@@...@..........@@@....@.@.........@
...@...@....@.@.@..@...@...@@...@.......@....@@@@.....@.@.@...@..@..@.
@.....@@.@@@@.....@@..@...@..@.......@........@@.@@...@.@....@.@...@@@
.@..@.@@@...@@......@.@.@.@.......@@....@@@.....@@@...@.@@.@.@..@@..@.
@..@.@...@......@.@.@....@@@.@@....@.@@...@@......@...@.@.@......@...@
..@@.........@@....@@@@.@......@@..@@@@....@.....@..........@.......@.
.....@.@@@...@.......@.@..........@.....@.@...@..@...@.@.@.@@.@..@@...
..@@.....@.....@.....@.@.....@.....@.....@@@..@@....@....@@.@..@..@...
.....@@.....@..@@......@.@...@....@.@....@.@.@.....@...@.....@..@.@.@.
..@....@..@........@.@..@@.@......@...@......@..@@.@.........@@@.@.@.@
.@...@.@...@..@@....@.....@@...@....@.......@@....@@..@@...@..........
..@..@......@....@.....@.....@@@.........@....@@.@@.@.@.@@.@.....@....
..@@.@...@.@..@@......@........@@...@@.@......@........@...@@@..@...@@
.....@@@.@....@@@.@..@........@@.........@...@@...@.@.@..@..........@@
.@..........@.....@...@@......@.@...@..@@..@.@...@..@........@@.@..@..
..@.@@.....@@.@.@@@...@..@.....@.@.@@.@....@@.@......@@......@@...@.@.
@@@.@@.@@@.@@.......@...@......@@.@..@...@@@.@..@..............@.@...@
..@@..@...@@.@..@@..@........@.@....@.......@.....@..@....@.......@.@.
@.@....@...@....@..@.@.@.@@..@.@@..@@@@.......@..@@@.@@@@.@@@@..@.....
@.@@@.@.@.@..@.@..@.....@..@.@.@........@..@@..@.....@@@@..@......@..@
.@....@@..@.......@......@...@.@..@...........@@@..@@.@.@.......@.@@@.
.....@@@.@.....@..@@.@.@....@..@@.@..@@@.@@....@@........@....@@.@.@@@
..@......@.@...@@@@@@.@.....@@.....@.@...@@....@..@.....@..@...@@.@...
@...@...@....@..@....@..@......@.@.....@@..@....@..............@.@@@.@
.@....@@.@.@.@@..@.@@@@..@@.....@..@...@.....@......@.....@.@@@@..@...
Agents:
55
0,65,45,42,69
1,66,22,27,49
2,16,10,44,44
3,8,13,4,0
4,34,41,40,57
5,23,41,30,25
6,42,41,26,45
7,41,52,38,2
8,10,35,1,42
9,50,57,66,54
10,52,68,27,43
11,55,30,50,27
12,15,38,54,52
13,54,3,24,2
14,4,39,27,66
15,23,52,35,62
16,43,36,49,36
17,68,64,69,64
18,42,24,25,62
19,17,5,45,49
20,16,40,16,45
21,2,51,24,35
22,19,66,34,27
23,61,53,11,52
24,11,3,28,25
25,43,6,62,67
26,9,4,22,38
27,37,17,65,50
28,5,2,66,25
29,42,2,64,45
30,28,28,34,38
31,13,69,28,16
32,2,59,16,16
33,35,22,66,50
34,60,58,47,45
35,12,20,41,52
36,15,31,54,57
37,62,62,44,5
38,55,37,45,62
39,56,69,20,57
40,67,36,8,11
41,68,44,45,63
42,59,5,54,16
43,7,3,52,5
44,27,49,19,43
45,59,37,10,65
46,4,20,47,20
47,43,7,13,57
48,13,31,2,33
49,2,58,16,20
50,45,13,30,29
51,69,51,59,54
52,32,54,1,7
53,13,46,34,51
54,58,35,6,37
