2
Grid:
70,70
...@...@.....@.@@.....@................@........@..@....@........@....
@...............@.@..............@@.................................@.
......@@...@.@....@....@@...........@...@@........@...................
.......@@....@.@@....@............@...........@............@.@........
@..@.......................@.....@@.............@..@@.................
.@.@....@.....@.......................@...........@......@.........@..
....@....@@.................@..................@..@...................
..........@...........................@......@..@...@.................
@.....@@.@....................@...........@.....................@...@@
.....................@...........@..@......@......@..@...@............
..........@.@.............@....@...@....@....@......@................@
.....@....@....@..@.................@......@.....................@@...
...........@......@..............@..........@@...@...@................
..........@.............@...@............................@@@..........
.........@.............@@@.........................@.........@.....@.@
......@...@.......@..........@.............@.......@..................
...............@@...@...........@..@..@@..............................
..@..@......@........@.........................@.....@..@.............
..@.@......@.............@.........................@......@.@.........
..........@.......................@...........@......@....@.@.@.......
.@.......@..............@...........@@.....@.........@................
..@.................@.@@....@.................................@.......
...............@...........................................@....@.....
@....@.....@............@...........@......@....................@.....
...........@...............@..@........@.....@.......@................
................@...............@.....@.@@...................@......@.
.........@............@............@...........@...@.@.@.@.......@....
..............@.........................................@........@....
...............@............@...@@..........@.............@..........@
.........@...............................@............................
.@.........@.@..........@.........@...@......................@...@....
@....@@..................@...........................@..........@..@.@
.....@...@....................@...............@..............@........
.....@........................................@....@......@.......@...
..................@........................@....@.....................
........................................@@.........@..@..@....@......@
........@............................................@................
...@.@..@............@.....@@...@................@..........@.....@...
.....@...............@.......@.........@.......@.@.......@..........@.
....@@..............@....@.@@.........@.....@.......@.................
............@.............@...............@..............@.......@.@..
........@..@........................@....@....@.@............@.....@..
...........@..................@........@.............@...............@
................@..........@..@........@...........@........@.........
...........@...@..........@....@..........@....@.............@....@@..
@....@................@....@.......@...............@....@......@......
.......@.@.@...@@................@.........@..........................
.@...@..@......................................@....................@.
.........@.....@..........@........@............@........@...@@.......
......@...........@....@..........@..@......................@@........
.@@..............@....@.@.......@...@..............@........@.........
........@..................................@..................@..@...@
...............@........@@......@..................@............@.....
.....@.@@..@.....@@@..........................@..........@........@.@.
.........@..@...@....@...............@.....@....@@.............@.@....
....@.@......@....@@....................@.@...........................
@.........@...........@.@....@....................................@...
.@.@.....@.................@.......@.....@.@@.......@.................
@....@.........@....@.................................@...............
........................................................@@............
...........................@@.@@..@..........@......@.................
......@................@.............@..@.............@......@....@@@.
@............@.....@.................@..........................@.@...
..@.@.@.@......@........................@...........................@.
................@....@......@...........@.........@..@...........@....
.....@...@..@....................@.....@.....@..@......@...@..........
.................@@..@@@..................@....................@......
...............@...@...@..@...@.................@.@.............@.@...
......@......@.....................................@..............@...
@.....@.....@..................@..@@..@..@..@.........@.........@.....
Agents:
40
0,5,13,42,15
1,46,21,22,54
2,55,37,28,41
3,45,46,33,45
4,20,66,11,27
5,26,38,16,8
6,31,62,12,14
7,58,31,54,67
8,16,19,26,52
9,21,27,31,20
10,11,40,39,54
11,9,34,41,51
12,9,31,42,14
13,44,34,55,32
14,56,27,55,60
15,58,64,28,16
16,33,23,26,21
17,65,7,66,50
18,66,47,18,15
19,3,44,22,42
20,15,32,33,17
21,20,64,31,23
22,55,22,57,30
23,49,65,21,50
24,8,59,58,52
25,4,11,62,7
26,12,23,50,23
27,35,12,5,33
28,1,56,49,26
29,9,69,54,54
30,53,51,47,20
31,3,63,14,15
32,68,63,35,3
33,24,14,17,0
34,36,35,59,17
35,19,47,18,14
36,11,6,16,9
37,47,21,33,2
38,54,61,29,62
39,18,65,46,49
