1
Grid:
70,70
@..@.......@...@.....@...@@.@.@...@...@....@.@@.@@....@..@@@.@.......@
.@.@.@....@...............@..@@...@......@.....@.....@..........@@..@.
.@.@........@..@.......@.....@@@..@...........@.@.....@...@..........@
@@...@@..@........@...@.@..@@@.@@@.@....@..@.@@..@.@..@@@..@...@@.....
........@..@@@...@.@.@.......@...@.............@@......@......@..@.@..
...@...........@.....@.@@..@.@...@..@@.....@@..@....@....@@...@...@..@
...@...@.....@............@.....@@................@@.@....@@.@..@@....
..@.@@....@@...@..@......@..@..@..@..@.@@@@....@.....@@.@.@....@...@..
.................@..@..@....@@.@.@...@.@.@......@@..@...@.@@@@@....@.@
@.@..@@...@....@......................@.........@.@.@...........@...@.
...@.......@@........@..........@.....@@@.......@.....@..@.@@@.......@
...@@@.@@.........@......@...@.@..........@.@..@@.....@@..@.....@...@.
@....@.............@..@@..@.@...@...@.@...@...@..@...@................
...@.......@@...@.@.@@.@.....@..@....@.........@.....@@.@..@.........@
.@....@@..@@.@@...........@@..@..@...@....@....@@..@..@.@@....@..@..@.
..........@.@@................@@....@..@........@.......@...........@.
@...@.@@.@.@.......@..........@....@.@.@...@@..@..@.....@........@....
@@..@......@..@....@@...@.........@@@@..@.....@@@.@.@.....@@@@.......@
.@@..@.@@.................@..@..@@..@...@..@....@.@@..@...@......@....
..........@....@.............@.@........@.....@....@@.@.........@@....
.....@@.@.@.@.@......@.@.....@....@......@@.......@@....@.............
......@@@@.@........@@......@.@.@.@@..@..@@.@...@....@.....@....@@.@.@
@.@......@.@@...@..@....@..@..@.@@..@.........@.@@@....@@...@@@.@@..@.
..@@@.@@...@...........@@...@..@..@@@@...@@...........@..@.........@..
@....@..@.@.@.@.....@@..@@...@@@...@....@@.@....@..........@..@..@...@
.......@.@@.@.@@.@.@@...@...@.....@.@...@..@@.......@....@..........@.
........@......@@............@.......@..@.@..@.@@..@.@.@.@@@.........@
@..@....@.@.@......@@.@@..........@....@......@......@.....@.@.@..@...
..@.@@.....@..@.......@.........@@...@....@.@@......@...@@.@.....@@..@
.............@...@......@.@.@.......@...........@..@.........@....@...
..@.@..........@.@....................@........@...@.@@..@.......@@.@.
......@..@......................@..@.@.@.@...........@...@.@.@...@@.@.
...@@...@@.....@.....@...@@...........@...@..@@..@@........@@.@...@...
....@..@........@@.@..@.@.........@.....@..@@.....@@..........@.@@.@.@
..@@.......@......@........@......@..............@@.......@..@@.......
@@........@.@@...@.@....@.@...@......@@.........@......@......@..@....
....@........@@..@@...@.............@@@@@.@.@.................@@.@..@.
..........@.@.@..@.@..@.......@.....@.@@...@@.......@.....@..@@@......
................@...@..............@.....@..@....@@.....@..@.@....@...
.@...@....@@..............@........@...@..@..........@..@@.@..@..@....
...@...@@....@..........@..@.......@...@.........@.....@........@.....
..........@@..@.@....@..@..@..@.@@.....@.....@.....@..........@....@..
...@....@..@....@@@@.......@.@.....@@@@...@@@@@.......@..@.....@@.@@..
...@@.@@....@.............@@.........@..@......@.@@.@@...@@..@.....@@.
..@.....@......@..@......@.......@@..@......@@..@@..@@@@.@....@.......
.......@@....@.@......@..@@..@..@........@........@.......@..@.@@....@
......@.....@......@..@.@.@@@.....@.@.@.......@....@...@.......@@.@...
.....@......@..@....@@..@@.@...@.@@..@.....@@@@...@....@..@@..@..@....
@......@...@.@..........@..@@.@...@..@.@.....@.@.....@.@..............
.......................@@...................@@@@......@.@...........@.
.@.@.....@...........@.@...@....@@...@@@@........@......@...@@@@..@.@.
.@......@..@@..@...@.@......@...@.......@@...@.....@...@....@..@......
.....@...@@.@@.....@.@@@....@@.....@..@.@@.....@.....@@..@..@@..@.....
..@.@@@.....@@......@.@.......@....@..@@@@......@@.......@....@..@....
.@.@.@.@...@.........@@....@..@.@...@@@@......@....@.........@......@@
@....@.@@.@@.@...@.@.@....@.@@.@.@@@....@.....@.@..........@......@..@
@..@.@...@@...@@..@......@..@.......@......@.....@......@....@@.@.....
....@@@...@....@.@................@@.@.@.@.@.@.......@.@@@.@.@@......@
@.....@....@@@............@...@@...@.@....@.........@....@.@@.........
@@.....@....@..@.....@@@.@..@....@...@......@......@....@@@.@..@......
.@........@.@.....@..@@....@.....@..@@@............@.@@..@..@........@
....@....@@@.@@...@@@....@..@..@@...@....@...@.@..@@.@@@.@...@.......@
..@...@@.@.....@..@...@.......@@@.........@....@.@...@.@..@..@@@..@.@.
..@..@......@...@@.............@...@@@@..........@....@@.........@@...
.@..@.@.....@@..@................@.........@....@.....@@@.@@...@......
.@.@..@@@@.@....@.......@@@@.@@.....@.@........@.......@.......@@.....
@..@@.@....@...@.@@.@@@.......@...........@@.....@....@.@.....@..@....
@...@..@......@..........@.@..............@...@@.....@@.@@..........@.
...@.....@@..@.@.@...@....@@.@.@....@.@...@..@@....@..@..@...@....@...
....@....@..@....@@@.....@.@..@@............@@.@..@.@...@.@.@@......@.
Agents:
65
0,46,54,11,21
1,6,10,68,16
2,64,19,65,46
3,63,15,60,8
4,20,13,10,26
5,63,56,52,43
6,9,23,53,19
7,51,29,37,1
8,7,46,11,61
9,38,37,67,60
10,2,37,42,40
11,42,1,42,13
12,41,52,15,33
13,46,8,9,1
14,15,60,45,31
15,2,65,32,1
16,18,13,13,28
17,14,16,31,27
18,1,36,13,64
19,63,4,62,4
20,12,17,4,23
21,57,50,30,19
22,20,53,38,45
23,10,26,65,48
24,16,20,54,63
25,20,68,64,32
26,12,69,42,4
27,21,37,3,61
28,57,12,61,66
29,13,68,50,45
30,18,59,10,24
31,58,5,60,4
32,61,24,1,2
33,64,27,55,36
34,64,68,51,4
35,64,20,55,58
36,61,65,0,42
37,44,20,26,32
38,65,33,18,20
39,49,51,63,45
40,60,13,16,14
41,56,20,68,33
42,63,47,9,60
43,34,21,30,1
44,2,63,28,58
45,31,46,1,19
46,4,63,27,14
47,42,58,50,29
48,17,63,63,40
49,7,35,55,43
50,28,38,65,67
51,69,67,45,20
52,58,8,62,13
53,28,24,43,28
54,25,26,36,64
55,34,17,17,8
56,33,42,12,2
57,17,68,50,51
58,33,32,33,57
59,40,0,43,65
60,14,12,14,12
61,10,1,31,29
62,5,20,38,24
63,32,64,16,61
64,35,6,36,58
