1
Grid:
70,70
.@..@.@..........@......@...@...@....@..........@...@.........@.......
......@......@@@......@@....@.@@...@..........@.@.@......@.....@......
@..@.....@...........@.......@..............@.@.......@......@.......@
...@....@......@.........@@....@.........@@.@.......................@.
..@@..................@...@......@.........@....@.@.@..@..@...@.......
......@.....@.@@.@..@..........@..@......@@...@.@.....................
....@......@.....@....@.................@.....@@.@.@....@.@..@........
........@@.@........@@...@....@......@@........@..@.@...@...@.@@..@...
......@@...@......@................@.....@@@..@...@.@@...@.@........@.
@....@....@.@.................@..@.@..@@.......@.@..@...@....@.@.@.@..
........@@........@.......@.@....@..@...........@.@..@.........@..@.@.
@.......@...........@.....@....@....@..@@.@@@......@....@.............
.....@.@@.......@.@...@.....@....@........@.........@@@....@...@......
.....@@@..@...@.........@...@.....@@@.....@@.@@....@...........@@...@.
.@........@..@@.@........@.......@...@@.@..@..@.....@......@...@.@.@..
...@.@........@.@.@.......@...@..@....@....@..@...........@..@.@.@....
.@..@@@@.....@.@....@....@..@..@@....@..@..@....@.....................
.@@@...........@@..@.@@@.@@........@@...@...@@@@...@..@.@........@.@@.
......@....@..@...@........@.@....@.....@..............@...@.@@@...@@.
.......@@.............@...@.......@@@.@@.@......@..........@.....@....
...@......@@..@@..@.....@.........@........@......................@...
@.@............@.@....@.................@...@...@............@........
.@.@..............@@.........@....@.@.@...@....@..@@.@..........@...@.
.@..@.@.@..@....@.......@........@..@..@...@@@..@@.....@@..........@.@
...@.@....@..@.@....@..@..@.@.@...@..@.@.@.@.@.@.@..@...@......@.@.@@.
...@@@@@.@.....@......@@.....@.........@....@..@.@@...@...@.........@.
...@......@..@.@@..@........@@.@.@....@@..@.......@........@@.....@...
@..@......@..@@......@@.@.@.@..@@...@..........@.........@....@@......
.@.........@.........@.@....@.....@@@.......@@.....@..@@@.......@.....
.@...@......................@....@....@@...@.....@..@......@....@.@...
........@....@................................................@@......
....@.@....@@..........@.......@..@.....@....@..@...........@.@.@.@...
...@.@.......@..@...@..@....@.........@@.@....@..@.@......@@..@.......
.............@.....@..@...@...@.@@@........@..................@....@..
.@.@.@.@......@..@..@@....................@@.....@......@..@..@.....@.
...@..@.....@@@@...@................@..@...@.........@.@.......@@....@
.....@........@...@@@...@@....@@..................@.@.....@.@......@..
....@.@..........@..@@@.....@@..@.@.......@@.......@.@@...........@...
..........@.@@...@.......@.......@..............@..........@..........
......@..@...@.@......@....@@...................@...@@.@...@.@.@......
..@..@......@@...@.............@..@..@...............@.....@.@........
....@@........@@..@.@..@...@......@..@.@......@..........@....@@....@.
.@.@@......@...@....@.@...@@...@..@...@@....@....@@........@......@@@.
.....@..........@.........@.....@.......@...@@...........@@...@@......
..@...............@....@............@@.@.@...@.@...........@..........
@.........@..@............@....@.............@.......@................
.....@.@.....@..@.@@@@.........@...@....@........@@.....@@...@.@...@..
....@...@@...@@@..@..@@.@...@...@@....@..@................@......@...@
@........@......@...@@@@.@....@......@...@@.@..@.......@@..@.@@..@@..@
@........@..@..........@...@...@....@...........@.....@.@.@...........
..@.@....@.@@@..@.@....@...@.@...............@........@....@.......@..
.@.....@.@....@.....@..@..@.........@....@..........@..@..@@@@@.......
...@..@...@@@....@..@.@.....@.@..........@..@@@.......@..@@...@.......
.@.@....@.....@...@...@...........@....@..@......@....@...@....@......
.@...@...........@...........@........@.......@......@.@...@..........
........@..................@.......@@.@......................@@.......
..@@...@.@.......................@.@...@....@@@@.@.................@..
@..@..............@.....@.@............@@...@....@.........@@....@..@.
@..@....@....@@.@..@...........@@...........@.....@@.@..@.............
.........@@....@@@@@.......@.@.........@..@...@.@@..@..@.@..@.@.......
..........@@..@.@.......@......................@..................@...
....................@...@@..@...........................@...@.@.@.....
..@.@.@............@@....@......@...@@.@@....@@.@................@.@..
.@.@...........@@@.@...@@......................@....@.........@....@..
....@...............@.............@..@..@@.....@@.@..@@......@..@.....
..@...........@......@.@......@..@@..@.@.@..@.@.@..........@@..@.....@
..@....@.....@@@...@.............@.....@..@.........@.....@.@..@@...@@
.@.....@.....@..@...@....@....@.@.@.@@..@....@@......@...@..........@.
...@.......@...@.....@.........@@..........@.@.........@.....@........
@..@@...@.@.................@................@.@.......@...@@.........
Agents:
75
0,61,37,66,35
1,18,23,2,38
2,68,57,23,41
3,61,15,21,23
4,54,26,55,31
5,4,0,2,68
6,61,27,62,21
7,42,5,32,8
8,61,34,1,44
9,22,48,0,19
10,42,58,53,20
11,7,17,26,40
12,55,66,22,8
13,44,16,25,61
14,18,52,66,47
15,18,19,40,45
16,35,20,31,33
17,51,49,58,55
18,32,32,16,56
19,55,60,37,48
20,24,7,68,23
21,64,13,58,1
22,50,61,46,28
23,11,2,2,41
24,18,30,5,9
25,15,29,58,28
26,36,1,13,40
27,12,45,69,68
28,66,1,9,17
29,7,55,32,50
30,34,41,31,65
31,43,28,38,18
32,42,46,12,20
33,35,27,52,29
34,2,17,69,17
35,63,48,57,47
36,37,11,55,52
37,21,5,52,51
38,2,27,2,40
39,8,32,0,54
40,1,20,0,42
41,33,2,35,67
42,33,38,56,69
43,17,53,32,12
44,52,38,0,60
45,57,1,67,15
46,40,22,34,48
47,37,61,58,66
48,27,68,47,10
49,36,57,19,30
50,23,61,11,54
51,69,50,5,51
52,46,1,35,44
53,39,25,61,12
54,29,41,27,67
55,31,51,69,42
56,13,66,67,22
57,9,19,61,23
58,34,24,51,49
59,23,19,9,28
60,35,50,22,2
61,7,44,10,27
62,65,10,50,5
63,62,34,6,37
64,36,8,13,49
65,26,32,24,17
66,14,26,12,48
67,54,2,40,52
68,18,32,18,56
69,60,37,7,68
70,20,41,6,39
71,51,8,9,1
72,34,11,62,42
73,51,54,51,3
74,26,18,60,49
