2
Grid:
70,70
.......@......@@.....@...@....@............@.@......@.@...............
.@..@.@........@.@@...@.@..@.@..........@....@....@.@....@............
.@...@@..@......@......@...@......@...@........@..@.@..@@@............
.....@..@..@..............@..@............@..@@@..@..@............@...
.@@..@....@@...@.@........@......@@.@@.........@..........@...@.......
..@...@.....@......@...@...@....@.@...@..@..@.......@.....@@.......@.@
@@.@......@.@@@........@..@...@...@.@@.............@@........@..@.....
@@.@....@@....@..@..............@..........................@......@...
.....@.@.....@..@.@.@.........@......@......@........@.@.@.@.@........
.....@.....@@...@.@......@..@........@...@@@@.@......@@.@..@..@@@.@.@.
.............@...@.........@.......@@.........@.@..@.@.@...@...@.@.@..
@...@@.......@.@@...@.@...@....@....@.................@@....@..@.....@
@@....@...................@@..........@@@........@..@.....@...@.......
....@......@.....@......@....@..@...@...@............@...@....@@..@...
@........@.....@...@..........@.@..@..@....@@.....@......@.@@........@
.........@.@.@@.....@....@...........@.....@.@...@@.......@..@.......@
@....................@.@@.....@@.....@........@.@.@...@...@.@...@@....
.........@.@.@...@....@..@.......@@.@.....@.@@@...........@@...@......
....@.@..........@....@........@.@@.@.@..@........@.@@..@....@.@...@..
.....@.........@........@......@.@@.@....@.....@.......@@...........@.
..........@.......@........@@.@...@@.....@....@.@..@.......@..@@.....@
.......@@..@.@..@.....@.......@..@......@.@.@....@....@.....@.@@......
...@................@@........@@.........@..@.....@@.@...@..@@.@.@....
....@..........@..@..@@.....@.........@.................@.@...........
@........@..@.@........@@@@.@..........................@.........@....
@...@.@@.@@...@@..@@...@..@..@@.@..@.........@................@.......
@..@...@..@.@.....@.......@......@.....@................@@.@...@......
.................@........@....@..@.@......@...@...............@.....@
.....@........@@.@@..@...@.@@........@.@@.@........@......@@@.@.@.@..@
....@.....@....@.............@@.@..@@...@..@...@..@@.@.@............@.
..@@@.@.@....@.........@..@.........@@....@..@.........@...@.@....@.@.
....@..@.........@@..@...@..@.....@@....@@..@...@@......@@..@...@.@...
..@..@................@..........@....@..@..@...@........@...@.....@..
...@.........@.......@...@...@...............@@..@......@.@..@...@....
...@..@...@.@......@..@....@...@.....@...@...........@.@...@...@....@.
.@.........@@@@........@...@@....@....@@@@..@...@@...@....@..@.......@
@@.@....@...@............@..........@.@........@..@.@@....@.@@@@@..@..
...@..@@.........@..........@@....@.@..@........@...............@....@
.@..@.....@@@........@..@@.@.@.......@@........@@............@.@......
..@......@...........@.......@......@...@................@.....@.@....
.....@...................@.....@...@............@......@.....@.......@
.................@..@.................@.@.......@.@.........@.....@@..
.@....@......@....@...@...@.....@@......@.@@....@........@.....@@..@.@
.....@.....@.@...@.@..@.....@........@......@.........@@..@@.....@.@.@
.......@.@...@.@.@........@.............@......@..@.@.@.........@....@
.@...@....@.@..@...@..@@......@.@.@@.......@..@..@.......@@.......@@.@
...@....@...@.....@...@@....@...@..@........@.....@..@@..@........@...
..............@..@@.................@......@...@.@........@...@....@@.
..@...@....@@.............@......@..@.@..@......@...@..@@.@...........
.................@..@.@@..@......@@@@...@.@......@......@.........@...
...........@......@......@.@.......@...................@....@..@.@.@@.
@.....@..@@........@..@..........@.@.......@.........@........@.......
..@.....@...................@.@@..@...@...........@....@@......@@.....
....@@...@....@......@@.@..@.@....@.@....@.........@.@.......@.@@..@..
..@.....@........@...@......@@@......@...........@.@@@..............@.
.....@................@..@.@....@.........@......@...@@..@.@...@.@@...
...............@.........@@.............@@........@@@.....@@........@.
.....@........@.....@....@@....@..@@...@...@.@.....@..........@...@.@.
...@.@..@..@@...@...........@.@@...@............@.....@@..............
.................@..@.@.......@........@....@@.....@...@.............@
.........@....@.@...@.@..........@.@...@...@........@.....@.@.......@.
.....@..@.......@.@@.......@.....@...@....@.......@...@.@......@....@.
...@@.@..........@....@......@........@.........@.@.............@.....
..@..@.............@@.......@.@............@...........@....@...@.....
@........@..@.@.....@.......@@.........@@...@.................@@.@..@.
.............@.....@.@.@..@...@@@@.........@..@..................@..@.
...@....@....@..@@@@@....@..@..@.....@..@.......@..@@@...............@
@....@........@......@.@.................@...@@.@....@@@.....@........
....@....@@...@..@...............@@....@..........@....@....@..@..@...
....@@...@......@...@.........@...@.@...@.....@@@.......@..@..........
Agents:
65
0,66,49,39,60
1,24,40,67,36
2,13,41,14,10
3,48,28,0,50
4,51,59,2,51
5,29,0,44,20
6,48,25,15,7
7,57,9,8,26
8,41,15,2,60
9,23,42,17,55
10,15,59,15,59
11,5,37,24,13
12,61,12,19,50
13,30,65,16,52
14,42,51,41,26
15,40,18,55,3
16,4,56,10,25
17,29,61,46,21
18,60,47,49,9
19,2,19,2,43
20,26,50,28,46
21,26,52,28,13
22,26,58,13,46
23,22,14,11,42
24,28,3,4,57
25,8,62,22,16
26,7,52,65,60
27,53,57,49,5
28,65,38,3,55
29,4,55,27,38
30,12,55,43,53
31,28,65,3,36
32,47,53,1,58
33,38,60,23,62
34,62,15,6,40
35,33,41,30,51
36,38,26,34,57
37,52,67,66,29
38,12,17,34,7
39,62,2,51,45
40,15,41,50,38
41,20,0,26,49
42,39,6,7,60
43,35,31,17,69
44,69,62,9,9
45,37,44,59,19
46,51,37,29,52
47,6,27,67,29
48,14,62,42,10
49,68,20,18,28
50,45,59,17,39
51,21,59,30,34
52,58,56,58,7
53,2,31,43,60
54,52,41,4,40
55,38,44,8,0
56,1,58,38,46
57,26,14,69,18
58,29,37,18,46
59,20,52,55,44
60,9,31,43,29
61,3,63,35,32
62,61,55,31,54
63,2,69,41,1
64,3,31,41,3
