0
Grid:
20,20
.....@.@...@...@..@@
.@@@@@@.....@..@....
..@.@.......@...@.@.
.@.@@...@....@.@...@
..@..@.@.@.....@@...
.........@.@....@..@
@@.............@.@..
@....@.....@........
@@..@..@........@...
@.@..@....@....@..@.
.....@@@...@....@@.@
..@...@.@@@....@@...
@@@@......@...@...@@
.@@.@@......@.@..@..
@.......@@.@..@..@.@
@....@..@.@@.......@
.@...@..@@@..@@.....
@@....@@@..@.......@
@......@..@.....@...
...@@...@@........@@
Agents:
11
0,10,15,6,6
1,5,15,8,6
2,2,7,13,7
3,12,16,5,8
4,3,11,13,18
5,1,7,2,17
6,2,15,6,12
7,0,8,2,0
8,0,6,0,6
9,7,2,9,14
10,6,10,2,8
