0
Grid:
70,70
....@........@@.......@...........@........@...@.....@.@..............
.................@....@...........@............@.....@................
.....@.......@@.@...............@...............@...@....@....@.@.....
.................@...............@.....@.@..........@.....@.....@@..@.
..............@........@..........@...@..@@.......@...@..............@
.....................@....@......@.......@........@.......@...........
.................@........@.......@...............@.@.................
.@.@......@.....@............@......@.......@.................@......@
.........@@.............@.........@.............@.@.........@.@..@....
............@.....@.@.........@.................@.....@...............
...........@@.................@........@..............@...........@...
.........@.........................@..@.@...@...@....@................
...................@.....@.......................@........@...........
...............@...........@....@.@....@..@@@...........@.@...@.......
...@.....@..@.........................................................
.@....................@........................@......................
..@.@.................@@........@.@...@...@...........@...............
...................@.@........................@.......................
.........@.........@.......@.@............@..@@....@..@........@......
........@...................@.@..........@.............@..............
....@......@............@....@@.......................................
.......@..............@.@@..@...........@........@......@....@.......@
.................@@...................................................
...............@..................@...@.....@...@@...@................
.......@...............@@......@.@.@.......@.@........@@...........@..
...........@....................@.......@........@................@...
........@.@..............@.......................@@...................
.@.........@..@........................@...@...@...............@.@....
...........................@@........@.@..@..........@...........@....
...............@..............@.......@.............@.............@@..
..........@......@...@@...............................@...........@.@.
............@............@................@@.....@...@................
@......@....................@...............@...............@..@...@..
..........@........@................@..........@....@.......@..@......
....@.@@.............@...@..............@.....................@.......
.@@@...................................@@.................@........@..
.......@.............@........@......@.............@.........@.@@.@@..
........@......@.........@...@....@...................................
.......@...@...............@................@..........@........@.....
......................@...@....@.@....@...@..@...@.....@...@......@.@@
.....@.@............@.......@@...@.@.@...@@.............@.............
......@...@@.......@@@.......@..............@........@..............@.
.@.........@.@.......@.........@.......@......................@.......
......@..........@........@@........@.........@............@@.....@...
..............@......@............@........@....@.@..............@....
.........@.@@...........@.......@.....@....@.........@..@.......@.....
....@....@...............@..................@.....@.@.............@...
........@......................@.@..............@...........@..@......
.@...@...........@............................@.......................
......................@.@..@..@...............@...@...............@...
............................................@...........@......@......
...@......................@...............@@...............@..@...@...
..............@....@............@..........@..........@..@.......@....
........@......@......................................@.@...@.........
............@.......@.........@...@......@............................
@.....@.............@...@...............................@.....@.......
........................@.............@........@@...........@.........
.@@@......@....@.....@........@....@...@.........@..................@.
.@@........@.........@.........@@..........@....@....@.......@........
@..................................@.....@..@.........................
.........@@@....@..........@......................@......@.....@......
.@................@..@...................................@.@..........
...............................................@.........@............
..@..............@.@..@......@....@.....@....@..@.@...........@.......
@.....................@....................@.....@.......@.....@.....@
@.......@.......................@.@.......@.@......@..................
............@.@........@............@...........................@....@
@..@....@@.@@..............@......@.....@..@..@.................@.....
.........@.....@.@.......@.........@......@..@........................
........@..................@..........@..@..................@.........
Agents:
55
0,60,48,22,2
1,61,38,59,68
2,16,63,26,48
3,52,69,7,50
4,65,19,40,39
5,53,35,28,57
6,59,63,30,3
7,32,24,63,60
8,55,57,46,10
9,12,50,51,21
10,26,15,8,5
11,40,54,52,2
12,3,54,0,66
13,49,39,16,56
14,18,4,13,20
15,8,1,55,15
16,36,6,0,20
17,22,1,67,62
18,60,56,28,2
19,7,66,27,19
20,46,12,9,2
21,60,0,12,29
22,47,2,36,56
23,8,33,44,42
24,18,10,48,7
25,21,45,67,66
26,68,32,51,31
27,59,67,0,1
28,19,23,63,8
29,1,61,58,55
30,25,9,36,47
31,26,57,55,37
32,27,26,44,52
33,2,53,13,47
34,66,26,14,54
35,42,30,44,19
36,39,28,11,62
37,63,3,11,64
38,62,15,16,36
39,65,31,32,15
40,25,68,31,56
41,50,60,58,3
42,7,59,2,20
43,11,62,11,49
44,37,54,1,40
45,65,55,53,16
46,57,50,21,9
47,43,64,6,16
48,39,20,33,53
49,0,25,38,56
50,37,61,25,42
51,6,40,21,63
52,38,56,22,13
53,65,36,17,26
54,31,55,36,44
