0
Grid:
70,70
.@@......@..@................@........@@@...@.....@.@.......@..@@.@...
@.@...@@.@......@@@@.@..@@.......@.@..@....@@@.....@@@......@.....@.@@
.....@@.@@...@..@..@@@@.@@...@.....@@@.....@@..@.@.....@..@.@.@...@...
@@@.@...@...@@......@.@....@@......@.@...@.@...@..@.@............@..@@
.@...@@......@.@.@....@@.........@.@.@.@..@..@.@......@..@@.@@@@.@...@
@.....@.........@...@@.@...@....@.....@.@........@......@@@....@....@.
.@@.@@..@.@.@@..@..@.@....@..@..@@.....@@...@@...@@.@@@..@.@...@@@@..@
...@.@...@.....@@....@..@@.@......@@@..@.....@.@.@.@........@@......@.
...@@@.@.@@@..@@...@............@...@...@@.@@.@..@....@@@.@..@...@.@..
......@.......@.....@..@........@...@..@...@@.@@...@.....@.@.@.@......
@@.....@.@@@.@......@...@.....@..@.@..@@@.@.@.@.@@@..@..@...@.....@..@
@..@..@...@...@@.......@...@..@..@@.@.@.@....@...........@...@..@@....
@.@.@.....@.@.@......@.@....@@@@.@..@...@...@@@@@.@..@.@@....@@@@@...@
@.........@.......@.@@......@@@..@@@@..@.........@@.@.@.@.@...@...@@@.
..@@@....@.@@....@@...@@@.@@.@..@.@.@..@.@...........@......@....@....
.........@..@@@..@..@.........@@......@@@.......@@..@@.@....@..@....@.
.......@@.@@..@.....@.@.....@..@.@...@....@..@.@@@@.@@.....@.@@.@..@..
@..@......@@....@.....@....@.@.@@@@....@.......@.....@.@.@..@........@
..@@@....@.@@.@...@@....@....@....@@....@.@....@....@.@..@.....@......
...@@..@..@@.@............@@..@.@@.@.@...@..@..@@..@@.....@@@..@@.@...
.@.@@.@.@@..@.@...@....@...@@@...@.......@.@.@...@.@...@....@.@.@...@.
.@@...@...........@@...@@.@.....@.@..@.@........@...@...@.@@..@@@....@
@@.....@.@.......@.@@.....@........@.@...@@..@...@.@..@...@...@.......
..@@.@....@...@..@.@@@@.@.................@...@@....@....@.@@.........
...@.@@@@.@.@...@@..@.@.....@........@...@.....@@......@.....@.@.@@...
@..@...@@..@...@@..........@...@....@@......@..@@@.@....@...@....@.@..
......@..@...@.@.@.@..@..@....@.............@..@..@@.......@...@@@.@@.
@@@..@...@@.......@......@@..@.@@...@@.......@@.@@@@..@@@....@.@@@....
@..@....@...@.@@..@@@.....@.......@..@@....@..@..@......@.....@..@.@..
.@.@@....@..@..@....@@@.......@@....@.@@...@...@.....@..@...@.@..@....
@@...@......@...@.....@@@..@.@@.@..@.@@..@@@.@.@@......@@@@@..@...@@..
@@..@@....@............@............@..@.........@.@@.....@@@.@@@.@.@.
@.@..@.......@..@@..@.....@.......@@....@.....@..@@@..@..@.........@..
..@......@.@......@@.@...@..@@..@..@...@...@..@@@...@.@@@...@@.@...@@.
..@........@..@....@.............@...@.@@.@..@..@....@.............@@.
.@....@@.....@.@.@.......@@.@@..@......@.@..........@........@......@.
.....@@@@..@........@.@...........@.@....@.....@@.........@..@...@.@@.
@...@..@.@@......@.@@.@@....@@...@..@.....@..@@@.@.@...@.@....@....@@.
@..@..@@..@@...................@..@@..@....@.......@...@...@@..@@..@..
...@@...@...@.@@....@@..........@@......@@.....@..@..@..........@.@...
..@@@..@@....@..........@@@@..............@.@@.@@@..@@.@....@@..@@....
..@.@@.......@.@.@@@@@.@@..@..@.@....@...@@..@..@........@.@....@..@..
........@.@.@..@@@@@..@@..@...@..@.@.@..@@@..@....@..@.@......@...@@..
@....@.@.@.@.@......@..@@..@.@@@@........@@...@@@..@...@..@@.@.@.@@...
.................@..@..@....@@..@@.....@.............@........@..@..@.
@....@..@.@...@@..@.......@@.@@@....@....@...@..@.@...@@...@..@..@.@..
...@...@.@@.......@.@@.....@@...@..@...@...@......@..@.@...@....@@.@@.
...@..@.....@......@.@@.@@..@..@.@..@....@.@@@....@@..@.......@....@@.
@@...@.@.....@.@...@..@....@.@..@....@......@....@..@@.....@@.@...@...
@.........@@@.@.......@..@@..@@..@.@.....@@@.@@@..@.@@@....@..@@.@...@
.@..@........@...........@.@.@...@...@....@@...@@..@.....@.@.@.@....@.
.....@.....@....@.....@.@@....@..@@.....@@@..@...@...@@.....@.........
.@......@..@..@......@@.....@...@...@..@.......@...@.....@@@@@.@@..@.@
...@............@@@...@@.@....@@....@.@..........@.@.......@@.....@.@@
....@...@...@....@...@.....@..@.......@@@@......@.....@.......@......@
.......@..@@.@@.@@..@@...@.@.@@..@@........@..@.@.......@.@.@@...@@...
@@.....@...@@...@..@..@....@.@....@..@.......@..........@..@..........
...@@..@@.......@.@@..@....@.@..@........@.......@......@.@@.....@..@.
.@......@.....@.@.....@......@....@@.@@.....@....@@@@...@@@.@.@.......
@.@..@@@.............@....@..@......@@@@@..@..@..@......@...@@@....@..
....@..@@..@@.@................@.@.@@..@@.....@@..@...@...@.@@.@......
..........@@..@..@@..@...@...@....@....@@....@.....@.@.@...@.....@....
.......@.@...@.@@.@..@@.....@...@@.@@@..@.........@.....@.@@@@...@..@.
@.@....@@...@.....@...........@..@@..@..@.@.@..@@..@.@@@......@..@.@..
....@.@@...@.@.@....@@..@..@@......@.@.@@.@......@....@..@..@@.@@@@...
@@....@...............@.@.@..@...@.@....@...@@..@.....@@@.@.@.@@.@...@
.....@..@.@.......@@...@@............@@@@..@.....@..@.........@@.@..@.
..@@.@@...@....@........@@..@@..@....@..@..@........@...@.......@..@..
...............@....@@@@@.@...............@......@....@.@@.@..@@.@....
@@@....@.@...@...@.@.@@.@.@..@....@@.....@.......@..@..@.@..@@@.@.@.@.
Agents:
50
0,22,18,34,9
1,31,26,6,41
2,65,64,65,64
3,4,21,40,16
4,59,12,61,69
5,4,30,5,13
6,64,17,28,11
7,53,65,9,41
8,3,14,35,19
9,12,25,27,20
10,64,31,31,65
11,68,16,36,37
12,7,63,14,1
13,69,59,58,24
14,38,30,9,53
15,36,63,14,45
16,41,58,54,52
17,11,8,3,63
18,43,52,65,34
19,67,51,68,27
20,49,8,52,26
21,6,6,39,23
22,31,33,50,66
23,13,57,36,31
24,43,43,56,39
25,6,0,40,10
26,3,23,32,44
27,23,15,0,59
28,14,56,10,37
29,32,18,60,26
30,43,25,21,8
31,2,40,48,9
32,61,57,51,64
33,51,6,50,26
34,33,53,4,53
35,58,10,37,59
36,34,25,35,59
37,33,20,16,38
38,46,60,0,54
39,25,43,52,13
40,61,44,10,28
41,1,47,28,6
42,15,58,24,32
43,55,59,59,27
44,62,10,46,1
45,11,46,41,7
46,38,23,13,14
47,39,35,15,3
48,5,3,1,4
49,22,6,11,22
