1
Grid:
70,70
....@.@.@@..........@.@.@...@.@.......@.@..@.@@@...........@..@..@.@@@
.@.....@....@.@@.....@@@...@....@.......@.@@....@.@@......@........@@@
...@..@@@@.@.@....@.....@@.@@@..@@@...@.@....@@.............@.@@.@@@..
@@.@.@@..@..@.........@.@....@...@...@..@.@@...@.@..@.@..@@.........@@
@..@@.@..@.........@....@@......@.@..@.....@@.@@..@..@.@...@.....@.@.@
...@...@..@@..@....@@.......@@@@.@@..@....@@..@@@....@....@.........@.
@.@......@..@@....@....@..@@..........@@..@........@@............@.@@.
@....@.......@@.@@....@@..@..@@@......@.@.@@@....@...................@
@...@...@.@@@@@.......@@...@..@@...@.@.......@@........@@@....@..@..@@
..@....@........@@...@...@.....@.@.@@@......@...@.@...........@.@@.@..
.....@.@......@...@.@...@..@@...@@.......@.....@@....@...............@
..@..@.@.....@.@@.@@@..@@@@.....@.@@@........@.@...@.@.@@..@.@......@.
..@..@.....@..@@...@@.@@@.@................@..@..@.....@..@..@@.....@.
.@.@.@.@...@@.@..@.@@@.@@..@..@....@........@.@@.....@@..@....@@....@.
...@..@@..@.......@..@.......@.@.@..@.@@...@.@@............@......@@..
.@....@..@...@..@@@..@@...@.@@.@..@@...@.@..@.@.@@.@.@..@..@........@.
@.@.@...@....@...@.............@.@..@.....@@@.@...@@.........@....@.@.
.@@.@@....@@...@..@@@......@@@...@@.@..........@........@@........@..@
.@.@@....@@@.@.@........@@@..@.@...@@@@...@..@.@..@.......@.........@@
.@....@@....@@@.....@.....@.@.@..@@@@@@@........@..@@.....@@..........
...@.@.............@..@@..@.......@@..@..@....@.@...@.................
.@...............@@.@...@...@.........@..........@.@....@...@@@......@
..@.@@..@.@........@@...@..@.@....@@.@@..........@@...@..@........@...
....@.@@....@@.@@.....@@..@....@..@..@...@@....@.........@......@....@
..........@..@..@.@....@@.@@@.@....@....@.......@@@........@@.@.@.@...
@.......@@@...@..@.@@...........@@.......@@@@....@......@...@...@....@
..@.....@@..@..@..@..........@...@.....@@..@....@...@...@..@...@@....@
@...................@@....@...@....@@@..@...@....@....................
.@......@.......@@@......@@...@...@.@..@@.@.......@...........@...@..@
..@...@...@.@.......@@@.@@.......@..@@@.....@@......@.....@.@@@....@..
....@.@...@..@..@...@@..@.@@........@..@..@...@@....@.....@.@.@..@...@
..@.@.@...@@@.....@.....@.@@@..@@...@..@.........@@....@@....@@.@....@
.@...@@.........@..@..@...@.@.@......@...@..@.@..@@....@@@...@..@.@.@@
.@.@.@@.@.@@.@@....@..@..@..@.@.............@@..@....@.@@@...@.....@.@
.....@..@@............@@....@....@..@@.@.@.......@..@...@..@@@@.@..@@.
.@@.....@..@....@..@@...@....@..@@........@...@..@...@..@...@......@..
...@...@@...@@..@@@......@.@@@..@@@@.....@@..@........@.......@....@..
.@..@....@.@......@....@.....@..@..@@.....@...@@@......@.@@.@.@@......
....@......@..@..@.@..@.....@...@.@@@...@...@.....@..@..@@..@.@@@..@..
@..@.@...@.@..@.....@..@...@..@..@.....@...@..@.@....@@@@...@.@.......
.......@....@@.............@.@...@.@....@@.@....@.@....@..@.@...@.@@.@
.........@@@.@@.@.@..@.@.@..@@@.@...@@.....@....@@.@@....@....@.@.@.@.
.....@@..@...@@....@.........@@@@.....@.@@@...@..@.@......@@.@@@.....@
...@......@..@.......@@......@...@....@.@...........@..@@@@.......@...
........@.....@@.@.......@..@...@@..@@...@@.@@@@..@.@.@@..............
.....@@...@..@@.@.@@..................@.........@.@.@@@@..@@....@@.@..
@@.@@@@@............@.@.@..@@..@..@@.@.@@.@.@.@@..@.......@......@.@..
.......@@@...@.@@.@@@..@.@@..@.@@@@..@.@..@@..@@.@@..@@.@.@..@......@.
@@@.@..............@..@@@@@.....@...@.....@..@.@.....@.@.....@......@.
..@.@@....@@..@.@...@...@.....@..@@@.@.@@...@...@...@...@.........@..@
..@......@@...............@@......@...@.@....@@.....@...@.....@...@@..
@@..@.....@@.@.@.@..@..@..@.@......@.@@........@@..@.@.............@..
@...@.@.....@......@.@..@...@@..@....@..@@....@...@.@...@@@.@.@.@@@...
........@@.@@.@.@@.@.@....@@@.@@..@.....@.....@..........@..@....@...@
..@.@.@@.@@@@...@.@@....@@...@@@.......@.@..@@....@...@@..@@....@@..@.
...@@@..@.@@..@......@@@.@..@@@...@@@....@.@...@@.@.@@..@@@@..@..@.@..
...@.@..@.....@.@....@..@@@.@..@@@@@@@..@..@.........@@..@.....@..@@@@
....@@.@@...@...@@.@...@@......@.....@@@@.@.....@@.@..@@@....@...@.@@@
........@..@..@.@.@@...@.@@..@....@@...@@@........@.@@..@....@@..@.@..
@..@@...@.@...@..@....@..@..@@@......@@...@@...........@..............
.....@.......@.@...@.....@@..@@@@..@..@......@..@..@.......@...@..@.@@
.........@..@.........@@.....@.@....@....@....@...@........@.....@....
@...........@..@.....@....@..@.............@.@......@@@.@...@..@.@..@.
....@@....@.@...@.@..@@.@@..........@..@@@....@.@.....@....@.@.@.@@.@.
@..............@.@.@..@.@@......@@.@@..@@......@.@...........@...@.@..
.@....@...@.@.@.@@..@.@@...@...@@....@.@...@.@@@..@.....@@..@@.....@..
......@...@...@@..@......@..@.@.@...@@.@@....@@@.@...@@@..@@.@@@......
.@.....@.....@............@....@.@.@@@.@@....@@@.......@..@.@..@@@@..@
@...@..@.@@@.@.@..@.....@....@....@.@@....@....@...@......@..@..@..@.@
...........@...@@@.@..@@@@@.@....@...@.@............@..@.@..@..@@.@...
Agents:
70
0,48,40,34,17
1,66,64,6,6
2,5,21,0,36
3,68,49,68,22
4,23,54,68,53
5,69,12,12,9
6,52,61,12,51
7,0,37,24,7
8,29,68,51,3
9,7,67,26,34
10,32,52,15,65
11,55,49,64,34
12,32,7,44,65
13,8,44,17,63
14,46,26,26,45
15,21,7,63,11
16,3,16,10,15
17,9,41,25,31
18,5,36,47,10
19,51,64,6,46
20,51,57,35,27
21,40,28,14,16
22,60,8,8,48
23,59,16,16,22
24,64,12,1,34
25,59,9,28,6
26,3,48,48,5
27,1,55,67,27
28,35,26,23,67
29,19,44,60,52
30,27,57,28,60
31,62,41,41,4
32,15,37,68,6
33,52,15,52,16
34,26,21,19,27
35,49,29,41,27
36,18,57,0,11
37,63,14,4,64
38,4,16,64,42
39,44,6,27,54
40,68,56,61,44
41,23,18,47,65
42,6,19,1,36
43,53,52,62,48
44,43,46,66,52
45,5,5,29,51
46,59,5,49,63
47,25,1,55,46
48,31,30,68,8
49,10,59,17,32
50,65,19,33,54
51,22,17,21,48
52,24,1,10,1
53,5,17,6,57
54,20,66,62,5
55,24,43,50,59
56,12,50,61,18
57,29,17,57,21
58,26,38,26,27
59,25,39,43,5
60,42,26,36,51
61,10,50,5,63
62,48,64,66,22
63,37,16,50,36
64,24,33,45,0
65,29,26,16,40
66,21,3,69,27
67,0,42,10,55
68,40,42,24,39
69,54,27,7,36
