1
Grid:
70,70
................@@....@@@..@.......@........@.........@..@@.@...@...@.
......@@@.....@.....@@.......@..@.@.@.@.......@.....@.@..@...@@....@@.
.@.........@.@.@...@..@@......@@.@........@.@...@.@.@..@..@.@@@.......
@........@.@..@..........@....@...@...@..........@..@.@...@..@@@..@...
@.@.@.@@..@..@.....@.........@............@.......@........@....@..@..
@..@..........@@.............@...@@..@@..@.....@..@...@.....@......@..
..............@..@..@...@@.@.@@.@.......@.@.....@.....@@.@......@@@.@.
...@..@...........@..@@.....@@....@..@@.@@@.@@..@.....@..@@.@@@...@@..
@...@..@@.@.@.@....@............@....@...........@.........@.@......@.
.......@..@@@........@.@@.....@.@..@@....@.....@.....@@@.@......@.....
...@@....@@.@@...@....................@..@.@@.......@.......@@@....@..
@.........@@.....@..@..@@.......@@@@..@.@..............@@@..@.........
.@.......@@..@.@..@@..@.@@@..@..@.@.@...@....@..........@..@.....@..@@
..@.@.@..@...............@....@@.......@..@......@@........@..@.......
@.@....@........@....@..@..@...@....@.@......@...@@@..@..@..@.......@.
...@...@............@..@......@@..@.@..@....@.@................@..@...
.......@@.@..@...@.@........@.....@.@.@@......@@..@...@.@...@.@@.@@...
@.@.@.......@...........@....@....@@@....@@...@.@@.@.........@.@......
.@.........@.@@@..@@...........@.@@.@.@.....@............@..@........@
...@......@@......@..@.@...@...@.@.@..@.@...@..@..@@@...@..@.@.@.@....
..@...@.@@@.@......@......@....@...@...@..@@.@@...@.@...@@...@@@......
.@....@.@...@..@@.@...@..@....@@.@......@......@.@...@@@.@..@.@.......
.......@.@....@.@..@.@@...@.....@...@.....@...@....@.@.............@@.
.@....@..@..@...@.@...@....@...@.....@.......@...@@@@...@.......@...@@
...@@....@.@.@....@.....@...........@@..@.@@@@@...........@...........
@@..@..@@.@....@.....@........@.....@...@..@..@.@@..@.@...@.@.@@..@@@@
....@.@..@....@...@@@@............@.@@.@...@..@.......@.....@.@.@@.@..
............@..@@..@..@...@....@@.......@.@..@....@......@.......@....
.@............@..@...............@...@..@@@@..@.........@.@....@.@.@..
...@@@.....@...@@.@@..@..@@@....@...@@..@@.@..@@.....@........@@@.....
....@..@@.@..............@..@...@@...............@........@..@.....@@.
.....@...@...@@.......@....@........@@.@@@.@@@.........@..@.@....@....
.@..............@.....@@@.......@.....@.@.......@.@.@...@...@.@....@..
.........@.@...@.@........@.@@....@@......@.@.....@@................@.
..@@...........@@.@..@@@........@@...@.....@.......@.@.@.@@.@@........
..@@.@..@.......@....@...@.......@@.......@@...@.@....@..........@....
@...@..@@@........@..@.@@..@.@.....@.@....@@.@.@...............@......
.@....@....@.@...@....@...@....@.......@.....@.@..@..@.@...@.....@@...
.....@.......@@..........@@.@......@.@..@@@......@....@@.@...@...@.@..
...@....@.....................@.....@..........@...@......@.@..@..@...
.........@...@.@.....@.@...@.@.@....@........@@..@......@..@.@.....@.@
@.@......@@....@.....@....@.@..@@....@.....@.....@......@....@@.......
.......@@@...@@............@.@.@@....@.@@.......@...@@@........@@...@.
.........@....@.@@@.....@..............................@.@..@.....@.@@
..@....@@..@.@........@.@....@.@...@.@..@.....@@..@@.@...@@.......@...
.@..@@.......@....@..@@....@@.@@.......@...@@......@@.@.@....@......@@
.......@.........@............@.........@....@.@..@.@@.@@...@...@@....
@.@.......@@@............@.@.@.@@................@.@@@...@.@.........@
..@@@@@@...@@......@@......@...@..........@@.......@.....@.@.@.@......
..@.......@.@@@...@...@@.......@...@.@@@...@@....@@.@.@@@.@.@.........
@.....@@.@...@.@.@....@.@@....@.@......@.@......@.......@....@.@@.....
..@.......@...@@@.........@.@@....@.@......@......@............@......
.@@.@.@@..@@.@.@@......@.....@@...@.@...@...@..@@.@.@........@..@@...@
..@....@...........@.......@........@.@@....@@@..@........@..@.@.@....
@........@@......@.........@..@...@.@........@@@.@@...@.@.@..@.......@
.@@.@@.......@@...@......@..........@.@@..@......@...@.@...@..........
...@@.@...@....@.@....@...............@@...@.......@....@...@@..@@..@.
........@.......@@.@.......@@.......@@..............@..@...........@@@
@...@...............@....@@...@.@..@..@@...@.....@............@.@.....
.@@......@..@....@.@...@.@...@@.....@@@..@..@.......@......@....@...@.
....@.........@@........@@......@@.....@.@.....@..@...@.....@.@...@...
..........@........@@...@@..@...@....@@..@..@@...@@......@...@....@..@
...@......@......@@.@.@....@.@@....@.@@.@@.@@..@@.........@@....@....@
.@@..@@.@@.....@....@@.........@@...@.@.@....@....@....@.......@..@...
......@..@..@.@........@.@.@.@...@....@.@........@.@@..@@.@.......@...
..........@..@.@..@........@@..@..@.@.@....@@.@.@@.......@.@..@@@.@@..
.@...........@.@@........@..@.......@@.............@...@...@..@..@.@..
@@.@...@...@@@.@....@..@.@@..@....@...@.....@@..@.....@..@@.......@..@
.@@.@@........@@...@.........@..@@.............@.@...@...............@
.@@...@......@@@.....@..@....@@....@...........@........@....@@....@..
Agents:
85
0,59,60,4,48
1,45,35,2,69
2,60,27,43,56
3,41,29,43,43
4,5,28,45,24
5,25,9,25,9
6,61,4,8,51
7,61,62,42,47
8,20,7,65,39
9,29,10,67,24
10,66,26,69,65
11,34,42,9,27
12,3,46,55,19
13,65,35,41,24
14,26,15,8,23
15,24,26,36,51
16,18,41,5,43
17,9,62,16,57
18,1,44,33,69
19,28,61,51,59
20,58,48,30,50
21,48,50,66,44
22,39,34,33,52
23,22,3,55,51
24,65,65,20,25
25,49,29,39,34
26,33,59,42,19
27,52,46,11,62
28,11,2,26,50
29,43,20,61,52
30,61,40,21,63
31,38,47,25,47
32,36,60,64,68
33,14,12,41,45
34,47,47,41,52
35,19,54,67,39
36,47,20,2,16
37,31,23,11,52
38,62,50,9,51
39,44,25,23,54
40,32,25,44,23
41,18,9,33,58
42,57,7,33,7
43,66,44,43,0
44,36,5,63,69
45,50,37,69,54
46,12,42,68,58
47,12,5,15,32
48,9,69,37,21
49,53,59,39,17
50,43,32,45,26
51,45,40,8,33
52,2,10,0,48
53,27,58,14,18
54,63,7,62,19
55,39,61,33,56
56,60,29,49,63
57,57,2,66,31
58,53,26,59,42
59,42,24,14,65
60,16,32,32,0
61,42,28,2,46
62,36,58,31,46
63,14,19,58,65
64,29,59,51,62
65,47,62,59,28
66,44,5,51,57
67,3,20,36,1
68,15,49,3,51
69,1,40,13,12
70,48,14,51,12
71,64,24,30,12
72,55,32,4,51
73,64,64,3,69
74,16,35,18,39
75,41,50,38,62
76,47,40,36,10
77,64,32,0,13
78,52,35,2,39
79,49,42,37,29
80,27,66,58,3
81,10,69,32,11
82,21,69,26,13
83,31,52,55,28
84,45,8,33,43
