0
Grid:
70,70
.@.@....@.....@............@.@.@@....@..........................@@....
........@.@..@@...@....@.............@.....@..@..............@........
............@..........@...@..........@...@...........@@.........@....
.@...@..@.........@............@.....@................................
......@.............@................@...................@............
.........@...@.............................@@................@...@....
............@..@..@..@........@......@...........@..........@.@.....@.
.@.....@..................@.@........@..............@.......@..@......
@...........@..@....@...@..................@.@...@.....@..@....@......
................@.....@..........@......................@......@......
....@..............@...@....................................@..@......
......................@.@.....@@..............@.....................@.
................................................@.....................
......@.........@..........@.......@@@@...............................
....@@.@.....................@...@....@........@.....@................
..........@.......@@@..........................@.......@....@..@.@....
............@....@.........@..@........@..@............@..@........@..
......................@@.@.................................@..@.@....@
.@...................@@@.......@.@.@...@....@.........................
...@....@.............@..........@..@.@@.........@....................
...........@...........@...................@..@........@...........@..
....@.@...........@............@....@....................@............
.....@...@.......@.@.........................@............@...........
.............................@@.....@..................@..@.....@.....
...@....@...@.........@@....................@...............@@........
..........@...@.@........@...@@........@.@.@.@.@..@.........@.........
......................@.@@@..............@............................
..@.............@.......@..........................@@......@..........
..........................@.....@.............@.......@.............@.
...@.........................@......................@@........@.......
................@.......................@..........@@...@...@.........
......@..@..@.@...@....@.........@..@...........@@............@.......
.@..............@...........@.@@......@..@...@.@......................
...........................@@.........@.@...........@.@..@..........@.
......@...@...@......................................@...........@@...
...@............@@...............@..........@......@...@@@.......@....
...@...@@.............@.@.............................................
...@.......@....@.@..............................@.......@@.@......@..
..@.......@@............@.@..@..@...........@......@........@.........
.........................@..........@................@......@..@......
........@..........................@.........@................@.......
...................@.@..............@..@......@...............@.....@.
..@..@...@....@...@....@@............@........................@.......
........................@................@@...@..............@..@.....
.........@.@............@......@.@@.@.....................@...........
..@.@................@..............@............@....................
.................................@..............@......@.......@......
.......@.....@...@.........@..............@...........................
..............@....@............@.....@.@.............@....@..........
@...............@...................@.@@.....@.........@..............
.@..........@................@...@..........@............@..@.........
...@..........@.@.....@............@.........................@......@.
....@.....@..........@...............@..@.............@.....@..@......
......................@@...@...............@...@@.....................
@......@.........@.....@..@..............@..........@....@.@.....@....
....................@@..................@.@..........@..............@.
..............................................................@@......
...........@.@...@.@...............@......@....@......................
..@......................@.....@...@...............@.@.@..............
..........@.......@.........................@.............@...@.......
.@......@..@@...@...............@......@.............@.....@..........
.........@.@..............@.........@...................@.........@...
....................@...@.......@.....................@....@..........
@.@...........@....@.@.@...........@............@.........@@..........
.@....@....@..@.@.@...............@...................................
@.@....................................@.....................@........
...@......@.....@...............@@....................@.........@.....
..@.@@....@..................@........@................@..............
........@.............................@..@@.......@....@.....@........
..@@@...@..@...........................@...@............@.............
Agents:
70
0,23,3,50,31
1,58,8,49,6
2,12,50,52,26
3,3,3,17,28
4,30,61,30,18
5,59,63,34,68
6,40,7,0,53
7,45,43,68,30
8,27,28,22,10
9,64,15,5,11
10,67,47,35,25
11,0,21,19,30
12,19,59,21,42
13,8,22,24,38
14,68,4,67,23
15,60,45,57,68
16,33,22,16,19
17,34,49,45,23
18,43,49,68,27
19,52,49,67,8
20,30,23,18,15
21,58,65,43,8
22,3,46,39,48
23,13,56,31,30
24,14,16,41,26
25,52,7,35,26
26,5,10,5,0
27,7,61,2,10
28,31,13,60,69
29,64,7,63,49
30,63,55,69,29
31,44,23,25,8
32,9,48,67,7
33,55,43,11,18
34,2,15,32,36
35,55,44,67,28
36,59,5,14,16
37,17,43,54,35
38,45,22,31,4
39,33,13,63,62
40,63,25,68,16
41,41,52,43,55
42,54,22,50,65
43,30,2,37,5
44,63,8,20,16
45,1,60,56,29
46,46,10,41,58
47,69,40,47,22
48,22,31,39,40
49,21,2,51,25
50,43,58,63,52
51,38,42,59,60
52,43,50,29,9
53,65,27,12,64
54,2,18,37,7
55,5,56,60,55
56,6,3,17,30
57,25,33,6,64
58,30,32,56,17
59,11,9,27,19
60,41,55,38,64
61,45,23,10,37
62,13,18,38,5
63,31,26,54,33
64,1,39,32,40
65,8,30,62,14
66,1,12,33,44
67,48,50,44,66
68,6,35,17,31
69,6,52,65,20
