1
Grid:
30,30
..............................
..............................
..............................
..............................
..............................
..............................
..............................
..............................
..............................
..............................
..............................
..............................
..............................
..............................
..............................
..............................
..............................
..............................
..............................
..............................
..............................
..............................
..............................
..............................
..............................
..............................
..............................
..............................
..............................
..............................
Agents:
15
0,22,0,20,16
1,26,20,21,22
2,25,28,19,13
3,14,19,28,16
4,5,2,5,21
5,20,29,22,23
6,2,1,18,13
7,7,15,14,6
8,5,6,4,15
9,8,29,19,28
10,19,1,15,4
11,19,7,4,28
12,20,13,1,21
13,8,22,15,0
14,7,19,7,29
