2
Grid:
70,70
..@...@@...@.@@..@....@...............@....@..@.......@.....@....@@...
...@...@@.@.....@@..@............@....@@@....@....@..@.....@.@........
@.....@.@@.@..@@..@@@...@.@..@@........@...@.@@@..@...@.....@@..@...@@
@...@.@.....@......@@..@@......@.@@@.@.@.@..........@@.@...@@..@.@.@..
...@..@...@......@.......@..@...@@..@.@......@.@@.@..@@....@@.@@.@....
...@....@..@@.......@@............@.....@@...@..@.......@..@...@.@@@@.
@..@.@..@@@..@..@.@.@@@@@.@....@.........@.@............@......@..@.@.
..@@@..@@......@@........@.....@...@@.@@.@@......@..@.@.@@...@.@@.@.@.
.@....@@...@....@@@.@....@.@...@...@.@........@.@@..@.@....@@@@@.@...@
..@....@...........@...@@.....@...@......@.@.@.@........@..@...@..@@..
..@..@.@...@...@.....@@@.........@........@...@..@.@@.@.....@.@.@.....
@.@....@..@.@@@..@.........@@..@@.@.@..@..@.......@..@....@..@...@....
....@.@.@@.@..@...@..............@@.@..@.....@..@@...@.@....@@........
@@...@...@.........@@.....@@@.@....@.@@@.@...@.@...@.@..@@..@.@.....@.
.@@.@@@............@.@.@@@@@..@....@...........@.@.......@....@.@....@
.....@@.........@..@.@....@@@.....@.@..@..@...@.....@@.......@.@@.....
...@.......@@@....@....@@@.@@.@....@....@...@..@@@.@...@..@..@..@@....
.@.@@.@..@.@@@@.........@..@..@@..@.@@@.@.....@..@.@...@@.@..@....@...
......@@@@..@.@....@..@.@..@....@.....@......@@.@@@.........@..@.@@@..
...........@..@....@@........@......@...@.....@...@.@.@.@.@...........
..@.@...@@.....@@.....@.@....@...@@......@@..@.....@......@@.....@.@..
@..@@..@.@.@.@@.@@@.@..@.@...@.....@..@.........@.@.@..@...@..........
..@.@@@....@..@...@........@.@.@..@.@.@.....@.@..@....@...@.@@........
@@.@.@@.....@.....@........@.@.@.@@.........@.@...@.@.@@@@@.@..@@@..@.
@...@@..@.@@@.@.@@@.@..........@@.@.......@...@.@...@....@........@.@@
....@@......@..@........@@.......@.@....@@@....@.......@.......@..@@..
@.@@.....@....@..@@@..........@.@@@..@@.@......@.@@...........@.......
.....@.@........@.......@@@..@...@.@@...@..@.....@..@..@..@.....@@..@@
.@@..@...@......@..@@...@..@..............@.@..@@@...@.......@....@...
.@.@.........@@....@.@@@.@@...@@...........@@...@...@.@.@...@.@....@@.
....@.....@.....@@@................@.@.@.@........@.....@.@.@.....@@@.
.....@.....@.@.......@.....@..@.........@.......@@....@...@.@....@....
.....@@.@.@.....@..@..@.@.@.@@@.@.@....@.....@@@.@@......@.@.......@..
........@..@.@........@.@@@..@.@.@.@......@....@...@@@.@..@.....@...@.
......@@.....@@@..@...@@@@..@.......@.@@..@.@....@.....@.@@.@@@...@...
.@...@.@@.......@...@@..@..@..@.......@........@........@...@@.@.@@@.@
....@..@@....@@....@....@@.@.@@..@@..@.....@........@..@.@..@..@.@....
...@..@....@......@..@..@@@@.....@..........@@...@@..@...@...@........
..@...@@.@.@@..........@@..@.....@.@@..@..@......@.@@..@.@@....@.@....
..@.........@.@.@...@...@.@.@.@.@.@.....@.@@...@@..@.@@......@........
@.@.........@.@@..@.@........@@...@..@.......@........@@......@..@@.@@
....@......@.@@@@...@@@@.@.@.@......@...@.@......@.@.@.@......@..@.@.@
..@@@.@.@.@@.@@.@..@......@@@...@@..@@.@....@...@..@.@....@.........@.
@@@...@..@.....@..@..@...@.@@..@@..@..@@.@...@...@........@..@..@..@.@
.@@.@..@.......@@..@.....@@...@.........@...@..@@....@.@@@.@...@...@..
...@.....@......@...@@@@..@...........@@.@..@....@.@...@.@...@..@@@...
@.@..@..@.@.@.@....@........@.@..@...@@..@...@........@..@@.@....@...@
.@......@....@....@@...@....@....@...@...@..@....@@@.@..@...@........@
.@@.......@@..@@....@..@.@.@..@@...@@@@@....@@.@.....@.....@.@..@@@@..
....@...@.@..@....@.@...@@.@.......@...@@@@....@@.@..@..@....@...@@...
...@...@..@@..@@.@.@....@..@@.@@.@@@.@.@@.@@..@@..@@..@.@....@..@...@@
....@....@@@..............@@.@.@...@@@....@..@.@.....@@...@@.......@..
.....@@@.....@..@@.@....@.@.@.@.@...........@...@..@.@..@.@@.@.@.@@...
.....@.@@..@....@@@@...@@@.@.@.@......@.@......@@....@@.@@.@.@........
................@.@.@@..@@..@@...@...@....@.....@..............@..@..@
.....@.......@.@.....@@......@@..@.....@@.@.@@@....@.......@@.@.@....@
..@..@.@@..@.....@...@......@.@..@.@....@.@..@@@@.@.@..@...@.@...@.@@.
@.@.....@.......@......@.@...@..@@......@.@....@@......@...@@.........
@@.@@..........@@...@.@...@.....@@.@..@....@@.@...@@.@.@.@.@.....@..@.
...........@..@@.@.@@@@@...@.@.....@.......@.@...@............@...@...
.....@..@.....@....@@...@.@@........@.@..@@@@@@@..@.@@......@@@@..@@..
@..@@........@..@...@.......@.@@.@.@......@.@.@......@.@@....@........
.@.@@...@.@...@@.@............@.@.@.@..@...@.@.......@@....@@@@..@....
@.@.@......@.......@.@.@@@..@......@@.....@.......@...@@@..@.@...@...@
..@..@.@......@..@@@.@@@.@.@......@.....@.@...........@.@@...@....@..@
@......@@...@@..@@.@....@@......@@...@.....@@..@.@...@......@@..@@@@.@
@@.@..@@@...@....@@@..@@@....@...@@....@..@....@..@........@.@.......@
.@@.@..@@@@.......@@@........@.....@@@..@@.@@....@...@...@.@@@@....@@.
@@@.....@..@.......@...@@...@....@......@...@...@.@..@..@.....@@...@.@
..@@@.@......@.@..@.@.@.....@@..@.@..@..@.@@@.@@..........@......@....
Agents:
35
0,67,48,0,52
1,28,65,11,67
2,34,47,62,58
3,47,4,20,54
4,26,29,43,43
5,44,62,12,15
6,26,8,7,21
7,34,45,25,57
8,31,52,8,43
9,6,55,51,21
10,43,57,26,7
11,43,48,60,15
12,3,14,15,60
13,40,60,60,54
14,9,38,4,52
15,59,48,40,31
16,62,47,36,10
17,17,45,53,3
18,30,48,37,58
19,38,41,47,34
20,57,51,37,69
21,4,20,61,50
22,59,69,52,45
23,12,5,40,5
24,64,58,40,9
25,49,21,55,1
26,31,20,30,25
27,20,11,31,14
28,55,19,51,65
29,25,34,25,34
30,5,25,26,36
31,60,11,57,68
32,43,55,30,63
33,16,45,3,27
34,3,68,20,44
