2
Grid:
70,70
................@..............@@...........@........@................
......@@..@.@............@...@..............@@.@...............@@.....
..@...................................................................
.....@...@.....@......@...............................................
.@............@.........................@@............................
......@.....@........@.@.....................@.............@.........@
@@............@......@......@...............@....................@....
.....@..@..@...@............@..............................@........@.
...@@...............@..........@.@....................@.@.@...........
.....@...........@..@...............................@..@...........@..
...@...............@.......@@.........@....@.......@............@@....
...........@............@..........@@........@.@...........@..........
..@..............................@.@.@.......@...........@.....@@.....
....@........@........@............@...@...........@@.................
.......@...............@.@.....@.@...............@....................
@.......@@.........................@@.@...@@.@........@.@..........@..
.........@......@@..................................@@...............@
..@....@.@.............@..@.......................@........@.....@....
....@............@@............@........@.......@.....@.............@.
..@..@@@....@..................@...............@....@.................
..@........@........@.....@@............@.@........@..................
......@..@....................@.....@.@.......@......@..........@.@..@
.@..................@.......@......@........@.........@...............
.@.@...........@..@.......@....@...@.@.........@.....................@
..@.@.....@.........@....@...........@..............@.................
.......@...@..@........................@..@.......@.....@..@..@...@...
.........@...@......@.@...@........@.@.@...@..............@.......@...
...@...@...........................................@......@...........
........................................@................@@@.........@
....@........@..@......@...................@....@.....................
............@.........@......@.........@..........@........@.@..@.....
@..@..@...........@................................@..@....@..........
..........................@.........................................@.
.@..@.........@.............@..@...........@..........................
...@..@.@.........@.................@..................@@...........@.
@...@........@..@..............................@..@...............@...
..@......@...........@....@...@.........@.....@....@........@@........
.............@.....@@............................@......@.@.@.........
...........@......@....@.@.............................@@...@.........
.................@..............@........@............................
......@.............@.@..@.......................................@...@
..@...................@..@.......@......@...............@..@.........@
...@...@.@...@.......@.....@...........@..................@...........
...@.............@..............@@....................................
...@.......@......................@...............@.......@.@.........
...@..............@........@..@....@.@..............@..........@...@..
@........@.....@...................@....@.....@@.......@.@............
.@..............@.......@..........@.............@...@................
@.....................@..............@.@......@@...@.@................
.............@@.@...................@......@..........@............@..
...@...@.....@........@.................................@.............
....@......................................@........@.@.........@.....
.................@.......@.........@......@......@.......@............
.......@.@...@..@......@.................................@...........@
.....@........@............@...@.......@............................@.
.................@..@@.@.......@.......@........@...............@.....
.@.................................@.........@...............@..@.....
....@.....@....@................@...................................@.
......@.................@........@.@....................@.......@.....
.@..@....@.....................................................@@.....
.............@...@.......@....@.....@.......@..@..................@...
.......@.@.@.....@........@...@..@......................@@....@..@.@..
..@.....@...@.....@...@.....@.@.....@.@......@........................
.........@.....@..........@.@.............@...............@...........
.@@...........@...@@........@......@.......@.....@....@..............@
....@@.@@......@.......@...................@@.....@..@...@............
......@......@.........................@............@......@..@.....@.
@...@.......@................@...................@....................
...........@.....@...................................@................
.@......@..............@................@..........@.@.....@..........
Agents:
80
0,57,52,27,67
1,33,64,1,38
2,47,10,56,17
3,33,63,48,19
4,28,10,5,48
5,23,53,56,0
6,19,51,31,21
7,26,49,15,19
8,50,31,5,37
9,43,51,7,21
10,25,47,28,3
11,59,42,61,32
12,43,40,31,37
13,54,13,45,29
14,50,17,34,48
15,45,11,11,60
16,20,54,24,31
17,49,61,16,19
18,43,41,25,4
19,41,52,8,13
20,44,1,44,69
21,34,37,52,0
22,0,12,67,65
23,9,56,6,26
24,0,3,40,14
25,42,2,24,28
26,57,9,64,60
27,57,29,15,32
28,5,5,8,53
29,36,62,28,38
30,8,15,42,51
31,29,5,65,41
32,8,7,60,43
33,31,42,41,61
34,0,59,31,32
35,58,1,25,15
36,9,43,46,37
37,3,63,44,22
38,39,21,41,14
39,41,30,69,61
40,31,68,41,49
41,12,47,33,66
42,44,42,13,38
43,23,11,8,63
44,67,19,47,29
45,55,37,40,30
46,5,49,23,33
47,44,29,23,12
48,42,28,40,67
49,29,62,2,3
50,51,37,51,57
51,56,11,22,12
52,14,41,1,22
53,62,14,68,3
54,5,63,26,55
55,59,54,11,12
56,34,5,20,10
57,31,10,39,7
58,2,52,60,6
59,30,35,8,69
60,54,19,19,59
61,45,50,4,13
62,4,20,36,44
63,66,30,18,35
64,69,44,19,34
65,21,11,46,20
66,61,48,13,8
67,49,64,65,37
68,11,1,31,58
69,32,3,61,54
70,50,9,32,49
71,5,3,15,46
72,29,1,37,27
73,3,69,30,57
74,18,33,66,17
75,26,59,8,9
76,67,64,51,6
77,62,6,46,18
78,7,63,67,7
79,44,32,65,65
