1
Grid:
70,70
.........................@.@............................@.........@...
.....@.@.................................................@.....@.@..@.
..........................@...............................@..........@
....@........@@......@....@.....@..........@..............@@......@..@
.@..................@.@...........@..........@....@.@.................
....@.............@...@.@.@..............@.................@.........@
...@..@.......@........................@@....@......@..@.....@..@.....
.......@.................@...@.......@......@...............@@.@@@....
...@.@...@...................@...............@@..............@..@...@.
@.........@......@........@.......@......................@....@...@...
.....................@..........@@..................@.@......@.@@.....
...............@.............................@.................@...@..
.......@.@......@....@...@..@.......@..@.......@.................@....
..@.......................@.@............................@...@........
@.................................@.........@......@.....@@......@....
.............@..........@......@..@.............@.....@............@..
..........@....................@@....................@...........@....
............@@.............................@.................@........
..........@........@@..@...@............................@@..@@.@......
...................@....................@...........@.@.......@..@@...
..@...........@..............@.................@........@........@@...
........................@..........@@....@....@...@.....@.............
..........@.@....@...@........@.....@....@...................@........
.@......@..............@..@.............@...........@...@..@....@@..@.
..@.................@..@...@..@....@...........@.......@..............
.............@.@.......@....@....@..@@...............@......@...@..@.@
...............@.......@.....................@......................@.
...@...............@...........@@................@.@.@..........@.....
.@....@......@..@................@.....................@........@.....
.@......@................................................@........@@..
.......@.@.................@..................@.............@......@..
.....@.......@.......@@.@...................@@..@...@@......@.........
.@.............@..@......@.........@.....................@............
.....@...............................@..@.................@@..@.......
......................@................@.......@............@.........
..@....@............@.....@...@.........@......@........@......@......
....@....@.....@@....@....................@.........................@.
...@.........@..@..@...........@..........@.@......................@@.
........................................@..............@.@.@.......@@.
.@...................@....................................@...........
.....................@...@.........................@..................
.....................@.@................@@..@................@@.......
.........@....................@.........@@...@.@........@.............
......@........@@..@........@.....@.....@.............@......@..@.....
@......@.......@.@....@.....@..........................@..............
...........@.....@....@...............@....@......................@...
.@...@@..............@.........@.@.....@..@............@..............
................@................@....@............@...............@..
@............@...@....@.....@..@..............@.......................
.............@@............................@...@......@........@......
@@.....@.........@......................@.......@@.....@.....@....@...
@...................@..........................................@.....@
@........................@...@......................@..............@..
...................@..@...............................@.............@.
@.....@..........@.@....@.............................................
@.....@.....@..@.@......@..@..........@........@......@.........@.....
...@@....@...@................@.@...........................@@@@.@....
....@...@.....................@...@..........................@....@...
@..........@.....@@................@@.........@@.....@...........@....
@@...................@..........@.............@.......@...............
...........@...........@..@........@...@......@.........@......@..@...
.@..@..@...@@...............@...@......................@@.............
....................@...@......@.........@......@...........@.........
...@..................................@@..........@@..................
....@...............@@@@........@..........@......@....@..@.......@...
....................@...............@.@.........@@.......@.......@....
...@............@...@.............................................@...
....................@.........@@...@..................@...............
..................@...........@.................@....................@
..................@..@....................@......................@....
Agents:
80
0,63,53,35,17
1,22,2,39,69
2,36,54,18,13
3,59,51,46,57
4,68,10,11,66
5,40,31,8,51
6,49,24,26,22
7,7,56,68,43
8,13,36,17,39
9,48,2,63,47
10,55,67,23,18
11,9,32,40,26
12,39,46,51,31
13,18,39,49,4
14,63,30,69,1
15,53,51,16,59
16,35,12,7,47
17,64,30,31,31
18,20,8,2,30
19,27,46,33,9
20,35,53,36,8
21,49,3,48,63
22,11,46,38,53
23,68,36,45,31
24,58,1,36,55
25,53,61,20,34
26,68,24,28,34
27,63,18,49,34
28,8,59,16,49
29,36,20,25,49
30,57,37,41,17
31,26,59,25,48
32,66,36,35,53
33,29,47,25,57
34,35,5,26,56
35,9,1,49,27
36,37,1,21,37
37,18,6,66,51
38,0,13,37,6
39,34,42,51,1
40,41,27,3,40
41,42,52,29,2
42,68,44,10,43
43,13,40,48,59
44,37,2,18,50
45,69,37,36,43
46,10,15,29,56
47,66,11,22,22
48,29,45,33,17
49,16,20,43,37
50,0,52,11,69
51,61,51,54,16
52,23,67,55,21
53,6,56,30,31
54,17,65,27,57
55,48,29,35,67
56,65,44,11,7
57,61,22,20,38
58,22,59,10,18
59,60,22,64,14
60,5,6,21,67
61,29,27,16,8
62,54,59,14,15
63,25,20,23,22
64,27,59,6,9
65,60,16,34,0
66,20,16,38,16
67,33,50,18,65
68,54,4,12,8
69,12,15,69,49
70,36,36,11,8
71,15,2,38,43
72,51,7,44,68
73,10,36,56,39
74,47,19,56,52
75,60,1,6,63
76,61,0,67,68
77,27,60,50,35
78,10,35,44,50
79,38,27,59,31
