1
Grid:
60,60
...................@..........@...............@.............
...........@@..................@....@.......................
.......@.....@.........@......................@.............
.............@.......@................@.......@.............
............................................................
......@....................@................................
......@@..............@.....@......................@@..@....
@.......................................@..................@
.......@...........@.....................@..................
......@.....................................................
............................................................
.......................@...@..@......................@..@...
.......................@.....@..............................
.............@..@...........................................
....@.........@@............................@...............
.....................................@............@.........
..........................@.@.@.............................
.......@....................................................
....................@...................@..@................
.......@...............@.....@..............................
...........@.............@.......................@..........
......................................@@....................
..........@............@....................................
.........................................@........@.........
...................@........................................
......@........................................@..........@.
..........................@.................................
......@.............@..............................@........
.@...................................@@..@...........@......
.......................@........@..................@........
.........@...@@.............@...............................
.........@....@...................................@....@....
...........................................@...........@....
@......@............................@......................@
@.................@........@.......@........................
........................@.................................@.
.....................................@......................
....@...................................@.@.......@.........
..@...........@.....@..............................@........
.............@....@...........@........@....................
...@...........@.....@................@.....@..........@....
............@................................@..............
..................@.....@...........@....@....@.............
.............@..............................................
...@........................@...........@...@...............
...............@............................................
.................@..............@.....................@.....
........@..............@@........@@....@..............@.....
...............@..................@........@...............@
...............................@............................
....@...............@....@............@.....................
.@..........................................@...............
......@......@.......@..................@.@@......@.@.@.....
............................................................
..@......@................................................@.
.............@..............................................
.........@....@......................@.......@..............
................@.........@..............................@.@
........@........................................@..........
....@@...........................@..........................
Agents:
50
0,7,9,51,17
1,57,40,59,25
2,17,51,50,5
3,54,6,1,5
4,41,46,33,15
5,11,46,15,20
6,15,57,58,36
7,30,55,32,52
8,55,9,46,41
9,12,0,29,25
10,0,3,30,27
11,10,53,11,12
12,28,20,29,50
13,5,16,23,52
14,25,13,19,5
15,3,50,45,46
16,39,42,0,40
17,53,48,42,45
18,23,22,18,21
19,15,27,40,4
20,24,8,39,53
21,43,4,35,34
22,53,16,38,30
23,34,28,40,22
24,39,6,31,23
25,9,53,43,59
26,23,34,24,1
27,1,18,8,55
28,59,28,7,27
29,42,20,48,48
30,7,33,0,51
31,3,41,45,36
32,40,4,54,30
33,46,49,14,59
34,44,32,30,44
35,39,1,54,29
36,51,21,25,42
37,37,0,21,19
38,23,8,24,43
39,39,35,44,10
40,10,33,39,7
41,32,0,1,6
42,18,51,8,12
43,27,48,57,7
44,21,57,3,41
45,28,56,37,21
46,26,41,30,35
47,0,10,9,58
48,0,11,58,41
49,36,29,55,22
