0
Grid:
70,70
...@.@........@......@...@.@..............@...@.@..@..@.@.............
.....@......@.@......@.@......@@.....@..@@...@@...@..@........@...@...
................@.....@..@....@.@@@@........@......@..@@@........@....
.......@@...@...@..@......@.@...@..@......@.......@......@.@....@.....
.@.......@@...@.@..........@.......@.@..@.....@....@............@..@..
..........@........@@...@...............@......@.....@@.@.@...@....@..
.....@@..@.......@..............@...@..............@@...........@.....
.....@.@..@....@..@@....@...................@.@@....@...@@..@@......@.
....@.@...@..........@.@@.......@...@.@....@...@@..@..@@.........@.@..
.@..@.@.....@.........@@.......@.................@..@@@...@...@..@..@.
.....@....@@..@@..@..@......@...............@@.@.@@@......@@...@......
........@@...@.@@.@.....@...@@......@.....@....@........@..........@@@
..................@@.......@.............@...@.........@@.@...@....@.@
......@.....@..@...@......@..@.........@...@.@.@.....@......@..@......
.@.@.@....@...@...@.@....@.....@.@........@....@.@...@...............@
.............@.........@................@.@..@............@...@.@.....
...@.@..@...@.@.@.@..@...@...@@......@..@@..@.@..@............@..@...@
.@......@@...@@@...@........@....@@..@...@@....@.......@..............
.....@.........@...@......@@.....@@.........@..........@......@@@..@..
@@.@...........@...@.....@..@..@.....@.....@.....@.@.....@@.......@@@.
..@.@..@........@@...@@.@....@......@.@..@..........@........@........
.....@...@...@...@...@.@.........@......@.@...@.....@...@....@..@...@@
..@..@@.@.......@..........@@..........@.@.....@..@@....@.....@.......
@.@..@..@..@@.@.@...@............@.......@......@..@....@...@.@@.@....
@.....@.@@.....@..@...@..........@@.................@...@........@.@@.
..@@......@@..........@............@...@...........@...........@@..@..
..@...@.................@......@.....@.@..............@..........@..@.
@.........@......@.....@@..@.@...@...@@..@........@......@...@..@@.@..
..@..@.....@.@............@...@............@@.....@...........@.......
.@......@.....@@......@......@.@.......@@@.......@.@.......@.....@..@.
......@............@.......@.@...@....@....@..........@.@....@....@@.@
@.@@...@....@.....@.....@@...@...................@.........@.@.....@@@
.@.@@....@.....@.....@...@.....@@....@....@.@.........................
........@@.@...@.@@..@@..@.....@...@........@...@@......@@..........@.
...@.........@.@..@.@............@@........@....@@.@....@.@...........
....@..@..@.@.@.........@.......@.......................@@............
.....@..@..................@.....@@.@@.@............@@....@@.@....@@..
@.@@...@........@....@...@..@.@.@.....@.@..@.@...@..............@....@
...@@...........@@@....@...@................@...@@@@@.@...@.@........@
@......................@....@.........@....@@....@.@@...@...@.........
@.@......@.....@@....@@.@...@..............@@@.......@..@@............
..@@........@@.........@@..@.@....@.@..............................@@@
....@............@..@..@..@...@.@@.....@....@..............@...@.....@
..................@........@.@@@.............@..........@....@...@@...
...@...................@...@..@@..........@.@.@...@.@.......@.@..@...@
.@......@....@@...............@@........@@@@@.@@.@..@....@............
..............@....@....@..@..............@...@.@......@........@...@.
.@.@..........@.@...........@...@.....@..@..@.@....@@@.@..........@...
....@.....@..@@.....@@...................@...@.@.....@.@@@.....@...@.@
.@...@@.....@@.....................@@....@@..@@....@............@@@...
@......@.....@....@......@..@..@..@.......@........@............@....@
.@..@.@............@.......@....@..@..@.....................@@@.......
@@..................@..@@.@.@..........@.....@.........@...@..@.......
...........@..@....@..@@....@...@@....@...@.......@..@.@.....@..@.....
@@@......@..@...@.@...........@...@@.....@...@...@.@.........@.......@
@.@@..@.@........@@@...@.@.@...@..@...........@@..............@......@
..@@@.@.....@@...@...@.@...@..@.@...@..........@...@.@..@...@...@.....
.....@@.........@.@..@....@.@..........@.....@....@....@.......@......
..........@@..@......@.....@@....@.@..........@@.@.....@@.@..@@...@...
@@..@@.....@..@........@.@...@.........@@.@.@.....@....@...@......@...
.@.@..@@.........@.......@..@@....@.........@.@...@.@@@.....@@....@...
@@.@.......@@@....@.......@.......@@.@.@.....@@....@.....@.....@.@....
...@....@..........@..@@.....................@....@@.@@......@........
....@...@..@............@....@@.....@......@@.@....@...@.@@.@.....@...
.@@@.....@...@.@...@.....@@.........@@............@..@@..@....@......@
@....@.@.......@.@.@.@@...................@........@..@......@@.......
.@..@@....@.@...@...........@.@...@..@.........@......@@........@....@
.........@....@................@.....@.@.@.@.@.....@.@............@..@
......@............................................@....@@..@.........
@....@@@......................@.@..@.....@......@.............@.......
Agents:
80
0,61,17,42,38
1,62,18,30,35
2,35,30,45,17
3,56,19,10,62
4,12,37,18,60
5,16,27,49,52
6,59,20,14,46
7,40,48,3,48
8,68,21,56,42
9,43,4,25,23
10,40,23,40,23
11,27,21,56,49
12,62,12,49,40
13,47,42,42,53
14,27,18,23,7
15,28,60,47,56
16,54,15,36,46
17,20,51,62,48
18,48,22,44,8
19,5,52,0,10
20,12,33,12,12
21,46,13,42,16
22,19,14,42,60
23,57,51,44,14
24,37,33,58,9
25,3,37,60,10
26,10,65,7,45
27,34,46,52,67
28,43,40,47,62
29,9,57,19,61
30,61,31,44,28
31,43,25,1,67
32,28,17,67,40
33,34,4,16,4
34,25,18,67,5
35,49,28,22,45
36,9,29,19,14
37,23,13,52,35
38,30,46,36,38
39,22,20,60,16
40,11,52,34,53
41,41,62,17,23
42,4,2,6,34
43,43,7,50,44
44,7,51,45,18
45,59,21,6,1
46,49,52,58,15
47,26,19,41,49
48,56,5,37,57
49,26,14,65,55
50,8,22,26,47
51,0,23,28,63
52,20,27,0,11
53,39,14,17,54
54,47,20,65,34
55,20,3,34,40
56,4,41,45,6
57,64,59,19,46
58,5,68,39,20
59,18,48,52,54
60,50,63,8,7
61,42,36,45,16
62,26,7,64,34
63,52,3,39,8
64,51,14,25,41
65,30,28,25,1
66,36,65,28,54
67,33,66,4,57
68,31,48,52,48
69,63,5,26,30
70,18,42,17,11
71,50,56,19,39
72,36,2,49,22
73,61,27,40,18
74,7,36,21,25
75,28,47,40,49
76,31,66,64,44
77,5,22,30,13
78,17,2,34,37
79,69,37,3,6
