2
Grid:
70,70
......................................................................
...................@....@....@.........................@.....@@.......
.....................................@..@............@..............@.
..@.................@................@..............@........@........
....@.......@...@...........................................@.........
.@.....@.......................@.................@.....@.............@
@...................................@.................................
............@.............................................@...........
...........@.@.......................................@................
..............................@@..@.........@.........................
@..........@@.........@.......@...........@...........................
.......@..................@...........@............................@..
...............@............@.........................................
........@..................................@..........................
..@............................@..........@.........@.......@.........
..@.......@@...............@............................@.............
........................@...............@...................@.........
..@.@..........@.......@...........@..............@@........@.........
..............@.................@.....................................
........@................@......................@.......@..@......@...
..............................................@.......................
.........................@.@...........@............@........@........
..........@.......@......................................@............
.................@....................................................
..............@......................@............@...................
.........@...................@............@........................@.@
.......@..............................@.@..............@.............@
..........................................@...........@...............
@.........@..........@................................................
.....................@.@.....@......@.................................
...................@.......................@......@@..................
......................@@...............@......@....@..................
............@.............@.@.................................@.@.....
......@...............................................................
..................@..........................@........................
...@.............................@............@...........@......@....
............@...............................@.@.....@.@........@......
.............@...@................@..............@....@...............
.................@...@................................................
.....................@...........@.............................@......
................................@......................@..@...........
......................................................................
............@..........@.@..........@.................@...@...........
...........@................@.........................................
.....@........@..............@.........@.....................@@..@....
.........@...............................@..@............@............
..@..................................@.........@@...@.@......@........
@....................@...........@..................@.................
................@..........@...............@...............@......@...
.............@.......@................................................
......................................................................
.............................................@........................
@............................@......@....................@....@.......
......@...............................................................
........@@...............@............................................
.........................@...@........................@....@......@...
..........@.............................@.......@.@...................
.........@................@..@...@....................................
..............@...............................................@...@...
.....@.........@............................................@.....@@..
.......................................@..............................
.....................................@........@............@.....@....
..........................@....................................@......
....................@...........@........@............................
.........................@...................................@........
.........................@............................................
................................................@..............@...@..
..........................................@.................@.........
........@.....@.............................................@.........
.......@............@................@......@.........................
Agents:
80
0,14,23,54,58
1,43,45,4,26
2,22,28,62,65
3,19,9,16,49
4,29,7,20,20
5,61,25,15,40
6,38,46,40,53
7,47,20,19,34
8,14,3,10,52
9,25,58,28,6
10,63,48,1,23
11,58,38,60,58
12,35,56,26,50
13,4,52,1,45
14,17,11,7,52
15,47,69,12,26
16,12,7,53,1
17,67,61,44,53
18,68,36,17,54
19,55,38,20,57
20,47,47,3,9
21,49,18,52,38
22,46,10,30,9
23,7,31,27,31
24,6,28,60,65
25,45,43,47,42
26,35,5,26,23
27,10,35,62,45
28,62,18,9,55
29,30,62,33,21
30,13,31,40,37
31,49,56,57,67
32,21,47,51,65
33,18,57,55,42
34,10,16,34,36
35,69,39,23,59
36,48,42,65,52
37,46,58,58,10
38,36,4,14,10
39,34,31,32,5
40,25,63,63,56
41,26,19,35,50
42,14,10,35,39
43,55,31,4,54
44,58,54,12,50
45,66,46,58,51
46,51,19,61,31
47,6,67,25,8
48,43,26,31,19
49,36,65,36,10
50,13,55,1,58
51,57,51,59,36
52,60,3,5,6
53,51,25,24,41
54,39,54,42,51
55,66,18,49,32
56,30,28,0,37
57,21,68,8,1
58,43,0,25,28
59,30,38,10,33
60,51,6,47,39
61,28,2,39,44
62,60,26,11,21
63,51,39,61,52
64,48,33,50,51
65,55,7,5,37
66,64,30,49,31
67,49,40,43,35
68,31,32,1,54
69,19,51,64,14
70,49,32,8,47
71,15,12,15,62
72,49,33,36,5
73,59,48,64,40
74,45,26,15,3
75,15,43,67,63
76,66,68,7,29
77,14,7,48,54
78,61,34,6,21
79,21,12,3,3
