1
Grid:
60,60
............................................................
............................................................
............................................................
............................................................
............................................................
............................................................
............................................................
............................................................
............................................................
............................................................
............................................................
............................................................
............................................................
............................................................
............................................................
............................................................
............................................................
............................................................
............................................................
............................................................
............................................................
............................................................
............................................................
............................................................
............................................................
............................................................
............................................................
............................................................
............................................................
............................................................
............................................................
............................................................
............................................................
............................................................
............................................................
............................................................
............................................................
............................................................
............................................................
............................................................
............................................................
............................................................
............................................................
............................................................
............................................................
............................................................
............................................................
............................................................
............................................................
............................................................
............................................................
............................................................
............................................................
............................................................
............................................................
............................................................
............................................................
............................................................
............................................................
............................................................
Agents:
80
0,26,13,48,51
1,11,10,52,41
2,39,23,55,29
3,31,52,40,16
4,33,26,6,9
5,45,31,58,47
6,7,48,31,10
7,57,50,31,19
8,27,43,37,14
9,14,36,43,29
10,30,39,16,23
11,33,35,28,59
12,30,58,47,41
13,58,6,27,12
14,39,35,30,32
15,19,7,41,8
16,52,51,15,12
17,16,4,41,37
18,13,4,10,24
19,19,32,11,50
20,6,54,39,41
21,2,24,9,25
22,25,45,40,3
23,17,17,46,24
24,30,53,50,55
25,14,57,14,29
26,20,21,56,10
27,4,47,5,47
28,40,36,26,45
29,39,40,42,56
30,25,25,20,20
31,13,57,33,2
32,7,37,32,1
33,38,16,51,37
34,32,53,44,52
35,36,22,58,55
36,23,41,12,1
37,29,35,11,51
38,37,8,29,34
39,9,44,49,45
40,41,40,54,40
41,35,45,42,13
42,21,22,36,18
43,47,31,22,23
44,47,29,2,4
45,24,36,25,50
46,24,39,33,19
47,7,41,19,16
48,41,4,13,51
49,16,47,0,18
50,7,1,9,52
51,45,36,31,2
52,16,51,43,54
53,33,38,17,28
54,51,28,50,27
55,9,31,21,35
56,26,55,51,26
57,59,44,2,47
58,49,27,10,14
59,36,44,39,35
60,50,6,8,27
61,29,2,10,52
62,28,0,45,36
63,58,44,43,15
64,33,48,15,56
65,54,33,35,58
66,52,22,14,18
67,37,39,28,37
68,54,59,52,9
69,29,29,9,21
70,49,8,14,28
71,39,18,17,14
72,19,52,38,1
73,9,29,51,14
74,51,14,23,26
75,27,31,50,18
76,56,1,1,50
77,31,42,31,43
78,7,16,57,19
79,53,48,42,46
