2
Grid:
70,70
..@....@...@.@....@..@..@@..@....@....@...............@@....@.@.......
......@..@....@.......@.........@...@@.........@@@..@..........@@.....
@@@@@...@.@...@@.......@.....@...@.@.@....@..@..........@.@..@........
.......@......@.@.....@..@@.@...@...@...@@.@.@.......@@..@.@@.@.......
.@....@@..................@...@@...@.............@@@.....@.....@....@.
..@@.@@@......@.....@..@.@.@.@..................@.@....@....@@..@.@..@
.@.........@.......@...@..@...@.@.@............@...............@.....@
....@...........@@.......@............@@..@....@.@...@@.......@.@@.@@.
...........@@....@..@@@..@@....@.@.@@..........@@@..@..@.....@...@....
..........@......@@@.......@.@@.....@..@@.@...@..@@...@..@.@@.@.......
@.@@..@......@............@...@...@..@.@@.@.....@..@....@.........@...
....@..@@@.........@@......................@.@........@..........@@.@@
.@........@.....@...................@@..@..@...@..@.....@...@.....@..@
..@@@..@..@...@...@@..@.@........@.@.....@..@@.@....@@.@....@.@.......
......@@..@.....@.@@.....@.......................@..@@.@.@@..@.....@@@
.@..@......@@.@@...........@.....@@.@@.....@@@....@@.@@.@.@......@....
.....@.............@@@@@.@@@..@@...@....@......@@..@...@...@@.........
....@.@.@..@@...@@@..@@.@...@.....@....@@@..@....@@..@...@..@.....@...
.@@@............@.@@..@@....@....@...........@.........@.........@....
...@@......@..@..............@.@@...................@.@....@..@.......
..@......@@.@.@@@...@..@.@@..@.@....@....@.@...@@..@.@.....@.......@.@
@.@..@...@@.......@..@.@........@....@.@...@..@..@.@.@...@..@@...@..@.
.@....@@...@@.....@.@@.@........@....@..@@...@@..@.@@...@..@.@...@....
.@........@.....@.............@.@...@..@....@....@...@.@....@..@....@.
.....@@..@.@.@....@......@@..@@..@..@@.@..@@..@............@..........
...@.....@.......@..@....@@......@.@@.@...@...@..@@@@@........@.....@@
..@..@..........@........@..@.@.@....@.@....@@........@@.@@..........@
@...@@....@..@.@@.@@.........@.@@@.@@.@...@..@@...@.........@..@......
@...@.....@.@...@@.......@@...@..@....@................@@..@..........
@......@............@@.@....@@..@....@.........@@@.@@@.@..@..@@.....@@
.......@....@...@@@@..........@......@......@.....@...@..@..@..@@.....
@..@.@@.@.@..@@.@@@.....@...@......@@....@........@@..........@.@..@..
.....@@.......@.@..@............@@@...@...@.......@.@.@@..@..@........
@@@............@.@....@...........@.@........@.@.@.@.@@..@......@@....
@@.@......@.@....@@...........@.....@...........@.@.......@..@..@...@.
.@@..@..@.@.@@.....@......@.........@@...@.....@....@..@.......@.@..@.
...@..@.@.@...@....@....@..@...........@.....@@@@@.@.......@...@...@..
..........@@.@.@@...@@@.....@@.@...@.@...@@...@.@...@.........@@....@.
....@...@...@@.@...@..@...@..@.@@..@@@@@@...@.....@.......@...@.@.....
.@...........@....@..@@.@......@......@.@......@@.@..............@.@@@
@..@........@@...@@@....@...@....@..@........@........@..@.@........@.
.......@.................@@...@.......@........@.@....@@..@@@.@......@
@......@@.@.......@........@.@@@.........@@........@..@......@@@....@.
@..@.....@...@...@..@.......@@@......@.@..@...@..@.@......@@..@.@.....
.........@.....@@@.@....@...@.@.....@@....@..@.@........@@....@.@..@.@
@....@@..@.....@...@..@@..@.......@.........@.....@....@.....@...@@..@
.@.......@@@..@........@........@@..................@.@.@..@........@.
.......@....@........@.....@.......@@.@......@.@..@.............@@@..@
...@@..@@...@.@..@..@.@....@@....@.....@...@@@...........@......@@.@..
..@@@.....@.@...@..@..@.......@..@.@.@...................@@@.....@...@
..@.@..@...............@......@@.@.....@......@..@....@.........@..@..
@.@........@......@.@....@..@@@..........@....@....@.........@.@..@...
.@@@@....@@.@.....@.@...@.....@..@...@....@..@@@..@............@.@.@@.
@..@.@...@....@.@@............@..........@..@..@......@.@.............
.@....@@..@.@....@@..@...@.....@@.@....@..@...............@....@..@..@
@@.@.@...@..@.....@..@@@.....@@.................@...@..@@......@..@..@
......@..@......@.@.........@...@..@.@.@..@@...@...@@@@...@....@.@....
.@@...@.........@.@...@.....@@.....@..@...@.............@@.@.........@
...@@@@...@@.@....@.@..@..@@@@.....@@.@..........@.......@@@.....@@@..
@@..@@...@@@@@.......@.....@......@@.@@....@..@.......@..@............
...@.....@....@.@@.......@@.....@@......@....@.....@.....@.@.........@
.......................@.@.@..@..@..@.@.....@............@@..@.....@..
@.....@@.@.@.@..............@...@.....@...@...@.@..@@.@.@@@@@@@..@..@.
..@..@.@@..@...........@.@...........@@...@.....@.@@@..@@..@@.@...@..@
..@...@...@......@@.@..@....@........@.....@....@....@.............@@@
.@....@.@@..@...@.....@...@@..........@..@........@@....@@..@@....@@@.
....@@.@.@@...@@.@...@@.....@.......@....@.@........@........@.....@.@
..@@.@........@@@...........@......@.@@......@.@........@@.@@.........
....@.@....@@.@.@....@@..@..@....@....@......@@@.@...@.@.@....@.@....@
@...@..@.@...@..@....@@@......@.......@.@.@@...@....@............@..@@
Agents:
85
0,67,49,51,44
1,7,13,41,37
2,27,49,47,57
3,14,22,63,47
4,53,67,57,53
5,66,44,43,27
6,6,38,64,31
7,7,1,44,61
8,61,0,24,64
9,51,39,7,31
10,37,39,21,24
11,11,51,50,15
12,65,2,15,61
13,44,34,19,68
14,18,0,66,60
15,65,18,0,31
16,24,40,16,54
17,13,54,9,9
18,31,40,67,7
19,67,62,62,39
20,60,48,18,49
21,62,66,54,47
22,58,7,20,62
23,55,13,65,53
24,55,45,52,34
25,18,63,22,48
26,69,41,42,60
27,69,1,52,54
28,37,59,15,7
29,47,20,33,56
30,56,66,60,19
31,39,37,2,17
32,38,0,49,18
33,55,51,5,8
34,33,10,37,18
35,55,37,36,28
36,36,38,45,63
37,40,25,58,24
38,44,59,10,69
39,18,37,25,61
40,20,35,50,45
41,50,68,36,60
42,11,10,58,2
43,43,18,35,30
44,52,21,23,9
45,65,10,66,2
46,45,68,11,53
47,16,56,24,10
48,26,36,40,4
49,30,39,29,46
50,33,46,46,40
51,63,1,18,47
52,6,8,30,39
53,29,8,25,40
54,60,2,61,12
55,20,56,4,45
56,36,36,2,49
57,52,34,7,24
58,55,19,11,49
59,30,31,4,13
60,9,45,66,65
61,43,24,58,48
62,46,51,62,22
63,5,10,39,11
64,34,35,16,44
65,6,59,56,25
66,24,53,29,30
67,65,44,64,36
68,61,56,9,28
69,19,42,60,34
70,47,29,49,45
71,16,3,25,58
72,0,68,37,69
73,36,65,54,14
74,54,14,13,9
75,15,42,33,63
76,45,17,47,2
77,28,52,17,51
78,31,47,22,31
79,67,10,45,53
80,21,4,13,38
81,12,68,67,24
82,39,10,63,34
83,28,44,20,27
84,11,36,51,65
