0
Grid:
70,70
.......@@@.@.@................@.@............@@@...@.....@...@..@.....
........@..........................@..............@...........@@.@...@
..............@..@....@..@@....@.............@.....@..@@......@.@.....
......@........@......@..@...@........@..............@@.....@.....@...
..@....@@.......@.....@.@......@.............@....@.........@...@.....
............@....@........................@..@....................@...
..........@.@.@................@@.........@....@.....@.............@..
.@...........................@.......................@@...............
....@...........@......@......@.@.............@...@.@.......@@....@...
.......@.@.@@.@.@...@@....@...@@...@.@...@..@....@@...................
...@........@...@....@......@........@......@.......@...@.............
...............@..@....@.@@..@........@.@..@...........@.........@....
....@..@..............@@......@@............@........................@
.......@...........@..........@.@.@...@.........@.....@..@............
....@@@..@..@.........@......@.......@.@......@.@..@.............@@...
....@....@....@@.@...........@..@........@..@...................@..@..
...@@.................@......@...@.............@...@.@...........@@@..
..@............@...............@...................@......@......@....
...............................@.@..@@..........@@@@@..@....@@........
@@..@......@......@...@......................@.........@..............
..@...........@@............@..............................@........@.
@..............@......@..@....@@....@..@.@......@.@@..@@..@.....@.@...
......@...........@.............@......@.......................@.@..@.
........@...@.@..@....@.....@...............@...@....@...@.@..........
.......@..@..@..@@.............@@.......@..@..@@..........@.........@.
.........@...@.@..........@@...............@@....@.@@....@..@....@@...
..........@@...@@...@...........@.@...@.....@.......@@.@..............
.@.......@.@.........@...@....@.............@..@..@....@...@.@@.@.....
@........................@.@..........@.@...@..@.........@..@.@..@..@.
@@..@....................................@....@..@......@...@@@..@....
........@.............@.....@.......@........@.......@.............@..
...........@..@@.....@............................@...................
..@.@@@.......@....@.......@....@.......@@.....@.........@.@....@.@@..
...............@.......@..............@@@......@..@@.@.@@@@..........@
.@...@..@......@.@@.......@....@...........@.........@.@...@..........
......@..........@..@.@............@.................@...@..@....@....
........@...@................@@..........@......@....@.......@.....@@.
....@.....@.....@@...@@............@.......@.....@..@..............@..
@..@.....@...@.......@.........@@@.......@.................@......@...
...@...@.............@@............@......@....@.........@..@.@....@..
.......@.....@........@.............@....@............@.@.@@...@@.@...
............@...............@....@.............@...@..@..@@..@........
.@..@@......@.....................@............@..@@..............@...
..@...........@.........@.@@.......@@..............................@..
...@..................@......@..........@..@........@@....@@..........
...........@......@.......@.@........@.......@.......@@@...@.....@.@..
...@..@.......................@@........@.@.@.@@.................@....
........@.............@.......@......@.@@.......@@....@..........@....
.@.@@@......@...........@.@..@......................@..@.......@......
...@...........@...@..@@...@.@.............@......@...@..@..@@@.......
@....@.....@.......@.....@..@.@@@.........................@...@@..@...
......@.@......@..@.......@......................@..........@..@......
..@..@.@..@...@.....@.@....@..............@@.@....@........@@..@.@....
.....@......................@.....@.@.@.........@..@.....@............
@.@...@.....@....@.@.@...........@....@...............@......@.....@..
.@.......@..@..@..@...........@.........@.................@@..@@..@...
.........@.@........@....@......@..@@............@..@@.......@.@..@...
............@....@.........@.......@@.@...@...........................
......@...........@.....@....@...@.@........@..@.....................@
...@...@..@..........@..............@.@@............@....@...@........
..@...................@..................@...............@............
.......@.....@@.@...................@...@..@.@@.........@......@......
..@@.........@...@.@........@.........@..@.@@@...@......@@.@..........
....@...............@@......@..@.....@...............@....@...........
..........@......@....@.............@...........@@...........@..@.....
..@..............@@@@....@......@............@......@@@...........@...
...........@.....@.......@...@..@.......@.@@.........@..@@...@@.......
............@@@..........@......@.@.@.........@................@......
@@.@@....@.@...............@.@.@..@.@......@.@........................
............@.@....@.....@.........@...................@........@.@...
Agents:
40
0,9,28,10,33
1,50,22,18,38
2,57,26,64,5
3,10,29,36,31
4,43,8,16,1
5,50,44,25,53
6,53,21,3,47
7,15,66,15,65
8,28,4,66,69
9,23,3,41,29
10,21,65,22,49
11,58,34,26,43
12,29,15,64,47
13,61,19,3,0
14,19,31,67,17
15,56,19,42,55
16,16,45,45,19
17,31,46,32,56
18,23,68,41,48
19,22,17,6,34
20,63,40,59,43
21,12,13,31,48
22,16,13,10,53
23,69,45,64,59
24,69,15,49,30
25,30,61,24,14
26,38,18,31,19
27,20,52,13,40
28,38,61,26,56
29,22,31,34,66
30,4,39,69,31
31,34,51,40,23
32,50,24,1,67
33,23,37,19,38
34,42,41,39,65
35,3,48,58,49
36,2,5,63,50
37,31,10,10,7
38,26,24,19,9
39,7,13,56,2
