0
Grid:
70,70
@.@....@.....@.............@....@.@..@.@...@.@@.@@...@......@...@@....
.@@....@@..@.....@.@.....@......@@....@.@@....@.@.....@....@.@...@...@
..@.@..@@.@@.......@..@@...@@@....@....@..@@.@..@.@......@..@......@..
.....@.......@..@...@....@.@.......@..@.....@..@..@@@....@..@@..@.@...
.@.......@.@.@@.@.@........@....@..@.....@@....@@...@......@..@.@..@.@
......@........@@@@...@@.@.....@....@@....@..@@.@@.........@.....@....
...@.....@@@....@.....@.....@....@@......@..@@.@@@@@.@..@...@..@...@.@
.@.........@.@@@.....@.@.@..@....@@...@.....@.......@......@@@@..@.@..
....@.@.@..@.@......@..@.....@....@......@@.........@.......@...@.@..@
...@@.@@@.............@.@.@@..@@@@..@.@.....@......@.........@.@.@...@
@...@@....@....@..@.@@.....@.@..@.....@..@@@..@@.......@@..@..@@......
..@.@.@@........@.....@....@..@.@@.@.@.@.....@..@.....@.@.@.@@...@...@
.@.@........@@...@....@@@.@.....@.@@@..@@@..@...@@@@@...@@..@...@@....
...@@@...@.@...@...@@....@...@..@@@@@@.@@@@....@@.....@.@.@.@.@@..@...
@@.@@@@..@@.@...@...@.@.@...@....@@......@.....@@.@.@...@.@@....@@.@..
...@.........@....@@.@.@..@..@.@@...@..........@@...@.@..@...@....@...
......@...@..@@.@.@@@..@.@@..@.@.@@.@.@..@.@...@@@..@@..@@.....@.@...@
...@.@.@@@.....@.@.@...........@@.@...@.@@.@.@.....@......@....@....@@
@..@.@@.@@...@@.@.....@...@..@..@@.@...@...@@..@@....@.@.@@@.......@..
......@@@..@@.@...@......@.@.....@.....@....@..@@.@@.@@...@..@@...@@@@
.........@...@...@...@......@.........@........@@...@.@....@.@...@@.@.
......@.......@@..@@.....@..@.@..@..@@........@@....@@.@@@@@@...@.....
....@.@@......@@...........@...@....@.....@@@..@.@@@..@@..@@.........@
.@.@......@.@.@@.....@@.@......@....@@.@@@...@..@..@@..@...@..@@....@.
....@@.@......@........@..@....@@....@.@..@@.....@........@.........@.
...@@...........@@....@....@.....@..@@@.@@.....@.....@.....@....@@.@..
..........@.@.........@..@.@...@.......@.@.........@@.......@.@.@....@
.....@.@.......@...@......@......@.@..@@...@....@...@...@@.@..@...@...
@@...@.@..@.........@.@...@..@@@...@@.@..@.@.....@.@.....@.@..@.@@....
@.@....@@..@....@...@..@..@.......@@@@@.....@..@@.......@.@@@..@....@.
...@.......@........@..@@@@........@.......@.@.@..@..@@.@...@..@@...@@
@...@...@......@@.@@...@.@.....@@...@....@.....@@@..@......@...@@@@@.@
@.@@..@.@.@@.............@...@@@.....@.....@.....@...@@.@.........@...
.........@@@.@.@...@.....@....@......@@...@@@@...@......@..@.@@@......
@.@@@@.....@.@@....@...@..@@@...@...@..@........@.@@@@......@..@..@@.@
..@@@@..@.....@@..@.....@..@...@............@@..@.@@.@.....@@@...@...@
...@.........@@@.....@.....@@@..@@..@..@@@@...@..@@............@@..@.@
...@.@....@.....@@...........@@.@...@@..@......@....@@............@@@@
@.....@@@@.@.@@..@..@.................@@..@.@....@.@@...@.....@@...@@.
.@.@.@.....@..@...@...@..@@@..@.@@.....@.@.@....@@@..@.@........@@..@.
..@..@@@........@..@.@....@.@.@@@..@@@..............@..@........@@@.@@
.....@.....@.@@.@@.@.@...@....@...@..@.@@.....@......@..........@.@...
.....@...@...@......@.......@@@..@.@...@..@..@...@....@..@..@...@@.@@.
.....@..@.@......@.@...@...........@@......@...@@@.@@...@..@..@.@..@..
..@.@@@..@@@...@@...@@...@......@.....@.@....@...@...@......@@..@@.@..
@.......@.@...@..@...@@@.....@..@.@..@......@.@@...@@....@..@@..@@.@@@
.@@.....@....@...@.....@.....@@.@...@....@@...@....@....@.@...@......@
@....@..@..............@..@@.@.@.@.@@.......@........@..@.....@.......
.@@.@@.@@.......@.@.......@...@@..@@.@................@....@.......@..
..@.......@....@@....@.@...@...@....@@@....@...@@@.........@@.@@.@.@@.
.@@....@..............@@.....@........@.@@...@@.@.@..@..@....@@.......
@..@.......@..@@.@@....@..@........@..@....@.............@........@..@
..@@....@........@@..@......@...........@...@@.@.@.@.@......@....@@...
...@.@........@.@....@.@@...@..@..@.....@....@....@@@........@...@...@
...........@....@....@.....@@@@...@.@@...@.....@.@....@.@.......@.@.@.
@..@..@..@@.......@.....@.....@@......@.@@@..@.@.@@.@.......@@.....@@@
....@...@@@..............@..@.@@..@.@....@@@.@..@....@....@@......@@..
..@.@@.....@....@.@.@....@..@..@.@@.......@@..@@@..@.@@...@..@@..@...@
@..@@..@@.....@..@.@....@.@........@@@..@.@...@.@@...@..@@@.@@.......@
@@@@......@...@@.@.@.........@@..@@...@.@@@@.@.....@.@@@@...@.@@..@@@.
...@.@@....@.@..@......@@......@.......@....@...@.......@.@.@@@...@...
.@@@..@...@.@...@..@.@..@........@...@@....@....@.@@@@.@.@.@.@...@....
..@@@..@..@..@.@@@@.@..@...@....@..@.@......@@......@@@.@..@.@.@......
.......@..@.@@................@.....@@.@...@...@@.....@.....@..@....@.
@..@@......@@@...@.@..........@...@..@.@@....@......@..@.@..@.@@...@@.
..@@..@.@.....@@.......@...@@..@@@@....@..............@@@@.....@.@...@
....@....@.@@@.....@.@...@..@.....@@......@@.@.@@@..@@@..@@...@..@....
..@@.@@.................@@.....@..@@.......@.....@@..@.@......@@.@@...
........@@....@.@@..@.@...@@.@.@..@.@......@....@@@@........@@@...@...
.....@@......@.@.@.@.@...@.@.@.....@..@....@@@.@..@..@..@.@.@....@@.@@
Agents:
85
0,39,29,23,17
1,50,3,15,28
2,66,20,20,32
3,7,10,5,20
4,61,34,46,21
5,64,42,32,14
6,52,58,59,21
7,28,6,52,26
8,25,56,59,27
9,69,26,69,26
10,39,24,52,10
11,66,51,5,63
12,38,30,3,10
13,54,44,57,6
14,53,42,32,26
15,9,41,17,46
16,2,65,10,44
17,15,50,33,55
18,40,13,32,46
19,5,0,66,26
20,44,33,48,48
21,3,63,19,40
22,28,66,39,63
23,2,66,53,38
24,35,19,7,7
25,60,52,42,1
26,4,56,17,42
27,16,28,24,34
28,40,56,24,46
29,49,32,66,33
30,48,45,30,42
31,1,57,22,45
32,25,8,23,4
33,39,12,15,44
34,6,52,44,63
35,5,33,67,46
36,53,6,53,53
37,24,67,55,55
38,8,48,15,49
39,11,67,53,33
40,28,44,32,24
41,26,48,62,22
42,2,51,59,9
43,31,20,25,6
44,16,54,11,26
45,47,1,57,26
46,55,1,39,34
47,45,33,50,34
48,31,22,45,6
49,67,28,29,21
50,36,22,52,42
51,45,28,23,67
52,50,65,50,58
53,56,27,4,28
54,53,53,41,57
55,52,32,17,47
56,15,0,30,14
57,42,51,31,27
58,42,7,61,14
59,4,60,62,25
60,69,62,40,14
61,17,46,36,37
62,48,12,67,30
63,54,3,59,20
64,54,10,39,4
65,25,24,51,10
66,15,20,15,20
67,68,19,68,37
68,17,61,3,28
69,59,7,37,1
70,6,42,69,10
71,56,29,58,39
72,15,24,0,23
73,66,63,62,0
74,10,6,45,27
75,52,22,62,47
76,59,12,42,11
77,69,10,60,53
78,7,56,57,27
79,2,9,29,19
80,63,38,29,6
81,61,39,37,58
82,8,61,56,56
83,1,39,1,39
84,35,26,26,17
