1
Grid:
60,60
..................................................@........@
................@....@..............@.............@@........
......................@.....@..............@...@.......@....
...........@.@..@......@...............@....................
....@.@...................@......@......................@...
.......@....@.@..........................@..................
........@....@...@..........................................
.............@...................@.@........................
...........................@.....................@..........
....................@................@..@...................
............................................................
@...............................@...............@.@.........
.......................@................................@...
...................................@.@......................
.....................@...@.@........@.....@.................
..................@....................@....................
.......@.................................@..............@...
............................................@........@......
......................@.....@...............................
.................@.....................@....@...............
......@.......................@.@...........................
..............@.....................................@.@.....
....................@.@..........................@..........
.........................@........@.........................
............................................................
.......................................@.....@....@@........
.@.............................................@............
.....@.................@...............@...@................
.....................@......@...............................
.............................................@...@..........
...................................@........................
..................................................@......@..
..............@..........................@..................
......................@.....................................
................@............@............................@.
..............................@...@.........................
........@.............@.......................@.............
...................@.........@.............@..............@.
..........@@......................................@.........
......@........................@...........@.@..............
.@.........@@..............................................@
..............@.............................@...............
......................@.....................................
.....................................@..@................@..
......@...........@.............@..........................@
...............@..................@.........................
@........@..............@.........................@@........
..@......@......@...........@..............@................
@.@........................@..................@.....@....@..
................................................@.........@@
...@......................@...............@.....@..@........
.............@.............@...@.....................@......
...........@.....................@............@.............
...@.....................@.................@................
.....@..............@@....@@........@............@..........
....@...................................@........@..........
.........@.................................@....@......@....
............................................................
.........................@......@...........................
.@...................................@......................
Agents:
30
0,7,58,25,20
1,6,24,30,55
2,14,6,14,8
3,13,57,37,24
4,16,54,16,39
5,2,35,30,42
6,32,6,22,52
7,35,50,37,18
8,10,0,3,45
9,29,42,35,50
10,33,37,41,23
11,48,18,57,54
12,15,16,26,27
13,29,57,21,27
14,2,32,0,15
15,44,29,11,45
16,20,55,16,38
17,43,36,25,46
18,21,53,20,45
19,47,6,16,44
20,16,5,1,14
21,16,52,1,18
22,55,55,44,10
23,10,48,54,44
24,9,58,11,5
25,36,15,26,39
26,54,44,49,6
27,9,32,53,31
28,46,30,46,7
29,46,39,22,53
