0
Grid:
20,20
....................
....................
....................
....................
....................
....................
....................
....................
....................
....................
....................
....................
....................
....................
....................
....................
....................
....................
....................
....................
Agents:
11
0,7,19,7,15
1,5,1,6,4
2,14,3,4,18
3,3,8,3,13
4,14,19,4,9
5,11,13,9,12
6,12,14,6,0
7,10,17,16,18
8,7,18,19,15
9,7,5,16,15
10,2,17,5,16
