0
Grid:
70,70
..............@.........@....@...@@...........@........@........@..@..
..@@.@....@..@@..@..@.........@@.@.@@........@...@...@@@.@..@....@...@
.......@....@..............@@.....@.@.@.....@@@.@.......@@...@........
........@............@.........@.@....@..@...@.@....@@..........@@....
..@..@@.@...@...............@................@.....@....@.@........@..
............@......@@@..@.@.................@......@.@...@............
........@@.@.....@..@@..........@@.......@.@.....@......@..@@.........
.....@@.@.....@...@.........@.@@..........@..........@..@@....@@..@.@@
.....@.@.@@.....@...........@...@.@@......@.........@..@...@.......@@.
.........@...@@.@....@.......@.....@@@..@.................@..@.......@
@.@.@..@.@@..@....@@.@.@@@@.@.@..@..........@@....@..@.@.@..@..@@..@..
.@.@........@.@........................@@.....@@.@......@.@@..........
.@........@@..@..@@@@..@.@@@........@@........@.....@@..@...........@@
......@......@@@.@........@@.@..............@.....................@...
@.....@.@....@@............@.@@.@@....@...@@.@@..@..@.........@.......
.....@@.......@@...@@.......@..@@.......@@..@........@.@...@@....@..@.
@....@@..@...@.....@......@..@...@....@...................@@.....@....
...@.....@........@..@...@...@.@....@..@@@...@@@.@@@.......@.....@....
.......@................@@.............@..@..@....@..@...............@
...@.....@......@..@..@@....@.@........@@@@.......@.....@.........@@@.
....@...@..@..@..@.....@.@@......@...@..@@...@...@..@......@......@@..
..@.......@....@@....@....@..@@@.@@..@@.......@.......@...@..@....@@@.
.....@....@...@@........@@@..........@............@........@..@.......
@......@...@....@@..@.@.@.@....................@..@@.@@..@.........@..
.@...@....@.@.....@..@........@.......@@@.@..@...@.............@......
.@..........@..@.......@.............@....@....@....@@.......@......@.
.@...@.@..@...@..@..@..@..@......@...@......@@......@@.@.@..@.@@..@...
.@@@....@..@@.....@....@......@.....@......@.@.@....@.@@...........@..
@...@.@@.......@...........@@.............@.......@...................
......@..@...........@....@@.....@......@.@.@..@.@..@......@.......@..
......@@...@..@........@....@........@..........@.@..........@...@..@.
.......@@....@@@..........@.......@....@...@@.....@............@......
.........@.........@.@@..@..@......@..@...@......@...@..@.@@@.........
.................@...@@@@.@.....@..@.@..@........@..@.................
.@........@.@.@........@..........@....@@................@.....@......
...@..@.@...@.@..@....@.@...........@..@.................@....@@@@.@..
...........@@@..@...@....@..@@..........@.....@@.....@@.@@............
@........@@...@.@.@...@.....@...@....@..................@..@....@@....
@.....@.......................@.@.@..@@....@...@.............@@.....@.
.....@....@.....@@...@.........@........@@.........@..@....@..@..@....
.......@..@..@.....@....@....................................@..@..@..
..@..@.........@......@.......@..@...@..@@.@@@..@..@....@..@..@.@.....
....@.@.@....@@................@..@...@@...@..........@.@....@...@@...
...@..@......@....@.@............@..@.......@@@.....@.@.........@.....
.@@..........@@..@......@..@...........@.........@.@@@...........@.@@.
@......@......@....@.@...@@...........@.@.@@@........@@.@....@......@.
@.....@..............@....@.....@.......@.....@@.............@.......@
..@....@..@.......@.@...............@....@......@.............@...@...
........@.....................@.........@.........@.....@@..........@@
..@..@@.@...@.@....@......@............@...@@......@.......@..........
.....@.@......@..@@...................@...@....@.........@.......@.@@.
@.......@@@@..@.@.@@@............@.@......@@....@..@@.......@.........
..............@..........@..@..@.@...@......@.@..........@.@...@.@@.@.
..@..@.@................@......@.............@...@@.@..@.........@..@.
@.....@...@@@.@@@@.......@@.@@.....@.................@..@....@..@.....
..@..........@.......@@....@..........@.@........@....@.......@..@.@.@
.@.......@...........@....@........@.......@.@.@@.@@.@...........@..@.
@.................@@...@.@.........@..................@@..........@.@.
.................@..@.....@.......................@..@.@.@.......@....
.@.....@.....@.@........@........@........@..............@....@..@....
@.......@.@.@@..@...@.............@..@..@..@.@......@.@............@.@
@.....@@.....@...@..@.@.............@.....@.................@@.....@..
.....@..@.......@.@........@.......@...@.@......@...@....@............
.........@.@.........@......@.@@........@@...............@.....@......
.@....@@@.@@..@...@.........@....@.@@.@....@@...@.....@@@...@.........
...@......@@.......@..@....@.......@@@..@.....@@@...@...@.....@.......
..................@...@@.@@...@..@......................@..@.@@.......
...@..@.@@.....@@...............@@@.@...@.@..........@....@..@......@.
..@@@....@@...@...@...........@..@..@..@@..@@................@..@.....
...@.@.......@..........@...@..@....@...@@........@..@.@...@.@........
Agents:
55
0,25,18,58,45
1,17,14,38,35
2,26,2,34,24
3,37,45,40,35
4,43,55,54,43
5,20,61,36,44
6,39,12,22,44
7,52,13,47,3
8,38,31,68,51
9,14,20,13,54
10,33,20,5,42
11,30,35,0,1
12,57,41,64,41
13,31,69,34,66
14,28,47,52,16
15,20,10,24,53
16,61,40,32,63
17,57,4,17,5
18,4,14,0,12
19,21,35,19,21
20,45,57,68,29
21,16,54,56,8
22,42,16,51,27
23,64,64,51,61
24,44,12,29,69
25,12,66,21,53
26,51,5,62,69
27,58,1,66,37
28,55,43,51,22
29,40,28,64,53
30,25,33,26,39
31,26,29,61,21
32,62,49,19,26
33,27,28,31,64
34,18,2,24,60
35,4,34,38,23
36,2,8,16,61
37,59,52,54,9
38,32,2,4,17
39,26,19,65,64
40,11,17,7,45
41,20,2,6,48
42,16,57,24,29
43,34,31,48,21
44,60,30,15,62
45,37,15,64,5
46,20,32,38,16
47,39,23,56,19
48,3,9,25,25
49,41,20,38,13
50,41,32,35,61
51,30,25,19,2
52,22,43,48,53
53,1,24,5,52
54,2,43,49,9
