0
Grid:
70,70
@.@.......@..@..........@......@............@..@.@...@................
.......@@........@.@...@.@..............@@@.........@......@........@@
@...@............@...@....@.@......@..@......@..@.@......@............
.....@.@....@.......@..........@.....@.@..@@..........@...@.......@..@
..................@........@........@.@..........@.....@..@..@.@..@...
@..@......@.....@.....@@....@.................@.................@....@
.@..@.....@.@.......@...@..@.....@.@.....@@..........@........@.....@.
..@.@.@......@...........@....@.....@........@...@.@@@...@@......@....
..............@.@.@............@.........@....@................@......
..............@..........................@....@.@................@@...
..@...@.....@.....@...............@.@@@................@..@..@..@....@
.............@......@.@......@.........@@................@..@.@.....@.
.@@............@...................@.......@.....@......@....@........
@...@..@..@....@...........@@...................@............@...@....
.@.......@@.............@..........@....@.......@@.@...@.......@......
.@......@.@..@@.......................@...@@.@@..@@@.......@@.....@...
........@@.........@.......@.@.@........@...........@....@........@...
........@@...............@...@.....@....@...@..@..@.....@..@@......@.@
................@.....................@..............@................
...@..@..@.@.@......@@......@.@...@.....@.....@..................@....
........@........@@@...........@......@.....@.@.......@....@..@.......
..................@.@.@@.....@..@..@....@@..........@@.@........@.....
.....@..@...@.........@@...@.......@@...@......@.@.....@.@.@@.........
.....@.....@@@....@......@....@@..@.......@@@.@.....@........@@.......
...@.....@@.@...@@.....@@@...@...@........@................@.@....@...
.@....@.@..@........................@...@.............@...............
...@................@............@...@.@.@@@@.......@...@...........@.
.........@..@@.....@..@..@...............@..........@@...@...@......@.
.....@@.@.............@.........@......@...@@@...@.@......@.@...@.....
.........@..@...........@.@@@..........@.@.......@@....@..............
........@.......@.@.@.....................@@@.....@........@....@....@
...@.@..@.....@..@@.............@...........@........@@..............@
......@.@.................@@........@@.@....@.............@@..........
.....@......@@.@..@@.....@.@.....@...@..@......@.@...................@
......@...@.@....@.................@....@........@.......@@...........
.........@...@.......@...........@.....@.....@........................
..........@.........@..........@.............@....@....@.@.@..@.......
.........@....@.@..@.......@..................@@.........@@@......@@.@
.............@.....@.@...@........@....@.@.........@....@.............
.@....@...@@.@@.........@.....@@...@...@.@......@@.@...@....@.........
...........@............@.....@.........@.....@...@..@...@...........@
@....@................@...................@..........@................
.............@..........@..@......................@.@..@.@..@.....@..@
.....@...@.......@..........@@......@..............@@.........@.......
..................@.@......@....@....@.........@...@..................
......@........@.....@.@@@....@.........@.....@....@......@..@@.@.....
.@@.@.................@...@..........@............@..@...@..@@...@....
......@...@...@...@.@........@@................@......................
................................@.........@..@@....@.@.........@..@...
...................@@@..@..@.............@....@.........@..@.........@
........@...@..............@..@.....@....@...............@............
.......@.........@@....@.......@.@....................@@..@....@....@.
..@......@....@@@.@......@.....@@.@..@.................@.@............
...@...@@...@..................@......@......@......@........@........
..@......@..@....@......@..................@.....@.......@@.@..@......
.@@.....@.@...@.....@..........@....@.....@.......@...@.......@.....@.
..........@.......@@@......@.....................@@.@@.....@..........
.....@@@..@..@.......@@@....@....@@@@......@.....@..@..@@.............
......@................@.......@.....@..............@......@...@.....@
....@...................@................@.@.@..........@..@..........
.@..........................@@.....@.@...............@......@.....@@..
.....@.....@.........@............@.....@..................@.@..@.....
..@.........@..........@..@.....@..............@..@.@.....@@..........
.........@..........@.........@....@..@.......@.............@.........
...........@@..............@@....@..@@.................@...........@.@
@...@.@........@........@.@..@..........@........@.............@......
....@.......@...........................................@@............
............@.......@..@@......@..@.....@...@.........@.......@..@....
..@..@............@.....@.............................................
.......@.........@@...............@.....@...@....@.@........@.......@.
Agents:
85
0,4,25,69,5
1,45,69,26,21
2,25,47,27,16
3,14,7,46,12
4,16,67,15,4
5,40,21,14,58
6,44,3,8,11
7,25,31,23,64
8,19,49,2,30
9,4,21,64,43
10,60,39,19,10
11,0,5,60,9
12,35,60,17,26
13,37,40,26,32
14,69,16,53,29
15,68,46,52,36
16,22,62,68,56
17,63,44,4,42
18,25,68,52,68
19,9,25,10,57
20,0,69,22,51
21,49,48,68,48
22,44,2,39,68
23,34,27,53,32
24,58,18,0,63
25,58,38,50,21
26,52,52,33,43
27,35,6,58,28
28,69,20,62,44
29,12,23,47,7
30,61,0,25,60
31,68,63,24,62
32,68,52,44,48
33,10,51,55,16
34,6,21,29,62
35,20,60,57,20
36,59,21,19,51
37,30,32,9,32
38,26,9,8,3
39,52,50,20,36
40,27,30,38,67
41,64,40,14,67
42,45,5,51,53
43,55,56,68,53
44,54,1,7,33
45,8,48,32,40
46,49,50,29,33
47,3,51,59,14
48,17,7,1,26
49,12,36,49,51
50,16,47,61,57
51,59,49,67,38
52,17,10,31,37
53,42,38,18,66
54,69,28,39,27
55,5,1,66,66
56,35,53,47,65
57,65,19,50,55
58,52,11,35,0
59,42,49,41,21
60,29,44,1,11
61,62,44,28,28
62,38,60,19,43
63,31,61,48,21
64,9,53,6,59
65,40,67,24,44
66,15,6,43,25
67,59,23,49,13
68,54,67,27,59
69,5,11,10,15
70,51,45,63,17
71,27,63,55,63
72,1,11,52,3
73,1,15,34,21
74,7,12,4,13
75,5,9,43,34
76,20,22,65,20
77,38,42,55,5
78,6,7,26,34
79,19,41,29,56
80,52,7,24,19
81,55,29,12,69
82,64,41,41,2
83,34,54,0,67
84,5,31,68,4
