0
Grid:
60,60
............................................................
............................................................
............................................................
............................................................
............................................................
............................................................
............................................................
............................................................
............................................................
............................................................
............................................................
............................................................
............................................................
............................................................
............................................................
............................................................
............................................................
............................................................
............................................................
............................................................
............................................................
............................................................
............................................................
............................................................
............................................................
............................................................
............................................................
............................................................
............................................................
............................................................
............................................................
............................................................
............................................................
............................................................
............................................................
............................................................
............................................................
............................................................
............................................................
............................................................
............................................................
............................................................
............................................................
............................................................
............................................................
............................................................
............................................................
............................................................
............................................................
............................................................
............................................................
............................................................
............................................................
............................................................
............................................................
............................................................
............................................................
............................................................
............................................................
............................................................
Agents:
65
0,36,28,39,40
1,8,44,18,50
2,18,47,15,16
3,28,35,23,34
4,51,3,39,58
5,39,34,2,19
6,6,55,38,23
7,14,58,7,0
8,25,30,53,11
9,3,50,38,15
10,47,17,12,12
11,47,1,20,23
12,24,8,32,0
13,17,50,15,53
14,0,8,27,58
15,38,54,42,11
16,14,42,48,32
17,28,10,36,42
18,29,23,6,55
19,38,13,20,15
20,17,3,18,44
21,56,50,52,9
22,44,3,28,0
23,28,27,25,39
24,57,39,51,25
25,48,36,6,18
26,48,13,7,34
27,3,19,32,7
28,40,6,37,5
29,19,10,47,31
30,30,37,10,10
31,35,43,13,47
32,24,44,14,36
33,20,23,58,13
34,27,3,42,53
35,28,2,40,24
36,51,50,3,38
37,33,44,58,7
38,20,56,57,24
39,16,21,51,11
40,39,49,13,14
41,53,20,19,3
42,19,1,3,29
43,5,0,49,57
44,39,8,8,33
45,29,22,9,56
46,3,27,52,5
47,43,39,37,21
48,28,13,30,6
49,26,0,17,33
50,42,4,49,34
51,0,53,36,37
52,10,46,11,38
53,44,58,17,54
54,39,19,50,51
55,58,44,25,8
56,49,58,39,34
57,31,40,38,26
58,43,14,48,39
59,24,22,46,14
60,38,19,55,7
61,44,18,27,13
62,34,6,45,21
63,58,24,45,59
64,6,53,38,57
