2
Grid:
60,60
..............@......................@................@.....
..................................@.............@...........
.....................@.................@..............@.@...
......................@...........................@..@......
........................................................@...
..........@.................................................
......@..........@..........................................
................@..@.............@..........................
.................................@................@.@.......
.............@..............................................
............................................................
........................@.@.................@...............
......@...........................@.........................
@............................................@..............
.....@....@........@...........@..................@.........
............@.............................@.................
.........@..@............................@......@...........
.....................@...............................@.@.@..
...@..................@....@................................
.............@...........@.............@.........@.....@....
................................@......@....................
.....................@.@.............@..................@...
...........@............................@.@.......@.........
.......@....@......@.....@@.....@.........................@.
.................@.......@...........@.......@..............
.........@......@..................................@........
..........@....@...........@...................@............
@@@.......@.................................................
.....@...@@...........@.....................................
..@..............................................@....@..@..
........@.............@...@......@....................@.....
............................@.............@.................
......................................@@..@@.......@........
.........................@...............@..................
............................................................
................@..................@..@....................@
...@........................@..........@....................
@................................@..................@@.@....
..........@............................@....................
.................@........@.................................
................................@@..........................
........@.............................@..............@......
........@.....................................@.............
.................................................@..........
...................@............@.............@.............
.@...................@......................................
..................@.....@.....@.............................
@@...........@..........................@...................
...........................................@@@..............
............@.........@..............@.......@..............
..................@..@......................................
............................@............................@..
..................@@.........@..............................
.....@.@...............................@....................
@.@......................@..................................
......@...............@.@..................................@
................................@....@......@....@..........
.@.................................@@...................@.@.
.....@.................................@....................
...@.@......................................................
Agents:
60
0,59,25,6,21
1,59,51,57,50
2,0,27,11,19
3,22,14,30,36
4,11,35,12,3
5,22,5,3,31
6,42,43,40,56
7,23,44,16,27
8,42,37,14,32
9,31,48,13,13
10,4,54,52,16
11,24,0,10,50
12,20,4,3,52
13,26,37,17,59
14,19,27,40,45
15,58,41,23,5
16,55,1,46,25
17,19,4,8,57
18,27,52,4,33
19,18,2,18,44
20,16,11,51,43
21,38,9,34,50
22,5,30,44,27
23,49,6,15,8
24,18,4,27,36
25,1,58,42,29
26,31,56,53,10
27,0,44,32,6
28,54,43,15,23
29,37,40,39,12
30,9,41,36,16
31,23,18,34,44
32,16,49,10,2
33,18,29,20,40
34,22,26,10,33
35,37,12,41,57
36,22,10,10,22
37,4,50,13,23
38,51,48,2,12
39,42,15,42,41
40,3,28,52,37
41,21,22,30,44
42,1,41,25,7
43,42,32,8,32
44,33,58,6,27
45,59,47,16,53
46,46,47,17,9
47,13,33,12,4
48,49,20,16,34
49,44,51,32,17
50,27,49,36,56
51,36,20,49,1
52,21,44,58,33
53,39,47,14,35
54,48,21,9,11
55,58,8,25,40
56,15,48,15,52
57,28,56,54,34
58,28,40,15,17
59,43,4,54,28
