0
Grid:
70,70
.@..@.@@.@......@..........@.@.......@.@@......@@.....@@@......@@....@
....@....@@.@.......@@.@.....@.@.........@..@..@@....@......@@@..@....
.....@@@@.@@@@.@..@....@@....@..........@..@..@@@.@.....@@........@.@.
@@........@.@...@.........@..@@.@.@.........@..@@.....@@...@..@.@@.@@.
.....@.@@@..@..@@.@.@...@.@.@.@.@...@@..@.@@....@.......@.......@....@
@@.@.....@.@..@.@@.@@..........@..@.@....@...@......@...@@...@@.......
...@.@.@@@@.@.@..........@.......@....@.@...@.......@..@..@@@...@@@...
@...@...@..@@........@.@.....@..@...@@.......@.......@.@.@@....@......
@.@.............@@@..@...@.....@..@............@...@...@@.@.@.@.....@@
..@....@.....@@.@@..@@.@@..@.@..@.....@.@..@..@.@..........@...@...@..
..@@.@.@..@.@.@......@..@...@...@@.@@@.@....@@@..@..@.@.@@........@@@.
.@....@@...@...@.....@........@..@....@.@.@@..........@...@..@.@.@....
.@...@....@..@........@..@...@.@@.....@....@..@............@...@.@...@
.@@.@..@.@@.@...@.@.....@....@.........@.@@.....@@..@@@.....@......@@.
@@.@@....@....@@.....@.@....@@....@...@..@...@.@.....@...@...@.@.@@..@
.........@....@.@...@..@........@@..@..@...@@@........@...............
..@@@.@@.@..@.@...@.@.@.............@@@.......@.........@.@..@@.....@.
....@....@....@@.@@.@.@@.@...@.....@..@...@@.....@......@.@@....@....@
.......@@@@@@.@@@.........@@@.@@..@.@....@..............@....@....@...
......@..@@.@.@...@.@....@.@...@..........@@@.@....@@.@....@.@....@...
.@..@.@...@.........@.......@@@.........@@.......@@.@..@...@...@.@..@@
....@..@..@@...@.@..@.@.....@.@.....@...@.@..@@..@@....@....@.@...@@@.
......@.@@@@...@...@.@...@...@@@..@@.......@.@.@.......@.@.@.@@@..@..@
@.....@@@.@.......@..@.@.@@.@@@.@.@.@..@.@..@..........@......@.@..@@.
..@..@.@@....@@.....@..@....@.............@.....@@....@@.......@@.....
@.@..@@@@......@@.@@@.@.....@@@....@@@....@@@.@.......@@.@.......@....
.@@@@..@.....@.@...@..@.@...@.@.......@.......@......@@@....@.@.....@.
.........@.....@@@@...@...@....@.@@.@......@..............@.@..@@...@.
..@....@..@@.....@....@.....@..@...@@@.@.@@..@@@.@............@.@...@.
.@@@...@.@.@..@.@..@..@..@..@@....@.........@.@@..@..@..@.@...@.......
.@...@......@.@..@...@..........@.@...@...........@..@.@@.@..@....@.@.
....@..@...@...@..........@...@.......@.....@..@..@.@...@...@.@...@@..
.....@.....@.......@..@@@.@..@.@.@......@......@..@.@......@..@@......
@@..@@@..@..@..@...@.@@..........@.@........@...@..@.........@.....@..
@..@.......@...@.@..@@.......@..@.....@.@.@@..........@@.@...@...@.@.@
@........@@..@..@..@.@..@@...@@.@........@...@@.....@..@...@....@@....
..@...@..........@.@.@..@..@...@....@.@...@.@....@.....@....@....@@...
@......@@@......@.@@@.@@@@@...@..@.....@.@@.@.@....@...@..@@.@.....@@.
.@..@.....@...@..@@..@..@@@@...@@@....@............@@@..@...@@@...@@@.
....@@..@@.@@..@....@.@@.@.@.....@@....@..@@@......@....@@............
@.......@.@..@..@@@..@@.@@@@@.@.....@..@...@@..@.....@@@@....@@.....@@
...@......@...@@..@..@..@......@......@......@@@@.........@....@...@..
...@...@.......@@..@.@@..@.@...@@....@@@@.....@..@@...@@...@..@@@...@.
.......@....@@...@.@..@.@....@.@@@...@.@@..@.@..@..@.@......@.@.@..@..
.........@.@...@@@..@@..@@@...@.@@...@@..@....@...@.....@@.@@....@.@.@
@.....@.@..........@@..@@@.@.....@...@.@@@..@....@@.@.@@@.@.@.....@..@
....@@@@@.................@@..@@@..@.....@..@.@@.......@.....@.@......
@@.@.@@@@.@@....@@...@..@.@....@.....@.@@@.......@.........@..........
.@.@@@.@.@@........@.@@.....@@......@@@@...@@@....@........@@@......@@
.@..@...............@@@@.@......@.@..@..@@...@...@.@.@......@.........
...@...@@..@..@.@@...............@.@..@@.........@...@..@..@@...@.....
.@..@...@....@...@.@.@@@...@@@...@.........@@@..........@.@@...@......
..........@....@.@..@@@...@.@@.....@..@@......@@....@.@....@....@.....
.....@@@@.........@.@......@@..@...@@.@@@@..@@.....@@@........@..@@..@
..@.........@.@..@.....@..@....@@.@@@.@@...@........@.@.@@....@@..@.@.
........@...@.....@..@...@@@..@.@@.................@..@@@..@@.........
.@@..@.@....@...@.....@.@.@....@...@@.@@@........@..@..@....@..@@@.@.@
@@@...@...@..@@....@......@....@..@....@...@...@.@.....@......@..@....
@........@@......@...@@@......@@@..@...@.....@..@...@@.@.@@@..@...@...
.....@....@.....@...@@@@..@@.........@@....@..@..@.@.@.@@....@.....@@.
.@..@@....@.@@.@.@.@.@.@.@....@.....@.@.@.@........@@..@@.@..@......@.
.@.....@.@@......@....@@..@@........@.@...@@@@....@@..@.@@...@..@@.@@.
......@.@.@.............@..@...@@@.....@..@.........@....@.@.....@@@@.
.....@..@......@.@.@...@..@.@...@@.@..@@@.@@.@...@.@.@.@.....@..@....@
@.@.@@..@.......@.......@..@...@..@@...@........@@...@@.@....@@@@..@.@
@...@..@.....@@@.@.@...@......@@.@......@@......@.@.@.@.@.@..@....@..@
@..@....@..@@.@.....@@.....@@.......@@.@.@.@.@@@.@....@@@@....@@.@.@@.
...@.@.@@...@..@.....@.@....@.....@..@@.@.@@.....@.@..@..@.@.@@....@..
..@.@.....@.@@..@..@@@..@.@@@..@...@.@......@@......@@@@..@..@..@@@@@.
...@.....@.@...@..........@..@@...@...@.......@.@...@@@...@....@.@...@
Agents:
70
0,38,34,68,8
1,22,28,64,57
2,33,46,43,47
3,19,1,40,19
4,24,0,4,39
5,32,15,16,33
6,25,27,17,24
7,13,14,27,37
8,51,20,18,68
9,8,35,48,41
10,68,56,67,56
11,7,43,36,43
12,68,30,46,33
13,0,41,61,63
14,25,53,19,48
15,30,3,42,67
16,66,4,34,56
17,42,69,4,13
18,7,52,40,38
19,53,9,31,40
20,26,52,46,50
21,26,48,42,36
22,11,53,47,51
23,19,17,9,12
24,45,57,38,5
25,1,2,22,14
26,27,42,66,64
27,3,50,34,28
28,65,25,27,32
29,5,64,56,47
30,60,3,19,55
31,1,18,18,59
32,5,40,68,60
33,60,41,31,37
34,34,12,27,1
35,27,8,8,30
36,69,28,69,27
37,49,67,37,12
38,5,28,49,29
39,4,31,48,8
40,47,62,31,9
41,48,48,38,43
42,25,63,6,19
43,32,9,46,62
44,27,40,4,50
45,60,24,52,50
46,61,62,61,16
47,1,30,9,54
48,18,46,41,59
49,11,28,55,63
50,63,62,30,24
51,62,18,9,25
52,0,21,53,67
53,55,67,46,66
54,62,55,9,6
55,58,24,57,15
56,11,68,3,60
57,14,6,40,35
58,8,9,52,3
59,6,50,44,13
60,36,12,53,48
61,64,10,48,32
62,21,16,44,45
63,43,1,62,51
64,37,65,68,17
65,9,4,36,37
66,53,34,0,24
67,31,5,24,26
68,39,2,24,40
69,50,62,31,35
