1
Grid:
70,70
.......@...@...@@..@...@..................@...........................
.......@............@........................@.........@.@.@.........@
........@....@....................@.............@@.......@......@.....
@....@..@.................@..@.@...@...............@....@.............
.........................................@.@..................@....@..
....@..@.........@.......@..........@..@..@.............@@.....@......
....................@@...........................................@....
........@......@....@..........@...@.@..............@..........@......
@....@........@.@...........@.@.......@.....@.......................@.
...............................@................@.......@...@....@.@..
.................@......@.@................@...............@..@..@....
.........@.........@@.........................@....................@..
@.@...@..............@......@.............@................@..........
.....@..@.@.......@..................@..@...@..........@..............
.@....@....@...@.....@@..........@.......@...@.......@....@...@......@
......................................................@.............@.
..................................@...................................
@..@..................@.@.....@...@..........@..........@.............
...........@....@............@....@@........@...............@.........
@...@..@........@..@.@..........@..@.@.....@.@.................@.@....
......@.............@..@.......@...@.............@....................
.........@..........................................@...@.............
.......@...@..@.@...@................@........@......................@
..................................@.....@.............@@........@....@
...@..@.........@..........@.@................@.@@..@.................
.@......@.@..............@........@.............@............@........
...............@@.........@............@.......@.........@..@....@....
...........@@..@.....@.............@......@@..................@.......
.............@@.@...................@.....@@........@..@.......@.@....
@.@......@..@...@@......@..............@@......@.......@......@.......
...@@.......@.....@....@.............@...@................@.....@.....
...@.......@...............@...............@..@.......................
.@@...............@.....@.............@...........@.@.........@....@..
.@...................@.@@..................................@..........
..@.................@.............@.@......................@..........
...............@.@..@.....................@@..@...@..................@
.@.....@....@......@....@..................................@..........
..........@.........@..............@..............................@...
..@.............@.....................@.@.....@.@...@................@
@.@....@....@.........@....@.........@.......................@........
................@........@......................@.....................
...@...............@..........@@...........@.@.......@.......@........
..............@...........@.......@............@..........@...........
.@.@....@@.@..@.....@..@@.@.......@......@...........@.@...........@.@
................@.............@...................................@...
.............@........................@...........@..........@....@..@
........@........................................................@...@
............@...........................@@......@..@..................
.........@...............@......@.........@.@.@......@................
@.....@..................................@....@......@....@..........@
...........@@..@..@........@.@........@...@@......................@...
......@...@...........@...@..........@@@................@.@.@.........
.@.........@....@.......................................@.............
..................@....................@.........@.....@@..........@..
......@....@@................@................@......@................
.....................@..........@@.............@.....@@..............@
...@.@.............@.....@..........@............@...........@........
..@..@............@......@....@@.....@..@.......@.................@@..
................@..@...@@.@......................@...@.........@...@.@
...........@@...........@....@..........@....@.......@................
.....................@....@@................@...@.............@.......
................@.............@....@...@@..........................@..
..................@@......................@............@..@....@......
.......@..@.@................@.....................@............@....@
..@...........@................@......@...................@...........
....................@.....@...........@..@.@..........................
.@..............@...............@.....@....@...@......@....@..........
....@........@.....@.........@......@....................@@..........@
.@...........................@@.......................@....@.@........
...@@..........@............@.........................@..........@...@
Agents:
70
0,22,22,13,23
1,45,33,63,27
2,0,0,40,65
3,6,33,60,12
4,54,42,49,45
5,23,5,28,18
6,30,28,61,9
7,64,24,7,58
8,53,69,11,15
9,22,42,9,64
10,39,47,64,36
11,38,51,6,30
12,50,54,30,63
13,47,33,37,63
14,28,24,63,22
15,66,68,15,31
16,69,23,41,24
17,54,49,9,36
18,16,57,35,41
19,17,37,13,52
20,50,49,54,69
21,23,66,20,64
22,0,58,66,22
23,0,3,18,63
24,63,23,69,45
25,32,47,40,64
26,5,21,6,4
27,55,2,36,38
28,39,58,48,30
29,28,67,49,16
30,0,40,36,28
31,28,54,2,6
32,69,18,63,40
33,25,52,54,4
34,0,1,41,25
35,44,21,68,17
36,28,6,33,50
37,30,43,9,41
38,35,22,62,0
39,18,32,26,0
40,63,14,44,57
41,17,28,2,18
42,9,53,39,54
43,48,39,15,40
44,68,38,9,5
45,66,51,0,34
46,7,27,52,9
47,48,11,20,57
48,63,32,15,63
49,46,3,48,3
50,47,34,8,53
51,44,33,46,23
52,24,38,26,66
53,33,46,11,50
54,9,55,40,11
55,19,46,24,42
56,0,17,53,5
57,49,11,25,21
58,34,1,52,65
59,60,17,41,22
60,22,4,39,46
61,23,59,40,5
62,9,52,42,51
63,51,5,66,65
64,46,19,57,35
65,49,3,15,4
66,46,15,32,33
67,55,29,62,38
68,39,53,40,68
69,3,41,38,61
