1
Grid:
70,70
.@.@@.....@...@............@.....@.......@..@.................@.......
..@.....@...................@...@@........@......@....................
..........@.@..........@.@............@...@....@......@...............
..............@......@.....@.@@...@...@..@..@....@...@.@...@....@..@..
...@..........@@.@.........@.@@....@...@........@@......@....@........
@@@.@..@................@@....................@.@.............@......@
.@.......@.@..@.....@.....@.........@@.........@.....@...............@
.....@.....@@.......@...@.................@@.........................@
.........@..............@.........@.@.....@..@@.....@...@@.........@..
..@.@@...................@..@...........@........@..@@.......@..@...@.
..................@...............@.............@..............@.....@
...@@...@...@...@...@@.....@...............@......@......@...........@
...@.@...@..@...@........@............@@..@.@.....@.@..@...@.....@.@..
......@.@........@...@.@.......@......@..............@..@..@@....@....
.@.......@..........@....@..@........@@..@..................@.........
........@@...@.@..@...@....@...@........@...@...@................@.@..
...@..@...@..@........@....................@@......@....@...@...@.....
.........@.@........@........@..@....@.@@.........@@.....@..@.....@...
........@........@...@......@....@.....@.@...........@@.@.............
.........@........................@..........@...........@@......@....
...@.....@@@............@..@.....@................@..............@....
...@@.@.......@.@@......@.........@...@.@....@@..@@.@.@............@@.
........@..................@...................@@..........@...@......
....@....@...@.............@..@....@..@..@...............@@@....@...@.
...@..@.......@....@............@.@.................@...@........@..@.
.@.....@..@.....@....@............................@@......@@..@....@..
...........@.........@....@.@........@...............@@............@..
...........@....@.................@.......@..............@...@....@..@
...@.................@.@@@.....@.......@..@.....@.............@...@.@.
......@.............@.............................@...@.@.............
...........@@...@....................@..........@....@..@..@..@.....@@
.......@..........@..@.........@...............@......@.........@.....
@@................@@.@..@.........@@...@........@........@..@.....@...
.....@..@........@......@...............@.......@..@...@....@.........
........@.@....@.......@...........@.........@....@.....@.@@..@.....@.
......@.@...............@@...@...@.@......@...@@@...........@......@..
.......@@..................@@.@...@......@..@..@...................@.@
@...@........@@...@.....@.........@............@...@.......@@.@.....@@
.....@...@.........@...@...@..................@....................@..
..@........@.@..........@..@.....@.....................@@@............
.@.........@.@....@........@...@.......@...@.............@.@@.........
@.@..............@.....@@..@.........@@....@...@@.@..@....@..@.@......
.....@..@........@....@....................@..@..@......@.@...........
@@..@..................@......@....@@.....@....@.@......@@.......@..@.
................@....@..@...@..@@.@.............@.@..@................
@...................@............@.....@..@.@.........@........@....@.
....@............@.....@..@..........@...............@.......@....@@..
.@....@....@....@.@..@..............@.....@...@..........@....@......@
.....@@..........@....@.............@...@...@............@@.........@.
..@.............@......@............@...@.........@@........@.....@@..
@...........@..........@.......@.@..@.........@............@......@.@.
...@...................@................@.................@.@.........
.@..@............@.@@....................@........@.........@...@.....
..................@....@.....@...@.@@@.....@..@.......................
.......@..@.....@.........@.......@.@....@...@..................@.....
.........@.@.........@.......@..@.....@.....@................@........
@.............@@............@.@@.@...@@@.........@.......@@.@.@.......
..............@..@....................@...........@@..@....@@@..@.....
.@.......@.@..@......@....@......................@..........@@@@.@.@..
.................@...........@......@.@...........@@..@.....@.........
@.....@..@..@.@.............................@@............@....@......
@.........@.................@................@...@@..........@......@.
@....@..@....@.@...........@......@@.....@@.@@..@...@@...@..........@@
...@..@............@.@@....@.@.@..............@..@@..........@........
@..................@@..@..........@@....@..@.....@......@.@...@.......
......@........@..........@..@...........@@..............@.@........@.
.@....@...............@.@@@..@..............@@@@.@@.....@.......@@..@.
.....................@.@...@.@@.........@.@....@.......@.@......@@....
..................................@.@..........................@......
........@.@................@..@..@.@@...@........@..................@.
Agents:
55
0,38,43,3,5
1,57,21,65,32
2,22,43,57,1
3,58,23,30,42
4,64,24,51,33
5,23,11,38,4
6,38,66,4,63
7,23,46,11,53
8,40,55,58,18
9,65,20,20,37
10,3,20,56,35
11,5,68,7,58
12,67,4,1,14
13,25,64,13,50
14,14,69,16,21
15,50,10,51,69
16,19,23,28,15
17,67,67,47,44
18,58,32,54,61
19,1,50,0,58
20,2,2,31,36
21,40,38,2,63
22,19,50,15,51
23,5,35,29,68
24,25,15,69,9
25,25,40,22,17
26,30,46,10,25
27,43,40,18,26
28,4,55,6,57
29,0,49,58,69
30,22,6,27,30
31,19,42,59,59
32,3,43,35,18
33,66,16,9,51
34,1,45,66,14
35,42,33,50,3
36,7,57,43,7
37,45,34,38,53
38,6,19,8,26
39,5,54,59,37
40,67,52,47,5
41,42,24,9,31
42,27,12,49,6
43,7,31,56,50
44,68,40,5,37
45,1,60,29,55
46,15,12,0,67
47,30,20,8,16
48,27,31,49,15
49,39,9,58,23
50,13,49,63,52
51,68,66,66,51
52,22,9,34,2
53,34,54,17,6
54,52,40,23,23
