0
Grid:
70,70
....@@..@.@....@.@...........@..@.@....@........@......@@...@@.@..@@@@
.@..@......@.@@..............@......@.@.......@..@.....@.@..@..@......
.@......@....@.........@..@@.....@..@@...@..@.@.@@...@@@.@....@.......
.@.@...@...........@.@..@...@.@.@......@.@@...@..@....@@....@.@@..@.@@
.@....@@....@............@.@.@.....@@..........@.............@@....@..
..@...@..@...@...@.................@@.@@...........@....@...........@@
........@..@@........@...@...@@..@@.........@..@@........@.....@@.@...
...@............@.@.....@@....@@..@.@@@...@......@...@@......@.......@
.@.......@........@..@..@.........@..@...@@.........@..@...@....@.....
..@.@..@.......@....@............@........@.@..@@.@@...@@...@..@.@..@.
........@...@...@@@@....@....@......@....@.....@@...@...@...@..@....@@
.@@.........@@...@@......@@.......@..@......@.@......@@@@..@@........@
....@......@...@.@.....@@.....@......@..@@@@.@...@@........@.....@....
..@.@.......@..@@.@@@..@.........@....@..@@..@.@@....@.@.@..........@@
......@...@....@..@....@@@@..............@..@.@.......@....@@@....@...
....@@@....@....@@...@...@..@..@@....@....@.@.@@@...@.@..@.@.@@@.@.@.@
..@....@....@....@.@.@@....@@........@..@..@..@.....@@.......@@.@.@@@.
@@....@@.........@..@....@...@........@..@.@@@@.......@..@@@...@......
.@.@...........@.@............@@@.@...@.....@....@@....@...@.....@.@..
....@.....@....@@..@..........@..@.........@....@......@..@.@..@..@@..
.......@.....@.@.@......@@......@@.....@....@..@.........@.@..@@....@.
...@.@............@..@.......@..@..@....@.@...........@@@...@...@.@...
.@...@..@......@......@..@.........@@......@@.@..............@..@.....
.@@.......@..@.@@......@.@..............@.@@......@@@......@@@...@....
.@@@@.................@........@...@...@....@...@.@.@......@........@.
@.@..@@......@..@@.....@..@...@....@...........@@....@..@........@.@..
.@....@.@@.@..@....@.@@@......@@.....@.....@...@.......@..@.@..@..@...
.@..@.........@@....@@..@@@..@@.@@................@.....@@.@@@.@.....@
..@....@...........@@.@..@....@...@...@.....@....@.@..@.....@........@
...@@.....@@@...@..@..@@...................@..@@@...@...........@.@@.@
@@.@.@...@........@.....@...@@.@.......@@...@...@@.@@.@.@@@.@@@.......
..@@..@.....@.......@..@.@.........@.@...@.@...@.@@..@.......@@@......
...@@.@........@...........................@...@.@.@....@.........@@..
@...@..@@.....@.@..@.....@........@....@...@.@..@..@.......@....@...@@
......@@.@@....@@.....@@.@.@.....@..@@..@....@.@@.@......@.....@.....@
@.@@..@..@@.......@.@.........@..@...@..@.......@..@..@@@..@@@....@.@@
......@....@...@......@..@...@.@.....@@........@@..@@@@..@...@@...@...
..@@....@.@.........@.@.@...@.....@..@.@..........@...@..@..........@.
@..@.....@@@....@@.......@..@.......@......@..........@@....@@........
..@@.......@..@..@.@.@..@@.@@.....@....@.....@..............@....@@...
...@@@....@@..@@..@......@..@...@..@@..@@@.....@........@.@@.....@....
......@......@.......@....@....@..@........@..@.@...@...@.@..@.......@
@.@.@..@@@@.@...@@..@.@.....@@.@....@......@@@.....@....@@..@.......@.
@..@@@......@...@.....@..@@@...@.@.........@..@@...........@@@..@...@.
...@..@...............@...........@..@............@..........@.@.@.@@.
.........@.@.@....@..@.......@....@@....@............@@.@@.....@......
.@@...@@.@..@................@.@..@.@.@..@.@...@........@.......@@..@@
......@@...@.....@..@@@.....@.@.@...@@........@@@.@@@@.......@..@...@.
@..@@.@..@...@...@@@....@.......@.@....@...@@..........@.......@...@..
..@..@@....@..@...@.@@@.@..@.........@@.@...@@@..@...@@..@..@..@.....@
...@....@.......@...@......@...........@.@...@...@.......@@..@........
..@.@.....@....@....@......@..........@.@...@.@....@@@@........@@..@..
@......@....@@........@..@...@......@........@........@...@..@.@@....@
@...@...@.@.@@....@.....@.@.@@...@@............@@..........@..........
.....@.@.@.@@..@.@...@.@........@..........@@@@....@..........@.......
....@....@..@@..@........@...@..@....@.........@@@...@............@@.@
..@........@@...@.@..@@.@....@...@@.@............@.@...............@..
.@.....................@.....@.@......@.@.@@......@@..@..@...........@
...@......@..@.@@.@.........@...@....@....@.....@@@..@..@....@....@@.@
.......@.......@...@..@..@..@..@@...@.@..@..@..@..@...@.@......@@.@.@.
.@.@@@....@...@@@.@......@...@@...@...@.........@@.......@@..@...@.@@.
.@.@...@@.@......@@..@......@..@.........@........@..@...@...@.......@
.......@........@.@..@@..@@@..@..@@@.......@.@..@@.....@.............@
..@.....@.......@@@@..@@.......@...@.......@.@.......@..@@.@...@......
@.@.......@.@.@..@.....@...@..@.@..@@.......@@.....@.........@..@.@...
@...@...@..@@.@...@..@........@....@....@@....@....@.@.@.......@..@..@
...@.........@....@@..@.@..@.............@......@...@.@.@......@....@.
..@.@@@.@........@.@.....@@@@....@@..@.@.....@.@.....@.@.@@@.@@.......
...@@...@..@............@@..@..@.........@@.......@...@...@.@..@...@..
...@...@@............@@..@............@@..........@...@........@..@..@
Agents:
60
0,48,45,48,50
1,62,20,59,30
2,57,60,37,49
3,36,9,15,35
4,27,68,61,63
5,31,5,27,41
6,1,8,23,9
7,18,42,68,49
8,37,69,64,67
9,9,38,36,20
10,15,60,34,61
11,18,7,49,8
12,4,46,32,59
13,69,20,21,59
14,12,9,60,20
15,1,5,7,56
16,8,56,8,25
17,55,6,33,38
18,59,1,32,21
19,29,59,50,50
20,6,19,20,2
21,10,49,37,1
22,39,51,36,10
23,49,10,14,65
24,50,23,65,60
25,26,51,47,44
26,66,9,66,40
27,41,32,58,27
28,17,61,9,24
29,2,22,29,25
30,36,44,57,49
31,10,25,63,28
32,54,69,5,29
33,67,24,49,41
34,29,60,25,39
35,41,7,18,62
36,58,40,1,17
37,6,31,41,59
38,4,21,0,50
39,44,48,53,58
40,63,67,41,53
41,48,47,11,27
42,48,58,26,35
43,35,44,53,41
44,32,1,62,13
45,53,50,23,45
46,31,7,43,14
47,41,2,6,42
48,49,50,23,38
49,61,9,38,32
50,2,31,54,2
51,69,32,2,5
52,21,19,9,6
53,62,29,24,37
54,40,20,31,18
55,28,55,30,12
56,17,51,61,24
57,44,57,20,41
58,57,25,6,68
59,6,27,44,21
