2
Grid:
70,70
.....@.............@......@.............@....@.....@..@........@@..@.@
......@@..@..@..@.....@....@@...@.@................@.........@@..@.@..
@.@..@....@...@..@.@..............@@...@....@.@...................@...
....@.....@....@.....@..@.@@@..@@@..........@.....@......@..@.........
..@..@.@..@@@..@@...@@....@....@@.....@@......@...@.@........@..@@..@@
@...@........@....@......@@.....@.....@............@..........@.......
.....@...@.....@.........@@...@..........@...@....@...@.@..........@..
@.....@..@......@@..............@....@.....@.......@............@.....
@.....@......@....@......@..........@.@.....@........@...@@..@........
.....@..@..@....@...........@........@.......@..@.@@..@@..@.@@.@.@....
.@..@........@..@.@@...@.@......@...........@...@........@..@@@@.@@...
..@@.@.@.....@...@@@...@............@......@...............@.....@....
......@...@@..@@....@@....@.......................@@.@.@..@.....@.@...
....@...........@..@@..........@...............@....@@@.@.@@..........
........@.@..@...................@.@..@....@..@.......@.@.....@.......
@@..@....@.@.....@..............@....@.....@......@...................
.........@....@........@@...@..@..@...@@@.@...@@..........@..@.....@..
...@.@.....@.@............@.@@..........@.......@.@.........@@........
.@.@..@...@@............................@.............@@@......@@@...@
.........@..@...@..@@@.@.......@.@..@........@...@............@.......
.........@.@.....@.......@...@...@.......@...@@......@@@..@...@....@..
.@....@.........@..@.@@.....@...@..@...............................@.@
.@...@.@.@..........................@@@@@.......@......@..@...@.@...@.
@.....@....@......@@.@@..@.....@...@@.@...@...@.....@.@..@.......@...@
.......................@......@.@...........@.@...@.....@.@.@.........
......@.......@.......@...@......@....@............@@@..@..@@.@.@.@...
......@.....@.@........@.......@...@@..............@...@...........@..
.@@..@......@.@.....@..@@@..@...........@.....@.......@.....@..@......
@.........@.........@................@...........@........@...........
......@.@.@.......@@.@.....@..........@.....@..@@....@.......@@...@@..
@.....@.......@...@.............@.@.@.............@.....@....@..@....@
..........@...@..........@...............@...@@....@..@....@..@....@..
.............@@.@.............@...@.@@.@@.............@...@..@@.......
.............@.@........................@....................@.....@@.
......@@...@......@..............@.@......@....@@..@@.@.@.@.@...@..@.@
.....@...@...................@@...@@.@..........@.@.....@.............
.@.....@.@...@.@..@.....@......@.......@.@...@...@....@...........@..@
...@...............@..@.@..........@......@...@......@....@.@....@...@
...@........@....................@.@.@...............@@..@...@........
........@............@..@....@.....@......@@@....@..@..@......@@...@..
....@.........@....@......@@..........@.....@......@..@............@..
.@@@.....@.@@..@@..@@..........@..@.@....@...@.....@......@.......@.@.
............@.......@@@@.@...................@....@....@....@.........
..@..@@......@........@@..@...........@......@..@@.@...@@.......@.@@..
.....@@.@.@...@.@...@.@..............@.@...@..............@.@....@@..@
@@.@....@................@......@..@...@....@......@.@.@@.........@@..
..@..@.........@.............@...@.@......@.@@......@...@@.......@.@@.
..@.....@.@............@..........@....@...........@@@..@.@@..@....@.@
....@.....@..........@.@.......@..@.@....@...@@@..@@.@...@........@..@
......@@.@.@@..@........@@...@......@@.....@..@...................@@..
@..@......@@.....@@..@.@.@.......@.........@....@.....@@.@..@.........
.@.@.........@.........@..@...........@......@...@.....@............@.
...........@............@.@.@@.....@....@..@...........@@.........@@@.
..@.............@.......@.@@..@...........@..@.......@................
.@.....@@...@..@.@@@.....@.....@..@...@@.......@.....................@
@............@@@...@.@.......@@.@.@..........@.@...@..@@@@@..@....@.@.
.........@..@........@..@@..@@@@@......@..@.@........@...@..@.........
..........@...@..@...@.......@..@.@.....@@.....@....@...@.@.........@.
@.@.....@.....@..........@.@...@@.@@@.@...........@.......@...@.@..@..
@..@............@@.@...@.@@....@......@...@@@..........@......@.......
@....@@@..@@@...@.....@@@.@...@...@..............@.@....@.@......@....
.@....@.........@.....@.@.@@.......@..@..@@.@...@..@...........@...@..
..@..@....@@..@..@.....@......@@...@....@......@...@.....@..@..@......
...@@..............@..@.@..@.....@......@@...@@@.@@...@.........@.@...
....@...........@@@..............@........@.@....@@.........@.....@@.@
@..........@.....@..................@@.@@.@.@@.......@@..@@.......@...
@..........@.@@@...@.......@....@...@@.@........@@.......@@@....@.....
@........@.@..@...@....@..@..@.@.....@.......@..................@.@...
..@.@.......@@@@....@.........@.@..@.@....@@@...............@.......@@
.......@.@..@.@.@..@.@.@.....@@.@..@....@..@@....@..@...........@@@...
Agents:
85
0,22,28,23,37
1,19,35,6,46
2,3,23,17,69
3,68,10,52,39
4,60,44,1,8
5,26,7,27,44
6,20,14,8,2
7,30,37,8,1
8,41,55,46,49
9,6,62,15,41
10,32,20,51,53
11,60,19,52,21
12,33,30,69,45
13,2,57,24,65
14,51,10,63,36
15,0,56,21,50
16,60,45,9,24
17,29,14,25,49
18,42,43,9,35
19,30,53,53,47
20,0,55,61,52
21,39,46,20,3
22,38,28,44,32
23,3,52,9,3
24,33,33,10,41
25,34,38,9,30
26,41,38,52,8
27,26,9,32,52
28,14,44,14,50
29,46,13,56,51
30,47,29,5,10
31,25,61,3,22
32,17,69,17,30
33,29,36,69,46
34,65,26,49,31
35,28,43,13,22
36,52,7,13,14
37,11,27,49,47
38,47,60,19,14
39,26,17,30,8
40,2,61,8,50
41,27,62,50,44
42,19,26,7,44
43,8,26,49,64
44,69,8,28,29
45,2,60,28,68
46,6,14,23,20
47,62,27,64,56
48,15,35,69,1
49,9,22,16,3
50,29,15,62,34
51,19,2,16,25
52,50,41,35,32
53,1,19,41,47
54,52,34,40,30
55,35,3,58,12
56,56,69,33,55
57,48,24,29,52
58,49,3,62,1
59,27,39,42,68
60,26,10,51,67
61,21,38,1,29
62,37,38,15,5
63,15,53,18,45
64,12,12,36,64
65,41,24,0,27
66,12,48,18,36
67,34,39,33,27
68,24,49,56,10
69,25,37,33,45
70,24,3,67,22
71,48,60,14,32
72,55,6,63,55
73,51,12,5,59
74,23,17,32,6
75,7,40,14,7
76,53,31,66,6
77,15,69,24,34
78,28,24,3,43
79,12,1,28,8
80,39,58,56,65
81,14,47,11,11
82,55,53,57,31
83,13,33,38,41
84,5,21,51,51
