0
Grid:
20,20
..@@..@...@.....@...
..........@......@@.
.@......@.@..@.@....
.@@..@@..@.....@@..@
...@..........@..@@@
.........@..@....@..
.........@....@.@..@
.@.........@..@...@.
.@@...@.@@...@.@.@..
..@@@.....@.@.......
...@.@..@@....@.....
@........@...@..@...
@@.@......@.@@.@@.@@
.......@@..@........
.....@..@@......@@..
.@@.@..........@.@.@
..@....@....@..@..@.
....@@..............
...@.@.....@......@.
@..@....@..@@@......
Agents:
11
0,17,0,16,10
1,17,9,18,13
2,13,0,1,19
3,14,3,18,7
4,16,0,10,15
5,13,6,13,1
6,1,3,12,4
7,0,14,4,5
8,16,4,13,6
9,11,1,6,13
10,4,15,13,18
