2
Grid:
70,70
....@..@..@.@..........@.@....@...@.@..@.....@@.....@@....@@........@.
....@.@.@..@.@.@.....@..@.......@@.....@......@.@@@..@@...@...@....@..
..........@.@....@@......@..........@....@@.......@@@....@............
@...@.....@@@..@...@......@@..@...@..@...............@.@@..@.........@
.@...........@.@..@@......@.@@@...@@.......@............@.@@..........
.......@.@...@.@@....@.....@..@.....@..............@...@.@...........@
.@@.........@.........@.@...............@..@@.@.......@.@@..@...@@....
.@....@@.....@..@..............@..@..@...@..@@@......@.....@@.@.......
@...@..@.........@......@@@.@.....................@......@............
...@@@....@@@@..@.@...@@@.@....@..............@.@...@.......@.........
.......@..@..@..........@....@.......@.......@....@...@...@.@......@..
.@......@.....@.@.@@...@..@.@..@@..@....@....@@@........@.......@.....
@..@.@@.@.....@..@.......@@.......@......@@.........@@@...@@.....@.@..
..@...@...@.....................@......@@@@..@.@...........@......@.@.
..............@.@@@....@..@................@...@..@.......@...@@...@..
....@....@@.@......@@....@.@........@...@@..@..@...@.....@...@.......@
......@...@...@....@@@...@..@...........@...@.@...@@..@.....@.......@@
.....@...@...@@@....@.@.@.....@.....@@............@@@@@......@.@.@....
.......@........@.@...@....@..@@..@.@..@@.......@@@@.@..@........@....
..................@.@..@....@....@.@..@.@..@.....................@@.@.
@@...................@..@@@....@@@...@@..@.@......@.........@.......@.
..@......@@@..@..........@.......@..........@..@..@.......@.@@....@...
..@......@..@@@.@@.@@....@.@.....@..@.@...@....@.@@.....@.@...........
@@......@..@@@.......@..@..@...@@@......@...@.....@..@@......@@@......
@@....@@......@@....@..@@@@@....@@..@@.....@.....@....@.......@....@@.
.@..@...........@....@......@.@@.@.@.@..@.@.@....@.@...@..........@...
..@..@....@..................@@..@.....@...@.....@@.@.@@..@.@.........
.....@.@@.@...@....@.......@.@...@..@....@.@.@...@.@.@....@.@......@..
.@....@.@@.........@.@....@...@.@.....@..@....@..@.@@....@@..@.......@
....@..@@......@........@........@...@.....@..@...........@..@.@......
..@..@.@@@.@.@.@...@.@@..@.@.....@.....@.@......@.....@...@@.....@@...
.@...@@..@............@..@....@....@@....@.....@.....@@.@......@.@....
@.........@......@..@.@@......@@....@.......@....@.@@......@..@@.@.@.@
......@..@......@.@.....@@@..@@..@.@...@..@.@.@@.....@...@...@@@.@..@.
@.@@.@....@@..@.....@@.@@@...@.........@..@..@........@.@.....@@....@.
...@@.@@...@@........@.@.......@.......@..@..@@..@..@.@.@....@...@.@.@
@..@...@...@.@.@..@.....@.@......@....@@.@@..@....@.@..@.@.......@....
.........@..@@....@@@.@.....@....@.....@@..@...@.@..@.@..@....@@..@.@.
@@.@..............@.@@....@@......@@@......@......@..@.......@..@.@@@@
..@...................@@......@..........@..@@............@...@@....@@
....@.@@.@....@...@@.@@.......@.@...........@.@@.....@...@....@@..@.@@
.......@.@@.............@..@.@.@...@.@@..@@..@..@..@..@......@...@..@.
@..@@....@....@@@.............@...@..................@..@.@@.......@..
........@...@@..@..@@@......@@.........@..@.@.......@..@...@...@.....@
.@.@..@....@.......@........@.......@.@....@@@@@.....@.@.@.@...@......
.@@..........@....@@@......@.@...........@..@.@..@@@.@.....@.@@..@.@..
..@...@......@......@@.@...@.@@.@....@@...@...@...@@@..@@@.....@.....@
..@.@......@..@..@..@..@....@@.@@@.@............@......@.@@@@..@......
.@..@.............@......@....@.....@..@@....@......@.@...@...@@.@....
.......@.@..@@@.@.@.....@...@........@..@.@@@..@@@@.....@@.@@.@.@.@...
.....@...@.@....@...@@@..................@@........@..@@..@.......@...
...@.@...@@..@.@..@..@...@@..@....@..............@@.......@@@..@......
.@..@@@.@......@.@@@.@.....@.............@.@..@@...@.......@.......@@.
..@.@....@.........@@.@....@......@.@.........@..@@@......@.....@...@.
....@....@@.@@.........@...@.@..@....@......@@...........@......@@..@.
..@......@..@..@..........@.@...@...@@...@@....@..@@.@...@..@@@.@@....
....@.......@..@...@.@@.@@....@.@...@......@@@@...............@..@....
..@@.@@.@.@.@..@@.@@..@@..@.....@@.@.............@.@.......@@@....@.@.
..........@....@@......@..@.......@@......@......@...@.@...........@..
....@......@@...@@.......@....@..@.....@..@.@..@....@.@@...@.@...@....
..@.@..@...@@.....@...@..@.....@....@@...@.....@....@......@@..@.@..@@
.@.....@@..........@.............@.@.@..@@@..@@...@...@.....@@...@@...
.@@.@.@@@.@..@@@..@.@@.@.@...@...@..@.@@@.@..@@.@...@@@.......@....@..
..@.@.@..@...................@......@@..@...........@.@....@@.@.......
.@....@...........@..@@.@@@....@......@@@@..@...@@......@...@..@.@....
@@......@@.........@.....@...@.......@@............@.@@@.......@..@...
.@.@....@.......@......@.........@....@@@@@@..@..@...@...@@.......@@..
.....@@.....@...............@.........@@....@@.@.@......@@......@@....
.......@.....@...@..@......@......@@.@.....@..@.....@......@......@...
...@.@..@@...@@@...............@@......@......@.....@..@.@.@...@.@....
Agents:
55
0,27,17,61,31
1,22,26,23,59
2,18,0,15,14
3,61,22,61,64
4,13,20,20,10
5,23,64,6,14
6,7,68,60,3
7,8,14,14,56
8,49,25,6,17
9,5,37,9,63
10,60,24,65,28
11,31,48,8,39
12,22,45,40,37
13,31,16,20,51
14,61,11,4,66
15,17,1,16,23
16,21,54,41,16
17,69,34,19,1
18,58,12,25,6
19,28,43,26,3
20,25,45,5,40
21,30,32,0,16
22,56,50,39,35
23,9,36,65,7
24,60,34,1,1
25,68,47,43,24
26,8,67,62,19
27,50,12,32,6
28,47,5,12,16
29,46,24,23,7
30,14,15,12,12
31,9,17,53,11
32,18,59,21,39
33,35,28,7,69
34,63,35,14,49
35,38,16,26,38
36,65,18,13,57
37,55,4,40,54
38,21,63,38,37
39,41,62,58,24
40,37,4,13,11
41,16,8,45,54
42,11,15,2,47
43,20,47,5,46
44,57,11,55,56
45,14,61,4,62
46,30,49,11,36
47,59,0,18,69
48,3,31,11,68
49,14,22,66,14
50,51,31,52,34
51,64,69,1,47
52,17,58,0,35
53,19,27,5,60
54,69,22,47,46
