0
Grid:
70,70
......@@......@....@@......@..@@.@.@.....@@..@..@@.@..@...@.......@...
...@......@@...@@..@....@@@..@...@...@...@@..@......@.......@...@@@...
....@.@@@.@..@@@@.@......@..@...@...@@@..@....@.@.@...@.......@....@@.
.....@.@...@@..@....@.@@@@@.@.....@.@....@@.....@......@@@........@...
....@..@@..@...@......@@......@@......@..@.@@.......@.....@.@.@...@@.@
...@..@..@..@.@..@.@..@.@@.@@@.@.@...@@@......@..@.....@.@.@@..@@...@.
@.@.......@.@...@...@..@..@..@.@..@.........@......@.@......@......@.@
@....@.@.@..@...@@.@.@............@@...@@.....@@............@@@..@@.@.
...@.@...@..@......@..@..@..@......@@@.@.....@..........@...@..@@.....
...@.@...@@.@..............@..@@.@.......@..@@...@.....@.......@@@.@..
...@...@..@@....@..@.@...............@@..@@.@.@@@..@.@@..@...@..@@....
.@.@....@.........@.@...@...@.@......@@@@@.@....@..@.@.@.@.@@...@@..@@
......@....@...@@....@.@....@......@@@@@.....@...@.....@..@@@.@...@...
@....@...@@.@.@........@..@.....@...........@............@.@......@.@@
....@.@...@.@@@@..@.@@..@@.@@..@@...@@.....@@.@@..@...@.......@@@.....
..@@.@.@.....@......@.@@.@..@@.....@@..@.@@@..........@......@@@@..@@.
...@@.@@.@.....@..@..@.....@...............@....@.@...@@....@.@.@..@@.
..@@.@.@.@.......@@..@.@@.@@...........@@........@.....@..@..........@
..@@..@...@......@@.@..@@...........@.@@@.@....@...............@.@@..@
@.@.@..@.@@..@.....@....@......@........@........@@@@.....@@........@@
@@......@.@..@@..@@..@.@............@.@@.@..@@@.@.....@....@.@.@....@.
@@...@........@@.@..@....@@...@....@.@.@.......@@.@.@.@@@...@@@@....@@
.@.@@.@.....@@@@@......@....@..@........@........@..@..@..@.....@.....
@...@....@@..@@.....@.@@..@..@..@...@..@...@@..@.@.@...@..@......@..@@
...@@@...........@@...............@@@@.@@............@..@.@@....@.....
@.@@@@@....@.@@...@@.@.@...@@.@...@..@..@.@@..@.@.@@@...@.........@...
@.........@.@@@.@..@.@.@.@......@@..@.@@@.@..@....@@.@.@..@.@..@@.@...
..@.@@....@..@............@@@....@@...@@@......@...@@@...@@......@...@
.@....@....@.@...@@..@......@..@@@@.........@..@@@...@@@.@....@.....@@
@........@@..@@.@@.....@@.....@@...@.@....@.....@........@@..@@..@....
...@.@..@@......@.......@....@...@@.....@.............@...@........@.@
..@@..@.@......@@@@@...@.@..............@@@....@@......@.@......@.@..@
@@@....@@.@...@.@....@...@......@.@.@.......@................@....@...
.....@.@..@..........@@...........@...@.@.....@.@@.@.@@..@....@..@....
@@@.....@..@.@..@..@......@@.....@.....@@...@@.....@..@...@...@.......
@....@..@@.@.......@.@.@@..@.@..@..@....@.@...@.@@.@....@.@@.@@.@.@@.@
@....@.@.@@.@..@..@...@.@@............@@@..@.@...@@@....@@@..@.....@..
.......@@..@@@.@.........@@...@@..@@.@..@.@......@@.@....@..@......@.@
............@...@......@...@..@.@.@....@.@...@..@.............@@..@.@.
.@@@@...@@......@@@....@@.....@..@.@.....@.@..@.......@......@.@..@.@.
@..@.@.....@..@.@.@..@......@@...@..@@.@.@.........@@........@@...@...
@@.@......@@.@..........@@...@..@..@@.@.@....@..@..........@......@.@@
.........@..@..@.@.@@.@@@...@.@@.@@...@...@@.@@@.....@........@.......
....@@@@......@..@@@..@...@........@@..@....@.@....@.@..@@............
@@......@.......@.@@.@.@........@.@...@@.@..@.@@...@@@@.@...@.@....@@.
..@........@...@..@@.......@@..@..@@@.@.@....@.@.....@@.......@......@
.............@@@...@.@...@@@....@.@....@......@..........@.......@@...
......@....@.@...@..@..@.@.@..@....@@.@....@...@....@@............@@@.
...@@...@..@@.....@.@..@.@@@.@..@..@.@..@...@......@..@.....@...@@....
.@@.....@..@@..@........@....@@...@.@...@.@....@..@...@....@..@@@....@
@.@@@....@....@@...@....@....@......@.......@....@@.....@@.@@..@......
..@@@.@@.@....@.@.@..@@.@.@@@.@..@.@....@.@...@@@.....@....@.....@@.@.
.@....@.....@@............@.....@..@.@@.@@.@.@@.@@.@..@@@..@.@.@@....@
@.@@..@...@.@@@@@...@......@......@.@@..@.@@.@....@@....@.....@...@...
.@........@@...@........@..@@............@...@...@@@..........@@.....@
........@.@...............@.@@.@.....@.@...@.@.@..@...@..@.......@@@.@
......@@.@....@...@..@..........@@....@.@...@...............@..@.@.@..
@...............@..@@.@.@...@..@..@@.@....@..@..@..@@...@.@........@..
@@......@....@.....@@..@....@...@@@.@..@......@@@....@.....@.@@@@.@..@
...@..@.@....@...@.@....@@.......@...@.....@...@....@@@....@.@@...@..@
@..........@.@........@@.@.@@@.@@.....@.....@...@..@.....@@.....@.....
@.@..@.@.....@@..@.....@........@..@..@@.@@.@.@@.@...@...@@@@...@@@@.@
@..@@.....@...@.@.@....@.@.@.@@....@......@...@...@@@@@....@....@@..@.
@...........@@@.@...@@.....@.@..@@..@.@.@.@.@@.....@@.@@.@.@@@@.......
@...@......@...@..@.....@@.@@....@...@...@....@@....@.@.@@@@.@.@@.@..@
.@.....@@..@...@.....@@........@.........@..@@.............@@..@..@.@.
@.@@@@..@@..@.....@..@..........@.@@...........@.@@@..@@@..@..@....@..
.....@..@....@.....@..@.......@........@..@@...@...@@.@@..@.@...@@...@
....@.....@..@.@...@@@@..@@.@@@@.....@.@...@................@.....@...
@....@..@.@@..@..@....@@@@.@..@@..@.@.@..@..@..@.@@@...@....@..@...@..
Agents:
65
0,27,46,32,68
1,46,68,19,17
2,2,61,39,13
3,17,60,12,65
4,32,50,64,67
5,2,22,23,7
6,62,36,49,6
7,68,48,63,26
8,52,8,40,13
9,46,38,44,37
10,24,38,28,9
11,55,62,15,11
12,15,49,67,14
13,54,31,43,31
14,26,59,36,4
15,40,27,59,12
16,66,29,22,22
17,18,62,38,60
18,56,12,37,66
19,38,6,55,30
20,4,16,53,64
21,61,63,40,69
22,14,45,59,14
23,39,49,11,66
24,3,52,0,8
25,66,40,2,45
26,62,67,56,48
27,37,39,37,48
28,29,59,2,53
29,21,34,59,56
30,7,24,56,55
31,57,68,54,31
32,57,60,60,17
33,43,49,10,36
34,60,65,0,18
35,58,17,65,55
36,24,61,56,59
37,58,3,22,46
38,15,60,25,7
39,13,7,59,41
40,29,19,67,38
41,25,8,32,20
42,38,26,25,59
43,42,49,51,58
44,37,14,43,62
45,64,6,6,13
46,6,61,41,50
47,54,20,56,53
48,15,37,62,19
49,1,17,60,7
50,19,17,52,65
51,20,34,3,2
52,34,49,41,63
53,39,38,11,45
54,35,45,28,67
55,6,11,17,43
56,27,43,62,66
57,38,67,2,56
58,21,53,63,8
59,9,8,24,62
60,3,35,48,67
61,34,4,4,25
62,63,1,6,48
63,25,25,65,26
64,29,20,21,38
