0
Grid:
20,20
.@...@...@@.@@....@.
.@......@......@@...
@@.@....@@...@......
@......@..@.........
........@.@.@@.@@@..
......@@...@...@@...
........@@@......@..
.@..@..@.@....@..@..
.@.@.....@.....@....
.@....@.@...........
@.@@..@.@.......@@.@
.........@@..@...@..
..@.......@@......@@
..@...........@....@
.......@...@..@..@..
.@..@..@.@.......@..
@@..@..@........@...
.....@...@@......@..
.@....@......@.@..@@
.......@.@@.@@@..@..
Agents:
10
0,3,11,6,16
1,3,14,0,15
2,3,12,3,15
3,8,19,3,4
4,5,8,5,10
5,13,9,18,3
6,5,12,2,12
7,1,6,9,12
8,19,3,0,2
9,13,15,15,12
