2
Grid:
70,70
..................................@...........@..........@..........@.
.......................................@.......@.@..............@.....
...............@.@.........................@..........@...............
.....@.........................................................@......
...............................................................@......
@..............................@......................................
......................................................................
.............@........................................................
..........@..@........@....@.....................................@....
................................................@...............@.....
..@..................................@........@......@....@..........@
..........................................................@...........
.........................................@..........@.@...@.......@...
........................@..............@............................@.
..................................................................@...
........................@......@.................................@....
....@..@....................@.....................@................@..
......................................................................
......@.............@...........................@.....................
.....@...@.............@.....@..............@...............@.........
......................................................................
......@...............................................................
.......@......@@...................................@.....@.....@......
.@.......@............@@................@.............................
@.......@.......@.................@...................................
......................................@................@.........@....
.....@...........................@....................@...............
......................@......................@.......@................
...@.........@..............@..@....@....@@........@.............@....
................@...@................@.......@...@....................
..............@............@..........................................
...............................@......................................
......................................................................
............@...@.......................................@.............
...........@..........................................@...............
.....@.........@.......................@........@.....................
.....@.................................................@......@...@...
...............................................@....................@.
.............@.....@........@........@...@............................
.................@....@.............................@.................
...@........@...@................................................@....
.......................@..............................................
..................................@...................................
@..................@...@..@..........................@.......@........
...@...............................@.....@....@.......................
...........................@............@.........@...........@.......
..............@..@....................................................
..@..........................@..@.@......@........@.@...............@.
.......@.................@@...........................................
...@........................@.....................@......@............
........................@.@...................@.......................
@.....@..@............................................................
.........@...............@........@................@.@......@.........
..........................................@.....@...@........@........
....................@.................................................
.........@@...........................................@..@..........@.
..............@.....@......................@............@...........@.
......@...@...................@......................@.......@........
.@....@...........@......@.@.....@.......@.....@......................
..............................@...@...................................
@.........................@..........@.....................@.@........
..............@........@....@.........................................
...............@..............@.....@...............................@.
.......@...............@....@.....@..................................@
.........@.................@...................@..........@...........
..................@...................@......................@........
..........@..........@..............................@.................
@.......@@...............................@...@......................@.
.......................@@..................................@...@......
.@.@..........@...............................@@...................@..
Agents:
85
0,63,33,45,44
1,41,20,59,6
2,57,33,25,40
3,9,47,5,25
4,45,20,15,22
5,37,26,3,28
6,62,3,17,29
7,34,61,10,7
8,6,56,64,40
9,16,36,25,48
10,38,10,61,67
11,12,28,27,7
12,43,34,20,18
13,5,32,34,16
14,30,9,23,44
15,3,34,28,44
16,62,37,65,14
17,14,46,48,19
18,55,6,52,3
19,7,54,21,14
20,64,54,32,67
21,65,52,43,50
22,64,14,46,43
23,41,19,27,8
24,47,9,56,37
25,21,27,44,49
26,64,31,49,47
27,8,28,29,15
28,59,44,5,34
29,41,13,69,44
30,60,27,27,65
31,23,28,4,47
32,12,22,59,48
33,66,66,21,47
34,46,29,20,6
35,1,10,63,3
36,29,53,41,10
37,15,28,16,27
38,33,61,15,0
39,40,61,10,67
40,61,10,42,4
41,31,64,63,45
42,12,32,28,66
43,43,31,50,25
44,29,56,55,0
45,56,10,38,46
46,35,64,4,15
47,64,36,49,63
48,31,36,7,60
49,39,41,22,12
50,17,44,2,8
51,43,17,29,30
52,7,11,9,47
53,68,10,54,66
54,16,49,24,62
55,64,68,52,30
56,3,49,31,45
57,21,49,37,53
58,65,28,8,31
59,15,49,27,37
60,49,35,45,3
61,37,60,57,57
62,43,60,33,68
63,45,35,44,7
64,59,48,48,49
65,67,66,68,39
66,21,69,41,59
67,43,16,42,36
68,37,13,61,10
69,56,1,40,31
70,34,32,29,46
71,14,49,37,11
72,61,58,36,12
73,7,55,31,21
74,42,15,38,39
75,40,2,2,51
76,21,59,32,33
77,62,52,30,10
78,6,53,45,41
79,44,17,1,55
80,36,33,5,49
81,21,37,15,44
82,51,68,69,33
83,46,4,1,18
84,6,5,27,33
