1
Grid:
60,60
............................................................
............................................................
............................................................
............................................................
............................................................
............................................................
............................................................
............................................................
............................................................
............................................................
............................................................
............................................................
............................................................
............................................................
............................................................
............................................................
............................................................
............................................................
............................................................
............................................................
............................................................
............................................................
............................................................
............................................................
............................................................
............................................................
............................................................
............................................................
............................................................
............................................................
............................................................
............................................................
............................................................
............................................................
............................................................
............................................................
............................................................
............................................................
............................................................
............................................................
............................................................
............................................................
............................................................
............................................................
............................................................
............................................................
............................................................
............................................................
............................................................
............................................................
............................................................
............................................................
............................................................
............................................................
............................................................
............................................................
............................................................
............................................................
............................................................
............................................................
Agents:
45
0,53,52,33,28
1,43,58,27,34
2,12,30,23,43
3,8,32,27,4
4,13,53,18,15
5,0,18,50,24
6,2,15,31,55
7,3,14,9,25
8,4,50,53,46
9,31,51,14,46
10,33,2,5,42
11,41,12,38,41
12,15,33,23,18
13,53,46,45,47
14,24,9,6,28
15,33,19,39,10
16,2,56,30,41
17,48,30,45,17
18,8,36,35,3
19,6,1,31,4
20,1,32,58,34
21,0,49,2,0
22,29,7,49,17
23,16,48,41,34
24,51,10,15,39
25,34,13,27,25
26,52,0,48,36
27,0,50,35,9
28,11,30,58,12
29,42,38,48,12
30,36,22,2,45
31,8,3,31,58
32,19,41,32,12
33,16,6,7,36
34,27,33,18,0
35,6,28,11,9
36,43,29,47,56
37,49,0,48,20
38,2,52,3,8
39,42,8,11,12
40,16,4,51,29
41,55,13,17,43
42,35,20,26,25
43,26,1,46,2
44,56,57,39,22
