2
Grid:
60,60
...........................................@................
............................................@.............@.
..@.......@.....@...@..................@...@......@.........
...........................@..................@.............
...........@......@.............@...........................
...................................@........................
..............@......@...@......@....................@......
..........@.........@....@....................@..@........@.
........@............................................@......
@.........@..@..........................@...................
............................................................
.........@...........................@.....@..........@.....
...............@..@....@.........@..........................
.@@@...@........@......@........@.....@.....................
........................................@...........@.......
@.....................................@.....................
......@....................@..@..@.....@..................@.
............@.....@....................@...............@....
.......@@.............@.............@.......................
..........@................@......@..............@..........
.@.......................@..@............@.............@....
..................@.....................................@...
........................@.................@.................
....................................@...................@...
............................................................
.....@........................@.....................@.......
.............@.....@.@......................................
.............@........................@.....................
.@..@................@....@...........@...................@.
...@........@..@.......@........................@...........
.@.......@..................................................
....@....@............................@.....................
......@..@..........................................@.......
..@....................................................@....
.............@...................@.............@............
...........@........@......@.@.@............................
........................@@..................................
...........................................@.....@..........
..............................................@@...@........
..............@........@..@............@....................
..................@.......................@............@....
..............................@.............................
..............................................@......@......
..................@...........@.............................
......................................................@.....
.................@...........................@..............
................@..................................@........
...........@..@.....@...................@....@..............
............................................................
..................@.....................@...................
.........@..................................................
...........@@...................@...........................
.....@..........@.........@..........@..................@@..
..@............@........................@...................
.....................................@......................
....@......@....@....@...@...@.@...........@................
@.................@............@....................@.......
.....................................................@......
....@...............@.......................................
..............................................@.............
Agents:
65
0,3,31,2,36
1,18,14,27,57
2,58,56,40,7
3,23,38,9,32
4,20,32,57,49
5,37,16,35,2
6,35,23,37,32
7,0,45,56,58
8,17,3,11,44
9,36,32,34,25
10,48,36,40,1
11,55,14,51,7
12,21,10,12,11
13,49,10,56,29
14,9,4,53,7
15,17,44,39,19
16,18,45,39,21
17,8,2,47,38
18,0,6,24,42
19,39,35,5,39
20,40,16,17,44
21,41,13,0,53
22,25,54,14,19
23,54,39,13,24
24,48,16,26,4
25,51,2,40,43
26,42,41,58,7
27,18,43,51,2
28,34,12,20,32
29,48,9,22,3
30,22,32,47,41
31,59,51,45,8
32,4,15,1,38
33,36,15,50,45
34,3,30,37,51
35,53,39,5,57
36,12,31,59,0
37,55,41,37,50
38,48,27,16,45
39,16,9,42,12
40,22,52,24,32
41,13,15,0,17
42,24,8,46,53
43,2,26,3,9
44,43,16,12,37
45,32,26,32,4
46,46,31,10,52
47,54,8,47,34
48,14,34,30,15
49,49,39,2,32
50,3,32,42,49
51,13,21,18,43
52,58,10,41,25
53,46,36,39,16
54,54,7,29,43
55,56,39,4,9
56,46,30,37,8
57,19,44,22,17
58,26,56,14,18
59,12,9,44,42
60,32,46,38,39
61,57,26,23,34
62,52,40,40,10
63,37,47,26,50
64,37,36,3,58
