2
Grid:
70,70
...............................@@..........@...............@.......@..
...................@..........@............@@@..@..@...........@.@..@.
.@..........@.@........@....@...@@@........@..........@.@.@@@.......@.
.@....@....@.....@.........@....@.....@@..@..@.@.........@...@@@..@..@
.......@...........@......@..................@...@...@..@...@.@.@.@...
...@..@..................................................@............
........@.........@..@.@..@...@@.........@.@..................@.@.....
.........@@.........@........@.@@.@..@.@....@....................@....
@@..................@......@@...@............@.............@..........
.....@..@..@......@@...@.........................@..@.......@@.@..@...
...........@@.@...@..@@.@.@.....@.....@@@..@.@............@...........
....@..@.................@.@...@........................@.........@...
........@..@..@.......@.....@..........@...@................@@@.......
..@@@......@..@.........................@.....@....................@..
..@.@.@..@..@.@.........@....@@............@.@.........@........@..@@.
....@....@..@..@@...............@...@..................@..............
.........@..@...........@....@........@....@......@............@......
@.......@.........@@..@......@.....@@.@.@....@............@........@..
.................@............@..@.....@.@@..@.@....@@...........@....
.@.......................@@.....@....@.@....@........................@
.@....@.....@.................@...@@...................@......@....@..
.....@...........@@@.................@......@...@.@....@....@...@.....
.........@.@..@.@...@...................@@...@..@@....@....@..@..@..@.
..........@...........@@.@@.......@....@..........@.....@.@......@@...
@..@....@..@.......@..@.............@....@...@@......................@
....@.......@....@.@..@......@.............@.@.................@.....@
.......@..........@.....@....@..@...............@........@........@.@.
.@...........@...@......@@.....@@.@..........@...@@..............@.@..
..@..........@..@.....@@......@..@.....@....@.............@@.....@....
..................@.....@....@......@@..@.@.@.....@...@.....@....@..@.
....@@...........@.........@.@...@..............@..@.@................
...@@...@...........@....@...@...@..@...@@..@...................@.@.@.
...................@@...........................@...........@.......@.
.@.@.....@...@....@....@.....@..........@@.@............@.......@...@.
................@........@...@............@..........@..@.............
@@........@..@..@..................@.@@.@.............@@@......@...@..
...............................@...@........@................@@......@
@..@.@..@.....................@............@.......@.......@..@.@...@.
.@........@...@.@...........@.@.....@@...@..@......@@......@..........
..@.........@@....@......@.......@.@...........@@....@@...@@.....@....
..@.@.......................@.........@....................@..........
.....@......@........@.................@.......@...........@@..@@.....
...............@.....@@@.@....@..@...........@........@..@@.@@.@...@..
...........@......@......@......@.............@@.....@...@............
........@.@.@.............@................@.@....@........@..........
@@............@..@.............@...@...........@................@.....
.....@..@.@........@@..............@....@.................@...@.......
.@....@........@.@......@...@.@....@........@............@...@........
........@.@.....@@.@.....@......@....@...@...@@...@.@.@...@..@......@.
...@....@.....@@........@.@@.....@..@......@.@.@..@@.@....@...........
....@...................@.......@@@....@...@..........@@@@..@@...@....
...........................@.....@.@...@..@...@..........@............
.....@.@.@............@..@..........@......@.@.@@...@.@.....@.........
...........@........@@..@....@.@.......@...@..........@@@.....@.......
....................@.............@........@@..@@@.......@....@.......
@...@....@............@.@..........@.@....@@...@.............@...@.@..
..................@..@.@@.@...........@...@........@.@................
...............@@........@................@@..................@.....@.
@..........@......@............@......................@......@@@.....@
..@..............@..@.....@..@@....@..@..@...@.....@......@..........@
......@....@......@...@....@.@...@@..@..@@......@..@............@.....
..@@...@.@.....@......@....@.....@@.@.@..@...........@..@............@
@@...@.........@@...........@.............@...........................
....@................@........@..............@....@..............@@...
.........@..@.....................@@...@...........@@.........@@......
..@..@..........@.@...@...........@......@...@..@...@...@....@.@@.....
..................@.......@..@.....@.....@..........@...@.............
....@..@......@...@.....@......@.....@..........@........@.@..........
....@......@.....@..@@..@................@.@.....@..............@.....
......@........................@.............@....@...................
Agents:
50
0,45,2,58,36
1,15,54,36,0
2,42,0,47,60
3,54,4,45,69
4,69,68,63,52
5,31,0,18,8
6,45,62,29,56
7,44,29,51,62
8,58,21,21,15
9,7,11,35,30
10,37,6,13,33
11,14,50,7,40
12,40,42,0,21
13,1,47,28,54
14,5,64,62,19
15,30,42,66,20
16,26,43,58,22
17,48,30,55,50
18,14,27,2,13
19,51,48,0,64
20,68,0,34,17
21,26,36,62,12
22,60,17,2,29
23,36,33,21,43
24,35,9,46,18
25,39,61,9,3
26,29,11,14,62
27,24,15,68,53
28,67,54,43,14
29,16,28,5,54
30,32,2,16,19
31,67,9,46,50
32,41,28,22,43
33,69,61,34,6
34,56,58,40,20
35,27,4,10,48
36,51,20,31,24
37,14,36,8,30
38,6,68,19,59
39,30,50,1,42
40,60,2,62,35
41,32,40,39,19
42,38,24,3,55
43,33,45,30,34
44,43,59,20,3
45,36,25,13,68
46,58,32,12,51
47,67,6,48,49
48,20,11,25,27
49,46,11,19,58
