1
Grid:
70,70
..@.@@..................................@.....@..............@........
.@.......@.@.......@@.........@....@..........@......................@
@............@..........@...................@.........................
..........@.........@..@.........................@............@.....@.
@............@..@@.....@.....@.............@............@.@...........
@............@...........@.......@........@.....@.@@.........@........
@.@.............@............@.......................@................
..@.......@.........@...............@......@....@.@.......@...........
.......@......@....@.......@.......@..............@...@.........@.....
...@.......@....@........................................@...........@
..................@..@........@.......@....@@............@............
..................@........@.......@....@....@......................@.
..@..........@...........@.........@.............@...@............@...
.................@...@...@....@............@.............@......@.....
....@@.@@.....@..........@..@.........@.........@.................@...
.@.................................@.........@..........@@.....@@.....
@.@.....@@...................@...............@..........@.............
.............@...@............@...........@@..............@...........
.@................@..@.................@@......@......................
...@..................@............................@.....@...@........
......@.....@.........................................@..@......@.....
@@@..............@@........@........................................@.
.@..@..................@.............@@......@.....@..................
............@.........@...........................@...@..@@@..@......@
...................@...@@.......................@..@...........@......
......................@......................@.................@......
.....@...........@..@........@.@..@...............@................@..
.....@...@....@.....@...@...........@..@.........@........@@@........@
.........@...@...@.....@......@.@......@....@....@..@.......@..@......
.....................................@@....@...@......@.@..@.....@...@
...@.......@.................................@.@...........@..........
.@.....................@..@..................@........@...............
.........................@.........@@@...@.................@..........
........@.............@...............@.@...........@..........@...@..
..................@.............@........@....................@..@....
...............@........@....................@................@......@
@........@.@......@@......@........................@@....@...........@
.@......@.......@...........@@..@......@................@.............
..................@...............@@..................................
....@@............@........@................@.........................
..................@......@...@..................@.....................
.......@...@......@......@...............@.....@.....@................
............................................................@......@..
.@......@..@.....@....@.............@@................@.....@.......@.
..........@@........................@......@......................@...
@.......@..@..@@@........................@.....@........@.........@@..
...............@........@..@@.................................@.......
@.......@..@..............@....@........@...@.............@...........
...@@@.@....@....................@................@.......@...........
.@.............@..........@..@.......@...........@.............@....@.
..........@......@..........@....@.@...@................@..@......@...
.........@...............@...........@....@.@.@......@..........@.....
...@.@.@.........@.................................@.....@..........@@
@..................@..............@.@@.@...................@..........
......@.......@....@...@......................@.@.....................
..............@@................@.@.@...............@.@...........@...
............@......@...@..........@.............@....................@
.......@.....................@@........@@..............@........@..@..
..........................@..@...@.......@....................@.......
................@...................@.@...@......@.........@@.@....@@.
....@..@.......@.......@..@.......@...@.@.........@..@..@....@........
........@.........@.......@.................@..@.....@..@.@....@@.....
..........@.@.........@........................................@...@..
.@.......@...@.........@@@...........................@.@..@...........
...........@@...........@..@...@...............@......................
..............@@.....@.@......@..@....@...........................@...
....@..................@........@@@...........................@...@...
...........@......@..................@@......@.........@..........@.@.
............@.........@....@......@..............@....................
........................@@........@...................................
Agents:
85
0,5,12,33,5
1,66,28,32,30
2,7,30,53,51
3,55,30,64,33
4,43,63,53,8
5,26,12,28,46
6,64,39,4,46
7,68,50,9,30
8,30,30,18,14
9,14,35,51,4
10,28,3,45,24
11,10,56,44,41
12,17,57,24,68
13,63,42,4,1
14,13,24,31,64
15,39,28,53,6
16,7,37,54,11
17,33,30,8,43
18,9,17,29,53
19,18,5,64,36
20,52,10,1,24
21,19,59,37,11
22,45,29,15,20
23,46,40,40,13
24,54,62,11,12
25,64,13,22,60
26,19,68,53,49
27,13,56,4,32
28,69,54,57,27
29,68,23,55,42
30,35,35,11,46
31,57,50,52,24
32,43,62,47,39
33,67,54,10,69
34,26,10,25,7
35,54,28,57,42
36,29,14,48,60
37,4,6,31,31
38,38,4,2,29
39,66,54,28,29
40,48,69,64,51
41,44,59,57,32
42,22,63,41,38
43,17,34,62,27
44,16,22,27,1
45,6,11,44,58
46,30,16,13,12
47,23,38,0,20
48,16,53,27,4
49,32,61,19,68
50,14,43,26,49
51,8,36,19,17
52,54,4,14,2
53,63,7,15,24
54,17,65,57,61
55,57,14,5,47
56,44,35,4,24
57,60,68,69,22
58,44,32,47,13
59,37,3,43,12
60,62,20,18,35
61,54,57,46,10
62,57,13,68,47
63,22,57,14,63
64,55,1,37,5
65,51,55,58,37
66,9,12,50,7
67,40,9,55,4
68,5,22,54,65
69,46,61,9,23
70,36,64,3,17
71,26,24,49,7
72,10,37,57,47
73,8,69,64,30
74,24,10,27,33
75,50,57,7,37
76,14,36,23,29
77,24,18,44,24
78,7,44,54,21
79,62,57,27,35
80,40,32,1,40
81,61,27,9,61
82,68,40,24,55
83,43,30,36,1
84,51,59,15,8
