2
Grid:
70,70
..@.........@...@................@...............@......@............@
.@...@.............................@......................@...........
.......................@.@.@...@..@..@...............@@............@@.
.................@..........@.........................@...............
.............@....@..........@.......@....@...........................
.................@@...@@@...@...@...................@.................
...........@.....@.........@....@....................@................
@..@............................@..........@.........@..............@.
...........@.@.......@...@......................@......@....@...@.@...
@.@@..@....@...................@@..........@.........................@
...@......@@..............@@....................@.............@.....@.
@........@..................@@.............@....@..............@.@....
.@..............@......@.@@....................@.....@@..........@....
........@@..............@............@.............@.@..@..........@@.
.........@.........@..@...@.......@...........@.....@.....@.....@.....
......................@..............@.........@......................
..........................@..@....................................@...
................@...@.............@..............@....@..@.......@....
.................................................@....................
.......@.............@.@..@......@.........@.....@...@................
.......@...........@....@.....@@....@....@..........@...........@.@...
........@..@......@.....@......................@............@.........
@...@................@.....@.@........@............................@..
........@...@@........................@............@................@.
@...........................@......@....@.....@..........@.@..........
...........@.....@..@.......@.@..@..@.@..@................@.@.........
.........................@....@....@....@.....@..........@...@........
@.............@..........................................@.@.......@..
.......................@..............@........@@......@..............
.@..@...@..@...@.@....................@........@.@........@@.@.@......
..@....@........@@........@...................@....@..................
.......@....@...............................@.@....@.@................
@...@.@@@...@@@...@.......@.....@..................@........@.@..@....
..@....@.....@....@......@........@........@..................@..@....
.....@..........@@...................................@...........@....
...................@.@.@...@.....@@...........@...@.@.@...@@...@......
..................@..........................@..........@.@...........
...........................@.....@............@......@................
.....................@.................@.@...@@......@........@@......
..........................................@........@..@............@..
.............................@.............................@..........
..........@.....@..................@...@@......@@..@..@...........@...
.................@..........@.......@...@.............................
.....@............@....@..............@..........@.........@....@.....
.@.....................................................@.@@......@@...
........@......@.............@................@.......................
..............@...@............@...@@..@@......@.@@........@..........
.........@.............@.........@.................@..........@.......
.........@.........@.......@........@.@................@..........@.@.
@...@.......@....................@..@..............................@..
.....@.................@.......@@.........................@......@....
........@...............@....@@..........@.....@@...............@.....
............@...........@.@..............@@..@.................@......
.........@...@.....@..............................@.....@.............
.........@....@@.........@.@.....................@..........@.......@.
.................@..................@...@.@@..................@....@..
........@.@.@.................................@..................@....
....@....................@............@.....@...............@.......@.
..@.@..@..........@.@......................@...............@@.........
.......................@.@.................@@..@.....@.....@..@....@..
...@.......@....@....@................@.....@........@.....@..@.......
......@.....@.@....@................@......@.........@.@........@....@
....................................................@.................
...@......@........@......@.......@.........@@.........@....@.......@.
...@.@...........@@....@.@....................@........@.....@.....@..
............@......@@........................@.@..@....@.............@
...@.@..@.....@..........@.@....@....@..............@.................
...........@@..@......@...............@................@..............
.@.@@...............@........................@................@.......
@.........@......@...........@.........@...........................@..
Agents:
70
0,62,66,44,44
1,2,40,11,19
2,3,11,10,66
3,19,61,32,64
4,9,63,35,68
5,60,13,55,48
6,45,54,8,68
7,31,9,39,65
8,14,32,4,21
9,44,5,67,45
10,28,4,12,2
11,37,44,49,23
12,47,45,41,46
13,40,31,44,4
14,7,2,35,9
15,3,26,15,19
16,39,36,29,26
17,4,17,55,9
18,12,31,64,42
19,54,65,37,52
20,23,19,15,58
21,17,51,22,13
22,38,27,10,4
23,63,9,5,1
24,23,50,24,29
25,47,46,3,39
26,19,57,8,16
27,38,68,51,56
28,3,33,65,65
29,35,28,17,66
30,41,57,53,25
31,54,6,25,42
32,60,34,51,7
33,44,9,17,63
34,49,13,31,11
35,66,53,51,1
36,48,48,21,32
37,56,55,14,49
38,5,20,59,24
39,8,27,57,35
40,25,27,40,8
41,6,52,8,37
42,67,5,60,41
43,14,48,7,40
44,65,26,39,15
45,24,36,63,58
46,34,11,69,20
47,60,4,57,41
48,53,54,17,23
49,30,9,69,51
50,53,63,16,37
51,68,40,33,40
52,6,29,13,62
53,12,17,38,36
54,27,15,6,54
55,47,11,58,31
56,49,27,1,47
57,50,33,63,6
58,27,61,59,12
59,12,44,17,28
60,69,18,56,7
61,58,22,27,22
62,24,15,61,16
63,44,44,40,23
64,64,1,65,66
65,36,67,24,1
66,0,68,22,42
67,43,31,66,10
68,29,36,51,18
69,46,37,49,26
