1
Grid:
60,60
....................................@..................@...@
............................................................
...............@@.......@...................................
......................@...................................@.
..................................@.........@.........@.....
.....@......@...................@...........................
.@.....@..............................@....@.............@..
...@........................................................
......@....................@.@..............................
....@..........@............................................
..................................................@.........
....@...................................@@.@.............@..
@....@..............................@...............@.......
.........@.....@.........@..................................
...............................................@............
......@...................@..@.....................@........
@.........................@..........@...@.................@
.@..........................................................
.......@..@.......................@.........................
........................@.........@.............@...........
@...............@.............................@.............
............................................................
.........@........................@.......................@.
..........................@.............@.......@..@......@.
..@.................................@.........@.............
...........................................................@
........................................@....@............@.
............................@...........................@...
........................@.............@................@....
..@.........@....@......................................@@..
.@.........@.....................@....................@.....
..........@.................@...............................
@.......@@.........................................@........
...@..................................@..@.......@..........
...............................@..................@.........
...................@............................@...........
..@....@@...@.....................@.........................
...............................@..@...............@.........
............................................@....@..........
......................@............@....@...............@.@.
..................................................@.........
.......@@......@...............@.......@...@................
................@.....@......@......................@..@....
...............@......@.....................................
.....@@.............................@........@.........@....
.......@.........@..........................................
..............................@......................@......
......@.................@.......................@....@......
...................................................@......@.
......@..........@.@.@....@..................@......@.......
............................................................
........................................@...................
.....@................................@..................@@.
.........................@.......@.....@........@........@..
...@........................................................
.............@.................@..........@.........@.......
...@..............................................@@.@......
............@.....@.............@...........................
.......................@..@..........................@.....@
............................................@......@........
Agents:
65
0,4,13,57,41
1,3,14,35,14
2,19,46,51,45
3,37,28,45,50
4,49,22,44,23
5,58,27,51,14
6,14,45,51,32
7,25,5,4,22
8,27,49,40,43
9,3,15,13,35
10,38,28,6,54
11,6,53,20,17
12,42,14,48,10
13,53,14,30,8
14,43,13,5,11
15,17,43,22,22
16,6,28,32,23
17,11,58,34,18
18,30,6,47,47
19,1,50,20,29
20,58,32,4,9
21,14,29,23,6
22,36,33,51,49
23,9,29,30,57
24,23,15,13,17
25,9,42,22,3
26,40,13,51,39
27,9,9,7,18
28,32,5,46,2
29,53,22,37,47
30,45,36,25,10
31,5,15,45,21
32,20,45,25,40
33,34,26,57,36
34,42,0,53,46
35,18,57,9,56
36,29,34,17,4
37,39,12,50,45
38,38,19,17,12
39,5,13,12,2
40,49,2,15,43
41,33,24,40,20
42,48,57,14,23
43,49,13,51,6
44,54,25,10,34
45,13,38,23,44
46,5,22,54,0
47,27,59,47,18
48,8,51,27,16
49,58,42,24,1
50,46,22,31,42
51,56,12,34,13
52,27,52,54,56
53,43,35,12,58
54,30,19,30,26
55,26,33,3,0
56,17,31,21,49
57,46,2,40,30
58,42,56,4,8
59,56,36,36,29
60,36,28,10,31
61,5,53,17,28
62,44,35,25,56
63,42,7,46,10
64,6,39,9,38
