2
Grid:
60,60
............................................................
............................................................
............................................................
............................................................
............................................................
............................................................
............................................................
............................................................
............................................................
............................................................
............................................................
............................................................
............................................................
............................................................
............................................................
............................................................
............................................................
............................................................
............................................................
............................................................
............................................................
............................................................
............................................................
............................................................
............................................................
............................................................
............................................................
............................................................
............................................................
............................................................
............................................................
............................................................
............................................................
............................................................
............................................................
............................................................
............................................................
............................................................
............................................................
............................................................
............................................................
............................................................
............................................................
............................................................
............................................................
............................................................
............................................................
............................................................
............................................................
............................................................
............................................................
............................................................
............................................................
............................................................
............................................................
............................................................
............................................................
............................................................
............................................................
............................................................
Agents:
30
0,41,23,58,31
1,26,32,50,36
2,12,48,35,51
3,22,29,43,9
4,33,14,45,41
5,26,51,18,20
6,15,58,12,15
7,25,19,40,54
8,0,18,30,34
9,40,0,22,44
10,29,41,34,18
11,18,48,47,57
12,20,20,3,14
13,59,37,28,44
14,32,10,55,25
15,41,11,35,39
16,31,14,14,49
17,38,14,49,49
18,42,37,31,7
19,22,34,7,54
20,43,0,19,9
21,1,30,44,55
22,39,22,14,13
23,2,15,13,37
24,54,15,20,5
25,53,11,15,52
26,23,0,30,49
27,22,0,56,58
28,5,37,36,11
29,12,51,46,22
