1
Grid:
60,60
..@......@..........@................@.@..@..........@......
.............................@..@..@........................
............@.....@....................@......@........@....
............................................................
..@............................@............................
@..............................................@............
..........@.........@.....@.................................
.................@................................@..@......
.............................@.@...........@................
.......@..............................@..............@.....@
...@....................................@...................
...@............@.........@@................................
...@............................@...........................
.............................@..............................
....................................@.......................
....@.........@...@.................@.....@.........@.......
...........................@................................
.......................@.............@......................
...@.@.....@......@@.@................@.@.@.................
..............................................@......@......
.......@..............@.................@..........@........
............@@.............................@@...............
@...@...@...........................@..........@............
....@@.........@.....@......@................@..............
....................................@......@................
..............@.......@.@...................................
.....................@....................@.................
.......@...@......@........................................@
..............................................@........@....
...................@..@.....@...............................
............@....@..............@...........................
...........................................@....@...........
..@.............................................@...........
...............@..@..@...........@......@.............@.....
..........................................................@.
..@............@........................@......@............
......................................................@.....
......................................@.............@.......
...@............................@@........@.....@...........
..........................@.............@................@..
....@............................@..............@...........
..........................................@.................
.............@..........@...............@...................
...............@...@.......................@................
............@...........@..@.......................@........
@...............@...........................................
.....@.............................@........@...............
...................@......@@...........@...@...........@....
..........................................@@..........@.....
.@.....@....................................@...............
.....@............@.........................................
.............@..................@..............@............
...........@....@@..........................................
.........................................@..................
.................@....@.................@...................
....................@.......................................
...@.....................................@..................
...................@................@..........@............
.@............................@.............@...............
....................@..................@....................
Agents:
70
0,20,9,37,36
1,45,48,12,5
2,44,7,31,53
3,49,59,21,40
4,42,56,2,14
5,40,20,43,48
6,9,2,47,22
7,34,43,36,29
8,41,48,57,10
9,58,35,51,42
10,27,23,13,54
11,54,9,19,49
12,54,7,4,36
13,53,11,58,47
14,17,57,32,14
15,55,17,56,47
16,14,49,23,29
17,17,4,51,20
18,51,23,15,32
19,42,46,52,29
20,27,50,16,51
21,24,57,31,56
22,0,18,55,41
23,38,45,58,45
24,8,40,56,29
25,4,58,41,51
26,44,19,4,11
27,52,56,7,27
28,15,35,55,28
29,54,36,23,55
30,14,37,29,47
31,42,45,54,54
32,0,23,29,21
33,5,20,25,51
34,45,29,26,0
35,52,18,26,18
36,5,11,30,30
37,8,36,42,18
38,58,57,51,30
39,8,35,7,54
40,28,7,9,19
41,3,37,42,14
42,53,57,14,23
43,32,54,48,48
44,57,20,1,1
45,49,15,55,10
46,28,6,7,13
47,31,49,48,59
48,8,39,20,8
49,56,37,24,26
50,12,18,25,45
51,47,45,48,39
52,53,33,3,10
53,11,15,13,31
54,57,18,41,58
55,8,6,38,11
56,34,5,9,4
57,52,3,43,54
58,50,10,38,21
59,22,24,21,46
60,39,37,57,46
61,39,18,58,5
62,28,19,49,32
63,1,30,15,13
64,23,9,34,40
65,6,23,19,44
66,4,59,36,43
67,43,41,48,7
68,22,31,12,38
69,48,10,56,42
