1
Grid:
70,70
...@.@@............@...@@@......@..@.@...........@....@@@..@..@.......
......@.@@..@...@...@@.....@...@.@...@.@.........@....@@@..@.@@..@@@..
.........@..@.@..@..@..@@@@.@...@.@.....@..@.......@...@....@.........
......@............@@.@....@@......@@@@.@.@..@..@....@.@....@.@.......
...@.........@@.@....@.@..............@..@....@......@......@.........
.@.@..@...@@.....@.......@......@..@....@.........@.@...@.............
...@..@........@@...@..@........@@.@@@.@@...@..@@..@@.....@.@.....@.@.
@@...@@..@.@.@..@..@.........@..........@..@.@..............@@@..@....
@@@@..@@@....@....@...@.....@@........@......@@.@..@......@@@...@.@@..
...@....@.....@....@......@........@@@..@@@@...@..@...@...@.....@....@
.@......@.....@......@@....@........@@...@.@...@...@.@..@.....@.......
.@........@..@@...@.....@@.@............@.......@@@.........@.........
..@..@@...@@.@@.@...@.....@.....@......@.@@...@..@..@......@........@.
.@.@..@..@..@@@...........@..@@..@@.....@@.@@..@@..@....@..@...@......
@.@@....@.@.....@.@...@.@@........@..@.@..@@....@.@..............@..@@
.........@..@.@@...@.........@.@@.@.......@.@...@......@..@...@...@...
.@.@...@............@@..@@.@.......@...........@..@@..@@.......@...@..
@@@..@........@.@@....@...........@@..@....@@...@...@@@....@..@.@..@..
...@....@@@.......@@@.@.@.........@.@...@@@...@....@....@..@.........@
...@@....@@.....@.@.@...@..@....@........@@....@@.....@@..@....@.@@...
.......@@.@@.@.@@..@................@..@.@..@...@@.@............@@.@@@
@....@..@.......@@@@@@@........@...@...@.@....................@@......
..@....@.@@...........@......@..@....@@...@...@...@....@@...@@.@..@@.@
.........@@....@.@..................@....@.....@....@....@...........@
.@@@..@.@.............@...@@...@.....@..@@..@.....@.@.@.@.........@.@.
....@.@.@@.@.....@....@....@.....@...@.@.........@@......@@@..@@......
..@..@@.@..@.@....@..@.@@@@@.......@@.........@...@.....@.....@..@....
@.................@.@...@..................@......@....@...@.......@.@
@....@.@.@.@..@...@@...@.........@..@....@@..@..@..@..@@@@@@@.@..@@...
...........@....@..@..@@......@...@...@....@@@..@@.@..@.....@@........
.@@.@...@..@....@.....@...@....@..@@.@@....@...@.@.............@@@..@@
.@.@...@.@..@..@..............@....@..@..@....@.@.@.......@.....@.....
@@@@.@@.....@..@...@..@..@...@...@@.........@....@..@........@.....@@.
@@..........@.....@@.....@@@@........@...@........@.@..@..@.@.@@..@..@
....@..@@..@..@...@..@.@.......@...@.....@.@.....@.@.@.@....@...@@@...
..............@.@.@...@...@@...@.....@......@@......@...@....@...@....
@@.....@.@@.@.......@@........@.....@..@....@............@.......@@...
.@....@.@..@..@@@@.@@@@.@..@@...@...@...@..@@..@@@.......@.@...@......
.@.@....@...@.......@......@@@.@...@.@........@.@@.........@..@@@@....
.......@@@.....@@@......@@...@.....@@@...@@...@.....@.....@@.@...@...@
.@@.@....@............@..@@...@@@@.@..@..@...@.@...@...@.@@.........@@
....@..@..@........@....@.......@@.@....@.....@.......@..@.@.@..@...@.
@@...@..................@..@@.@@.@.@...@....@@....@.....@..@.@@....@..
..@..@..@..@@@.@.@.@.@@..@@..@...@.@.@......@.....@.....@.............
@@@@..@..........@......@@...........@...@.@.@.....@...@...@@.@.@.@@..
..@@....@..@....@..@........@......@...@.@.@...@.@.......@......@.@...
.@..@.......@...@..@.@.@..........@...@.@@........@...@@@@@...@...@@@.
.@..@...@....@@.@...@..@..@.@.@...@...@.@......@@..@@...@@@.....@@@@@.
.@..@.@@....@@.@.@....@..@.@..@@....@.@@.....@@...@.@...@........@..@.
.....@............@...@..@@...........@@.@....@@..@..@.@@.@.....@..@..
@.@...@.@..@.....@....@....@.@.......@.....@@........@@.@.......@..@.@
..@..@....@....@...@......@..........@.........@@@@...@...............
.@.....@.@@.......@...@.@......@......@..@.@.......@.@.@....@..@....@@
...@.@...........@.@.@.....@@....@......@....@..@.....@@.....@@.......
@.@.@...@....@.......@......@@@..@..@.......@......@@.@....@.....@....
...............@@.....@@..@...@.@..@..@@...........@.@....@...@.......
@..@......@@.@...@@....@......@.....@..@.@....@........@.@....@@...@.@
....@.....@@.@.@...@.......@......@..@@@.@.........@......@.....@@.@..
.@.@..........@.....@@@.@.@......@.@.@@.....@@@......@@.@.@......@@...
.@.@...@@.@..@@....@.@@@........@@.......@............@..........@....
@....@...@...........................@.......@....@......@.@.@....@.@@
.@.......@....@.......@.@.......@..@....@..@.@..@..@......@.........@.
@@...@....@.@.@........@.....@...@...............@......@....@........
.@..@..@.@.@.@.....@....@..@..@........@@....@........................
@@.........@.@@..........@......................@@@.....@...@...@....@
.............@.@.......@@@....@..........@......................@.....
....@......@....@@@@@..................@...@.....@....@..@....@@......
@.@...@...@...@.........@....@.@.....@.@.........@@......@......@@....
.......@.......@..@....@@@...@..............@..............@.@.....@..
@.....@@....@...@@..........@@@@.@.@......@.@@@..@.@.....@@........@..
Agents:
45
0,8,11,11,22
1,16,53,12,65
2,50,30,22,24
3,43,51,35,2
4,1,47,65,40
5,21,60,6,45
6,22,43,2,16
7,58,40,38,43
8,32,59,20,63
9,26,29,42,9
10,50,23,0,27
11,0,2,54,9
12,55,9,68,48
13,16,19,46,10
14,5,21,62,31
15,31,10,48,43
16,8,36,43,48
17,9,0,67,45
18,37,69,18,23
19,55,37,40,67
20,2,35,55,2
21,23,12,60,64
22,54,26,62,28
23,50,19,44,36
24,50,68,67,28
25,39,66,65,33
26,55,69,17,56
27,29,12,64,28
28,31,32,42,55
29,42,25,12,8
30,61,50,60,55
31,38,33,39,40
32,0,20,28,39
33,62,13,34,5
34,21,4,52,64
35,64,10,39,19
36,29,58,20,45
37,8,43,63,37
38,32,41,68,37
39,51,13,53,15
40,6,4,41,39
41,50,21,63,44
42,54,1,24,24
43,28,69,42,60
44,68,41,51,52
