2
Grid:
60,60
............................................................
............................................................
............................................................
............................................................
............................................................
............................................................
............................................................
............................................................
............................................................
............................................................
............................................................
............................................................
............................................................
............................................................
............................................................
............................................................
............................................................
............................................................
............................................................
............................................................
............................................................
............................................................
............................................................
............................................................
............................................................
............................................................
............................................................
............................................................
............................................................
............................................................
............................................................
............................................................
............................................................
............................................................
............................................................
............................................................
............................................................
............................................................
............................................................
............................................................
............................................................
............................................................
............................................................
............................................................
............................................................
............................................................
............................................................
............................................................
............................................................
............................................................
............................................................
............................................................
............................................................
............................................................
............................................................
............................................................
............................................................
............................................................
............................................................
............................................................
Agents:
40
0,31,19,7,54
1,59,35,15,14
2,30,54,2,35
3,58,27,2,9
4,36,12,51,22
5,1,14,35,59
6,43,48,32,31
7,21,5,45,3
8,27,46,7,13
9,20,51,53,16
10,40,25,45,12
11,39,32,11,11
12,11,36,10,33
13,38,18,2,23
14,22,8,0,37
15,19,48,39,16
16,15,8,35,18
17,33,14,32,30
18,43,13,10,28
19,52,41,11,0
20,29,21,51,51
21,2,38,37,0
22,40,37,55,15
23,51,19,44,3
24,40,14,8,18
25,30,39,7,4
26,30,3,9,30
27,47,5,45,37
28,39,27,35,49
29,24,54,13,13
30,15,40,48,23
31,5,28,44,41
32,53,13,38,7
33,14,6,2,13
34,21,13,56,27
35,54,38,27,11
36,21,18,31,11
37,22,0,22,59
38,52,34,45,23
39,44,18,58,25
