2
Grid:
70,70
...................@.......@@..............................@......@@..
....@.......@......@......@@......................................@...
................................@..........@.@...@....................
..................................@@.................@....@@.@........
..........@.............................@...........@......@...@......
...............@........@.@......@....@.........@..@...@............@.
.........@.........@....@@@...........................................
@..@@...@....@.@.@@@........@.....@....................@.....@..@.....
..@.@...........@...@....@@...@.........@.@..............@....@.......
@.......@..@.@...@................@...............@..............@....
.................@.....@..@..@.....@..@......@.@.........@.....@......
.@.......@@.@.@..................@...@................................
..............@..........@.................@.@.@.@............@@..@...
.@...@......@............@........................@...@.............@.
.@...........@..................@............@...@...................@
....@..@............@@............@...@.........@..@....@.............
.@.@.....@.@...@@.....@....................@............@............@
..@....@.@.@...........................@..@@.......@..................
.........@..............................@.....@.............@.........
...............@................................@.....................
..@.....@..........@.@....@......@........@..............@..@.......@.
.........@....................@.......@..........................@....
....................................@...@...@.....@...@....@@....@....
............@...............................................@...@.....
...........@@....@@......@..@........@................................
..@..@........@............@.@..@@...@...@.@................@.........
..@@..........@@...@.........................................@........
@..............@.@...................@............@.....@.......@.....
..@................@......................@............@....@.........
............@..........@.@..................................@.........
........@......@@......................@......................@.......
..@..............................@@.....@...@.............@..........@
.....................@@........@................@..............@....@.
...@.....@..............@.........@....................@..@...........
@.@...........@........@@..................@..........@...............
..........@.....................@..............@.....@@.............@.
..............@.........@.....@......@...@......@.....................
..........@...@........................@.@.......@.....@..............
..@..@@........@..@.......@................@......@@.....@.......@@...
@@@...........@.............@.........@@............@@@.....@@.@..@@..
...............@..........@.......@...@...@..@......................@.
...@....@.......................@@@..@......@.........................
......................@...............................@..@............
.......@....@...@......@........@...@..................@...@...@...@..
...................@...@..@...@@............@....@......@.........@..@
@.............................@@....@.....@....@......@.............@.
................@.............@..............@.....@..................
.@.....@...........@............................@@..@..........@......
................@@..@............................@.@.@..........@.....
.........@....................@.....@............@...@...........@..@.
......................@...........@....@....................@.........
......@.................@...@........@.........@....@...@.........@@..
......................@......@....................@.....@........@@..@
.....@.............@@..............@.........@..........@.....@.@@....
......................................................@...............
............@.@.......@................@................@@........@...
.@......@.......@.@............@..........@.........@.........@.@..@..
.....@................@......@......@.................................
.......@.@..@........@....................................@.........@.
.......@..@...@.@..........@...@.....@.@@......@......................
....@......@@.......@.................@......@.....@@.................
..............@...........@....@@.............@................@......
................@................................@............@.......
.....@.....@.....@........@.......@...................................
...........@.......................@.......@.....@.......@.@..@.......
................@.......@.@...........................................
......@....@.@.....@@@..............@............@..........@@........
.......@..@........................................@...........@......
...@..@..@..@..............@.......@...............@....@@@....@......
@.........@.................@.@..@.@....................@.........@..@
Agents:
45
0,26,44,68,10
1,51,40,14,3
2,18,39,61,37
3,24,59,16,18
4,67,15,46,35
5,60,60,1,17
6,53,44,31,38
7,12,2,23,18
8,24,50,29,63
9,63,50,51,14
10,42,31,64,45
11,32,16,14,25
12,43,26,67,3
13,59,11,25,46
14,13,58,55,47
15,5,22,7,52
16,65,54,10,49
17,37,57,19,5
18,6,37,10,8
19,69,23,1,69
20,2,56,63,64
21,0,34,63,15
22,63,33,61,57
23,29,26,11,31
24,56,43,42,8
25,24,22,37,30
26,16,65,9,39
27,11,35,1,15
28,50,12,27,9
29,45,9,26,7
30,9,37,44,37
31,64,69,28,49
32,7,24,30,55
33,66,56,50,15
34,51,39,8,13
35,48,56,4,19
36,30,68,50,35
37,22,9,65,47
38,67,32,22,37
39,65,49,16,39
40,67,43,35,6
41,37,42,13,20
42,45,41,18,36
43,41,7,29,32
44,10,60,43,25
