0
Grid:
20,20
..............@.....
@.@...@@..@..@..@...
@....@.....@..@....@
.@...@..............
.........@@.....@.@.
@...@....@.....@..@.
....@.........@.@@..
.......@....@@@@@.@.
........@..@..@.....
@...@@@........@@...
........@........@@@
....@...@...@....@..
..@..@.@.........@@.
.....@.....@.@..@@.@
........@..@........
@........@@......@..
@......@...@@.@.....
....................
....@...@......@....
........@...@@......
Agents:
11
0,0,12,2,3
1,13,10,16,13
2,16,17,7,19
3,2,17,7,0
4,12,19,11,19
5,4,12,11,2
6,4,8,13,15
7,14,7,15,12
8,9,12,6,19
9,9,11,15,15
10,5,19,9,17
