2
Grid:
70,70
..@.......@..@.....@..@.......@.@..@.......................@...@......
.@.....@........@@........@...........................@@....@.........
@....@........@@@...@...@.@.....@..........@@......@.@...@....@@......
...@.@.....@.....@.....@@.......@..................@........@...@.....
......@.....@.........@..@...@......@.......@..........@......@.......
.............@..............@..@....@@...........@................@...
@...@.........@......@..........@...........@.@@.@...@..@.............
...........@@....@.@@@............@..@..........@@..@......@..........
.@@...@@@...........@.....@@.@@................@..................@@..
.......................@.@..............@........@.@.....@........@.@.
......@....@....@@....@@..@...........@.....@...@..@@.............@...
.@.@.....@......@..@.@........@...@......@............@....@..@......@
...@......@.....@......@....@...@...............................@.@@@.
..@@@........@...@......@.............@@......@.....@@.....@.@@@......
.@@.@..@....@......@...@..@...@......@..........@....@................
@.@...@........@..@.....@.@....@.@@...@...............................
.@............@.....@........@.................@@.................@...
..........@.......@......@...........@........@.@....@...@..@@........
........@@...@..@..........@.....@...@...@.................@@..@.@....
............@...@.....@@.....@.......@.@..............@....@..........
..............@@@@.............@.......@..........@...@..@..@......@..
..........@.@............@................@.@..@....@..@@...@...@.....
....@......................@..@@.@.....@....@.@@@@........@....@......
.......@....@...@@@.....@....@........................@.@.@......@..@.
.@..........@...@..@..........@...@....@..........@..@@....@..........
...@......@....@........@.....@@................@..@...@.............@
@.@..........@........@.......@....@.................@..........@...@.
.........@@......@.....@@..@........@................@......@.........
.@.....@@@@................@.@@.@...............@.............@......@
@......@.@...@........@...@@....@....@...@.@....@....................@
..@.@..........@......@.@............@@....@.....@......@....@....@...
.@.@............@...@......@................@...@@..@..@...........@..
@....@................@..@....@.....@...@.@.....@.....@....@..........
.@.........@.....@...@...@.....@.@.....@....................@.@.@.....
.......@..@....@@...........@.@......@....@...................@.......
.@@.@......@@..........@.@.................@@......@.@.@.....@.@....@.
......@.......@......@@......@...@.....@..@@........................@.
@........@....@......@.@................@..............@......@@...@@.
.....@...@...@.@......@@....@..@....@.@.....@....@.@.........@......@.
.....@............@.............@.@....................@@@.......@@...
..........@..@.@..@..@..@...@...@..........@......@..@.......@....@..@
.@.............@...@.......................@...@...@..................
.....@.........@.......@@...@.@..........@@......@............@@......
....@.....@........@...@....@............@.@..@......@..@.@..@...@....
..@@........@@.@.....@............................@.....@..@.@.....@..
..........@...........@.....@...@......@...@.............@@...@...@...
......@...........@.........@..@.@.....@.....@@.@.................@...
@.@....@..............@..............@.@.........@@.@.@.......@@......
@@@.......@@............@.@..@......@@@@.@@.......@.@....@.......@.@@.
@....@................@..................@...@....@.....@.@....@@...@.
..........@.@........@......@..@........@.............................
.........................................@...@...@@...@.......@.......
......@...@....@@.....@.......@......@..@...@.........................
.......................@.@......................@...................@.
........@.@.@@......@@...@..............@...............@.@...........
.......@..@...........@.............@........@...@..@........@.@@..@..
...@......@@...@..........@.......@........@..@..............@........
.@....@.......@........@.........@......@.....@..@.....@.........@....
....................@......@.....@...@.....@..@.....@.......@.........
.....@.......@...@.....@..@......@.....@.......@.......@@.......@.....
.@.........@..@....................@@.......@..............@.....@....
@@....@.................@......@.@....@.@.......@@.@..........@.....@@
@.@@........@.@.............@................@....@..@.....@..........
......@@......@.......@.@........@.@......................@.......@...
..@.................@.......@@..@.....@...@..........@.@@@..@....@.@.@
..........................@...........................................
............@............@...@@......@.......................@........
......@.........@........@......@....@@........@......@............@..
...............@............@..@.......@...@.@...............@.......@
@@....@@.@..........@.@..@......@...................@...@.....@.......
Agents:
55
0,42,40,3,2
1,23,41,53,19
2,13,65,26,63
3,36,50,59,18
4,0,55,2,49
5,6,5,11,48
6,16,34,3,52
7,61,44,48,17
8,69,59,36,52
9,46,42,24,35
10,37,42,10,63
11,5,48,66,5
12,64,27,18,32
13,54,39,17,1
14,24,64,14,43
15,39,47,31,24
16,51,63,15,39
17,37,52,13,8
18,0,54,63,67
19,54,35,19,61
20,49,19,20,36
21,24,11,43,51
22,3,66,10,15
23,60,63,53,44
24,6,69,48,8
25,35,45,29,31
26,47,56,18,64
27,26,6,43,26
28,16,28,27,15
29,23,22,36,28
30,67,8,59,7
31,43,15,43,24
32,5,10,32,45
33,63,17,45,17
34,24,15,65,15
35,10,1,41,6
36,68,22,16,64
37,15,12,30,41
38,60,43,24,46
39,56,58,50,0
40,56,37,3,4
41,7,67,13,18
42,62,11,49,27
43,43,8,7,43
44,38,6,47,31
45,38,57,8,64
46,60,49,54,2
47,44,19,53,47
48,34,45,4,60
49,58,58,20,8
50,51,14,35,0
51,16,42,63,17
52,42,35,41,7
53,35,29,55,42
54,61,17,58,4
