0
Grid:
60,60
............................................................
............................................................
............................................................
............................................................
............................................................
............................................................
............................................................
............................................................
............................................................
............................................................
............................................................
............................................................
............................................................
............................................................
............................................................
............................................................
............................................................
............................................................
............................................................
............................................................
............................................................
............................................................
............................................................
............................................................
............................................................
............................................................
............................................................
............................................................
............................................................
............................................................
............................................................
............................................................
............................................................
............................................................
............................................................
............................................................
............................................................
............................................................
............................................................
............................................................
............................................................
............................................................
............................................................
............................................................
............................................................
............................................................
............................................................
............................................................
............................................................
............................................................
............................................................
............................................................
............................................................
............................................................
............................................................
............................................................
............................................................
............................................................
............................................................
............................................................
Agents:
70
0,15,13,21,46
1,13,46,29,30
2,5,34,1,57
3,45,43,44,49
4,33,51,17,37
5,27,27,49,38
6,53,44,57,43
7,51,33,4,45
8,0,40,58,20
9,16,38,52,28
10,0,55,48,17
11,23,5,5,25
12,46,24,33,56
13,46,31,37,59
14,17,10,13,49
15,24,52,24,26
16,2,25,49,11
17,10,42,52,5
18,22,46,35,20
19,12,6,39,25
20,47,33,52,37
21,2,7,34,18
22,2,2,50,5
23,47,16,46,50
24,49,3,18,13
25,26,45,11,12
26,2,56,21,56
27,15,19,7,13
28,50,8,11,20
29,59,40,13,34
30,48,14,53,3
31,26,23,10,34
32,27,35,49,41
33,25,27,2,16
34,33,8,53,54
35,11,14,23,32
36,27,9,24,58
37,50,26,55,57
38,52,15,15,49
39,2,44,20,11
40,36,29,33,31
41,41,13,54,51
42,43,39,56,38
43,49,6,6,57
44,10,50,36,2
45,52,14,53,46
46,17,33,54,14
47,7,39,21,42
48,40,27,31,48
49,37,20,43,38
50,42,40,14,6
51,51,11,49,53
52,17,53,35,27
53,5,49,19,46
54,26,35,54,53
55,5,15,13,13
56,4,18,14,26
57,32,12,20,57
58,39,47,59,26
59,46,18,1,11
60,17,43,22,43
61,15,57,46,39
62,27,55,50,4
63,52,17,4,13
64,19,13,55,9
65,34,35,43,45
66,6,16,5,8
67,47,0,14,5
68,22,31,14,42
69,21,56,29,23
