0
Grid:
60,60
.@.....................@....@...@...........................
............................................................
.............................@................@........@....
.....@.............@...........................@............
....@...............@........@..............................
............@..........@..................@.................
.......@......................@.......................@.....
...@........................................@...............
...................@.....@........................@.........
.............@....@.....................................@...
.......@...............@......@.....@.......................
.....................@...................@..@...............
.................@.@.......................@..@.............
............................................................
..................@....................@.....@.....@........
...............@............@.........................@...@.
.........@......................................@...........
..............@..........@...........................@......
.........@............................@.............@.......
.........................@@......................@..........
.....@.......@......................@.......................
...........@........@.......................................
.................................................@..........
............................................................
....@@.@...........................@................@.......
..........@...........................................@..@..
..@...@.....................................................
........@...........@........................@...........@..
.........................................@..................
..............................................@.............
....................@.....................@@................
...............@.@..........................................
..............................................@.............
....@.@.......@....................@........................
.......................@.@..................................
........@.....@.......................@......@......@.......
.....................@......................................
.....@............@@................................@.......
....@...@..........................@........................
....@.......@@.......@.....................@................
...@......................@......@.............@@...@.......
.@...............@...@.@..............................@.....
.....................................@......................
......@....................@............@...................
........................@..@......@@......................@.
....@....@.................................@............@.@.
............................................................
.@............@..............@..............................
..........................@......................@..........
......................................@.@...................
.....@.@..@@........@....................................@..
...............................................@............
.............................@@...........@.................
......@.@..@.......@.......................@@...............
..........................@...................@..@..........
...................................@...@....@..@....@.......
.@@..@.....@............@...................................
...@.........................@...@...@.......@..............
.....@.......................@..............................
....@....................@..................@...............
Agents:
35
0,7,53,32,44
1,5,24,9,5
2,30,32,6,0
3,47,18,42,6
4,58,2,6,44
5,21,59,48,20
6,21,3,2,33
7,56,53,55,57
8,37,38,22,52
9,28,29,24,57
10,27,59,51,38
11,22,3,20,37
12,44,47,14,4
13,9,10,21,58
14,11,32,37,36
15,11,10,6,9
16,43,56,31,20
17,35,13,19,17
18,6,50,3,17
19,30,2,43,18
20,38,57,19,59
21,50,36,44,14
22,43,36,10,57
23,30,59,54,40
24,33,28,17,46
25,33,45,13,40
26,35,37,58,44
27,25,6,21,54
28,2,54,5,40
29,21,43,56,55
30,22,36,23,54
31,7,25,23,7
32,51,11,36,55
33,15,25,2,11
34,27,42,18,53
