0
Grid:
60,60
............................................................
............................................................
............................................................
............................................................
............................................................
............................................................
............................................................
............................................................
............................................................
............................................................
............................................................
............................................................
............................................................
............................................................
............................................................
............................................................
............................................................
............................................................
............................................................
............................................................
............................................................
............................................................
............................................................
............................................................
............................................................
............................................................
............................................................
............................................................
............................................................
............................................................
............................................................
............................................................
............................................................
............................................................
............................................................
............................................................
............................................................
............................................................
............................................................
............................................................
............................................................
............................................................
............................................................
............................................................
............................................................
............................................................
............................................................
............................................................
............................................................
............................................................
............................................................
............................................................
............................................................
............................................................
............................................................
............................................................
............................................................
............................................................
............................................................
............................................................
Agents:
35
0,45,19,12,24
1,16,39,32,3
2,49,13,1,19
3,32,52,19,29
4,8,54,25,21
5,33,26,15,32
6,45,55,15,16
7,58,28,37,26
8,54,21,50,53
9,52,8,28,14
10,41,4,35,25
11,29,27,57,34
12,30,21,34,18
13,45,12,57,31
14,56,5,23,54
15,42,4,13,7
16,22,25,1,21
17,57,9,32,27
18,5,9,19,25
19,18,13,59,18
20,32,21,0,25
21,25,42,39,2
22,58,46,30,7
23,55,17,20,58
24,29,52,38,59
25,4,40,59,44
26,50,48,57,39
27,9,27,36,55
28,28,19,11,21
29,56,3,45,12
30,12,28,59,41
31,4,19,44,45
32,58,48,16,50
33,23,45,18,27
34,2,38,33,6
