ins(Graph, As, Avoid, Makespan, SumOfCosts) =>
    Graph = [
    $neibs(1,[1,2,33]),
    $neibs(2,[2,1,3,34]),
    $neibs(33,[33,34,65,1]),
    $neibs(3,[3,2,4,35]),
    $neibs(34,[34,33,35,66,2]),
    $neibs(4,[4,3,5,36]),
    $neibs(35,[35,34,36,67,3]),
    $neibs(5,[5,4,6,37]),
    $neibs(36,[36,35,37,68,4]),
    $neibs(6,[6,5,7,38]),
    $neibs(37,[37,36,38,69,5]),
    $neibs(7,[7,6,8,39]),
    $neibs(38,[38,37,39,70,6]),
    $neibs(8,[8,7,9,40]),
    $neibs(39,[39,38,40,71,7]),
    $neibs(9,[9,8,10,41]),
    $neibs(40,[40,39,41,72,8]),
    $neibs(10,[10,9,11,42]),
    $neibs(41,[41,40,42,73,9]),
    $neibs(11,[11,10,12,43]),
    $neibs(42,[42,41,43,74,10]),
    $neibs(12,[12,11,13,44]),
    $neibs(43,[43,42,44,75,11]),
    $neibs(13,[13,12,14,45]),
    $neibs(44,[44,43,45,76,12]),
    $neibs(14,[14,13,15,46]),
    $neibs(45,[45,44,46,77,13]),
    $neibs(15,[15,14,16,47]),
    $neibs(46,[46,45,47,78,14]),
    $neibs(16,[16,15,17,48]),
    $neibs(47,[47,46,48,79,15]),
    $neibs(17,[17,16,18,49]),
    $neibs(48,[48,47,49,80,16]),
    $neibs(18,[18,17,19,50]),
    $neibs(49,[49,48,50,81,17]),
    $neibs(19,[19,18,20,51]),
    $neibs(50,[50,49,51,82,18]),
    $neibs(20,[20,19,21,52]),
    $neibs(51,[51,50,52,83,19]),
    $neibs(21,[21,20,22,53]),
    $neibs(52,[52,51,53,84,20]),
    $neibs(22,[22,21,23,54]),
    $neibs(53,[53,52,54,85,21]),
    $neibs(23,[23,22,24,55]),
    $neibs(54,[54,53,55,86,22]),
    $neibs(24,[24,23,25,56]),
    $neibs(55,[55,54,56,87,23]),
    $neibs(25,[25,24,26,57]),
    $neibs(56,[56,55,57,88,24]),
    $neibs(26,[26,25,27,58]),
    $neibs(57,[57,56,58,89,25]),
    $neibs(27,[27,26,28,59]),
    $neibs(58,[58,57,59,90,26]),
    $neibs(28,[28,27,29,60]),
    $neibs(59,[59,58,60,91,27]),
    $neibs(29,[29,28,30,61]),
    $neibs(60,[60,59,61,92,28]),
    $neibs(30,[30,29,31,62]),
    $neibs(61,[61,60,62,93,29]),
    $neibs(31,[31,30,32,63]),
    $neibs(62,[62,61,63,94,30]),
    $neibs(32,[32,31,64]),
    $neibs(63,[63,62,64,95,31]),
    $neibs(64,[64,63,96,32]),
    $neibs(65,[65,66,97,33]),
    $neibs(66,[66,65,67,98,34]),
    $neibs(67,[67,66,68,99,35]),
    $neibs(68,[68,67,69,100,36]),
    $neibs(69,[69,68,70,101,37]),
    $neibs(70,[70,69,71,102,38]),
    $neibs(71,[71,70,72,103,39]),
    $neibs(72,[72,71,73,104,40]),
    $neibs(73,[73,72,74,105,41]),
    $neibs(74,[74,73,75,106,42]),
    $neibs(75,[75,74,76,107,43]),
    $neibs(76,[76,75,77,108,44]),
    $neibs(77,[77,76,78,109,45]),
    $neibs(78,[78,77,79,110,46]),
    $neibs(79,[79,78,80,111,47]),
    $neibs(80,[80,79,81,112,48]),
    $neibs(81,[81,80,82,113,49]),
    $neibs(82,[82,81,83,114,50]),
    $neibs(83,[83,82,84,115,51]),
    $neibs(84,[84,83,85,116,52]),
    $neibs(85,[85,84,86,117,53]),
    $neibs(86,[86,85,87,118,54]),
    $neibs(87,[87,86,88,119,55]),
    $neibs(88,[88,87,89,120,56]),
    $neibs(89,[89,88,90,121,57]),
    $neibs(90,[90,89,91,122,58]),
    $neibs(91,[91,90,92,123,59]),
    $neibs(92,[92,91,93,124,60]),
    $neibs(93,[93,92,94,125,61]),
    $neibs(94,[94,93,95,126,62]),
    $neibs(95,[95,94,96,127,63]),
    $neibs(96,[96,95,128,64]),
    $neibs(97,[97,98,129,65]),
    $neibs(98,[98,97,99,130,66]),
    $neibs(99,[99,98,100,131,67]),
    $neibs(100,[100,99,101,132,68]),
    $neibs(101,[101,100,102,133,69]),
    $neibs(102,[102,101,103,134,70]),
    $neibs(103,[103,102,104,135,71]),
    $neibs(104,[104,103,105,136,72]),
    $neibs(105,[105,104,106,137,73]),
    $neibs(106,[106,105,107,138,74]),
    $neibs(107,[107,106,108,139,75]),
    $neibs(108,[108,107,109,140,76]),
    $neibs(109,[109,108,110,141,77]),
    $neibs(110,[110,109,111,142,78]),
    $neibs(111,[111,110,112,143,79]),
    $neibs(112,[112,111,113,144,80]),
    $neibs(113,[113,112,114,145,81]),
    $neibs(114,[114,113,115,146,82]),
    $neibs(115,[115,114,116,147,83]),
    $neibs(116,[116,115,117,148,84]),
    $neibs(117,[117,116,118,149,85]),
    $neibs(118,[118,117,119,150,86]),
    $neibs(119,[119,118,120,151,87]),
    $neibs(120,[120,119,121,152,88]),
    $neibs(121,[121,120,122,153,89]),
    $neibs(122,[122,121,123,154,90]),
    $neibs(123,[123,122,124,155,91]),
    $neibs(124,[124,123,125,156,92]),
    $neibs(125,[125,124,126,157,93]),
    $neibs(126,[126,125,127,158,94]),
    $neibs(127,[127,126,128,159,95]),
    $neibs(128,[128,127,160,96]),
    $neibs(129,[129,130,161,97]),
    $neibs(130,[130,129,131,162,98]),
    $neibs(131,[131,130,132,163,99]),
    $neibs(132,[132,131,133,164,100]),
    $neibs(133,[133,132,134,165,101]),
    $neibs(134,[134,133,135,166,102]),
    $neibs(135,[135,134,136,167,103]),
    $neibs(136,[136,135,137,168,104]),
    $neibs(137,[137,136,138,169,105]),
    $neibs(138,[138,137,139,170,106]),
    $neibs(139,[139,138,140,171,107]),
    $neibs(140,[140,139,141,172,108]),
    $neibs(141,[141,140,142,173,109]),
    $neibs(142,[142,141,143,174,110]),
    $neibs(143,[143,142,144,175,111]),
    $neibs(144,[144,143,145,176,112]),
    $neibs(145,[145,144,146,177,113]),
    $neibs(146,[146,145,147,178,114]),
    $neibs(147,[147,146,148,179,115]),
    $neibs(148,[148,147,149,180,116]),
    $neibs(149,[149,148,150,181,117]),
    $neibs(150,[150,149,151,182,118]),
    $neibs(151,[151,150,152,183,119]),
    $neibs(152,[152,151,153,184,120]),
    $neibs(153,[153,152,154,185,121]),
    $neibs(154,[154,153,155,186,122]),
    $neibs(155,[155,154,156,187,123]),
    $neibs(156,[156,155,157,188,124]),
    $neibs(157,[157,156,158,189,125]),
    $neibs(158,[158,157,159,190,126]),
    $neibs(159,[159,158,160,191,127]),
    $neibs(160,[160,159,192,128]),
    $neibs(161,[161,162,193,129]),
    $neibs(162,[162,161,163,194,130]),
    $neibs(163,[163,162,164,195,131]),
    $neibs(164,[164,163,165,196,132]),
    $neibs(165,[165,164,166,197,133]),
    $neibs(166,[166,165,167,198,134]),
    $neibs(167,[167,166,168,199,135]),
    $neibs(168,[168,167,169,200,136]),
    $neibs(169,[169,168,170,201,137]),
    $neibs(170,[170,169,171,202,138]),
    $neibs(171,[171,170,172,203,139]),
    $neibs(172,[172,171,173,204,140]),
    $neibs(173,[173,172,174,205,141]),
    $neibs(174,[174,173,175,206,142]),
    $neibs(175,[175,174,176,207,143]),
    $neibs(176,[176,175,177,208,144]),
    $neibs(177,[177,176,178,209,145]),
    $neibs(178,[178,177,179,210,146]),
    $neibs(179,[179,178,180,211,147]),
    $neibs(180,[180,179,181,212,148]),
    $neibs(181,[181,180,182,213,149]),
    $neibs(182,[182,181,183,214,150]),
    $neibs(183,[183,182,184,215,151]),
    $neibs(184,[184,183,185,216,152]),
    $neibs(185,[185,184,186,217,153]),
    $neibs(186,[186,185,187,218,154]),
    $neibs(187,[187,186,188,219,155]),
    $neibs(188,[188,187,189,220,156]),
    $neibs(189,[189,188,190,221,157]),
    $neibs(190,[190,189,191,222,158]),
    $neibs(191,[191,190,192,223,159]),
    $neibs(192,[192,191,224,160]),
    $neibs(193,[193,194,225,161]),
    $neibs(194,[194,193,195,226,162]),
    $neibs(195,[195,194,196,227,163]),
    $neibs(196,[196,195,197,228,164]),
    $neibs(197,[197,196,198,229,165]),
    $neibs(198,[198,197,199,230,166]),
    $neibs(199,[199,198,200,231,167]),
    $neibs(200,[200,199,201,232,168]),
    $neibs(201,[201,200,202,233,169]),
    $neibs(202,[202,201,203,234,170]),
    $neibs(203,[203,202,204,235,171]),
    $neibs(204,[204,203,205,236,172]),
    $neibs(205,[205,204,206,237,173]),
    $neibs(206,[206,205,207,238,174]),
    $neibs(207,[207,206,208,239,175]),
    $neibs(208,[208,207,209,240,176]),
    $neibs(209,[209,208,210,241,177]),
    $neibs(210,[210,209,211,242,178]),
    $neibs(211,[211,210,212,243,179]),
    $neibs(212,[212,211,213,244,180]),
    $neibs(213,[213,212,214,245,181]),
    $neibs(214,[214,213,215,246,182]),
    $neibs(215,[215,214,216,247,183]),
    $neibs(216,[216,215,217,248,184]),
    $neibs(217,[217,216,218,249,185]),
    $neibs(218,[218,217,219,250,186]),
    $neibs(219,[219,218,220,251,187]),
    $neibs(220,[220,219,221,252,188]),
    $neibs(221,[221,220,222,253,189]),
    $neibs(222,[222,221,223,254,190]),
    $neibs(223,[223,222,224,255,191]),
    $neibs(224,[224,223,256,192]),
    $neibs(225,[225,226,257,193]),
    $neibs(226,[226,225,227,258,194]),
    $neibs(227,[227,226,228,259,195]),
    $neibs(228,[228,227,229,260,196]),
    $neibs(229,[229,228,230,261,197]),
    $neibs(230,[230,229,231,262,198]),
    $neibs(231,[231,230,232,263,199]),
    $neibs(232,[232,231,233,264,200]),
    $neibs(233,[233,232,234,265,201]),
    $neibs(234,[234,233,235,266,202]),
    $neibs(235,[235,234,236,267,203]),
    $neibs(236,[236,235,237,268,204]),
    $neibs(237,[237,236,238,269,205]),
    $neibs(238,[238,237,239,270,206]),
    $neibs(239,[239,238,240,271,207]),
    $neibs(240,[240,239,241,272,208]),
    $neibs(241,[241,240,242,273,209]),
    $neibs(242,[242,241,243,274,210]),
    $neibs(243,[243,242,244,275,211]),
    $neibs(244,[244,243,245,276,212]),
    $neibs(245,[245,244,246,277,213]),
    $neibs(246,[246,245,247,278,214]),
    $neibs(247,[247,246,248,279,215]),
    $neibs(248,[248,247,249,280,216]),
    $neibs(249,[249,248,250,281,217]),
    $neibs(250,[250,249,251,282,218]),
    $neibs(251,[251,250,252,283,219]),
    $neibs(252,[252,251,253,284,220]),
    $neibs(253,[253,252,254,285,221]),
    $neibs(254,[254,253,255,286,222]),
    $neibs(255,[255,254,256,287,223]),
    $neibs(256,[256,255,288,224]),
    $neibs(257,[257,258,289,225]),
    $neibs(258,[258,257,259,290,226]),
    $neibs(259,[259,258,260,291,227]),
    $neibs(260,[260,259,261,292,228]),
    $neibs(261,[261,260,262,293,229]),
    $neibs(262,[262,261,263,294,230]),
    $neibs(263,[263,262,264,295,231]),
    $neibs(264,[264,263,265,296,232]),
    $neibs(265,[265,264,266,297,233]),
    $neibs(266,[266,265,267,298,234]),
    $neibs(267,[267,266,268,299,235]),
    $neibs(268,[268,267,269,300,236]),
    $neibs(269,[269,268,270,301,237]),
    $neibs(270,[270,269,271,302,238]),
    $neibs(271,[271,270,272,303,239]),
    $neibs(272,[272,271,273,304,240]),
    $neibs(273,[273,272,274,305,241]),
    $neibs(274,[274,273,275,306,242]),
    $neibs(275,[275,274,276,307,243]),
    $neibs(276,[276,275,277,308,244]),
    $neibs(277,[277,276,278,309,245]),
    $neibs(278,[278,277,279,310,246]),
    $neibs(279,[279,278,280,311,247]),
    $neibs(280,[280,279,281,312,248]),
    $neibs(281,[281,280,282,313,249]),
    $neibs(282,[282,281,283,314,250]),
    $neibs(283,[283,282,284,315,251]),
    $neibs(284,[284,283,285,316,252]),
    $neibs(285,[285,284,286,317,253]),
    $neibs(286,[286,285,287,318,254]),
    $neibs(287,[287,286,288,319,255]),
    $neibs(288,[288,287,320,256]),
    $neibs(289,[289,290,321,257]),
    $neibs(290,[290,289,291,322,258]),
    $neibs(291,[291,290,292,323,259]),
    $neibs(292,[292,291,293,324,260]),
    $neibs(293,[293,292,294,325,261]),
    $neibs(294,[294,293,295,326,262]),
    $neibs(295,[295,294,296,327,263]),
    $neibs(296,[296,295,297,328,264]),
    $neibs(297,[297,296,298,329,265]),
    $neibs(298,[298,297,299,330,266]),
    $neibs(299,[299,298,300,331,267]),
    $neibs(300,[300,299,301,332,268]),
    $neibs(301,[301,300,302,333,269]),
    $neibs(302,[302,301,303,334,270]),
    $neibs(303,[303,302,304,335,271]),
    $neibs(304,[304,303,305,336,272]),
    $neibs(305,[305,304,306,337,273]),
    $neibs(306,[306,305,307,338,274]),
    $neibs(307,[307,306,308,339,275]),
    $neibs(308,[308,307,309,340,276]),
    $neibs(309,[309,308,310,341,277]),
    $neibs(310,[310,309,311,342,278]),
    $neibs(311,[311,310,312,343,279]),
    $neibs(312,[312,311,313,344,280]),
    $neibs(313,[313,312,314,345,281]),
    $neibs(314,[314,313,315,346,282]),
    $neibs(315,[315,314,316,347,283]),
    $neibs(316,[316,315,317,348,284]),
    $neibs(317,[317,316,318,349,285]),
    $neibs(318,[318,317,319,350,286]),
    $neibs(319,[319,318,320,351,287]),
    $neibs(320,[320,319,352,288]),
    $neibs(321,[321,322,353,289]),
    $neibs(322,[322,321,323,354,290]),
    $neibs(323,[323,322,324,355,291]),
    $neibs(324,[324,323,325,356,292]),
    $neibs(325,[325,324,326,357,293]),
    $neibs(326,[326,325,327,358,294]),
    $neibs(327,[327,326,328,359,295]),
    $neibs(328,[328,327,329,360,296]),
    $neibs(329,[329,328,330,361,297]),
    $neibs(330,[330,329,331,362,298]),
    $neibs(331,[331,330,332,363,299]),
    $neibs(332,[332,331,333,364,300]),
    $neibs(333,[333,332,334,365,301]),
    $neibs(334,[334,333,335,366,302]),
    $neibs(335,[335,334,336,367,303]),
    $neibs(336,[336,335,337,368,304]),
    $neibs(337,[337,336,338,369,305]),
    $neibs(338,[338,337,339,370,306]),
    $neibs(339,[339,338,340,371,307]),
    $neibs(340,[340,339,341,372,308]),
    $neibs(341,[341,340,342,373,309]),
    $neibs(342,[342,341,343,374,310]),
    $neibs(343,[343,342,344,375,311]),
    $neibs(344,[344,343,345,376,312]),
    $neibs(345,[345,344,346,377,313]),
    $neibs(346,[346,345,347,378,314]),
    $neibs(347,[347,346,348,379,315]),
    $neibs(348,[348,347,349,380,316]),
    $neibs(349,[349,348,350,381,317]),
    $neibs(350,[350,349,351,382,318]),
    $neibs(351,[351,350,352,383,319]),
    $neibs(352,[352,351,384,320]),
    $neibs(353,[353,354,385,321]),
    $neibs(354,[354,353,355,386,322]),
    $neibs(355,[355,354,356,387,323]),
    $neibs(356,[356,355,357,388,324]),
    $neibs(357,[357,356,358,389,325]),
    $neibs(358,[358,357,359,390,326]),
    $neibs(359,[359,358,360,391,327]),
    $neibs(360,[360,359,361,392,328]),
    $neibs(361,[361,360,362,393,329]),
    $neibs(362,[362,361,363,394,330]),
    $neibs(363,[363,362,364,395,331]),
    $neibs(364,[364,363,365,396,332]),
    $neibs(365,[365,364,366,397,333]),
    $neibs(366,[366,365,367,398,334]),
    $neibs(367,[367,366,368,399,335]),
    $neibs(368,[368,367,369,400,336]),
    $neibs(369,[369,368,370,401,337]),
    $neibs(370,[370,369,371,402,338]),
    $neibs(371,[371,370,372,403,339]),
    $neibs(372,[372,371,373,404,340]),
    $neibs(373,[373,372,374,405,341]),
    $neibs(374,[374,373,375,406,342]),
    $neibs(375,[375,374,376,407,343]),
    $neibs(376,[376,375,377,408,344]),
    $neibs(377,[377,376,378,409,345]),
    $neibs(378,[378,377,379,410,346]),
    $neibs(379,[379,378,380,411,347]),
    $neibs(380,[380,379,381,412,348]),
    $neibs(381,[381,380,382,413,349]),
    $neibs(382,[382,381,383,414,350]),
    $neibs(383,[383,382,384,415,351]),
    $neibs(384,[384,383,416,352]),
    $neibs(385,[385,386,417,353]),
    $neibs(386,[386,385,387,418,354]),
    $neibs(387,[387,386,388,419,355]),
    $neibs(388,[388,387,389,420,356]),
    $neibs(389,[389,388,390,421,357]),
    $neibs(390,[390,389,391,422,358]),
    $neibs(391,[391,390,392,423,359]),
    $neibs(392,[392,391,393,424,360]),
    $neibs(393,[393,392,394,425,361]),
    $neibs(394,[394,393,395,426,362]),
    $neibs(395,[395,394,396,427,363]),
    $neibs(396,[396,395,397,428,364]),
    $neibs(397,[397,396,398,429,365]),
    $neibs(398,[398,397,399,430,366]),
    $neibs(399,[399,398,400,431,367]),
    $neibs(400,[400,399,401,432,368]),
    $neibs(401,[401,400,402,433,369]),
    $neibs(402,[402,401,403,434,370]),
    $neibs(403,[403,402,404,435,371]),
    $neibs(404,[404,403,405,436,372]),
    $neibs(405,[405,404,406,437,373]),
    $neibs(406,[406,405,407,438,374]),
    $neibs(407,[407,406,408,439,375]),
    $neibs(408,[408,407,409,440,376]),
    $neibs(409,[409,408,410,441,377]),
    $neibs(410,[410,409,411,442,378]),
    $neibs(411,[411,410,412,443,379]),
    $neibs(412,[412,411,413,444,380]),
    $neibs(413,[413,412,414,445,381]),
    $neibs(414,[414,413,415,446,382]),
    $neibs(415,[415,414,416,447,383]),
    $neibs(416,[416,415,448,384]),
    $neibs(417,[417,418,449,385]),
    $neibs(418,[418,417,419,450,386]),
    $neibs(419,[419,418,420,451,387]),
    $neibs(420,[420,419,421,452,388]),
    $neibs(421,[421,420,422,453,389]),
    $neibs(422,[422,421,423,454,390]),
    $neibs(423,[423,422,424,455,391]),
    $neibs(424,[424,423,425,456,392]),
    $neibs(425,[425,424,426,457,393]),
    $neibs(426,[426,425,427,458,394]),
    $neibs(427,[427,426,428,459,395]),
    $neibs(428,[428,427,429,460,396]),
    $neibs(429,[429,428,430,461,397]),
    $neibs(430,[430,429,431,462,398]),
    $neibs(431,[431,430,432,463,399]),
    $neibs(432,[432,431,433,464,400]),
    $neibs(433,[433,432,434,465,401]),
    $neibs(434,[434,433,435,466,402]),
    $neibs(435,[435,434,436,467,403]),
    $neibs(436,[436,435,437,468,404]),
    $neibs(437,[437,436,438,469,405]),
    $neibs(438,[438,437,439,470,406]),
    $neibs(439,[439,438,440,471,407]),
    $neibs(440,[440,439,441,472,408]),
    $neibs(441,[441,440,442,473,409]),
    $neibs(442,[442,441,443,474,410]),
    $neibs(443,[443,442,444,475,411]),
    $neibs(444,[444,443,445,476,412]),
    $neibs(445,[445,444,446,477,413]),
    $neibs(446,[446,445,447,478,414]),
    $neibs(447,[447,446,448,479,415]),
    $neibs(448,[448,447,480,416]),
    $neibs(449,[449,450,481,417]),
    $neibs(450,[450,449,451,482,418]),
    $neibs(451,[451,450,452,483,419]),
    $neibs(452,[452,451,453,484,420]),
    $neibs(453,[453,452,454,485,421]),
    $neibs(454,[454,453,455,486,422]),
    $neibs(455,[455,454,456,487,423]),
    $neibs(456,[456,455,457,488,424]),
    $neibs(457,[457,456,458,489,425]),
    $neibs(458,[458,457,459,490,426]),
    $neibs(459,[459,458,460,491,427]),
    $neibs(460,[460,459,461,492,428]),
    $neibs(461,[461,460,462,493,429]),
    $neibs(462,[462,461,463,494,430]),
    $neibs(463,[463,462,464,495,431]),
    $neibs(464,[464,463,465,496,432]),
    $neibs(465,[465,464,466,497,433]),
    $neibs(466,[466,465,467,498,434]),
    $neibs(467,[467,466,468,499,435]),
    $neibs(468,[468,467,469,500,436]),
    $neibs(469,[469,468,470,501,437]),
    $neibs(470,[470,469,471,502,438]),
    $neibs(471,[471,470,472,503,439]),
    $neibs(472,[472,471,473,504,440]),
    $neibs(473,[473,472,474,505,441]),
    $neibs(474,[474,473,475,506,442]),
    $neibs(475,[475,474,476,507,443]),
    $neibs(476,[476,475,477,508,444]),
    $neibs(477,[477,476,478,509,445]),
    $neibs(478,[478,477,479,510,446]),
    $neibs(479,[479,478,480,511,447]),
    $neibs(480,[480,479,512,448]),
    $neibs(481,[481,482,513,449]),
    $neibs(482,[482,481,483,514,450]),
    $neibs(483,[483,482,484,515,451]),
    $neibs(484,[484,483,485,516,452]),
    $neibs(485,[485,484,486,517,453]),
    $neibs(486,[486,485,487,518,454]),
    $neibs(487,[487,486,488,519,455]),
    $neibs(488,[488,487,489,520,456]),
    $neibs(489,[489,488,490,521,457]),
    $neibs(490,[490,489,491,522,458]),
    $neibs(491,[491,490,492,523,459]),
    $neibs(492,[492,491,493,524,460]),
    $neibs(493,[493,492,494,525,461]),
    $neibs(494,[494,493,495,526,462]),
    $neibs(495,[495,494,496,527,463]),
    $neibs(496,[496,495,497,528,464]),
    $neibs(497,[497,496,498,529,465]),
    $neibs(498,[498,497,499,530,466]),
    $neibs(499,[499,498,500,531,467]),
    $neibs(500,[500,499,501,532,468]),
    $neibs(501,[501,500,502,533,469]),
    $neibs(502,[502,501,503,534,470]),
    $neibs(503,[503,502,504,535,471]),
    $neibs(504,[504,503,505,536,472]),
    $neibs(505,[505,504,506,537,473]),
    $neibs(506,[506,505,507,538,474]),
    $neibs(507,[507,506,508,539,475]),
    $neibs(508,[508,507,509,540,476]),
    $neibs(509,[509,508,510,541,477]),
    $neibs(510,[510,509,511,542,478]),
    $neibs(511,[511,510,512,543,479]),
    $neibs(512,[512,511,544,480]),
    $neibs(513,[513,514,545,481]),
    $neibs(514,[514,513,515,546,482]),
    $neibs(515,[515,514,516,547,483]),
    $neibs(516,[516,515,517,548,484]),
    $neibs(517,[517,516,518,549,485]),
    $neibs(518,[518,517,519,550,486]),
    $neibs(519,[519,518,520,551,487]),
    $neibs(520,[520,519,521,552,488]),
    $neibs(521,[521,520,522,553,489]),
    $neibs(522,[522,521,523,554,490]),
    $neibs(523,[523,522,524,555,491]),
    $neibs(524,[524,523,525,556,492]),
    $neibs(525,[525,524,526,557,493]),
    $neibs(526,[526,525,527,558,494]),
    $neibs(527,[527,526,528,559,495]),
    $neibs(528,[528,527,529,560,496]),
    $neibs(529,[529,528,530,561,497]),
    $neibs(530,[530,529,531,562,498]),
    $neibs(531,[531,530,532,563,499]),
    $neibs(532,[532,531,533,564,500]),
    $neibs(533,[533,532,534,565,501]),
    $neibs(534,[534,533,535,566,502]),
    $neibs(535,[535,534,536,567,503]),
    $neibs(536,[536,535,537,568,504]),
    $neibs(537,[537,536,538,569,505]),
    $neibs(538,[538,537,539,570,506]),
    $neibs(539,[539,538,540,571,507]),
    $neibs(540,[540,539,541,572,508]),
    $neibs(541,[541,540,542,573,509]),
    $neibs(542,[542,541,543,574,510]),
    $neibs(543,[543,542,544,575,511]),
    $neibs(544,[544,543,576,512]),
    $neibs(545,[545,546,577,513]),
    $neibs(546,[546,545,547,578,514]),
    $neibs(547,[547,546,548,579,515]),
    $neibs(548,[548,547,549,580,516]),
    $neibs(549,[549,548,550,581,517]),
    $neibs(550,[550,549,551,582,518]),
    $neibs(551,[551,550,552,583,519]),
    $neibs(552,[552,551,553,584,520]),
    $neibs(553,[553,552,554,585,521]),
    $neibs(554,[554,553,555,586,522]),
    $neibs(555,[555,554,556,587,523]),
    $neibs(556,[556,555,557,588,524]),
    $neibs(557,[557,556,558,589,525]),
    $neibs(558,[558,557,559,590,526]),
    $neibs(559,[559,558,560,591,527]),
    $neibs(560,[560,559,561,592,528]),
    $neibs(561,[561,560,562,593,529]),
    $neibs(562,[562,561,563,594,530]),
    $neibs(563,[563,562,564,595,531]),
    $neibs(564,[564,563,565,596,532]),
    $neibs(565,[565,564,566,597,533]),
    $neibs(566,[566,565,567,598,534]),
    $neibs(567,[567,566,568,599,535]),
    $neibs(568,[568,567,569,600,536]),
    $neibs(569,[569,568,570,601,537]),
    $neibs(570,[570,569,571,602,538]),
    $neibs(571,[571,570,572,603,539]),
    $neibs(572,[572,571,573,604,540]),
    $neibs(573,[573,572,574,605,541]),
    $neibs(574,[574,573,575,606,542]),
    $neibs(575,[575,574,576,607,543]),
    $neibs(576,[576,575,608,544]),
    $neibs(577,[577,578,609,545]),
    $neibs(578,[578,577,579,610,546]),
    $neibs(579,[579,578,580,611,547]),
    $neibs(580,[580,579,581,612,548]),
    $neibs(581,[581,580,582,613,549]),
    $neibs(582,[582,581,583,614,550]),
    $neibs(583,[583,582,584,615,551]),
    $neibs(584,[584,583,585,616,552]),
    $neibs(585,[585,584,586,617,553]),
    $neibs(586,[586,585,587,618,554]),
    $neibs(587,[587,586,588,619,555]),
    $neibs(588,[588,587,589,620,556]),
    $neibs(589,[589,588,590,621,557]),
    $neibs(590,[590,589,591,622,558]),
    $neibs(591,[591,590,592,623,559]),
    $neibs(592,[592,591,593,624,560]),
    $neibs(593,[593,592,594,625,561]),
    $neibs(594,[594,593,595,626,562]),
    $neibs(595,[595,594,596,627,563]),
    $neibs(596,[596,595,597,628,564]),
    $neibs(597,[597,596,598,629,565]),
    $neibs(598,[598,597,599,630,566]),
    $neibs(599,[599,598,600,631,567]),
    $neibs(600,[600,599,601,632,568]),
    $neibs(601,[601,600,602,633,569]),
    $neibs(602,[602,601,603,634,570]),
    $neibs(603,[603,602,604,635,571]),
    $neibs(604,[604,603,605,636,572]),
    $neibs(605,[605,604,606,637,573]),
    $neibs(606,[606,605,607,638,574]),
    $neibs(607,[607,606,608,639,575]),
    $neibs(608,[608,607,640,576]),
    $neibs(609,[609,610,641,577]),
    $neibs(610,[610,609,611,642,578]),
    $neibs(611,[611,610,612,643,579]),
    $neibs(612,[612,611,613,644,580]),
    $neibs(613,[613,612,614,645,581]),
    $neibs(614,[614,613,615,646,582]),
    $neibs(615,[615,614,616,647,583]),
    $neibs(616,[616,615,617,648,584]),
    $neibs(617,[617,616,618,649,585]),
    $neibs(618,[618,617,619,650,586]),
    $neibs(619,[619,618,620,651,587]),
    $neibs(620,[620,619,621,652,588]),
    $neibs(621,[621,620,622,653,589]),
    $neibs(622,[622,621,623,654,590]),
    $neibs(623,[623,622,624,655,591]),
    $neibs(624,[624,623,625,656,592]),
    $neibs(625,[625,624,626,657,593]),
    $neibs(626,[626,625,627,658,594]),
    $neibs(627,[627,626,628,659,595]),
    $neibs(628,[628,627,629,660,596]),
    $neibs(629,[629,628,630,661,597]),
    $neibs(630,[630,629,631,662,598]),
    $neibs(631,[631,630,632,663,599]),
    $neibs(632,[632,631,633,664,600]),
    $neibs(633,[633,632,634,665,601]),
    $neibs(634,[634,633,635,666,602]),
    $neibs(635,[635,634,636,667,603]),
    $neibs(636,[636,635,637,668,604]),
    $neibs(637,[637,636,638,669,605]),
    $neibs(638,[638,637,639,670,606]),
    $neibs(639,[639,638,640,671,607]),
    $neibs(640,[640,639,672,608]),
    $neibs(641,[641,642,673,609]),
    $neibs(642,[642,641,643,674,610]),
    $neibs(643,[643,642,644,675,611]),
    $neibs(644,[644,643,645,676,612]),
    $neibs(645,[645,644,646,677,613]),
    $neibs(646,[646,645,647,678,614]),
    $neibs(647,[647,646,648,679,615]),
    $neibs(648,[648,647,649,680,616]),
    $neibs(649,[649,648,650,681,617]),
    $neibs(650,[650,649,651,682,618]),
    $neibs(651,[651,650,652,683,619]),
    $neibs(652,[652,651,653,684,620]),
    $neibs(653,[653,652,654,685,621]),
    $neibs(654,[654,653,655,686,622]),
    $neibs(655,[655,654,656,687,623]),
    $neibs(656,[656,655,657,688,624]),
    $neibs(657,[657,656,658,689,625]),
    $neibs(658,[658,657,659,690,626]),
    $neibs(659,[659,658,660,691,627]),
    $neibs(660,[660,659,661,692,628]),
    $neibs(661,[661,660,662,693,629]),
    $neibs(662,[662,661,663,694,630]),
    $neibs(663,[663,662,664,695,631]),
    $neibs(664,[664,663,665,696,632]),
    $neibs(665,[665,664,666,697,633]),
    $neibs(666,[666,665,667,698,634]),
    $neibs(667,[667,666,668,699,635]),
    $neibs(668,[668,667,669,700,636]),
    $neibs(669,[669,668,670,701,637]),
    $neibs(670,[670,669,671,702,638]),
    $neibs(671,[671,670,672,703,639]),
    $neibs(672,[672,671,704,640]),
    $neibs(673,[673,674,705,641]),
    $neibs(674,[674,673,675,706,642]),
    $neibs(675,[675,674,676,707,643]),
    $neibs(676,[676,675,677,708,644]),
    $neibs(677,[677,676,678,709,645]),
    $neibs(678,[678,677,679,710,646]),
    $neibs(679,[679,678,680,711,647]),
    $neibs(680,[680,679,681,712,648]),
    $neibs(681,[681,680,682,713,649]),
    $neibs(682,[682,681,683,714,650]),
    $neibs(683,[683,682,684,715,651]),
    $neibs(684,[684,683,685,716,652]),
    $neibs(685,[685,684,686,717,653]),
    $neibs(686,[686,685,687,718,654]),
    $neibs(687,[687,686,688,719,655]),
    $neibs(688,[688,687,689,720,656]),
    $neibs(689,[689,688,690,721,657]),
    $neibs(690,[690,689,691,722,658]),
    $neibs(691,[691,690,692,723,659]),
    $neibs(692,[692,691,693,724,660]),
    $neibs(693,[693,692,694,725,661]),
    $neibs(694,[694,693,695,726,662]),
    $neibs(695,[695,694,696,727,663]),
    $neibs(696,[696,695,697,728,664]),
    $neibs(697,[697,696,698,729,665]),
    $neibs(698,[698,697,699,730,666]),
    $neibs(699,[699,698,700,731,667]),
    $neibs(700,[700,699,701,732,668]),
    $neibs(701,[701,700,702,733,669]),
    $neibs(702,[702,701,703,734,670]),
    $neibs(703,[703,702,704,735,671]),
    $neibs(704,[704,703,736,672]),
    $neibs(705,[705,706,737,673]),
    $neibs(706,[706,705,707,738,674]),
    $neibs(707,[707,706,708,739,675]),
    $neibs(708,[708,707,709,740,676]),
    $neibs(709,[709,708,710,741,677]),
    $neibs(710,[710,709,711,742,678]),
    $neibs(711,[711,710,712,743,679]),
    $neibs(712,[712,711,713,744,680]),
    $neibs(713,[713,712,714,745,681]),
    $neibs(714,[714,713,715,746,682]),
    $neibs(715,[715,714,716,747,683]),
    $neibs(716,[716,715,717,748,684]),
    $neibs(717,[717,716,718,749,685]),
    $neibs(718,[718,717,719,750,686]),
    $neibs(719,[719,718,720,751,687]),
    $neibs(720,[720,719,721,752,688]),
    $neibs(721,[721,720,722,753,689]),
    $neibs(722,[722,721,723,754,690]),
    $neibs(723,[723,722,724,755,691]),
    $neibs(724,[724,723,725,756,692]),
    $neibs(725,[725,724,726,757,693]),
    $neibs(726,[726,725,727,758,694]),
    $neibs(727,[727,726,728,759,695]),
    $neibs(728,[728,727,729,760,696]),
    $neibs(729,[729,728,730,761,697]),
    $neibs(730,[730,729,731,762,698]),
    $neibs(731,[731,730,732,763,699]),
    $neibs(732,[732,731,733,764,700]),
    $neibs(733,[733,732,734,765,701]),
    $neibs(734,[734,733,735,766,702]),
    $neibs(735,[735,734,736,767,703]),
    $neibs(736,[736,735,768,704]),
    $neibs(737,[737,738,769,705]),
    $neibs(738,[738,737,739,770,706]),
    $neibs(739,[739,738,740,771,707]),
    $neibs(740,[740,739,741,772,708]),
    $neibs(741,[741,740,742,773,709]),
    $neibs(742,[742,741,743,774,710]),
    $neibs(743,[743,742,744,775,711]),
    $neibs(744,[744,743,745,776,712]),
    $neibs(745,[745,744,746,777,713]),
    $neibs(746,[746,745,747,778,714]),
    $neibs(747,[747,746,748,779,715]),
    $neibs(748,[748,747,749,780,716]),
    $neibs(749,[749,748,750,781,717]),
    $neibs(750,[750,749,751,782,718]),
    $neibs(751,[751,750,752,783,719]),
    $neibs(752,[752,751,753,784,720]),
    $neibs(753,[753,752,754,785,721]),
    $neibs(754,[754,753,755,786,722]),
    $neibs(755,[755,754,756,787,723]),
    $neibs(756,[756,755,757,788,724]),
    $neibs(757,[757,756,758,789,725]),
    $neibs(758,[758,757,759,790,726]),
    $neibs(759,[759,758,760,791,727]),
    $neibs(760,[760,759,761,792,728]),
    $neibs(761,[761,760,762,793,729]),
    $neibs(762,[762,761,763,794,730]),
    $neibs(763,[763,762,764,795,731]),
    $neibs(764,[764,763,765,796,732]),
    $neibs(765,[765,764,766,797,733]),
    $neibs(766,[766,765,767,798,734]),
    $neibs(767,[767,766,768,799,735]),
    $neibs(768,[768,767,800,736]),
    $neibs(769,[769,770,801,737]),
    $neibs(770,[770,769,771,802,738]),
    $neibs(771,[771,770,772,803,739]),
    $neibs(772,[772,771,773,804,740]),
    $neibs(773,[773,772,774,805,741]),
    $neibs(774,[774,773,775,806,742]),
    $neibs(775,[775,774,776,807,743]),
    $neibs(776,[776,775,777,808,744]),
    $neibs(777,[777,776,778,809,745]),
    $neibs(778,[778,777,779,810,746]),
    $neibs(779,[779,778,780,811,747]),
    $neibs(780,[780,779,781,812,748]),
    $neibs(781,[781,780,782,813,749]),
    $neibs(782,[782,781,783,814,750]),
    $neibs(783,[783,782,784,815,751]),
    $neibs(784,[784,783,785,816,752]),
    $neibs(785,[785,784,786,817,753]),
    $neibs(786,[786,785,787,818,754]),
    $neibs(787,[787,786,788,819,755]),
    $neibs(788,[788,787,789,820,756]),
    $neibs(789,[789,788,790,821,757]),
    $neibs(790,[790,789,791,822,758]),
    $neibs(791,[791,790,792,823,759]),
    $neibs(792,[792,791,793,824,760]),
    $neibs(793,[793,792,794,825,761]),
    $neibs(794,[794,793,795,826,762]),
    $neibs(795,[795,794,796,827,763]),
    $neibs(796,[796,795,797,828,764]),
    $neibs(797,[797,796,798,829,765]),
    $neibs(798,[798,797,799,830,766]),
    $neibs(799,[799,798,800,831,767]),
    $neibs(800,[800,799,832,768]),
    $neibs(801,[801,802,833,769]),
    $neibs(802,[802,801,803,834,770]),
    $neibs(803,[803,802,804,835,771]),
    $neibs(804,[804,803,805,836,772]),
    $neibs(805,[805,804,806,837,773]),
    $neibs(806,[806,805,807,838,774]),
    $neibs(807,[807,806,808,839,775]),
    $neibs(808,[808,807,809,840,776]),
    $neibs(809,[809,808,810,841,777]),
    $neibs(810,[810,809,811,842,778]),
    $neibs(811,[811,810,812,843,779]),
    $neibs(812,[812,811,813,844,780]),
    $neibs(813,[813,812,814,845,781]),
    $neibs(814,[814,813,815,846,782]),
    $neibs(815,[815,814,816,847,783]),
    $neibs(816,[816,815,817,848,784]),
    $neibs(817,[817,816,818,849,785]),
    $neibs(818,[818,817,819,850,786]),
    $neibs(819,[819,818,820,851,787]),
    $neibs(820,[820,819,821,852,788]),
    $neibs(821,[821,820,822,853,789]),
    $neibs(822,[822,821,823,854,790]),
    $neibs(823,[823,822,824,855,791]),
    $neibs(824,[824,823,825,856,792]),
    $neibs(825,[825,824,826,857,793]),
    $neibs(826,[826,825,827,858,794]),
    $neibs(827,[827,826,828,859,795]),
    $neibs(828,[828,827,829,860,796]),
    $neibs(829,[829,828,830,861,797]),
    $neibs(830,[830,829,831,862,798]),
    $neibs(831,[831,830,832,863,799]),
    $neibs(832,[832,831,864,800]),
    $neibs(833,[833,834,865,801]),
    $neibs(834,[834,833,835,866,802]),
    $neibs(835,[835,834,836,867,803]),
    $neibs(836,[836,835,837,868,804]),
    $neibs(837,[837,836,838,869,805]),
    $neibs(838,[838,837,839,870,806]),
    $neibs(839,[839,838,840,871,807]),
    $neibs(840,[840,839,841,872,808]),
    $neibs(841,[841,840,842,873,809]),
    $neibs(842,[842,841,843,874,810]),
    $neibs(843,[843,842,844,875,811]),
    $neibs(844,[844,843,845,876,812]),
    $neibs(845,[845,844,846,877,813]),
    $neibs(846,[846,845,847,878,814]),
    $neibs(847,[847,846,848,879,815]),
    $neibs(848,[848,847,849,880,816]),
    $neibs(849,[849,848,850,881,817]),
    $neibs(850,[850,849,851,882,818]),
    $neibs(851,[851,850,852,883,819]),
    $neibs(852,[852,851,853,884,820]),
    $neibs(853,[853,852,854,885,821]),
    $neibs(854,[854,853,855,886,822]),
    $neibs(855,[855,854,856,887,823]),
    $neibs(856,[856,855,857,888,824]),
    $neibs(857,[857,856,858,889,825]),
    $neibs(858,[858,857,859,890,826]),
    $neibs(859,[859,858,860,891,827]),
    $neibs(860,[860,859,861,892,828]),
    $neibs(861,[861,860,862,893,829]),
    $neibs(862,[862,861,863,894,830]),
    $neibs(863,[863,862,864,895,831]),
    $neibs(864,[864,863,896,832]),
    $neibs(865,[865,866,897,833]),
    $neibs(866,[866,865,867,898,834]),
    $neibs(867,[867,866,868,899,835]),
    $neibs(868,[868,867,869,900,836]),
    $neibs(869,[869,868,870,901,837]),
    $neibs(870,[870,869,871,902,838]),
    $neibs(871,[871,870,872,903,839]),
    $neibs(872,[872,871,873,904,840]),
    $neibs(873,[873,872,874,905,841]),
    $neibs(874,[874,873,875,906,842]),
    $neibs(875,[875,874,876,907,843]),
    $neibs(876,[876,875,877,908,844]),
    $neibs(877,[877,876,878,909,845]),
    $neibs(878,[878,877,879,910,846]),
    $neibs(879,[879,878,880,911,847]),
    $neibs(880,[880,879,881,912,848]),
    $neibs(881,[881,880,882,913,849]),
    $neibs(882,[882,881,883,914,850]),
    $neibs(883,[883,882,884,915,851]),
    $neibs(884,[884,883,885,916,852]),
    $neibs(885,[885,884,886,917,853]),
    $neibs(886,[886,885,887,918,854]),
    $neibs(887,[887,886,888,919,855]),
    $neibs(888,[888,887,889,920,856]),
    $neibs(889,[889,888,890,921,857]),
    $neibs(890,[890,889,891,922,858]),
    $neibs(891,[891,890,892,923,859]),
    $neibs(892,[892,891,893,924,860]),
    $neibs(893,[893,892,894,925,861]),
    $neibs(894,[894,893,895,926,862]),
    $neibs(895,[895,894,896,927,863]),
    $neibs(896,[896,895,928,864]),
    $neibs(897,[897,898,929,865]),
    $neibs(898,[898,897,899,930,866]),
    $neibs(899,[899,898,900,931,867]),
    $neibs(900,[900,899,901,932,868]),
    $neibs(901,[901,900,902,933,869]),
    $neibs(902,[902,901,903,934,870]),
    $neibs(903,[903,902,904,935,871]),
    $neibs(904,[904,903,905,936,872]),
    $neibs(905,[905,904,906,937,873]),
    $neibs(906,[906,905,907,938,874]),
    $neibs(907,[907,906,908,939,875]),
    $neibs(908,[908,907,909,940,876]),
    $neibs(909,[909,908,910,941,877]),
    $neibs(910,[910,909,911,942,878]),
    $neibs(911,[911,910,912,943,879]),
    $neibs(912,[912,911,913,944,880]),
    $neibs(913,[913,912,914,945,881]),
    $neibs(914,[914,913,915,946,882]),
    $neibs(915,[915,914,916,947,883]),
    $neibs(916,[916,915,917,948,884]),
    $neibs(917,[917,916,918,949,885]),
    $neibs(918,[918,917,919,950,886]),
    $neibs(919,[919,918,920,951,887]),
    $neibs(920,[920,919,921,952,888]),
    $neibs(921,[921,920,922,953,889]),
    $neibs(922,[922,921,923,954,890]),
    $neibs(923,[923,922,924,955,891]),
    $neibs(924,[924,923,925,956,892]),
    $neibs(925,[925,924,926,957,893]),
    $neibs(926,[926,925,927,958,894]),
    $neibs(927,[927,926,928,959,895]),
    $neibs(928,[928,927,960,896]),
    $neibs(929,[929,930,961,897]),
    $neibs(930,[930,929,931,962,898]),
    $neibs(931,[931,930,932,963,899]),
    $neibs(932,[932,931,933,964,900]),
    $neibs(933,[933,932,934,965,901]),
    $neibs(934,[934,933,935,966,902]),
    $neibs(935,[935,934,936,967,903]),
    $neibs(936,[936,935,937,968,904]),
    $neibs(937,[937,936,938,969,905]),
    $neibs(938,[938,937,939,970,906]),
    $neibs(939,[939,938,940,971,907]),
    $neibs(940,[940,939,941,972,908]),
    $neibs(941,[941,940,942,973,909]),
    $neibs(942,[942,941,943,974,910]),
    $neibs(943,[943,942,944,975,911]),
    $neibs(944,[944,943,945,976,912]),
    $neibs(945,[945,944,946,977,913]),
    $neibs(946,[946,945,947,978,914]),
    $neibs(947,[947,946,948,979,915]),
    $neibs(948,[948,947,949,980,916]),
    $neibs(949,[949,948,950,981,917]),
    $neibs(950,[950,949,951,982,918]),
    $neibs(951,[951,950,952,983,919]),
    $neibs(952,[952,951,953,984,920]),
    $neibs(953,[953,952,954,985,921]),
    $neibs(954,[954,953,955,986,922]),
    $neibs(955,[955,954,956,987,923]),
    $neibs(956,[956,955,957,988,924]),
    $neibs(957,[957,956,958,989,925]),
    $neibs(958,[958,957,959,990,926]),
    $neibs(959,[959,958,960,991,927]),
    $neibs(960,[960,959,992,928]),
    $neibs(961,[961,962,993,929]),
    $neibs(962,[962,961,963,994,930]),
    $neibs(963,[963,962,964,995,931]),
    $neibs(964,[964,963,965,996,932]),
    $neibs(965,[965,964,966,997,933]),
    $neibs(966,[966,965,967,998,934]),
    $neibs(967,[967,966,968,999,935]),
    $neibs(968,[968,967,969,1000,936]),
    $neibs(969,[969,968,970,1001,937]),
    $neibs(970,[970,969,971,1002,938]),
    $neibs(971,[971,970,972,1003,939]),
    $neibs(972,[972,971,973,1004,940]),
    $neibs(973,[973,972,974,1005,941]),
    $neibs(974,[974,973,975,1006,942]),
    $neibs(975,[975,974,976,1007,943]),
    $neibs(976,[976,975,977,1008,944]),
    $neibs(977,[977,976,978,1009,945]),
    $neibs(978,[978,977,979,1010,946]),
    $neibs(979,[979,978,980,1011,947]),
    $neibs(980,[980,979,981,1012,948]),
    $neibs(981,[981,980,982,1013,949]),
    $neibs(982,[982,981,983,1014,950]),
    $neibs(983,[983,982,984,1015,951]),
    $neibs(984,[984,983,985,1016,952]),
    $neibs(985,[985,984,986,1017,953]),
    $neibs(986,[986,985,987,1018,954]),
    $neibs(987,[987,986,988,1019,955]),
    $neibs(988,[988,987,989,1020,956]),
    $neibs(989,[989,988,990,1021,957]),
    $neibs(990,[990,989,991,1022,958]),
    $neibs(991,[991,990,992,1023,959]),
    $neibs(992,[992,991,1024,960]),
    $neibs(993,[993,994,961]),
    $neibs(994,[994,993,995,962]),
    $neibs(995,[995,994,996,963]),
    $neibs(996,[996,995,997,964]),
    $neibs(997,[997,996,998,965]),
    $neibs(998,[998,997,999,966]),
    $neibs(999,[999,998,1000,967]),
    $neibs(1000,[1000,999,1001,968]),
    $neibs(1001,[1001,1000,1002,969]),
    $neibs(1002,[1002,1001,1003,970]),
    $neibs(1003,[1003,1002,1004,971]),
    $neibs(1004,[1004,1003,1005,972]),
    $neibs(1005,[1005,1004,1006,973]),
    $neibs(1006,[1006,1005,1007,974]),
    $neibs(1007,[1007,1006,1008,975]),
    $neibs(1008,[1008,1007,1009,976]),
    $neibs(1009,[1009,1008,1010,977]),
    $neibs(1010,[1010,1009,1011,978]),
    $neibs(1011,[1011,1010,1012,979]),
    $neibs(1012,[1012,1011,1013,980]),
    $neibs(1013,[1013,1012,1014,981]),
    $neibs(1014,[1014,1013,1015,982]),
    $neibs(1015,[1015,1014,1016,983]),
    $neibs(1016,[1016,1015,1017,984]),
    $neibs(1017,[1017,1016,1018,985]),
    $neibs(1018,[1018,1017,1019,986]),
    $neibs(1019,[1019,1018,1020,987]),
    $neibs(1020,[1020,1019,1021,988]),
    $neibs(1021,[1021,1020,1022,989]),
    $neibs(1022,[1022,1021,1023,990]),
    $neibs(1023,[1023,1022,1024,991]),
    $neibs(1024,[1024,1023,992])
    ],