ins(Graph, As, Avoid, Makespan, SumOfCosts) =>
    Graph = [
    $neibs(1,[1,2,49]),
    $neibs(2,[2,1,3,50]),
    $neibs(49,[49,50,97,1]),
    $neibs(3,[3,2,4,51]),
    $neibs(50,[50,49,51,98,2]),
    $neibs(4,[4,3,5,52]),
    $neibs(51,[51,50,52,99,3]),
    $neibs(5,[5,4,6,53]),
    $neibs(52,[52,51,53,100,4]),
    $neibs(6,[6,5,7,54]),
    $neibs(53,[53,52,54,101,5]),
    $neibs(7,[7,6,8,55]),
    $neibs(54,[54,53,55,102,6]),
    $neibs(8,[8,7,9,56]),
    $neibs(55,[55,54,56,103,7]),
    $neibs(9,[9,8,10,57]),
    $neibs(56,[56,55,57,104,8]),
    $neibs(10,[10,9,11,58]),
    $neibs(57,[57,56,58,105,9]),
    $neibs(11,[11,10,12,59]),
    $neibs(58,[58,57,59,106,10]),
    $neibs(12,[12,11,13,60]),
    $neibs(59,[59,58,60,107,11]),
    $neibs(13,[13,12,14,61]),
    $neibs(60,[60,59,61,108,12]),
    $neibs(14,[14,13,15,62]),
    $neibs(61,[61,60,62,109,13]),
    $neibs(15,[15,14,16,63]),
    $neibs(62,[62,61,63,110,14]),
    $neibs(16,[16,15,17,64]),
    $neibs(63,[63,62,64,111,15]),
    $neibs(17,[17,16,18,65]),
    $neibs(64,[64,63,65,112,16]),
    $neibs(18,[18,17,19,66]),
    $neibs(65,[65,64,66,113,17]),
    $neibs(19,[19,18,20,67]),
    $neibs(66,[66,65,67,114,18]),
    $neibs(20,[20,19,21,68]),
    $neibs(67,[67,66,68,115,19]),
    $neibs(21,[21,20,22,69]),
    $neibs(68,[68,67,69,116,20]),
    $neibs(22,[22,21,23,70]),
    $neibs(69,[69,68,70,117,21]),
    $neibs(23,[23,22,24,71]),
    $neibs(70,[70,69,71,118,22]),
    $neibs(24,[24,23,25,72]),
    $neibs(71,[71,70,72,119,23]),
    $neibs(25,[25,24,26,73]),
    $neibs(72,[72,71,73,120,24]),
    $neibs(26,[26,25,27,74]),
    $neibs(73,[73,72,74,121,25]),
    $neibs(27,[27,26,28,75]),
    $neibs(74,[74,73,75,122,26]),
    $neibs(28,[28,27,29,76]),
    $neibs(75,[75,74,76,123,27]),
    $neibs(29,[29,28,30,77]),
    $neibs(76,[76,75,77,124,28]),
    $neibs(30,[30,29,31,78]),
    $neibs(77,[77,76,78,125,29]),
    $neibs(31,[31,30,32,79]),
    $neibs(78,[78,77,79,126,30]),
    $neibs(32,[32,31,33,80]),
    $neibs(79,[79,78,80,127,31]),
    $neibs(33,[33,32,34,81]),
    $neibs(80,[80,79,81,128,32]),
    $neibs(34,[34,33,35,82]),
    $neibs(81,[81,80,82,129,33]),
    $neibs(35,[35,34,36,83]),
    $neibs(82,[82,81,83,130,34]),
    $neibs(36,[36,35,37,84]),
    $neibs(83,[83,82,84,131,35]),
    $neibs(37,[37,36,38,85]),
    $neibs(84,[84,83,85,132,36]),
    $neibs(38,[38,37,39,86]),
    $neibs(85,[85,84,86,133,37]),
    $neibs(39,[39,38,40,87]),
    $neibs(86,[86,85,87,134,38]),
    $neibs(40,[40,39,41,88]),
    $neibs(87,[87,86,88,135,39]),
    $neibs(41,[41,40,42,89]),
    $neibs(88,[88,87,89,136,40]),
    $neibs(42,[42,41,43,90]),
    $neibs(89,[89,88,90,137,41]),
    $neibs(43,[43,42,44,91]),
    $neibs(90,[90,89,91,138,42]),
    $neibs(44,[44,43,45,92]),
    $neibs(91,[91,90,92,139,43]),
    $neibs(45,[45,44,46,93]),
    $neibs(92,[92,91,93,140,44]),
    $neibs(46,[46,45,47,94]),
    $neibs(93,[93,92,94,141,45]),
    $neibs(47,[47,46,48,95]),
    $neibs(94,[94,93,95,142,46]),
    $neibs(48,[48,47,96]),
    $neibs(95,[95,94,96,143,47]),
    $neibs(96,[96,95,144,48]),
    $neibs(97,[97,98,145,49]),
    $neibs(98,[98,97,99,146,50]),
    $neibs(99,[99,98,100,147,51]),
    $neibs(100,[100,99,101,148,52]),
    $neibs(101,[101,100,102,149,53]),
    $neibs(102,[102,101,103,150,54]),
    $neibs(103,[103,102,104,151,55]),
    $neibs(104,[104,103,105,152,56]),
    $neibs(105,[105,104,106,153,57]),
    $neibs(106,[106,105,107,154,58]),
    $neibs(107,[107,106,108,155,59]),
    $neibs(108,[108,107,109,156,60]),
    $neibs(109,[109,108,110,157,61]),
    $neibs(110,[110,109,111,158,62]),
    $neibs(111,[111,110,112,159,63]),
    $neibs(112,[112,111,113,160,64]),
    $neibs(113,[113,112,114,161,65]),
    $neibs(114,[114,113,115,162,66]),
    $neibs(115,[115,114,116,163,67]),
    $neibs(116,[116,115,117,164,68]),
    $neibs(117,[117,116,118,165,69]),
    $neibs(118,[118,117,119,166,70]),
    $neibs(119,[119,118,120,167,71]),
    $neibs(120,[120,119,121,168,72]),
    $neibs(121,[121,120,122,169,73]),
    $neibs(122,[122,121,123,170,74]),
    $neibs(123,[123,122,124,171,75]),
    $neibs(124,[124,123,125,172,76]),
    $neibs(125,[125,124,126,173,77]),
    $neibs(126,[126,125,127,174,78]),
    $neibs(127,[127,126,128,175,79]),
    $neibs(128,[128,127,129,176,80]),
    $neibs(129,[129,128,130,177,81]),
    $neibs(130,[130,129,131,178,82]),
    $neibs(131,[131,130,132,179,83]),
    $neibs(132,[132,131,133,180,84]),
    $neibs(133,[133,132,134,181,85]),
    $neibs(134,[134,133,135,182,86]),
    $neibs(135,[135,134,136,183,87]),
    $neibs(136,[136,135,137,184,88]),
    $neibs(137,[137,136,138,185,89]),
    $neibs(138,[138,137,139,186,90]),
    $neibs(139,[139,138,140,187,91]),
    $neibs(140,[140,139,141,188,92]),
    $neibs(141,[141,140,142,189,93]),
    $neibs(142,[142,141,143,190,94]),
    $neibs(143,[143,142,144,191,95]),
    $neibs(144,[144,143,192,96]),
    $neibs(145,[145,146,193,97]),
    $neibs(146,[146,145,147,194,98]),
    $neibs(147,[147,146,148,195,99]),
    $neibs(148,[148,147,149,196,100]),
    $neibs(149,[149,148,150,197,101]),
    $neibs(150,[150,149,151,198,102]),
    $neibs(151,[151,150,152,199,103]),
    $neibs(152,[152,151,153,200,104]),
    $neibs(153,[153,152,154,201,105]),
    $neibs(154,[154,153,155,202,106]),
    $neibs(155,[155,154,156,203,107]),
    $neibs(156,[156,155,157,204,108]),
    $neibs(157,[157,156,158,205,109]),
    $neibs(158,[158,157,159,206,110]),
    $neibs(159,[159,158,160,207,111]),
    $neibs(160,[160,159,161,208,112]),
    $neibs(161,[161,160,162,209,113]),
    $neibs(162,[162,161,163,210,114]),
    $neibs(163,[163,162,164,211,115]),
    $neibs(164,[164,163,165,212,116]),
    $neibs(165,[165,164,166,213,117]),
    $neibs(166,[166,165,167,214,118]),
    $neibs(167,[167,166,168,215,119]),
    $neibs(168,[168,167,169,216,120]),
    $neibs(169,[169,168,170,217,121]),
    $neibs(170,[170,169,171,218,122]),
    $neibs(171,[171,170,172,219,123]),
    $neibs(172,[172,171,173,220,124]),
    $neibs(173,[173,172,174,221,125]),
    $neibs(174,[174,173,175,222,126]),
    $neibs(175,[175,174,176,223,127]),
    $neibs(176,[176,175,177,224,128]),
    $neibs(177,[177,176,178,225,129]),
    $neibs(178,[178,177,179,226,130]),
    $neibs(179,[179,178,180,227,131]),
    $neibs(180,[180,179,181,228,132]),
    $neibs(181,[181,180,182,229,133]),
    $neibs(182,[182,181,183,230,134]),
    $neibs(183,[183,182,184,231,135]),
    $neibs(184,[184,183,185,232,136]),
    $neibs(185,[185,184,186,233,137]),
    $neibs(186,[186,185,187,234,138]),
    $neibs(187,[187,186,188,235,139]),
    $neibs(188,[188,187,189,236,140]),
    $neibs(189,[189,188,190,237,141]),
    $neibs(190,[190,189,191,238,142]),
    $neibs(191,[191,190,192,239,143]),
    $neibs(192,[192,191,240,144]),
    $neibs(193,[193,194,241,145]),
    $neibs(194,[194,193,195,242,146]),
    $neibs(195,[195,194,196,243,147]),
    $neibs(196,[196,195,197,244,148]),
    $neibs(197,[197,196,198,245,149]),
    $neibs(198,[198,197,199,246,150]),
    $neibs(199,[199,198,200,247,151]),
    $neibs(200,[200,199,201,248,152]),
    $neibs(201,[201,200,202,249,153]),
    $neibs(202,[202,201,203,250,154]),
    $neibs(203,[203,202,204,251,155]),
    $neibs(204,[204,203,205,252,156]),
    $neibs(205,[205,204,206,253,157]),
    $neibs(206,[206,205,207,254,158]),
    $neibs(207,[207,206,208,255,159]),
    $neibs(208,[208,207,209,256,160]),
    $neibs(209,[209,208,210,257,161]),
    $neibs(210,[210,209,211,258,162]),
    $neibs(211,[211,210,212,259,163]),
    $neibs(212,[212,211,213,260,164]),
    $neibs(213,[213,212,214,261,165]),
    $neibs(214,[214,213,215,262,166]),
    $neibs(215,[215,214,216,263,167]),
    $neibs(216,[216,215,217,264,168]),
    $neibs(217,[217,216,218,265,169]),
    $neibs(218,[218,217,219,266,170]),
    $neibs(219,[219,218,220,267,171]),
    $neibs(220,[220,219,221,268,172]),
    $neibs(221,[221,220,222,269,173]),
    $neibs(222,[222,221,223,270,174]),
    $neibs(223,[223,222,224,271,175]),
    $neibs(224,[224,223,225,272,176]),
    $neibs(225,[225,224,226,273,177]),
    $neibs(226,[226,225,227,274,178]),
    $neibs(227,[227,226,228,275,179]),
    $neibs(228,[228,227,229,276,180]),
    $neibs(229,[229,228,230,277,181]),
    $neibs(230,[230,229,231,278,182]),
    $neibs(231,[231,230,232,279,183]),
    $neibs(232,[232,231,233,280,184]),
    $neibs(233,[233,232,234,281,185]),
    $neibs(234,[234,233,235,282,186]),
    $neibs(235,[235,234,236,283,187]),
    $neibs(236,[236,235,237,284,188]),
    $neibs(237,[237,236,238,285,189]),
    $neibs(238,[238,237,239,286,190]),
    $neibs(239,[239,238,240,287,191]),
    $neibs(240,[240,239,288,192]),
    $neibs(241,[241,242,289,193]),
    $neibs(242,[242,241,243,290,194]),
    $neibs(243,[243,242,244,291,195]),
    $neibs(244,[244,243,245,292,196]),
    $neibs(245,[245,244,246,293,197]),
    $neibs(246,[246,245,247,294,198]),
    $neibs(247,[247,246,248,295,199]),
    $neibs(248,[248,247,249,296,200]),
    $neibs(249,[249,248,250,297,201]),
    $neibs(250,[250,249,251,298,202]),
    $neibs(251,[251,250,252,299,203]),
    $neibs(252,[252,251,253,300,204]),
    $neibs(253,[253,252,254,301,205]),
    $neibs(254,[254,253,255,302,206]),
    $neibs(255,[255,254,256,303,207]),
    $neibs(256,[256,255,257,304,208]),
    $neibs(257,[257,256,258,305,209]),
    $neibs(258,[258,257,259,306,210]),
    $neibs(259,[259,258,260,307,211]),
    $neibs(260,[260,259,261,308,212]),
    $neibs(261,[261,260,262,309,213]),
    $neibs(262,[262,261,263,310,214]),
    $neibs(263,[263,262,264,311,215]),
    $neibs(264,[264,263,265,312,216]),
    $neibs(265,[265,264,266,313,217]),
    $neibs(266,[266,265,267,314,218]),
    $neibs(267,[267,266,268,315,219]),
    $neibs(268,[268,267,269,316,220]),
    $neibs(269,[269,268,270,317,221]),
    $neibs(270,[270,269,271,318,222]),
    $neibs(271,[271,270,272,319,223]),
    $neibs(272,[272,271,273,320,224]),
    $neibs(273,[273,272,274,321,225]),
    $neibs(274,[274,273,275,322,226]),
    $neibs(275,[275,274,276,323,227]),
    $neibs(276,[276,275,277,324,228]),
    $neibs(277,[277,276,278,325,229]),
    $neibs(278,[278,277,279,326,230]),
    $neibs(279,[279,278,280,327,231]),
    $neibs(280,[280,279,281,328,232]),
    $neibs(281,[281,280,282,329,233]),
    $neibs(282,[282,281,283,330,234]),
    $neibs(283,[283,282,284,331,235]),
    $neibs(284,[284,283,285,332,236]),
    $neibs(285,[285,284,286,333,237]),
    $neibs(286,[286,285,287,334,238]),
    $neibs(287,[287,286,288,335,239]),
    $neibs(288,[288,287,336,240]),
    $neibs(289,[289,290,337,241]),
    $neibs(290,[290,289,291,338,242]),
    $neibs(291,[291,290,292,339,243]),
    $neibs(292,[292,291,293,340,244]),
    $neibs(293,[293,292,294,341,245]),
    $neibs(294,[294,293,295,342,246]),
    $neibs(295,[295,294,296,343,247]),
    $neibs(296,[296,295,297,344,248]),
    $neibs(297,[297,296,298,345,249]),
    $neibs(298,[298,297,299,346,250]),
    $neibs(299,[299,298,300,347,251]),
    $neibs(300,[300,299,301,348,252]),
    $neibs(301,[301,300,302,349,253]),
    $neibs(302,[302,301,303,350,254]),
    $neibs(303,[303,302,304,351,255]),
    $neibs(304,[304,303,305,352,256]),
    $neibs(305,[305,304,306,353,257]),
    $neibs(306,[306,305,307,354,258]),
    $neibs(307,[307,306,308,355,259]),
    $neibs(308,[308,307,309,356,260]),
    $neibs(309,[309,308,310,357,261]),
    $neibs(310,[310,309,311,358,262]),
    $neibs(311,[311,310,312,359,263]),
    $neibs(312,[312,311,313,360,264]),
    $neibs(313,[313,312,314,361,265]),
    $neibs(314,[314,313,315,362,266]),
    $neibs(315,[315,314,316,363,267]),
    $neibs(316,[316,315,317,364,268]),
    $neibs(317,[317,316,318,365,269]),
    $neibs(318,[318,317,319,366,270]),
    $neibs(319,[319,318,320,367,271]),
    $neibs(320,[320,319,321,368,272]),
    $neibs(321,[321,320,322,369,273]),
    $neibs(322,[322,321,323,370,274]),
    $neibs(323,[323,322,324,371,275]),
    $neibs(324,[324,323,325,372,276]),
    $neibs(325,[325,324,326,373,277]),
    $neibs(326,[326,325,327,374,278]),
    $neibs(327,[327,326,328,375,279]),
    $neibs(328,[328,327,329,376,280]),
    $neibs(329,[329,328,330,377,281]),
    $neibs(330,[330,329,331,378,282]),
    $neibs(331,[331,330,332,379,283]),
    $neibs(332,[332,331,333,380,284]),
    $neibs(333,[333,332,334,381,285]),
    $neibs(334,[334,333,335,382,286]),
    $neibs(335,[335,334,336,383,287]),
    $neibs(336,[336,335,384,288]),
    $neibs(337,[337,338,385,289]),
    $neibs(338,[338,337,339,386,290]),
    $neibs(339,[339,338,340,387,291]),
    $neibs(340,[340,339,341,388,292]),
    $neibs(341,[341,340,342,389,293]),
    $neibs(342,[342,341,343,390,294]),
    $neibs(343,[343,342,344,391,295]),
    $neibs(344,[344,343,345,392,296]),
    $neibs(345,[345,344,346,393,297]),
    $neibs(346,[346,345,347,394,298]),
    $neibs(347,[347,346,348,395,299]),
    $neibs(348,[348,347,349,396,300]),
    $neibs(349,[349,348,350,397,301]),
    $neibs(350,[350,349,351,398,302]),
    $neibs(351,[351,350,352,399,303]),
    $neibs(352,[352,351,353,400,304]),
    $neibs(353,[353,352,354,401,305]),
    $neibs(354,[354,353,355,402,306]),
    $neibs(355,[355,354,356,403,307]),
    $neibs(356,[356,355,357,404,308]),
    $neibs(357,[357,356,358,405,309]),
    $neibs(358,[358,357,359,406,310]),
    $neibs(359,[359,358,360,407,311]),
    $neibs(360,[360,359,361,408,312]),
    $neibs(361,[361,360,362,409,313]),
    $neibs(362,[362,361,363,410,314]),
    $neibs(363,[363,362,364,411,315]),
    $neibs(364,[364,363,365,412,316]),
    $neibs(365,[365,364,366,413,317]),
    $neibs(366,[366,365,367,414,318]),
    $neibs(367,[367,366,368,415,319]),
    $neibs(368,[368,367,369,416,320]),
    $neibs(369,[369,368,370,417,321]),
    $neibs(370,[370,369,371,418,322]),
    $neibs(371,[371,370,372,419,323]),
    $neibs(372,[372,371,373,420,324]),
    $neibs(373,[373,372,374,421,325]),
    $neibs(374,[374,373,375,422,326]),
    $neibs(375,[375,374,376,423,327]),
    $neibs(376,[376,375,377,424,328]),
    $neibs(377,[377,376,378,425,329]),
    $neibs(378,[378,377,379,426,330]),
    $neibs(379,[379,378,380,427,331]),
    $neibs(380,[380,379,381,428,332]),
    $neibs(381,[381,380,382,429,333]),
    $neibs(382,[382,381,383,430,334]),
    $neibs(383,[383,382,384,431,335]),
    $neibs(384,[384,383,432,336]),
    $neibs(385,[385,386,433,337]),
    $neibs(386,[386,385,387,434,338]),
    $neibs(387,[387,386,388,435,339]),
    $neibs(388,[388,387,389,436,340]),
    $neibs(389,[389,388,390,437,341]),
    $neibs(390,[390,389,391,438,342]),
    $neibs(391,[391,390,392,439,343]),
    $neibs(392,[392,391,393,440,344]),
    $neibs(393,[393,392,394,441,345]),
    $neibs(394,[394,393,395,442,346]),
    $neibs(395,[395,394,396,443,347]),
    $neibs(396,[396,395,397,444,348]),
    $neibs(397,[397,396,398,445,349]),
    $neibs(398,[398,397,399,446,350]),
    $neibs(399,[399,398,400,447,351]),
    $neibs(400,[400,399,401,448,352]),
    $neibs(401,[401,400,402,449,353]),
    $neibs(402,[402,401,403,450,354]),
    $neibs(403,[403,402,404,451,355]),
    $neibs(404,[404,403,405,452,356]),
    $neibs(405,[405,404,406,453,357]),
    $neibs(406,[406,405,407,454,358]),
    $neibs(407,[407,406,408,455,359]),
    $neibs(408,[408,407,409,456,360]),
    $neibs(409,[409,408,410,457,361]),
    $neibs(410,[410,409,411,458,362]),
    $neibs(411,[411,410,412,459,363]),
    $neibs(412,[412,411,413,460,364]),
    $neibs(413,[413,412,414,461,365]),
    $neibs(414,[414,413,415,462,366]),
    $neibs(415,[415,414,416,463,367]),
    $neibs(416,[416,415,417,464,368]),
    $neibs(417,[417,416,418,465,369]),
    $neibs(418,[418,417,419,466,370]),
    $neibs(419,[419,418,420,467,371]),
    $neibs(420,[420,419,421,468,372]),
    $neibs(421,[421,420,422,469,373]),
    $neibs(422,[422,421,423,470,374]),
    $neibs(423,[423,422,424,471,375]),
    $neibs(424,[424,423,425,472,376]),
    $neibs(425,[425,424,426,473,377]),
    $neibs(426,[426,425,427,474,378]),
    $neibs(427,[427,426,428,475,379]),
    $neibs(428,[428,427,429,476,380]),
    $neibs(429,[429,428,430,477,381]),
    $neibs(430,[430,429,431,478,382]),
    $neibs(431,[431,430,432,479,383]),
    $neibs(432,[432,431,480,384]),
    $neibs(433,[433,434,481,385]),
    $neibs(434,[434,433,435,482,386]),
    $neibs(435,[435,434,436,483,387]),
    $neibs(436,[436,435,437,484,388]),
    $neibs(437,[437,436,438,485,389]),
    $neibs(438,[438,437,439,486,390]),
    $neibs(439,[439,438,440,487,391]),
    $neibs(440,[440,439,441,488,392]),
    $neibs(441,[441,440,442,489,393]),
    $neibs(442,[442,441,443,490,394]),
    $neibs(443,[443,442,444,491,395]),
    $neibs(444,[444,443,445,492,396]),
    $neibs(445,[445,444,446,493,397]),
    $neibs(446,[446,445,447,494,398]),
    $neibs(447,[447,446,448,495,399]),
    $neibs(448,[448,447,449,496,400]),
    $neibs(449,[449,448,450,497,401]),
    $neibs(450,[450,449,451,498,402]),
    $neibs(451,[451,450,452,499,403]),
    $neibs(452,[452,451,453,500,404]),
    $neibs(453,[453,452,454,501,405]),
    $neibs(454,[454,453,455,502,406]),
    $neibs(455,[455,454,456,503,407]),
    $neibs(456,[456,455,457,504,408]),
    $neibs(457,[457,456,458,505,409]),
    $neibs(458,[458,457,459,506,410]),
    $neibs(459,[459,458,460,507,411]),
    $neibs(460,[460,459,461,508,412]),
    $neibs(461,[461,460,462,509,413]),
    $neibs(462,[462,461,463,510,414]),
    $neibs(463,[463,462,464,511,415]),
    $neibs(464,[464,463,465,512,416]),
    $neibs(465,[465,464,466,513,417]),
    $neibs(466,[466,465,467,514,418]),
    $neibs(467,[467,466,468,515,419]),
    $neibs(468,[468,467,469,516,420]),
    $neibs(469,[469,468,470,517,421]),
    $neibs(470,[470,469,471,518,422]),
    $neibs(471,[471,470,472,519,423]),
    $neibs(472,[472,471,473,520,424]),
    $neibs(473,[473,472,474,521,425]),
    $neibs(474,[474,473,475,522,426]),
    $neibs(475,[475,474,476,523,427]),
    $neibs(476,[476,475,477,524,428]),
    $neibs(477,[477,476,478,525,429]),
    $neibs(478,[478,477,479,526,430]),
    $neibs(479,[479,478,480,527,431]),
    $neibs(480,[480,479,528,432]),
    $neibs(481,[481,482,529,433]),
    $neibs(482,[482,481,483,530,434]),
    $neibs(483,[483,482,484,531,435]),
    $neibs(484,[484,483,485,532,436]),
    $neibs(485,[485,484,486,533,437]),
    $neibs(486,[486,485,487,534,438]),
    $neibs(487,[487,486,488,535,439]),
    $neibs(488,[488,487,489,536,440]),
    $neibs(489,[489,488,490,537,441]),
    $neibs(490,[490,489,491,538,442]),
    $neibs(491,[491,490,492,539,443]),
    $neibs(492,[492,491,493,540,444]),
    $neibs(493,[493,492,494,541,445]),
    $neibs(494,[494,493,495,542,446]),
    $neibs(495,[495,494,496,543,447]),
    $neibs(496,[496,495,497,544,448]),
    $neibs(497,[497,496,498,545,449]),
    $neibs(498,[498,497,499,546,450]),
    $neibs(499,[499,498,500,547,451]),
    $neibs(500,[500,499,501,548,452]),
    $neibs(501,[501,500,502,549,453]),
    $neibs(502,[502,501,503,550,454]),
    $neibs(503,[503,502,504,551,455]),
    $neibs(504,[504,503,505,552,456]),
    $neibs(505,[505,504,506,553,457]),
    $neibs(506,[506,505,507,554,458]),
    $neibs(507,[507,506,508,555,459]),
    $neibs(508,[508,507,509,556,460]),
    $neibs(509,[509,508,510,557,461]),
    $neibs(510,[510,509,511,558,462]),
    $neibs(511,[511,510,512,559,463]),
    $neibs(512,[512,511,513,560,464]),
    $neibs(513,[513,512,514,561,465]),
    $neibs(514,[514,513,515,562,466]),
    $neibs(515,[515,514,516,563,467]),
    $neibs(516,[516,515,517,564,468]),
    $neibs(517,[517,516,518,565,469]),
    $neibs(518,[518,517,519,566,470]),
    $neibs(519,[519,518,520,567,471]),
    $neibs(520,[520,519,521,568,472]),
    $neibs(521,[521,520,522,569,473]),
    $neibs(522,[522,521,523,570,474]),
    $neibs(523,[523,522,524,571,475]),
    $neibs(524,[524,523,525,572,476]),
    $neibs(525,[525,524,526,573,477]),
    $neibs(526,[526,525,527,574,478]),
    $neibs(527,[527,526,528,575,479]),
    $neibs(528,[528,527,576,480]),
    $neibs(529,[529,530,577,481]),
    $neibs(530,[530,529,531,578,482]),
    $neibs(531,[531,530,532,579,483]),
    $neibs(532,[532,531,533,580,484]),
    $neibs(533,[533,532,534,581,485]),
    $neibs(534,[534,533,535,582,486]),
    $neibs(535,[535,534,536,583,487]),
    $neibs(536,[536,535,537,584,488]),
    $neibs(537,[537,536,538,585,489]),
    $neibs(538,[538,537,539,586,490]),
    $neibs(539,[539,538,540,587,491]),
    $neibs(540,[540,539,541,588,492]),
    $neibs(541,[541,540,542,589,493]),
    $neibs(542,[542,541,543,590,494]),
    $neibs(543,[543,542,544,591,495]),
    $neibs(544,[544,543,545,592,496]),
    $neibs(545,[545,544,546,593,497]),
    $neibs(546,[546,545,547,594,498]),
    $neibs(547,[547,546,548,595,499]),
    $neibs(548,[548,547,549,596,500]),
    $neibs(549,[549,548,550,597,501]),
    $neibs(550,[550,549,551,598,502]),
    $neibs(551,[551,550,552,599,503]),
    $neibs(552,[552,551,553,600,504]),
    $neibs(553,[553,552,554,601,505]),
    $neibs(554,[554,553,555,602,506]),
    $neibs(555,[555,554,556,603,507]),
    $neibs(556,[556,555,557,604,508]),
    $neibs(557,[557,556,558,605,509]),
    $neibs(558,[558,557,559,606,510]),
    $neibs(559,[559,558,560,607,511]),
    $neibs(560,[560,559,561,608,512]),
    $neibs(561,[561,560,562,609,513]),
    $neibs(562,[562,561,563,610,514]),
    $neibs(563,[563,562,564,611,515]),
    $neibs(564,[564,563,565,612,516]),
    $neibs(565,[565,564,566,613,517]),
    $neibs(566,[566,565,567,614,518]),
    $neibs(567,[567,566,568,615,519]),
    $neibs(568,[568,567,569,616,520]),
    $neibs(569,[569,568,570,617,521]),
    $neibs(570,[570,569,571,618,522]),
    $neibs(571,[571,570,572,619,523]),
    $neibs(572,[572,571,573,620,524]),
    $neibs(573,[573,572,574,621,525]),
    $neibs(574,[574,573,575,622,526]),
    $neibs(575,[575,574,576,623,527]),
    $neibs(576,[576,575,624,528]),
    $neibs(577,[577,578,625,529]),
    $neibs(578,[578,577,579,626,530]),
    $neibs(579,[579,578,580,627,531]),
    $neibs(580,[580,579,581,628,532]),
    $neibs(581,[581,580,582,629,533]),
    $neibs(582,[582,581,583,630,534]),
    $neibs(583,[583,582,584,631,535]),
    $neibs(584,[584,583,585,632,536]),
    $neibs(585,[585,584,586,633,537]),
    $neibs(586,[586,585,587,634,538]),
    $neibs(587,[587,586,588,635,539]),
    $neibs(588,[588,587,589,636,540]),
    $neibs(589,[589,588,590,637,541]),
    $neibs(590,[590,589,591,638,542]),
    $neibs(591,[591,590,592,639,543]),
    $neibs(592,[592,591,593,640,544]),
    $neibs(593,[593,592,594,641,545]),
    $neibs(594,[594,593,595,642,546]),
    $neibs(595,[595,594,596,643,547]),
    $neibs(596,[596,595,597,644,548]),
    $neibs(597,[597,596,598,645,549]),
    $neibs(598,[598,597,599,646,550]),
    $neibs(599,[599,598,600,647,551]),
    $neibs(600,[600,599,601,648,552]),
    $neibs(601,[601,600,602,649,553]),
    $neibs(602,[602,601,603,650,554]),
    $neibs(603,[603,602,604,651,555]),
    $neibs(604,[604,603,605,652,556]),
    $neibs(605,[605,604,606,653,557]),
    $neibs(606,[606,605,607,654,558]),
    $neibs(607,[607,606,608,655,559]),
    $neibs(608,[608,607,609,656,560]),
    $neibs(609,[609,608,610,657,561]),
    $neibs(610,[610,609,611,658,562]),
    $neibs(611,[611,610,612,659,563]),
    $neibs(612,[612,611,613,660,564]),
    $neibs(613,[613,612,614,661,565]),
    $neibs(614,[614,613,615,662,566]),
    $neibs(615,[615,614,616,663,567]),
    $neibs(616,[616,615,617,664,568]),
    $neibs(617,[617,616,618,665,569]),
    $neibs(618,[618,617,619,666,570]),
    $neibs(619,[619,618,620,667,571]),
    $neibs(620,[620,619,621,668,572]),
    $neibs(621,[621,620,622,669,573]),
    $neibs(622,[622,621,623,670,574]),
    $neibs(623,[623,622,624,671,575]),
    $neibs(624,[624,623,672,576]),
    $neibs(625,[625,626,673,577]),
    $neibs(626,[626,625,627,674,578]),
    $neibs(627,[627,626,628,675,579]),
    $neibs(628,[628,627,629,676,580]),
    $neibs(629,[629,628,630,677,581]),
    $neibs(630,[630,629,631,678,582]),
    $neibs(631,[631,630,632,679,583]),
    $neibs(632,[632,631,633,680,584]),
    $neibs(633,[633,632,634,681,585]),
    $neibs(634,[634,633,635,682,586]),
    $neibs(635,[635,634,636,683,587]),
    $neibs(636,[636,635,637,684,588]),
    $neibs(637,[637,636,638,685,589]),
    $neibs(638,[638,637,639,686,590]),
    $neibs(639,[639,638,640,687,591]),
    $neibs(640,[640,639,641,688,592]),
    $neibs(641,[641,640,642,689,593]),
    $neibs(642,[642,641,643,690,594]),
    $neibs(643,[643,642,644,691,595]),
    $neibs(644,[644,643,645,692,596]),
    $neibs(645,[645,644,646,693,597]),
    $neibs(646,[646,645,647,694,598]),
    $neibs(647,[647,646,648,695,599]),
    $neibs(648,[648,647,649,696,600]),
    $neibs(649,[649,648,650,697,601]),
    $neibs(650,[650,649,651,698,602]),
    $neibs(651,[651,650,652,699,603]),
    $neibs(652,[652,651,653,700,604]),
    $neibs(653,[653,652,654,701,605]),
    $neibs(654,[654,653,655,702,606]),
    $neibs(655,[655,654,656,703,607]),
    $neibs(656,[656,655,657,704,608]),
    $neibs(657,[657,656,658,705,609]),
    $neibs(658,[658,657,659,706,610]),
    $neibs(659,[659,658,660,707,611]),
    $neibs(660,[660,659,661,708,612]),
    $neibs(661,[661,660,662,709,613]),
    $neibs(662,[662,661,663,710,614]),
    $neibs(663,[663,662,664,711,615]),
    $neibs(664,[664,663,665,712,616]),
    $neibs(665,[665,664,666,713,617]),
    $neibs(666,[666,665,667,714,618]),
    $neibs(667,[667,666,668,715,619]),
    $neibs(668,[668,667,669,716,620]),
    $neibs(669,[669,668,670,717,621]),
    $neibs(670,[670,669,671,718,622]),
    $neibs(671,[671,670,672,719,623]),
    $neibs(672,[672,671,720,624]),
    $neibs(673,[673,674,721,625]),
    $neibs(674,[674,673,675,722,626]),
    $neibs(675,[675,674,676,723,627]),
    $neibs(676,[676,675,677,724,628]),
    $neibs(677,[677,676,678,725,629]),
    $neibs(678,[678,677,679,726,630]),
    $neibs(679,[679,678,680,727,631]),
    $neibs(680,[680,679,681,728,632]),
    $neibs(681,[681,680,682,729,633]),
    $neibs(682,[682,681,683,730,634]),
    $neibs(683,[683,682,684,731,635]),
    $neibs(684,[684,683,685,732,636]),
    $neibs(685,[685,684,686,733,637]),
    $neibs(686,[686,685,687,734,638]),
    $neibs(687,[687,686,688,735,639]),
    $neibs(688,[688,687,689,736,640]),
    $neibs(689,[689,688,690,737,641]),
    $neibs(690,[690,689,691,738,642]),
    $neibs(691,[691,690,692,739,643]),
    $neibs(692,[692,691,693,740,644]),
    $neibs(693,[693,692,694,741,645]),
    $neibs(694,[694,693,695,742,646]),
    $neibs(695,[695,694,696,743,647]),
    $neibs(696,[696,695,697,744,648]),
    $neibs(697,[697,696,698,745,649]),
    $neibs(698,[698,697,699,746,650]),
    $neibs(699,[699,698,700,747,651]),
    $neibs(700,[700,699,701,748,652]),
    $neibs(701,[701,700,702,749,653]),
    $neibs(702,[702,701,703,750,654]),
    $neibs(703,[703,702,704,751,655]),
    $neibs(704,[704,703,705,752,656]),
    $neibs(705,[705,704,706,753,657]),
    $neibs(706,[706,705,707,754,658]),
    $neibs(707,[707,706,708,755,659]),
    $neibs(708,[708,707,709,756,660]),
    $neibs(709,[709,708,710,757,661]),
    $neibs(710,[710,709,711,758,662]),
    $neibs(711,[711,710,712,759,663]),
    $neibs(712,[712,711,713,760,664]),
    $neibs(713,[713,712,714,761,665]),
    $neibs(714,[714,713,715,762,666]),
    $neibs(715,[715,714,716,763,667]),
    $neibs(716,[716,715,717,764,668]),
    $neibs(717,[717,716,718,765,669]),
    $neibs(718,[718,717,719,766,670]),
    $neibs(719,[719,718,720,767,671]),
    $neibs(720,[720,719,768,672]),
    $neibs(721,[721,722,769,673]),
    $neibs(722,[722,721,723,770,674]),
    $neibs(723,[723,722,724,771,675]),
    $neibs(724,[724,723,725,772,676]),
    $neibs(725,[725,724,726,773,677]),
    $neibs(726,[726,725,727,774,678]),
    $neibs(727,[727,726,728,775,679]),
    $neibs(728,[728,727,729,776,680]),
    $neibs(729,[729,728,730,777,681]),
    $neibs(730,[730,729,731,778,682]),
    $neibs(731,[731,730,732,779,683]),
    $neibs(732,[732,731,733,780,684]),
    $neibs(733,[733,732,734,781,685]),
    $neibs(734,[734,733,735,782,686]),
    $neibs(735,[735,734,736,783,687]),
    $neibs(736,[736,735,737,784,688]),
    $neibs(737,[737,736,738,785,689]),
    $neibs(738,[738,737,739,786,690]),
    $neibs(739,[739,738,740,787,691]),
    $neibs(740,[740,739,741,788,692]),
    $neibs(741,[741,740,742,789,693]),
    $neibs(742,[742,741,743,790,694]),
    $neibs(743,[743,742,744,791,695]),
    $neibs(744,[744,743,745,792,696]),
    $neibs(745,[745,744,746,793,697]),
    $neibs(746,[746,745,747,794,698]),
    $neibs(747,[747,746,748,795,699]),
    $neibs(748,[748,747,749,796,700]),
    $neibs(749,[749,748,750,797,701]),
    $neibs(750,[750,749,751,798,702]),
    $neibs(751,[751,750,752,799,703]),
    $neibs(752,[752,751,753,800,704]),
    $neibs(753,[753,752,754,801,705]),
    $neibs(754,[754,753,755,802,706]),
    $neibs(755,[755,754,756,803,707]),
    $neibs(756,[756,755,757,804,708]),
    $neibs(757,[757,756,758,805,709]),
    $neibs(758,[758,757,759,806,710]),
    $neibs(759,[759,758,760,807,711]),
    $neibs(760,[760,759,761,808,712]),
    $neibs(761,[761,760,762,809,713]),
    $neibs(762,[762,761,763,810,714]),
    $neibs(763,[763,762,764,811,715]),
    $neibs(764,[764,763,765,812,716]),
    $neibs(765,[765,764,766,813,717]),
    $neibs(766,[766,765,767,814,718]),
    $neibs(767,[767,766,768,815,719]),
    $neibs(768,[768,767,816,720]),
    $neibs(769,[769,770,817,721]),
    $neibs(770,[770,769,771,818,722]),
    $neibs(771,[771,770,772,819,723]),
    $neibs(772,[772,771,773,820,724]),
    $neibs(773,[773,772,774,821,725]),
    $neibs(774,[774,773,775,822,726]),
    $neibs(775,[775,774,776,823,727]),
    $neibs(776,[776,775,777,824,728]),
    $neibs(777,[777,776,778,825,729]),
    $neibs(778,[778,777,779,826,730]),
    $neibs(779,[779,778,780,827,731]),
    $neibs(780,[780,779,781,828,732]),
    $neibs(781,[781,780,782,829,733]),
    $neibs(782,[782,781,783,830,734]),
    $neibs(783,[783,782,784,831,735]),
    $neibs(784,[784,783,785,832,736]),
    $neibs(785,[785,784,786,833,737]),
    $neibs(786,[786,785,787,834,738]),
    $neibs(787,[787,786,788,835,739]),
    $neibs(788,[788,787,789,836,740]),
    $neibs(789,[789,788,790,837,741]),
    $neibs(790,[790,789,791,838,742]),
    $neibs(791,[791,790,792,839,743]),
    $neibs(792,[792,791,793,840,744]),
    $neibs(793,[793,792,794,841,745]),
    $neibs(794,[794,793,795,842,746]),
    $neibs(795,[795,794,796,843,747]),
    $neibs(796,[796,795,797,844,748]),
    $neibs(797,[797,796,798,845,749]),
    $neibs(798,[798,797,799,846,750]),
    $neibs(799,[799,798,800,847,751]),
    $neibs(800,[800,799,801,848,752]),
    $neibs(801,[801,800,802,849,753]),
    $neibs(802,[802,801,803,850,754]),
    $neibs(803,[803,802,804,851,755]),
    $neibs(804,[804,803,805,852,756]),
    $neibs(805,[805,804,806,853,757]),
    $neibs(806,[806,805,807,854,758]),
    $neibs(807,[807,806,808,855,759]),
    $neibs(808,[808,807,809,856,760]),
    $neibs(809,[809,808,810,857,761]),
    $neibs(810,[810,809,811,858,762]),
    $neibs(811,[811,810,812,859,763]),
    $neibs(812,[812,811,813,860,764]),
    $neibs(813,[813,812,814,861,765]),
    $neibs(814,[814,813,815,862,766]),
    $neibs(815,[815,814,816,863,767]),
    $neibs(816,[816,815,864,768]),
    $neibs(817,[817,818,865,769]),
    $neibs(818,[818,817,819,866,770]),
    $neibs(819,[819,818,820,867,771]),
    $neibs(820,[820,819,821,868,772]),
    $neibs(821,[821,820,822,869,773]),
    $neibs(822,[822,821,823,870,774]),
    $neibs(823,[823,822,824,871,775]),
    $neibs(824,[824,823,825,872,776]),
    $neibs(825,[825,824,826,873,777]),
    $neibs(826,[826,825,827,874,778]),
    $neibs(827,[827,826,828,875,779]),
    $neibs(828,[828,827,829,876,780]),
    $neibs(829,[829,828,830,877,781]),
    $neibs(830,[830,829,831,878,782]),
    $neibs(831,[831,830,832,879,783]),
    $neibs(832,[832,831,833,880,784]),
    $neibs(833,[833,832,834,881,785]),
    $neibs(834,[834,833,835,882,786]),
    $neibs(835,[835,834,836,883,787]),
    $neibs(836,[836,835,837,884,788]),
    $neibs(837,[837,836,838,885,789]),
    $neibs(838,[838,837,839,886,790]),
    $neibs(839,[839,838,840,887,791]),
    $neibs(840,[840,839,841,888,792]),
    $neibs(841,[841,840,842,889,793]),
    $neibs(842,[842,841,843,890,794]),
    $neibs(843,[843,842,844,891,795]),
    $neibs(844,[844,843,845,892,796]),
    $neibs(845,[845,844,846,893,797]),
    $neibs(846,[846,845,847,894,798]),
    $neibs(847,[847,846,848,895,799]),
    $neibs(848,[848,847,849,896,800]),
    $neibs(849,[849,848,850,897,801]),
    $neibs(850,[850,849,851,898,802]),
    $neibs(851,[851,850,852,899,803]),
    $neibs(852,[852,851,853,900,804]),
    $neibs(853,[853,852,854,901,805]),
    $neibs(854,[854,853,855,902,806]),
    $neibs(855,[855,854,856,903,807]),
    $neibs(856,[856,855,857,904,808]),
    $neibs(857,[857,856,858,905,809]),
    $neibs(858,[858,857,859,906,810]),
    $neibs(859,[859,858,860,907,811]),
    $neibs(860,[860,859,861,908,812]),
    $neibs(861,[861,860,862,909,813]),
    $neibs(862,[862,861,863,910,814]),
    $neibs(863,[863,862,864,911,815]),
    $neibs(864,[864,863,912,816]),
    $neibs(865,[865,866,913,817]),
    $neibs(866,[866,865,867,914,818]),
    $neibs(867,[867,866,868,915,819]),
    $neibs(868,[868,867,869,916,820]),
    $neibs(869,[869,868,870,917,821]),
    $neibs(870,[870,869,871,918,822]),
    $neibs(871,[871,870,872,919,823]),
    $neibs(872,[872,871,873,920,824]),
    $neibs(873,[873,872,874,921,825]),
    $neibs(874,[874,873,875,922,826]),
    $neibs(875,[875,874,876,923,827]),
    $neibs(876,[876,875,877,924,828]),
    $neibs(877,[877,876,878,925,829]),
    $neibs(878,[878,877,879,926,830]),
    $neibs(879,[879,878,880,927,831]),
    $neibs(880,[880,879,881,928,832]),
    $neibs(881,[881,880,882,929,833]),
    $neibs(882,[882,881,883,930,834]),
    $neibs(883,[883,882,884,931,835]),
    $neibs(884,[884,883,885,932,836]),
    $neibs(885,[885,884,886,933,837]),
    $neibs(886,[886,885,887,934,838]),
    $neibs(887,[887,886,888,935,839]),
    $neibs(888,[888,887,889,936,840]),
    $neibs(889,[889,888,890,937,841]),
    $neibs(890,[890,889,891,938,842]),
    $neibs(891,[891,890,892,939,843]),
    $neibs(892,[892,891,893,940,844]),
    $neibs(893,[893,892,894,941,845]),
    $neibs(894,[894,893,895,942,846]),
    $neibs(895,[895,894,896,943,847]),
    $neibs(896,[896,895,897,944,848]),
    $neibs(897,[897,896,898,945,849]),
    $neibs(898,[898,897,899,946,850]),
    $neibs(899,[899,898,900,947,851]),
    $neibs(900,[900,899,901,948,852]),
    $neibs(901,[901,900,902,949,853]),
    $neibs(902,[902,901,903,950,854]),
    $neibs(903,[903,902,904,951,855]),
    $neibs(904,[904,903,905,952,856]),
    $neibs(905,[905,904,906,953,857]),
    $neibs(906,[906,905,907,954,858]),
    $neibs(907,[907,906,908,955,859]),
    $neibs(908,[908,907,909,956,860]),
    $neibs(909,[909,908,910,957,861]),
    $neibs(910,[910,909,911,958,862]),
    $neibs(911,[911,910,912,959,863]),
    $neibs(912,[912,911,960,864]),
    $neibs(913,[913,914,961,865]),
    $neibs(914,[914,913,915,962,866]),
    $neibs(915,[915,914,916,963,867]),
    $neibs(916,[916,915,917,964,868]),
    $neibs(917,[917,916,918,965,869]),
    $neibs(918,[918,917,919,966,870]),
    $neibs(919,[919,918,920,967,871]),
    $neibs(920,[920,919,921,968,872]),
    $neibs(921,[921,920,922,969,873]),
    $neibs(922,[922,921,923,970,874]),
    $neibs(923,[923,922,924,971,875]),
    $neibs(924,[924,923,925,972,876]),
    $neibs(925,[925,924,926,973,877]),
    $neibs(926,[926,925,927,974,878]),
    $neibs(927,[927,926,928,975,879]),
    $neibs(928,[928,927,929,976,880]),
    $neibs(929,[929,928,930,977,881]),
    $neibs(930,[930,929,931,978,882]),
    $neibs(931,[931,930,932,979,883]),
    $neibs(932,[932,931,933,980,884]),
    $neibs(933,[933,932,934,981,885]),
    $neibs(934,[934,933,935,982,886]),
    $neibs(935,[935,934,936,983,887]),
    $neibs(936,[936,935,937,984,888]),
    $neibs(937,[937,936,938,985,889]),
    $neibs(938,[938,937,939,986,890]),
    $neibs(939,[939,938,940,987,891]),
    $neibs(940,[940,939,941,988,892]),
    $neibs(941,[941,940,942,989,893]),
    $neibs(942,[942,941,943,990,894]),
    $neibs(943,[943,942,944,991,895]),
    $neibs(944,[944,943,945,992,896]),
    $neibs(945,[945,944,946,993,897]),
    $neibs(946,[946,945,947,994,898]),
    $neibs(947,[947,946,948,995,899]),
    $neibs(948,[948,947,949,996,900]),
    $neibs(949,[949,948,950,997,901]),
    $neibs(950,[950,949,951,998,902]),
    $neibs(951,[951,950,952,999,903]),
    $neibs(952,[952,951,953,1000,904]),
    $neibs(953,[953,952,954,1001,905]),
    $neibs(954,[954,953,955,1002,906]),
    $neibs(955,[955,954,956,1003,907]),
    $neibs(956,[956,955,957,1004,908]),
    $neibs(957,[957,956,958,1005,909]),
    $neibs(958,[958,957,959,1006,910]),
    $neibs(959,[959,958,960,1007,911]),
    $neibs(960,[960,959,1008,912]),
    $neibs(961,[961,962,1009,913]),
    $neibs(962,[962,961,963,1010,914]),
    $neibs(963,[963,962,964,1011,915]),
    $neibs(964,[964,963,965,1012,916]),
    $neibs(965,[965,964,966,1013,917]),
    $neibs(966,[966,965,967,1014,918]),
    $neibs(967,[967,966,968,1015,919]),
    $neibs(968,[968,967,969,1016,920]),
    $neibs(969,[969,968,970,1017,921]),
    $neibs(970,[970,969,971,1018,922]),
    $neibs(971,[971,970,972,1019,923]),
    $neibs(972,[972,971,973,1020,924]),
    $neibs(973,[973,972,974,1021,925]),
    $neibs(974,[974,973,975,1022,926]),
    $neibs(975,[975,974,976,1023,927]),
    $neibs(976,[976,975,977,1024,928]),
    $neibs(977,[977,976,978,1025,929]),
    $neibs(978,[978,977,979,1026,930]),
    $neibs(979,[979,978,980,1027,931]),
    $neibs(980,[980,979,981,1028,932]),
    $neibs(981,[981,980,982,1029,933]),
    $neibs(982,[982,981,983,1030,934]),
    $neibs(983,[983,982,984,1031,935]),
    $neibs(984,[984,983,985,1032,936]),
    $neibs(985,[985,984,986,1033,937]),
    $neibs(986,[986,985,987,1034,938]),
    $neibs(987,[987,986,988,1035,939]),
    $neibs(988,[988,987,989,1036,940]),
    $neibs(989,[989,988,990,1037,941]),
    $neibs(990,[990,989,991,1038,942]),
    $neibs(991,[991,990,992,1039,943]),
    $neibs(992,[992,991,993,1040,944]),
    $neibs(993,[993,992,994,1041,945]),
    $neibs(994,[994,993,995,1042,946]),
    $neibs(995,[995,994,996,1043,947]),
    $neibs(996,[996,995,997,1044,948]),
    $neibs(997,[997,996,998,1045,949]),
    $neibs(998,[998,997,999,1046,950]),
    $neibs(999,[999,998,1000,1047,951]),
    $neibs(1000,[1000,999,1001,1048,952]),
    $neibs(1001,[1001,1000,1002,1049,953]),
    $neibs(1002,[1002,1001,1003,1050,954]),
    $neibs(1003,[1003,1002,1004,1051,955]),
    $neibs(1004,[1004,1003,1005,1052,956]),
    $neibs(1005,[1005,1004,1006,1053,957]),
    $neibs(1006,[1006,1005,1007,1054,958]),
    $neibs(1007,[1007,1006,1008,1055,959]),
    $neibs(1008,[1008,1007,1056,960]),
    $neibs(1009,[1009,1010,1057,961]),
    $neibs(1010,[1010,1009,1011,1058,962]),
    $neibs(1011,[1011,1010,1012,1059,963]),
    $neibs(1012,[1012,1011,1013,1060,964]),
    $neibs(1013,[1013,1012,1014,1061,965]),
    $neibs(1014,[1014,1013,1015,1062,966]),
    $neibs(1015,[1015,1014,1016,1063,967]),
    $neibs(1016,[1016,1015,1017,1064,968]),
    $neibs(1017,[1017,1016,1018,1065,969]),
    $neibs(1018,[1018,1017,1019,1066,970]),
    $neibs(1019,[1019,1018,1020,1067,971]),
    $neibs(1020,[1020,1019,1021,1068,972]),
    $neibs(1021,[1021,1020,1022,1069,973]),
    $neibs(1022,[1022,1021,1023,1070,974]),
    $neibs(1023,[1023,1022,1024,1071,975]),
    $neibs(1024,[1024,1023,1025,1072,976]),
    $neibs(1025,[1025,1024,1026,1073,977]),
    $neibs(1026,[1026,1025,1027,1074,978]),
    $neibs(1027,[1027,1026,1028,1075,979]),
    $neibs(1028,[1028,1027,1029,1076,980]),
    $neibs(1029,[1029,1028,1030,1077,981]),
    $neibs(1030,[1030,1029,1031,1078,982]),
    $neibs(1031,[1031,1030,1032,1079,983]),
    $neibs(1032,[1032,1031,1033,1080,984]),
    $neibs(1033,[1033,1032,1034,1081,985]),
    $neibs(1034,[1034,1033,1035,1082,986]),
    $neibs(1035,[1035,1034,1036,1083,987]),
    $neibs(1036,[1036,1035,1037,1084,988]),
    $neibs(1037,[1037,1036,1038,1085,989]),
    $neibs(1038,[1038,1037,1039,1086,990]),
    $neibs(1039,[1039,1038,1040,1087,991]),
    $neibs(1040,[1040,1039,1041,1088,992]),
    $neibs(1041,[1041,1040,1042,1089,993]),
    $neibs(1042,[1042,1041,1043,1090,994]),
    $neibs(1043,[1043,1042,1044,1091,995]),
    $neibs(1044,[1044,1043,1045,1092,996]),
    $neibs(1045,[1045,1044,1046,1093,997]),
    $neibs(1046,[1046,1045,1047,1094,998]),
    $neibs(1047,[1047,1046,1048,1095,999]),
    $neibs(1048,[1048,1047,1049,1096,1000]),
    $neibs(1049,[1049,1048,1050,1097,1001]),
    $neibs(1050,[1050,1049,1051,1098,1002]),
    $neibs(1051,[1051,1050,1052,1099,1003]),
    $neibs(1052,[1052,1051,1053,1100,1004]),
    $neibs(1053,[1053,1052,1054,1101,1005]),
    $neibs(1054,[1054,1053,1055,1102,1006]),
    $neibs(1055,[1055,1054,1056,1103,1007]),
    $neibs(1056,[1056,1055,1104,1008]),
    $neibs(1057,[1057,1058,1105,1009]),
    $neibs(1058,[1058,1057,1059,1106,1010]),
    $neibs(1059,[1059,1058,1060,1107,1011]),
    $neibs(1060,[1060,1059,1061,1108,1012]),
    $neibs(1061,[1061,1060,1062,1109,1013]),
    $neibs(1062,[1062,1061,1063,1110,1014]),
    $neibs(1063,[1063,1062,1064,1111,1015]),
    $neibs(1064,[1064,1063,1065,1112,1016]),
    $neibs(1065,[1065,1064,1066,1113,1017]),
    $neibs(1066,[1066,1065,1067,1114,1018]),
    $neibs(1067,[1067,1066,1068,1115,1019]),
    $neibs(1068,[1068,1067,1069,1116,1020]),
    $neibs(1069,[1069,1068,1070,1117,1021]),
    $neibs(1070,[1070,1069,1071,1118,1022]),
    $neibs(1071,[1071,1070,1072,1119,1023]),
    $neibs(1072,[1072,1071,1073,1120,1024]),
    $neibs(1073,[1073,1072,1074,1121,1025]),
    $neibs(1074,[1074,1073,1075,1122,1026]),
    $neibs(1075,[1075,1074,1076,1123,1027]),
    $neibs(1076,[1076,1075,1077,1124,1028]),
    $neibs(1077,[1077,1076,1078,1125,1029]),
    $neibs(1078,[1078,1077,1079,1126,1030]),
    $neibs(1079,[1079,1078,1080,1127,1031]),
    $neibs(1080,[1080,1079,1081,1128,1032]),
    $neibs(1081,[1081,1080,1082,1129,1033]),
    $neibs(1082,[1082,1081,1083,1130,1034]),
    $neibs(1083,[1083,1082,1084,1131,1035]),
    $neibs(1084,[1084,1083,1085,1132,1036]),
    $neibs(1085,[1085,1084,1086,1133,1037]),
    $neibs(1086,[1086,1085,1087,1134,1038]),
    $neibs(1087,[1087,1086,1088,1135,1039]),
    $neibs(1088,[1088,1087,1089,1136,1040]),
    $neibs(1089,[1089,1088,1090,1137,1041]),
    $neibs(1090,[1090,1089,1091,1138,1042]),
    $neibs(1091,[1091,1090,1092,1139,1043]),
    $neibs(1092,[1092,1091,1093,1140,1044]),
    $neibs(1093,[1093,1092,1094,1141,1045]),
    $neibs(1094,[1094,1093,1095,1142,1046]),
    $neibs(1095,[1095,1094,1096,1143,1047]),
    $neibs(1096,[1096,1095,1097,1144,1048]),
    $neibs(1097,[1097,1096,1098,1145,1049]),
    $neibs(1098,[1098,1097,1099,1146,1050]),
    $neibs(1099,[1099,1098,1100,1147,1051]),
    $neibs(1100,[1100,1099,1101,1148,1052]),
    $neibs(1101,[1101,1100,1102,1149,1053]),
    $neibs(1102,[1102,1101,1103,1150,1054]),
    $neibs(1103,[1103,1102,1104,1151,1055]),
    $neibs(1104,[1104,1103,1152,1056]),
    $neibs(1105,[1105,1106,1153,1057]),
    $neibs(1106,[1106,1105,1107,1154,1058]),
    $neibs(1107,[1107,1106,1108,1155,1059]),
    $neibs(1108,[1108,1107,1109,1156,1060]),
    $neibs(1109,[1109,1108,1110,1157,1061]),
    $neibs(1110,[1110,1109,1111,1158,1062]),
    $neibs(1111,[1111,1110,1112,1159,1063]),
    $neibs(1112,[1112,1111,1113,1160,1064]),
    $neibs(1113,[1113,1112,1114,1161,1065]),
    $neibs(1114,[1114,1113,1115,1162,1066]),
    $neibs(1115,[1115,1114,1116,1163,1067]),
    $neibs(1116,[1116,1115,1117,1164,1068]),
    $neibs(1117,[1117,1116,1118,1165,1069]),
    $neibs(1118,[1118,1117,1119,1166,1070]),
    $neibs(1119,[1119,1118,1120,1167,1071]),
    $neibs(1120,[1120,1119,1121,1168,1072]),
    $neibs(1121,[1121,1120,1122,1169,1073]),
    $neibs(1122,[1122,1121,1123,1170,1074]),
    $neibs(1123,[1123,1122,1124,1171,1075]),
    $neibs(1124,[1124,1123,1125,1172,1076]),
    $neibs(1125,[1125,1124,1126,1173,1077]),
    $neibs(1126,[1126,1125,1127,1174,1078]),
    $neibs(1127,[1127,1126,1128,1175,1079]),
    $neibs(1128,[1128,1127,1129,1176,1080]),
    $neibs(1129,[1129,1128,1130,1177,1081]),
    $neibs(1130,[1130,1129,1131,1178,1082]),
    $neibs(1131,[1131,1130,1132,1179,1083]),
    $neibs(1132,[1132,1131,1133,1180,1084]),
    $neibs(1133,[1133,1132,1134,1181,1085]),
    $neibs(1134,[1134,1133,1135,1182,1086]),
    $neibs(1135,[1135,1134,1136,1183,1087]),
    $neibs(1136,[1136,1135,1137,1184,1088]),
    $neibs(1137,[1137,1136,1138,1185,1089]),
    $neibs(1138,[1138,1137,1139,1186,1090]),
    $neibs(1139,[1139,1138,1140,1187,1091]),
    $neibs(1140,[1140,1139,1141,1188,1092]),
    $neibs(1141,[1141,1140,1142,1189,1093]),
    $neibs(1142,[1142,1141,1143,1190,1094]),
    $neibs(1143,[1143,1142,1144,1191,1095]),
    $neibs(1144,[1144,1143,1145,1192,1096]),
    $neibs(1145,[1145,1144,1146,1193,1097]),
    $neibs(1146,[1146,1145,1147,1194,1098]),
    $neibs(1147,[1147,1146,1148,1195,1099]),
    $neibs(1148,[1148,1147,1149,1196,1100]),
    $neibs(1149,[1149,1148,1150,1197,1101]),
    $neibs(1150,[1150,1149,1151,1198,1102]),
    $neibs(1151,[1151,1150,1152,1199,1103]),
    $neibs(1152,[1152,1151,1200,1104]),
    $neibs(1153,[1153,1154,1201,1105]),
    $neibs(1154,[1154,1153,1155,1202,1106]),
    $neibs(1155,[1155,1154,1156,1203,1107]),
    $neibs(1156,[1156,1155,1157,1204,1108]),
    $neibs(1157,[1157,1156,1158,1205,1109]),
    $neibs(1158,[1158,1157,1159,1206,1110]),
    $neibs(1159,[1159,1158,1160,1207,1111]),
    $neibs(1160,[1160,1159,1161,1208,1112]),
    $neibs(1161,[1161,1160,1162,1209,1113]),
    $neibs(1162,[1162,1161,1163,1210,1114]),
    $neibs(1163,[1163,1162,1164,1211,1115]),
    $neibs(1164,[1164,1163,1165,1212,1116]),
    $neibs(1165,[1165,1164,1166,1213,1117]),
    $neibs(1166,[1166,1165,1167,1214,1118]),
    $neibs(1167,[1167,1166,1168,1215,1119]),
    $neibs(1168,[1168,1167,1169,1216,1120]),
    $neibs(1169,[1169,1168,1170,1217,1121]),
    $neibs(1170,[1170,1169,1171,1218,1122]),
    $neibs(1171,[1171,1170,1172,1219,1123]),
    $neibs(1172,[1172,1171,1173,1220,1124]),
    $neibs(1173,[1173,1172,1174,1221,1125]),
    $neibs(1174,[1174,1173,1175,1222,1126]),
    $neibs(1175,[1175,1174,1176,1223,1127]),
    $neibs(1176,[1176,1175,1177,1224,1128]),
    $neibs(1177,[1177,1176,1178,1225,1129]),
    $neibs(1178,[1178,1177,1179,1226,1130]),
    $neibs(1179,[1179,1178,1180,1227,1131]),
    $neibs(1180,[1180,1179,1181,1228,1132]),
    $neibs(1181,[1181,1180,1182,1229,1133]),
    $neibs(1182,[1182,1181,1183,1230,1134]),
    $neibs(1183,[1183,1182,1184,1231,1135]),
    $neibs(1184,[1184,1183,1185,1232,1136]),
    $neibs(1185,[1185,1184,1186,1233,1137]),
    $neibs(1186,[1186,1185,1187,1234,1138]),
    $neibs(1187,[1187,1186,1188,1235,1139]),
    $neibs(1188,[1188,1187,1189,1236,1140]),
    $neibs(1189,[1189,1188,1190,1237,1141]),
    $neibs(1190,[1190,1189,1191,1238,1142]),
    $neibs(1191,[1191,1190,1192,1239,1143]),
    $neibs(1192,[1192,1191,1193,1240,1144]),
    $neibs(1193,[1193,1192,1194,1241,1145]),
    $neibs(1194,[1194,1193,1195,1242,1146]),
    $neibs(1195,[1195,1194,1196,1243,1147]),
    $neibs(1196,[1196,1195,1197,1244,1148]),
    $neibs(1197,[1197,1196,1198,1245,1149]),
    $neibs(1198,[1198,1197,1199,1246,1150]),
    $neibs(1199,[1199,1198,1200,1247,1151]),
    $neibs(1200,[1200,1199,1248,1152]),
    $neibs(1201,[1201,1202,1249,1153]),
    $neibs(1202,[1202,1201,1203,1250,1154]),
    $neibs(1203,[1203,1202,1204,1251,1155]),
    $neibs(1204,[1204,1203,1205,1252,1156]),
    $neibs(1205,[1205,1204,1206,1253,1157]),
    $neibs(1206,[1206,1205,1207,1254,1158]),
    $neibs(1207,[1207,1206,1208,1255,1159]),
    $neibs(1208,[1208,1207,1209,1256,1160]),
    $neibs(1209,[1209,1208,1210,1257,1161]),
    $neibs(1210,[1210,1209,1211,1258,1162]),
    $neibs(1211,[1211,1210,1212,1259,1163]),
    $neibs(1212,[1212,1211,1213,1260,1164]),
    $neibs(1213,[1213,1212,1214,1261,1165]),
    $neibs(1214,[1214,1213,1215,1262,1166]),
    $neibs(1215,[1215,1214,1216,1263,1167]),
    $neibs(1216,[1216,1215,1217,1264,1168]),
    $neibs(1217,[1217,1216,1218,1265,1169]),
    $neibs(1218,[1218,1217,1219,1266,1170]),
    $neibs(1219,[1219,1218,1220,1267,1171]),
    $neibs(1220,[1220,1219,1221,1268,1172]),
    $neibs(1221,[1221,1220,1222,1269,1173]),
    $neibs(1222,[1222,1221,1223,1270,1174]),
    $neibs(1223,[1223,1222,1224,1271,1175]),
    $neibs(1224,[1224,1223,1225,1272,1176]),
    $neibs(1225,[1225,1224,1226,1273,1177]),
    $neibs(1226,[1226,1225,1227,1274,1178]),
    $neibs(1227,[1227,1226,1228,1275,1179]),
    $neibs(1228,[1228,1227,1229,1276,1180]),
    $neibs(1229,[1229,1228,1230,1277,1181]),
    $neibs(1230,[1230,1229,1231,1278,1182]),
    $neibs(1231,[1231,1230,1232,1279,1183]),
    $neibs(1232,[1232,1231,1233,1280,1184]),
    $neibs(1233,[1233,1232,1234,1281,1185]),
    $neibs(1234,[1234,1233,1235,1282,1186]),
    $neibs(1235,[1235,1234,1236,1283,1187]),
    $neibs(1236,[1236,1235,1237,1284,1188]),
    $neibs(1237,[1237,1236,1238,1285,1189]),
    $neibs(1238,[1238,1237,1239,1286,1190]),
    $neibs(1239,[1239,1238,1240,1287,1191]),
    $neibs(1240,[1240,1239,1241,1288,1192]),
    $neibs(1241,[1241,1240,1242,1289,1193]),
    $neibs(1242,[1242,1241,1243,1290,1194]),
    $neibs(1243,[1243,1242,1244,1291,1195]),
    $neibs(1244,[1244,1243,1245,1292,1196]),
    $neibs(1245,[1245,1244,1246,1293,1197]),
    $neibs(1246,[1246,1245,1247,1294,1198]),
    $neibs(1247,[1247,1246,1248,1295,1199]),
    $neibs(1248,[1248,1247,1296,1200]),
    $neibs(1249,[1249,1250,1297,1201]),
    $neibs(1250,[1250,1249,1251,1298,1202]),
    $neibs(1251,[1251,1250,1252,1299,1203]),
    $neibs(1252,[1252,1251,1253,1300,1204]),
    $neibs(1253,[1253,1252,1254,1301,1205]),
    $neibs(1254,[1254,1253,1255,1302,1206]),
    $neibs(1255,[1255,1254,1256,1303,1207]),
    $neibs(1256,[1256,1255,1257,1304,1208]),
    $neibs(1257,[1257,1256,1258,1305,1209]),
    $neibs(1258,[1258,1257,1259,1306,1210]),
    $neibs(1259,[1259,1258,1260,1307,1211]),
    $neibs(1260,[1260,1259,1261,1308,1212]),
    $neibs(1261,[1261,1260,1262,1309,1213]),
    $neibs(1262,[1262,1261,1263,1310,1214]),
    $neibs(1263,[1263,1262,1264,1311,1215]),
    $neibs(1264,[1264,1263,1265,1312,1216]),
    $neibs(1265,[1265,1264,1266,1313,1217]),
    $neibs(1266,[1266,1265,1267,1314,1218]),
    $neibs(1267,[1267,1266,1268,1315,1219]),
    $neibs(1268,[1268,1267,1269,1316,1220]),
    $neibs(1269,[1269,1268,1270,1317,1221]),
    $neibs(1270,[1270,1269,1271,1318,1222]),
    $neibs(1271,[1271,1270,1272,1319,1223]),
    $neibs(1272,[1272,1271,1273,1320,1224]),
    $neibs(1273,[1273,1272,1274,1321,1225]),
    $neibs(1274,[1274,1273,1275,1322,1226]),
    $neibs(1275,[1275,1274,1276,1323,1227]),
    $neibs(1276,[1276,1275,1277,1324,1228]),
    $neibs(1277,[1277,1276,1278,1325,1229]),
    $neibs(1278,[1278,1277,1279,1326,1230]),
    $neibs(1279,[1279,1278,1280,1327,1231]),
    $neibs(1280,[1280,1279,1281,1328,1232]),
    $neibs(1281,[1281,1280,1282,1329,1233]),
    $neibs(1282,[1282,1281,1283,1330,1234]),
    $neibs(1283,[1283,1282,1284,1331,1235]),
    $neibs(1284,[1284,1283,1285,1332,1236]),
    $neibs(1285,[1285,1284,1286,1333,1237]),
    $neibs(1286,[1286,1285,1287,1334,1238]),
    $neibs(1287,[1287,1286,1288,1335,1239]),
    $neibs(1288,[1288,1287,1289,1336,1240]),
    $neibs(1289,[1289,1288,1290,1337,1241]),
    $neibs(1290,[1290,1289,1291,1338,1242]),
    $neibs(1291,[1291,1290,1292,1339,1243]),
    $neibs(1292,[1292,1291,1293,1340,1244]),
    $neibs(1293,[1293,1292,1294,1341,1245]),
    $neibs(1294,[1294,1293,1295,1342,1246]),
    $neibs(1295,[1295,1294,1296,1343,1247]),
    $neibs(1296,[1296,1295,1344,1248]),
    $neibs(1297,[1297,1298,1345,1249]),
    $neibs(1298,[1298,1297,1299,1346,1250]),
    $neibs(1299,[1299,1298,1300,1347,1251]),
    $neibs(1300,[1300,1299,1301,1348,1252]),
    $neibs(1301,[1301,1300,1302,1349,1253]),
    $neibs(1302,[1302,1301,1303,1350,1254]),
    $neibs(1303,[1303,1302,1304,1351,1255]),
    $neibs(1304,[1304,1303,1305,1352,1256]),
    $neibs(1305,[1305,1304,1306,1353,1257]),
    $neibs(1306,[1306,1305,1307,1354,1258]),
    $neibs(1307,[1307,1306,1308,1355,1259]),
    $neibs(1308,[1308,1307,1309,1356,1260]),
    $neibs(1309,[1309,1308,1310,1357,1261]),
    $neibs(1310,[1310,1309,1311,1358,1262]),
    $neibs(1311,[1311,1310,1312,1359,1263]),
    $neibs(1312,[1312,1311,1313,1360,1264]),
    $neibs(1313,[1313,1312,1314,1361,1265]),
    $neibs(1314,[1314,1313,1315,1362,1266]),
    $neibs(1315,[1315,1314,1316,1363,1267]),
    $neibs(1316,[1316,1315,1317,1364,1268]),
    $neibs(1317,[1317,1316,1318,1365,1269]),
    $neibs(1318,[1318,1317,1319,1366,1270]),
    $neibs(1319,[1319,1318,1320,1367,1271]),
    $neibs(1320,[1320,1319,1321,1368,1272]),
    $neibs(1321,[1321,1320,1322,1369,1273]),
    $neibs(1322,[1322,1321,1323,1370,1274]),
    $neibs(1323,[1323,1322,1324,1371,1275]),
    $neibs(1324,[1324,1323,1325,1372,1276]),
    $neibs(1325,[1325,1324,1326,1373,1277]),
    $neibs(1326,[1326,1325,1327,1374,1278]),
    $neibs(1327,[1327,1326,1328,1375,1279]),
    $neibs(1328,[1328,1327,1329,1376,1280]),
    $neibs(1329,[1329,1328,1330,1377,1281]),
    $neibs(1330,[1330,1329,1331,1378,1282]),
    $neibs(1331,[1331,1330,1332,1379,1283]),
    $neibs(1332,[1332,1331,1333,1380,1284]),
    $neibs(1333,[1333,1332,1334,1381,1285]),
    $neibs(1334,[1334,1333,1335,1382,1286]),
    $neibs(1335,[1335,1334,1336,1383,1287]),
    $neibs(1336,[1336,1335,1337,1384,1288]),
    $neibs(1337,[1337,1336,1338,1385,1289]),
    $neibs(1338,[1338,1337,1339,1386,1290]),
    $neibs(1339,[1339,1338,1340,1387,1291]),
    $neibs(1340,[1340,1339,1341,1388,1292]),
    $neibs(1341,[1341,1340,1342,1389,1293]),
    $neibs(1342,[1342,1341,1343,1390,1294]),
    $neibs(1343,[1343,1342,1344,1391,1295]),
    $neibs(1344,[1344,1343,1392,1296]),
    $neibs(1345,[1345,1346,1393,1297]),
    $neibs(1346,[1346,1345,1347,1394,1298]),
    $neibs(1347,[1347,1346,1348,1395,1299]),
    $neibs(1348,[1348,1347,1349,1396,1300]),
    $neibs(1349,[1349,1348,1350,1397,1301]),
    $neibs(1350,[1350,1349,1351,1398,1302]),
    $neibs(1351,[1351,1350,1352,1399,1303]),
    $neibs(1352,[1352,1351,1353,1400,1304]),
    $neibs(1353,[1353,1352,1354,1401,1305]),
    $neibs(1354,[1354,1353,1355,1402,1306]),
    $neibs(1355,[1355,1354,1356,1403,1307]),
    $neibs(1356,[1356,1355,1357,1404,1308]),
    $neibs(1357,[1357,1356,1358,1405,1309]),
    $neibs(1358,[1358,1357,1359,1406,1310]),
    $neibs(1359,[1359,1358,1360,1407,1311]),
    $neibs(1360,[1360,1359,1361,1408,1312]),
    $neibs(1361,[1361,1360,1362,1409,1313]),
    $neibs(1362,[1362,1361,1363,1410,1314]),
    $neibs(1363,[1363,1362,1364,1411,1315]),
    $neibs(1364,[1364,1363,1365,1412,1316]),
    $neibs(1365,[1365,1364,1366,1413,1317]),
    $neibs(1366,[1366,1365,1367,1414,1318]),
    $neibs(1367,[1367,1366,1368,1415,1319]),
    $neibs(1368,[1368,1367,1369,1416,1320]),
    $neibs(1369,[1369,1368,1370,1417,1321]),
    $neibs(1370,[1370,1369,1371,1418,1322]),
    $neibs(1371,[1371,1370,1372,1419,1323]),
    $neibs(1372,[1372,1371,1373,1420,1324]),
    $neibs(1373,[1373,1372,1374,1421,1325]),
    $neibs(1374,[1374,1373,1375,1422,1326]),
    $neibs(1375,[1375,1374,1376,1423,1327]),
    $neibs(1376,[1376,1375,1377,1424,1328]),
    $neibs(1377,[1377,1376,1378,1425,1329]),
    $neibs(1378,[1378,1377,1379,1426,1330]),
    $neibs(1379,[1379,1378,1380,1427,1331]),
    $neibs(1380,[1380,1379,1381,1428,1332]),
    $neibs(1381,[1381,1380,1382,1429,1333]),
    $neibs(1382,[1382,1381,1383,1430,1334]),
    $neibs(1383,[1383,1382,1384,1431,1335]),
    $neibs(1384,[1384,1383,1385,1432,1336]),
    $neibs(1385,[1385,1384,1386,1433,1337]),
    $neibs(1386,[1386,1385,1387,1434,1338]),
    $neibs(1387,[1387,1386,1388,1435,1339]),
    $neibs(1388,[1388,1387,1389,1436,1340]),
    $neibs(1389,[1389,1388,1390,1437,1341]),
    $neibs(1390,[1390,1389,1391,1438,1342]),
    $neibs(1391,[1391,1390,1392,1439,1343]),
    $neibs(1392,[1392,1391,1440,1344]),
    $neibs(1393,[1393,1394,1441,1345]),
    $neibs(1394,[1394,1393,1395,1442,1346]),
    $neibs(1395,[1395,1394,1396,1443,1347]),
    $neibs(1396,[1396,1395,1397,1444,1348]),
    $neibs(1397,[1397,1396,1398,1445,1349]),
    $neibs(1398,[1398,1397,1399,1446,1350]),
    $neibs(1399,[1399,1398,1400,1447,1351]),
    $neibs(1400,[1400,1399,1401,1448,1352]),
    $neibs(1401,[1401,1400,1402,1449,1353]),
    $neibs(1402,[1402,1401,1403,1450,1354]),
    $neibs(1403,[1403,1402,1404,1451,1355]),
    $neibs(1404,[1404,1403,1405,1452,1356]),
    $neibs(1405,[1405,1404,1406,1453,1357]),
    $neibs(1406,[1406,1405,1407,1454,1358]),
    $neibs(1407,[1407,1406,1408,1455,1359]),
    $neibs(1408,[1408,1407,1409,1456,1360]),
    $neibs(1409,[1409,1408,1410,1457,1361]),
    $neibs(1410,[1410,1409,1411,1458,1362]),
    $neibs(1411,[1411,1410,1412,1459,1363]),
    $neibs(1412,[1412,1411,1413,1460,1364]),
    $neibs(1413,[1413,1412,1414,1461,1365]),
    $neibs(1414,[1414,1413,1415,1462,1366]),
    $neibs(1415,[1415,1414,1416,1463,1367]),
    $neibs(1416,[1416,1415,1417,1464,1368]),
    $neibs(1417,[1417,1416,1418,1465,1369]),
    $neibs(1418,[1418,1417,1419,1466,1370]),
    $neibs(1419,[1419,1418,1420,1467,1371]),
    $neibs(1420,[1420,1419,1421,1468,1372]),
    $neibs(1421,[1421,1420,1422,1469,1373]),
    $neibs(1422,[1422,1421,1423,1470,1374]),
    $neibs(1423,[1423,1422,1424,1471,1375]),
    $neibs(1424,[1424,1423,1425,1472,1376]),
    $neibs(1425,[1425,1424,1426,1473,1377]),
    $neibs(1426,[1426,1425,1427,1474,1378]),
    $neibs(1427,[1427,1426,1428,1475,1379]),
    $neibs(1428,[1428,1427,1429,1476,1380]),
    $neibs(1429,[1429,1428,1430,1477,1381]),
    $neibs(1430,[1430,1429,1431,1478,1382]),
    $neibs(1431,[1431,1430,1432,1479,1383]),
    $neibs(1432,[1432,1431,1433,1480,1384]),
    $neibs(1433,[1433,1432,1434,1481,1385]),
    $neibs(1434,[1434,1433,1435,1482,1386]),
    $neibs(1435,[1435,1434,1436,1483,1387]),
    $neibs(1436,[1436,1435,1437,1484,1388]),
    $neibs(1437,[1437,1436,1438,1485,1389]),
    $neibs(1438,[1438,1437,1439,1486,1390]),
    $neibs(1439,[1439,1438,1440,1487,1391]),
    $neibs(1440,[1440,1439,1488,1392]),
    $neibs(1441,[1441,1442,1489,1393]),
    $neibs(1442,[1442,1441,1443,1490,1394]),
    $neibs(1443,[1443,1442,1444,1491,1395]),
    $neibs(1444,[1444,1443,1445,1492,1396]),
    $neibs(1445,[1445,1444,1446,1493,1397]),
    $neibs(1446,[1446,1445,1447,1494,1398]),
    $neibs(1447,[1447,1446,1448,1495,1399]),
    $neibs(1448,[1448,1447,1449,1496,1400]),
    $neibs(1449,[1449,1448,1450,1497,1401]),
    $neibs(1450,[1450,1449,1451,1498,1402]),
    $neibs(1451,[1451,1450,1452,1499,1403]),
    $neibs(1452,[1452,1451,1453,1500,1404]),
    $neibs(1453,[1453,1452,1454,1501,1405]),
    $neibs(1454,[1454,1453,1455,1502,1406]),
    $neibs(1455,[1455,1454,1456,1503,1407]),
    $neibs(1456,[1456,1455,1457,1504,1408]),
    $neibs(1457,[1457,1456,1458,1505,1409]),
    $neibs(1458,[1458,1457,1459,1506,1410]),
    $neibs(1459,[1459,1458,1460,1507,1411]),
    $neibs(1460,[1460,1459,1461,1508,1412]),
    $neibs(1461,[1461,1460,1462,1509,1413]),
    $neibs(1462,[1462,1461,1463,1510,1414]),
    $neibs(1463,[1463,1462,1464,1511,1415]),
    $neibs(1464,[1464,1463,1465,1512,1416]),
    $neibs(1465,[1465,1464,1466,1513,1417]),
    $neibs(1466,[1466,1465,1467,1514,1418]),
    $neibs(1467,[1467,1466,1468,1515,1419]),
    $neibs(1468,[1468,1467,1469,1516,1420]),
    $neibs(1469,[1469,1468,1470,1517,1421]),
    $neibs(1470,[1470,1469,1471,1518,1422]),
    $neibs(1471,[1471,1470,1472,1519,1423]),
    $neibs(1472,[1472,1471,1473,1520,1424]),
    $neibs(1473,[1473,1472,1474,1521,1425]),
    $neibs(1474,[1474,1473,1475,1522,1426]),
    $neibs(1475,[1475,1474,1476,1523,1427]),
    $neibs(1476,[1476,1475,1477,1524,1428]),
    $neibs(1477,[1477,1476,1478,1525,1429]),
    $neibs(1478,[1478,1477,1479,1526,1430]),
    $neibs(1479,[1479,1478,1480,1527,1431]),
    $neibs(1480,[1480,1479,1481,1528,1432]),
    $neibs(1481,[1481,1480,1482,1529,1433]),
    $neibs(1482,[1482,1481,1483,1530,1434]),
    $neibs(1483,[1483,1482,1484,1531,1435]),
    $neibs(1484,[1484,1483,1485,1532,1436]),
    $neibs(1485,[1485,1484,1486,1533,1437]),
    $neibs(1486,[1486,1485,1487,1534,1438]),
    $neibs(1487,[1487,1486,1488,1535,1439]),
    $neibs(1488,[1488,1487,1536,1440]),
    $neibs(1489,[1489,1490,1537,1441]),
    $neibs(1490,[1490,1489,1491,1538,1442]),
    $neibs(1491,[1491,1490,1492,1539,1443]),
    $neibs(1492,[1492,1491,1493,1540,1444]),
    $neibs(1493,[1493,1492,1494,1541,1445]),
    $neibs(1494,[1494,1493,1495,1542,1446]),
    $neibs(1495,[1495,1494,1496,1543,1447]),
    $neibs(1496,[1496,1495,1497,1544,1448]),
    $neibs(1497,[1497,1496,1498,1545,1449]),
    $neibs(1498,[1498,1497,1499,1546,1450]),
    $neibs(1499,[1499,1498,1500,1547,1451]),
    $neibs(1500,[1500,1499,1501,1548,1452]),
    $neibs(1501,[1501,1500,1502,1549,1453]),
    $neibs(1502,[1502,1501,1503,1550,1454]),
    $neibs(1503,[1503,1502,1504,1551,1455]),
    $neibs(1504,[1504,1503,1505,1552,1456]),
    $neibs(1505,[1505,1504,1506,1553,1457]),
    $neibs(1506,[1506,1505,1507,1554,1458]),
    $neibs(1507,[1507,1506,1508,1555,1459]),
    $neibs(1508,[1508,1507,1509,1556,1460]),
    $neibs(1509,[1509,1508,1510,1557,1461]),
    $neibs(1510,[1510,1509,1511,1558,1462]),
    $neibs(1511,[1511,1510,1512,1559,1463]),
    $neibs(1512,[1512,1511,1513,1560,1464]),
    $neibs(1513,[1513,1512,1514,1561,1465]),
    $neibs(1514,[1514,1513,1515,1562,1466]),
    $neibs(1515,[1515,1514,1516,1563,1467]),
    $neibs(1516,[1516,1515,1517,1564,1468]),
    $neibs(1517,[1517,1516,1518,1565,1469]),
    $neibs(1518,[1518,1517,1519,1566,1470]),
    $neibs(1519,[1519,1518,1520,1567,1471]),
    $neibs(1520,[1520,1519,1521,1568,1472]),
    $neibs(1521,[1521,1520,1522,1569,1473]),
    $neibs(1522,[1522,1521,1523,1570,1474]),
    $neibs(1523,[1523,1522,1524,1571,1475]),
    $neibs(1524,[1524,1523,1525,1572,1476]),
    $neibs(1525,[1525,1524,1526,1573,1477]),
    $neibs(1526,[1526,1525,1527,1574,1478]),
    $neibs(1527,[1527,1526,1528,1575,1479]),
    $neibs(1528,[1528,1527,1529,1576,1480]),
    $neibs(1529,[1529,1528,1530,1577,1481]),
    $neibs(1530,[1530,1529,1531,1578,1482]),
    $neibs(1531,[1531,1530,1532,1579,1483]),
    $neibs(1532,[1532,1531,1533,1580,1484]),
    $neibs(1533,[1533,1532,1534,1581,1485]),
    $neibs(1534,[1534,1533,1535,1582,1486]),
    $neibs(1535,[1535,1534,1536,1583,1487]),
    $neibs(1536,[1536,1535,1584,1488]),
    $neibs(1537,[1537,1538,1585,1489]),
    $neibs(1538,[1538,1537,1539,1586,1490]),
    $neibs(1539,[1539,1538,1540,1587,1491]),
    $neibs(1540,[1540,1539,1541,1588,1492]),
    $neibs(1541,[1541,1540,1542,1589,1493]),
    $neibs(1542,[1542,1541,1543,1590,1494]),
    $neibs(1543,[1543,1542,1544,1591,1495]),
    $neibs(1544,[1544,1543,1545,1592,1496]),
    $neibs(1545,[1545,1544,1546,1593,1497]),
    $neibs(1546,[1546,1545,1547,1594,1498]),
    $neibs(1547,[1547,1546,1548,1595,1499]),
    $neibs(1548,[1548,1547,1549,1596,1500]),
    $neibs(1549,[1549,1548,1550,1597,1501]),
    $neibs(1550,[1550,1549,1551,1598,1502]),
    $neibs(1551,[1551,1550,1552,1599,1503]),
    $neibs(1552,[1552,1551,1553,1600,1504]),
    $neibs(1553,[1553,1552,1554,1601,1505]),
    $neibs(1554,[1554,1553,1555,1602,1506]),
    $neibs(1555,[1555,1554,1556,1603,1507]),
    $neibs(1556,[1556,1555,1557,1604,1508]),
    $neibs(1557,[1557,1556,1558,1605,1509]),
    $neibs(1558,[1558,1557,1559,1606,1510]),
    $neibs(1559,[1559,1558,1560,1607,1511]),
    $neibs(1560,[1560,1559,1561,1608,1512]),
    $neibs(1561,[1561,1560,1562,1609,1513]),
    $neibs(1562,[1562,1561,1563,1610,1514]),
    $neibs(1563,[1563,1562,1564,1611,1515]),
    $neibs(1564,[1564,1563,1565,1612,1516]),
    $neibs(1565,[1565,1564,1566,1613,1517]),
    $neibs(1566,[1566,1565,1567,1614,1518]),
    $neibs(1567,[1567,1566,1568,1615,1519]),
    $neibs(1568,[1568,1567,1569,1616,1520]),
    $neibs(1569,[1569,1568,1570,1617,1521]),
    $neibs(1570,[1570,1569,1571,1618,1522]),
    $neibs(1571,[1571,1570,1572,1619,1523]),
    $neibs(1572,[1572,1571,1573,1620,1524]),
    $neibs(1573,[1573,1572,1574,1621,1525]),
    $neibs(1574,[1574,1573,1575,1622,1526]),
    $neibs(1575,[1575,1574,1576,1623,1527]),
    $neibs(1576,[1576,1575,1577,1624,1528]),
    $neibs(1577,[1577,1576,1578,1625,1529]),
    $neibs(1578,[1578,1577,1579,1626,1530]),
    $neibs(1579,[1579,1578,1580,1627,1531]),
    $neibs(1580,[1580,1579,1581,1628,1532]),
    $neibs(1581,[1581,1580,1582,1629,1533]),
    $neibs(1582,[1582,1581,1583,1630,1534]),
    $neibs(1583,[1583,1582,1584,1631,1535]),
    $neibs(1584,[1584,1583,1632,1536]),
    $neibs(1585,[1585,1586,1633,1537]),
    $neibs(1586,[1586,1585,1587,1634,1538]),
    $neibs(1587,[1587,1586,1588,1635,1539]),
    $neibs(1588,[1588,1587,1589,1636,1540]),
    $neibs(1589,[1589,1588,1590,1637,1541]),
    $neibs(1590,[1590,1589,1591,1638,1542]),
    $neibs(1591,[1591,1590,1592,1639,1543]),
    $neibs(1592,[1592,1591,1593,1640,1544]),
    $neibs(1593,[1593,1592,1594,1641,1545]),
    $neibs(1594,[1594,1593,1595,1642,1546]),
    $neibs(1595,[1595,1594,1596,1643,1547]),
    $neibs(1596,[1596,1595,1597,1644,1548]),
    $neibs(1597,[1597,1596,1598,1645,1549]),
    $neibs(1598,[1598,1597,1599,1646,1550]),
    $neibs(1599,[1599,1598,1600,1647,1551]),
    $neibs(1600,[1600,1599,1601,1648,1552]),
    $neibs(1601,[1601,1600,1602,1649,1553]),
    $neibs(1602,[1602,1601,1603,1650,1554]),
    $neibs(1603,[1603,1602,1604,1651,1555]),
    $neibs(1604,[1604,1603,1605,1652,1556]),
    $neibs(1605,[1605,1604,1606,1653,1557]),
    $neibs(1606,[1606,1605,1607,1654,1558]),
    $neibs(1607,[1607,1606,1608,1655,1559]),
    $neibs(1608,[1608,1607,1609,1656,1560]),
    $neibs(1609,[1609,1608,1610,1657,1561]),
    $neibs(1610,[1610,1609,1611,1658,1562]),
    $neibs(1611,[1611,1610,1612,1659,1563]),
    $neibs(1612,[1612,1611,1613,1660,1564]),
    $neibs(1613,[1613,1612,1614,1661,1565]),
    $neibs(1614,[1614,1613,1615,1662,1566]),
    $neibs(1615,[1615,1614,1616,1663,1567]),
    $neibs(1616,[1616,1615,1617,1664,1568]),
    $neibs(1617,[1617,1616,1618,1665,1569]),
    $neibs(1618,[1618,1617,1619,1666,1570]),
    $neibs(1619,[1619,1618,1620,1667,1571]),
    $neibs(1620,[1620,1619,1621,1668,1572]),
    $neibs(1621,[1621,1620,1622,1669,1573]),
    $neibs(1622,[1622,1621,1623,1670,1574]),
    $neibs(1623,[1623,1622,1624,1671,1575]),
    $neibs(1624,[1624,1623,1625,1672,1576]),
    $neibs(1625,[1625,1624,1626,1673,1577]),
    $neibs(1626,[1626,1625,1627,1674,1578]),
    $neibs(1627,[1627,1626,1628,1675,1579]),
    $neibs(1628,[1628,1627,1629,1676,1580]),
    $neibs(1629,[1629,1628,1630,1677,1581]),
    $neibs(1630,[1630,1629,1631,1678,1582]),
    $neibs(1631,[1631,1630,1632,1679,1583]),
    $neibs(1632,[1632,1631,1680,1584]),
    $neibs(1633,[1633,1634,1681,1585]),
    $neibs(1634,[1634,1633,1635,1682,1586]),
    $neibs(1635,[1635,1634,1636,1683,1587]),
    $neibs(1636,[1636,1635,1637,1684,1588]),
    $neibs(1637,[1637,1636,1638,1685,1589]),
    $neibs(1638,[1638,1637,1639,1686,1590]),
    $neibs(1639,[1639,1638,1640,1687,1591]),
    $neibs(1640,[1640,1639,1641,1688,1592]),
    $neibs(1641,[1641,1640,1642,1689,1593]),
    $neibs(1642,[1642,1641,1643,1690,1594]),
    $neibs(1643,[1643,1642,1644,1691,1595]),
    $neibs(1644,[1644,1643,1645,1692,1596]),
    $neibs(1645,[1645,1644,1646,1693,1597]),
    $neibs(1646,[1646,1645,1647,1694,1598]),
    $neibs(1647,[1647,1646,1648,1695,1599]),
    $neibs(1648,[1648,1647,1649,1696,1600]),
    $neibs(1649,[1649,1648,1650,1697,1601]),
    $neibs(1650,[1650,1649,1651,1698,1602]),
    $neibs(1651,[1651,1650,1652,1699,1603]),
    $neibs(1652,[1652,1651,1653,1700,1604]),
    $neibs(1653,[1653,1652,1654,1701,1605]),
    $neibs(1654,[1654,1653,1655,1702,1606]),
    $neibs(1655,[1655,1654,1656,1703,1607]),
    $neibs(1656,[1656,1655,1657,1704,1608]),
    $neibs(1657,[1657,1656,1658,1705,1609]),
    $neibs(1658,[1658,1657,1659,1706,1610]),
    $neibs(1659,[1659,1658,1660,1707,1611]),
    $neibs(1660,[1660,1659,1661,1708,1612]),
    $neibs(1661,[1661,1660,1662,1709,1613]),
    $neibs(1662,[1662,1661,1663,1710,1614]),
    $neibs(1663,[1663,1662,1664,1711,1615]),
    $neibs(1664,[1664,1663,1665,1712,1616]),
    $neibs(1665,[1665,1664,1666,1713,1617]),
    $neibs(1666,[1666,1665,1667,1714,1618]),
    $neibs(1667,[1667,1666,1668,1715,1619]),
    $neibs(1668,[1668,1667,1669,1716,1620]),
    $neibs(1669,[1669,1668,1670,1717,1621]),
    $neibs(1670,[1670,1669,1671,1718,1622]),
    $neibs(1671,[1671,1670,1672,1719,1623]),
    $neibs(1672,[1672,1671,1673,1720,1624]),
    $neibs(1673,[1673,1672,1674,1721,1625]),
    $neibs(1674,[1674,1673,1675,1722,1626]),
    $neibs(1675,[1675,1674,1676,1723,1627]),
    $neibs(1676,[1676,1675,1677,1724,1628]),
    $neibs(1677,[1677,1676,1678,1725,1629]),
    $neibs(1678,[1678,1677,1679,1726,1630]),
    $neibs(1679,[1679,1678,1680,1727,1631]),
    $neibs(1680,[1680,1679,1728,1632]),
    $neibs(1681,[1681,1682,1729,1633]),
    $neibs(1682,[1682,1681,1683,1730,1634]),
    $neibs(1683,[1683,1682,1684,1731,1635]),
    $neibs(1684,[1684,1683,1685,1732,1636]),
    $neibs(1685,[1685,1684,1686,1733,1637]),
    $neibs(1686,[1686,1685,1687,1734,1638]),
    $neibs(1687,[1687,1686,1688,1735,1639]),
    $neibs(1688,[1688,1687,1689,1736,1640]),
    $neibs(1689,[1689,1688,1690,1737,1641]),
    $neibs(1690,[1690,1689,1691,1738,1642]),
    $neibs(1691,[1691,1690,1692,1739,1643]),
    $neibs(1692,[1692,1691,1693,1740,1644]),
    $neibs(1693,[1693,1692,1694,1741,1645]),
    $neibs(1694,[1694,1693,1695,1742,1646]),
    $neibs(1695,[1695,1694,1696,1743,1647]),
    $neibs(1696,[1696,1695,1697,1744,1648]),
    $neibs(1697,[1697,1696,1698,1745,1649]),
    $neibs(1698,[1698,1697,1699,1746,1650]),
    $neibs(1699,[1699,1698,1700,1747,1651]),
    $neibs(1700,[1700,1699,1701,1748,1652]),
    $neibs(1701,[1701,1700,1702,1749,1653]),
    $neibs(1702,[1702,1701,1703,1750,1654]),
    $neibs(1703,[1703,1702,1704,1751,1655]),
    $neibs(1704,[1704,1703,1705,1752,1656]),
    $neibs(1705,[1705,1704,1706,1753,1657]),
    $neibs(1706,[1706,1705,1707,1754,1658]),
    $neibs(1707,[1707,1706,1708,1755,1659]),
    $neibs(1708,[1708,1707,1709,1756,1660]),
    $neibs(1709,[1709,1708,1710,1757,1661]),
    $neibs(1710,[1710,1709,1711,1758,1662]),
    $neibs(1711,[1711,1710,1712,1759,1663]),
    $neibs(1712,[1712,1711,1713,1760,1664]),
    $neibs(1713,[1713,1712,1714,1761,1665]),
    $neibs(1714,[1714,1713,1715,1762,1666]),
    $neibs(1715,[1715,1714,1716,1763,1667]),
    $neibs(1716,[1716,1715,1717,1764,1668]),
    $neibs(1717,[1717,1716,1718,1765,1669]),
    $neibs(1718,[1718,1717,1719,1766,1670]),
    $neibs(1719,[1719,1718,1720,1767,1671]),
    $neibs(1720,[1720,1719,1721,1768,1672]),
    $neibs(1721,[1721,1720,1722,1769,1673]),
    $neibs(1722,[1722,1721,1723,1770,1674]),
    $neibs(1723,[1723,1722,1724,1771,1675]),
    $neibs(1724,[1724,1723,1725,1772,1676]),
    $neibs(1725,[1725,1724,1726,1773,1677]),
    $neibs(1726,[1726,1725,1727,1774,1678]),
    $neibs(1727,[1727,1726,1728,1775,1679]),
    $neibs(1728,[1728,1727,1776,1680]),
    $neibs(1729,[1729,1730,1777,1681]),
    $neibs(1730,[1730,1729,1731,1778,1682]),
    $neibs(1731,[1731,1730,1732,1779,1683]),
    $neibs(1732,[1732,1731,1733,1780,1684]),
    $neibs(1733,[1733,1732,1734,1781,1685]),
    $neibs(1734,[1734,1733,1735,1782,1686]),
    $neibs(1735,[1735,1734,1736,1783,1687]),
    $neibs(1736,[1736,1735,1737,1784,1688]),
    $neibs(1737,[1737,1736,1738,1785,1689]),
    $neibs(1738,[1738,1737,1739,1786,1690]),
    $neibs(1739,[1739,1738,1740,1787,1691]),
    $neibs(1740,[1740,1739,1741,1788,1692]),
    $neibs(1741,[1741,1740,1742,1789,1693]),
    $neibs(1742,[1742,1741,1743,1790,1694]),
    $neibs(1743,[1743,1742,1744,1791,1695]),
    $neibs(1744,[1744,1743,1745,1792,1696]),
    $neibs(1745,[1745,1744,1746,1793,1697]),
    $neibs(1746,[1746,1745,1747,1794,1698]),
    $neibs(1747,[1747,1746,1748,1795,1699]),
    $neibs(1748,[1748,1747,1749,1796,1700]),
    $neibs(1749,[1749,1748,1750,1797,1701]),
    $neibs(1750,[1750,1749,1751,1798,1702]),
    $neibs(1751,[1751,1750,1752,1799,1703]),
    $neibs(1752,[1752,1751,1753,1800,1704]),
    $neibs(1753,[1753,1752,1754,1801,1705]),
    $neibs(1754,[1754,1753,1755,1802,1706]),
    $neibs(1755,[1755,1754,1756,1803,1707]),
    $neibs(1756,[1756,1755,1757,1804,1708]),
    $neibs(1757,[1757,1756,1758,1805,1709]),
    $neibs(1758,[1758,1757,1759,1806,1710]),
    $neibs(1759,[1759,1758,1760,1807,1711]),
    $neibs(1760,[1760,1759,1761,1808,1712]),
    $neibs(1761,[1761,1760,1762,1809,1713]),
    $neibs(1762,[1762,1761,1763,1810,1714]),
    $neibs(1763,[1763,1762,1764,1811,1715]),
    $neibs(1764,[1764,1763,1765,1812,1716]),
    $neibs(1765,[1765,1764,1766,1813,1717]),
    $neibs(1766,[1766,1765,1767,1814,1718]),
    $neibs(1767,[1767,1766,1768,1815,1719]),
    $neibs(1768,[1768,1767,1769,1816,1720]),
    $neibs(1769,[1769,1768,1770,1817,1721]),
    $neibs(1770,[1770,1769,1771,1818,1722]),
    $neibs(1771,[1771,1770,1772,1819,1723]),
    $neibs(1772,[1772,1771,1773,1820,1724]),
    $neibs(1773,[1773,1772,1774,1821,1725]),
    $neibs(1774,[1774,1773,1775,1822,1726]),
    $neibs(1775,[1775,1774,1776,1823,1727]),
    $neibs(1776,[1776,1775,1824,1728]),
    $neibs(1777,[1777,1778,1825,1729]),
    $neibs(1778,[1778,1777,1779,1826,1730]),
    $neibs(1779,[1779,1778,1780,1827,1731]),
    $neibs(1780,[1780,1779,1781,1828,1732]),
    $neibs(1781,[1781,1780,1782,1829,1733]),
    $neibs(1782,[1782,1781,1783,1830,1734]),
    $neibs(1783,[1783,1782,1784,1831,1735]),
    $neibs(1784,[1784,1783,1785,1832,1736]),
    $neibs(1785,[1785,1784,1786,1833,1737]),
    $neibs(1786,[1786,1785,1787,1834,1738]),
    $neibs(1787,[1787,1786,1788,1835,1739]),
    $neibs(1788,[1788,1787,1789,1836,1740]),
    $neibs(1789,[1789,1788,1790,1837,1741]),
    $neibs(1790,[1790,1789,1791,1838,1742]),
    $neibs(1791,[1791,1790,1792,1839,1743]),
    $neibs(1792,[1792,1791,1793,1840,1744]),
    $neibs(1793,[1793,1792,1794,1841,1745]),
    $neibs(1794,[1794,1793,1795,1842,1746]),
    $neibs(1795,[1795,1794,1796,1843,1747]),
    $neibs(1796,[1796,1795,1797,1844,1748]),
    $neibs(1797,[1797,1796,1798,1845,1749]),
    $neibs(1798,[1798,1797,1799,1846,1750]),
    $neibs(1799,[1799,1798,1800,1847,1751]),
    $neibs(1800,[1800,1799,1801,1848,1752]),
    $neibs(1801,[1801,1800,1802,1849,1753]),
    $neibs(1802,[1802,1801,1803,1850,1754]),
    $neibs(1803,[1803,1802,1804,1851,1755]),
    $neibs(1804,[1804,1803,1805,1852,1756]),
    $neibs(1805,[1805,1804,1806,1853,1757]),
    $neibs(1806,[1806,1805,1807,1854,1758]),
    $neibs(1807,[1807,1806,1808,1855,1759]),
    $neibs(1808,[1808,1807,1809,1856,1760]),
    $neibs(1809,[1809,1808,1810,1857,1761]),
    $neibs(1810,[1810,1809,1811,1858,1762]),
    $neibs(1811,[1811,1810,1812,1859,1763]),
    $neibs(1812,[1812,1811,1813,1860,1764]),
    $neibs(1813,[1813,1812,1814,1861,1765]),
    $neibs(1814,[1814,1813,1815,1862,1766]),
    $neibs(1815,[1815,1814,1816,1863,1767]),
    $neibs(1816,[1816,1815,1817,1864,1768]),
    $neibs(1817,[1817,1816,1818,1865,1769]),
    $neibs(1818,[1818,1817,1819,1866,1770]),
    $neibs(1819,[1819,1818,1820,1867,1771]),
    $neibs(1820,[1820,1819,1821,1868,1772]),
    $neibs(1821,[1821,1820,1822,1869,1773]),
    $neibs(1822,[1822,1821,1823,1870,1774]),
    $neibs(1823,[1823,1822,1824,1871,1775]),
    $neibs(1824,[1824,1823,1872,1776]),
    $neibs(1825,[1825,1826,1873,1777]),
    $neibs(1826,[1826,1825,1827,1874,1778]),
    $neibs(1827,[1827,1826,1828,1875,1779]),
    $neibs(1828,[1828,1827,1829,1876,1780]),
    $neibs(1829,[1829,1828,1830,1877,1781]),
    $neibs(1830,[1830,1829,1831,1878,1782]),
    $neibs(1831,[1831,1830,1832,1879,1783]),
    $neibs(1832,[1832,1831,1833,1880,1784]),
    $neibs(1833,[1833,1832,1834,1881,1785]),
    $neibs(1834,[1834,1833,1835,1882,1786]),
    $neibs(1835,[1835,1834,1836,1883,1787]),
    $neibs(1836,[1836,1835,1837,1884,1788]),
    $neibs(1837,[1837,1836,1838,1885,1789]),
    $neibs(1838,[1838,1837,1839,1886,1790]),
    $neibs(1839,[1839,1838,1840,1887,1791]),
    $neibs(1840,[1840,1839,1841,1888,1792]),
    $neibs(1841,[1841,1840,1842,1889,1793]),
    $neibs(1842,[1842,1841,1843,1890,1794]),
    $neibs(1843,[1843,1842,1844,1891,1795]),
    $neibs(1844,[1844,1843,1845,1892,1796]),
    $neibs(1845,[1845,1844,1846,1893,1797]),
    $neibs(1846,[1846,1845,1847,1894,1798]),
    $neibs(1847,[1847,1846,1848,1895,1799]),
    $neibs(1848,[1848,1847,1849,1896,1800]),
    $neibs(1849,[1849,1848,1850,1897,1801]),
    $neibs(1850,[1850,1849,1851,1898,1802]),
    $neibs(1851,[1851,1850,1852,1899,1803]),
    $neibs(1852,[1852,1851,1853,1900,1804]),
    $neibs(1853,[1853,1852,1854,1901,1805]),
    $neibs(1854,[1854,1853,1855,1902,1806]),
    $neibs(1855,[1855,1854,1856,1903,1807]),
    $neibs(1856,[1856,1855,1857,1904,1808]),
    $neibs(1857,[1857,1856,1858,1905,1809]),
    $neibs(1858,[1858,1857,1859,1906,1810]),
    $neibs(1859,[1859,1858,1860,1907,1811]),
    $neibs(1860,[1860,1859,1861,1908,1812]),
    $neibs(1861,[1861,1860,1862,1909,1813]),
    $neibs(1862,[1862,1861,1863,1910,1814]),
    $neibs(1863,[1863,1862,1864,1911,1815]),
    $neibs(1864,[1864,1863,1865,1912,1816]),
    $neibs(1865,[1865,1864,1866,1913,1817]),
    $neibs(1866,[1866,1865,1867,1914,1818]),
    $neibs(1867,[1867,1866,1868,1915,1819]),
    $neibs(1868,[1868,1867,1869,1916,1820]),
    $neibs(1869,[1869,1868,1870,1917,1821]),
    $neibs(1870,[1870,1869,1871,1918,1822]),
    $neibs(1871,[1871,1870,1872,1919,1823]),
    $neibs(1872,[1872,1871,1920,1824]),
    $neibs(1873,[1873,1874,1921,1825]),
    $neibs(1874,[1874,1873,1875,1922,1826]),
    $neibs(1875,[1875,1874,1876,1923,1827]),
    $neibs(1876,[1876,1875,1877,1924,1828]),
    $neibs(1877,[1877,1876,1878,1925,1829]),
    $neibs(1878,[1878,1877,1879,1926,1830]),
    $neibs(1879,[1879,1878,1880,1927,1831]),
    $neibs(1880,[1880,1879,1881,1928,1832]),
    $neibs(1881,[1881,1880,1882,1929,1833]),
    $neibs(1882,[1882,1881,1883,1930,1834]),
    $neibs(1883,[1883,1882,1884,1931,1835]),
    $neibs(1884,[1884,1883,1885,1932,1836]),
    $neibs(1885,[1885,1884,1886,1933,1837]),
    $neibs(1886,[1886,1885,1887,1934,1838]),
    $neibs(1887,[1887,1886,1888,1935,1839]),
    $neibs(1888,[1888,1887,1889,1936,1840]),
    $neibs(1889,[1889,1888,1890,1937,1841]),
    $neibs(1890,[1890,1889,1891,1938,1842]),
    $neibs(1891,[1891,1890,1892,1939,1843]),
    $neibs(1892,[1892,1891,1893,1940,1844]),
    $neibs(1893,[1893,1892,1894,1941,1845]),
    $neibs(1894,[1894,1893,1895,1942,1846]),
    $neibs(1895,[1895,1894,1896,1943,1847]),
    $neibs(1896,[1896,1895,1897,1944,1848]),
    $neibs(1897,[1897,1896,1898,1945,1849]),
    $neibs(1898,[1898,1897,1899,1946,1850]),
    $neibs(1899,[1899,1898,1900,1947,1851]),
    $neibs(1900,[1900,1899,1901,1948,1852]),
    $neibs(1901,[1901,1900,1902,1949,1853]),
    $neibs(1902,[1902,1901,1903,1950,1854]),
    $neibs(1903,[1903,1902,1904,1951,1855]),
    $neibs(1904,[1904,1903,1905,1952,1856]),
    $neibs(1905,[1905,1904,1906,1953,1857]),
    $neibs(1906,[1906,1905,1907,1954,1858]),
    $neibs(1907,[1907,1906,1908,1955,1859]),
    $neibs(1908,[1908,1907,1909,1956,1860]),
    $neibs(1909,[1909,1908,1910,1957,1861]),
    $neibs(1910,[1910,1909,1911,1958,1862]),
    $neibs(1911,[1911,1910,1912,1959,1863]),
    $neibs(1912,[1912,1911,1913,1960,1864]),
    $neibs(1913,[1913,1912,1914,1961,1865]),
    $neibs(1914,[1914,1913,1915,1962,1866]),
    $neibs(1915,[1915,1914,1916,1963,1867]),
    $neibs(1916,[1916,1915,1917,1964,1868]),
    $neibs(1917,[1917,1916,1918,1965,1869]),
    $neibs(1918,[1918,1917,1919,1966,1870]),
    $neibs(1919,[1919,1918,1920,1967,1871]),
    $neibs(1920,[1920,1919,1968,1872]),
    $neibs(1921,[1921,1922,1969,1873]),
    $neibs(1922,[1922,1921,1923,1970,1874]),
    $neibs(1923,[1923,1922,1924,1971,1875]),
    $neibs(1924,[1924,1923,1925,1972,1876]),
    $neibs(1925,[1925,1924,1926,1973,1877]),
    $neibs(1926,[1926,1925,1927,1974,1878]),
    $neibs(1927,[1927,1926,1928,1975,1879]),
    $neibs(1928,[1928,1927,1929,1976,1880]),
    $neibs(1929,[1929,1928,1930,1977,1881]),
    $neibs(1930,[1930,1929,1931,1978,1882]),
    $neibs(1931,[1931,1930,1932,1979,1883]),
    $neibs(1932,[1932,1931,1933,1980,1884]),
    $neibs(1933,[1933,1932,1934,1981,1885]),
    $neibs(1934,[1934,1933,1935,1982,1886]),
    $neibs(1935,[1935,1934,1936,1983,1887]),
    $neibs(1936,[1936,1935,1937,1984,1888]),
    $neibs(1937,[1937,1936,1938,1985,1889]),
    $neibs(1938,[1938,1937,1939,1986,1890]),
    $neibs(1939,[1939,1938,1940,1987,1891]),
    $neibs(1940,[1940,1939,1941,1988,1892]),
    $neibs(1941,[1941,1940,1942,1989,1893]),
    $neibs(1942,[1942,1941,1943,1990,1894]),
    $neibs(1943,[1943,1942,1944,1991,1895]),
    $neibs(1944,[1944,1943,1945,1992,1896]),
    $neibs(1945,[1945,1944,1946,1993,1897]),
    $neibs(1946,[1946,1945,1947,1994,1898]),
    $neibs(1947,[1947,1946,1948,1995,1899]),
    $neibs(1948,[1948,1947,1949,1996,1900]),
    $neibs(1949,[1949,1948,1950,1997,1901]),
    $neibs(1950,[1950,1949,1951,1998,1902]),
    $neibs(1951,[1951,1950,1952,1999,1903]),
    $neibs(1952,[1952,1951,1953,2000,1904]),
    $neibs(1953,[1953,1952,1954,2001,1905]),
    $neibs(1954,[1954,1953,1955,2002,1906]),
    $neibs(1955,[1955,1954,1956,2003,1907]),
    $neibs(1956,[1956,1955,1957,2004,1908]),
    $neibs(1957,[1957,1956,1958,2005,1909]),
    $neibs(1958,[1958,1957,1959,2006,1910]),
    $neibs(1959,[1959,1958,1960,2007,1911]),
    $neibs(1960,[1960,1959,1961,2008,1912]),
    $neibs(1961,[1961,1960,1962,2009,1913]),
    $neibs(1962,[1962,1961,1963,2010,1914]),
    $neibs(1963,[1963,1962,1964,2011,1915]),
    $neibs(1964,[1964,1963,1965,2012,1916]),
    $neibs(1965,[1965,1964,1966,2013,1917]),
    $neibs(1966,[1966,1965,1967,2014,1918]),
    $neibs(1967,[1967,1966,1968,2015,1919]),
    $neibs(1968,[1968,1967,2016,1920]),
    $neibs(1969,[1969,1970,2017,1921]),
    $neibs(1970,[1970,1969,1971,2018,1922]),
    $neibs(1971,[1971,1970,1972,2019,1923]),
    $neibs(1972,[1972,1971,1973,2020,1924]),
    $neibs(1973,[1973,1972,1974,2021,1925]),
    $neibs(1974,[1974,1973,1975,2022,1926]),
    $neibs(1975,[1975,1974,1976,2023,1927]),
    $neibs(1976,[1976,1975,1977,2024,1928]),
    $neibs(1977,[1977,1976,1978,2025,1929]),
    $neibs(1978,[1978,1977,1979,2026,1930]),
    $neibs(1979,[1979,1978,1980,2027,1931]),
    $neibs(1980,[1980,1979,1981,2028,1932]),
    $neibs(1981,[1981,1980,1982,2029,1933]),
    $neibs(1982,[1982,1981,1983,2030,1934]),
    $neibs(1983,[1983,1982,1984,2031,1935]),
    $neibs(1984,[1984,1983,1985,2032,1936]),
    $neibs(1985,[1985,1984,1986,2033,1937]),
    $neibs(1986,[1986,1985,1987,2034,1938]),
    $neibs(1987,[1987,1986,1988,2035,1939]),
    $neibs(1988,[1988,1987,1989,2036,1940]),
    $neibs(1989,[1989,1988,1990,2037,1941]),
    $neibs(1990,[1990,1989,1991,2038,1942]),
    $neibs(1991,[1991,1990,1992,2039,1943]),
    $neibs(1992,[1992,1991,1993,2040,1944]),
    $neibs(1993,[1993,1992,1994,2041,1945]),
    $neibs(1994,[1994,1993,1995,2042,1946]),
    $neibs(1995,[1995,1994,1996,2043,1947]),
    $neibs(1996,[1996,1995,1997,2044,1948]),
    $neibs(1997,[1997,1996,1998,2045,1949]),
    $neibs(1998,[1998,1997,1999,2046,1950]),
    $neibs(1999,[1999,1998,2000,2047,1951]),
    $neibs(2000,[2000,1999,2001,2048,1952]),
    $neibs(2001,[2001,2000,2002,2049,1953]),
    $neibs(2002,[2002,2001,2003,2050,1954]),
    $neibs(2003,[2003,2002,2004,2051,1955]),
    $neibs(2004,[2004,2003,2005,2052,1956]),
    $neibs(2005,[2005,2004,2006,2053,1957]),
    $neibs(2006,[2006,2005,2007,2054,1958]),
    $neibs(2007,[2007,2006,2008,2055,1959]),
    $neibs(2008,[2008,2007,2009,2056,1960]),
    $neibs(2009,[2009,2008,2010,2057,1961]),
    $neibs(2010,[2010,2009,2011,2058,1962]),
    $neibs(2011,[2011,2010,2012,2059,1963]),
    $neibs(2012,[2012,2011,2013,2060,1964]),
    $neibs(2013,[2013,2012,2014,2061,1965]),
    $neibs(2014,[2014,2013,2015,2062,1966]),
    $neibs(2015,[2015,2014,2016,2063,1967]),
    $neibs(2016,[2016,2015,2064,1968]),
    $neibs(2017,[2017,2018,2065,1969]),
    $neibs(2018,[2018,2017,2019,2066,1970]),
    $neibs(2019,[2019,2018,2020,2067,1971]),
    $neibs(2020,[2020,2019,2021,2068,1972]),
    $neibs(2021,[2021,2020,2022,2069,1973]),
    $neibs(2022,[2022,2021,2023,2070,1974]),
    $neibs(2023,[2023,2022,2024,2071,1975]),
    $neibs(2024,[2024,2023,2025,2072,1976]),
    $neibs(2025,[2025,2024,2026,2073,1977]),
    $neibs(2026,[2026,2025,2027,2074,1978]),
    $neibs(2027,[2027,2026,2028,2075,1979]),
    $neibs(2028,[2028,2027,2029,2076,1980]),
    $neibs(2029,[2029,2028,2030,2077,1981]),
    $neibs(2030,[2030,2029,2031,2078,1982]),
    $neibs(2031,[2031,2030,2032,2079,1983]),
    $neibs(2032,[2032,2031,2033,2080,1984]),
    $neibs(2033,[2033,2032,2034,2081,1985]),
    $neibs(2034,[2034,2033,2035,2082,1986]),
    $neibs(2035,[2035,2034,2036,2083,1987]),
    $neibs(2036,[2036,2035,2037,2084,1988]),
    $neibs(2037,[2037,2036,2038,2085,1989]),
    $neibs(2038,[2038,2037,2039,2086,1990]),
    $neibs(2039,[2039,2038,2040,2087,1991]),
    $neibs(2040,[2040,2039,2041,2088,1992]),
    $neibs(2041,[2041,2040,2042,2089,1993]),
    $neibs(2042,[2042,2041,2043,2090,1994]),
    $neibs(2043,[2043,2042,2044,2091,1995]),
    $neibs(2044,[2044,2043,2045,2092,1996]),
    $neibs(2045,[2045,2044,2046,2093,1997]),
    $neibs(2046,[2046,2045,2047,2094,1998]),
    $neibs(2047,[2047,2046,2048,2095,1999]),
    $neibs(2048,[2048,2047,2049,2096,2000]),
    $neibs(2049,[2049,2048,2050,2097,2001]),
    $neibs(2050,[2050,2049,2051,2098,2002]),
    $neibs(2051,[2051,2050,2052,2099,2003]),
    $neibs(2052,[2052,2051,2053,2100,2004]),
    $neibs(2053,[2053,2052,2054,2101,2005]),
    $neibs(2054,[2054,2053,2055,2102,2006]),
    $neibs(2055,[2055,2054,2056,2103,2007]),
    $neibs(2056,[2056,2055,2057,2104,2008]),
    $neibs(2057,[2057,2056,2058,2105,2009]),
    $neibs(2058,[2058,2057,2059,2106,2010]),
    $neibs(2059,[2059,2058,2060,2107,2011]),
    $neibs(2060,[2060,2059,2061,2108,2012]),
    $neibs(2061,[2061,2060,2062,2109,2013]),
    $neibs(2062,[2062,2061,2063,2110,2014]),
    $neibs(2063,[2063,2062,2064,2111,2015]),
    $neibs(2064,[2064,2063,2112,2016]),
    $neibs(2065,[2065,2066,2113,2017]),
    $neibs(2066,[2066,2065,2067,2114,2018]),
    $neibs(2067,[2067,2066,2068,2115,2019]),
    $neibs(2068,[2068,2067,2069,2116,2020]),
    $neibs(2069,[2069,2068,2070,2117,2021]),
    $neibs(2070,[2070,2069,2071,2118,2022]),
    $neibs(2071,[2071,2070,2072,2119,2023]),
    $neibs(2072,[2072,2071,2073,2120,2024]),
    $neibs(2073,[2073,2072,2074,2121,2025]),
    $neibs(2074,[2074,2073,2075,2122,2026]),
    $neibs(2075,[2075,2074,2076,2123,2027]),
    $neibs(2076,[2076,2075,2077,2124,2028]),
    $neibs(2077,[2077,2076,2078,2125,2029]),
    $neibs(2078,[2078,2077,2079,2126,2030]),
    $neibs(2079,[2079,2078,2080,2127,2031]),
    $neibs(2080,[2080,2079,2081,2128,2032]),
    $neibs(2081,[2081,2080,2082,2129,2033]),
    $neibs(2082,[2082,2081,2083,2130,2034]),
    $neibs(2083,[2083,2082,2084,2131,2035]),
    $neibs(2084,[2084,2083,2085,2132,2036]),
    $neibs(2085,[2085,2084,2086,2133,2037]),
    $neibs(2086,[2086,2085,2087,2134,2038]),
    $neibs(2087,[2087,2086,2088,2135,2039]),
    $neibs(2088,[2088,2087,2089,2136,2040]),
    $neibs(2089,[2089,2088,2090,2137,2041]),
    $neibs(2090,[2090,2089,2091,2138,2042]),
    $neibs(2091,[2091,2090,2092,2139,2043]),
    $neibs(2092,[2092,2091,2093,2140,2044]),
    $neibs(2093,[2093,2092,2094,2141,2045]),
    $neibs(2094,[2094,2093,2095,2142,2046]),
    $neibs(2095,[2095,2094,2096,2143,2047]),
    $neibs(2096,[2096,2095,2097,2144,2048]),
    $neibs(2097,[2097,2096,2098,2145,2049]),
    $neibs(2098,[2098,2097,2099,2146,2050]),
    $neibs(2099,[2099,2098,2100,2147,2051]),
    $neibs(2100,[2100,2099,2101,2148,2052]),
    $neibs(2101,[2101,2100,2102,2149,2053]),
    $neibs(2102,[2102,2101,2103,2150,2054]),
    $neibs(2103,[2103,2102,2104,2151,2055]),
    $neibs(2104,[2104,2103,2105,2152,2056]),
    $neibs(2105,[2105,2104,2106,2153,2057]),
    $neibs(2106,[2106,2105,2107,2154,2058]),
    $neibs(2107,[2107,2106,2108,2155,2059]),
    $neibs(2108,[2108,2107,2109,2156,2060]),
    $neibs(2109,[2109,2108,2110,2157,2061]),
    $neibs(2110,[2110,2109,2111,2158,2062]),
    $neibs(2111,[2111,2110,2112,2159,2063]),
    $neibs(2112,[2112,2111,2160,2064]),
    $neibs(2113,[2113,2114,2161,2065]),
    $neibs(2114,[2114,2113,2115,2162,2066]),
    $neibs(2115,[2115,2114,2116,2163,2067]),
    $neibs(2116,[2116,2115,2117,2164,2068]),
    $neibs(2117,[2117,2116,2118,2165,2069]),
    $neibs(2118,[2118,2117,2119,2166,2070]),
    $neibs(2119,[2119,2118,2120,2167,2071]),
    $neibs(2120,[2120,2119,2121,2168,2072]),
    $neibs(2121,[2121,2120,2122,2169,2073]),
    $neibs(2122,[2122,2121,2123,2170,2074]),
    $neibs(2123,[2123,2122,2124,2171,2075]),
    $neibs(2124,[2124,2123,2125,2172,2076]),
    $neibs(2125,[2125,2124,2126,2173,2077]),
    $neibs(2126,[2126,2125,2127,2174,2078]),
    $neibs(2127,[2127,2126,2128,2175,2079]),
    $neibs(2128,[2128,2127,2129,2176,2080]),
    $neibs(2129,[2129,2128,2130,2177,2081]),
    $neibs(2130,[2130,2129,2131,2178,2082]),
    $neibs(2131,[2131,2130,2132,2179,2083]),
    $neibs(2132,[2132,2131,2133,2180,2084]),
    $neibs(2133,[2133,2132,2134,2181,2085]),
    $neibs(2134,[2134,2133,2135,2182,2086]),
    $neibs(2135,[2135,2134,2136,2183,2087]),
    $neibs(2136,[2136,2135,2137,2184,2088]),
    $neibs(2137,[2137,2136,2138,2185,2089]),
    $neibs(2138,[2138,2137,2139,2186,2090]),
    $neibs(2139,[2139,2138,2140,2187,2091]),
    $neibs(2140,[2140,2139,2141,2188,2092]),
    $neibs(2141,[2141,2140,2142,2189,2093]),
    $neibs(2142,[2142,2141,2143,2190,2094]),
    $neibs(2143,[2143,2142,2144,2191,2095]),
    $neibs(2144,[2144,2143,2145,2192,2096]),
    $neibs(2145,[2145,2144,2146,2193,2097]),
    $neibs(2146,[2146,2145,2147,2194,2098]),
    $neibs(2147,[2147,2146,2148,2195,2099]),
    $neibs(2148,[2148,2147,2149,2196,2100]),
    $neibs(2149,[2149,2148,2150,2197,2101]),
    $neibs(2150,[2150,2149,2151,2198,2102]),
    $neibs(2151,[2151,2150,2152,2199,2103]),
    $neibs(2152,[2152,2151,2153,2200,2104]),
    $neibs(2153,[2153,2152,2154,2201,2105]),
    $neibs(2154,[2154,2153,2155,2202,2106]),
    $neibs(2155,[2155,2154,2156,2203,2107]),
    $neibs(2156,[2156,2155,2157,2204,2108]),
    $neibs(2157,[2157,2156,2158,2205,2109]),
    $neibs(2158,[2158,2157,2159,2206,2110]),
    $neibs(2159,[2159,2158,2160,2207,2111]),
    $neibs(2160,[2160,2159,2208,2112]),
    $neibs(2161,[2161,2162,2209,2113]),
    $neibs(2162,[2162,2161,2163,2210,2114]),
    $neibs(2163,[2163,2162,2164,2211,2115]),
    $neibs(2164,[2164,2163,2165,2212,2116]),
    $neibs(2165,[2165,2164,2166,2213,2117]),
    $neibs(2166,[2166,2165,2167,2214,2118]),
    $neibs(2167,[2167,2166,2168,2215,2119]),
    $neibs(2168,[2168,2167,2169,2216,2120]),
    $neibs(2169,[2169,2168,2170,2217,2121]),
    $neibs(2170,[2170,2169,2171,2218,2122]),
    $neibs(2171,[2171,2170,2172,2219,2123]),
    $neibs(2172,[2172,2171,2173,2220,2124]),
    $neibs(2173,[2173,2172,2174,2221,2125]),
    $neibs(2174,[2174,2173,2175,2222,2126]),
    $neibs(2175,[2175,2174,2176,2223,2127]),
    $neibs(2176,[2176,2175,2177,2224,2128]),
    $neibs(2177,[2177,2176,2178,2225,2129]),
    $neibs(2178,[2178,2177,2179,2226,2130]),
    $neibs(2179,[2179,2178,2180,2227,2131]),
    $neibs(2180,[2180,2179,2181,2228,2132]),
    $neibs(2181,[2181,2180,2182,2229,2133]),
    $neibs(2182,[2182,2181,2183,2230,2134]),
    $neibs(2183,[2183,2182,2184,2231,2135]),
    $neibs(2184,[2184,2183,2185,2232,2136]),
    $neibs(2185,[2185,2184,2186,2233,2137]),
    $neibs(2186,[2186,2185,2187,2234,2138]),
    $neibs(2187,[2187,2186,2188,2235,2139]),
    $neibs(2188,[2188,2187,2189,2236,2140]),
    $neibs(2189,[2189,2188,2190,2237,2141]),
    $neibs(2190,[2190,2189,2191,2238,2142]),
    $neibs(2191,[2191,2190,2192,2239,2143]),
    $neibs(2192,[2192,2191,2193,2240,2144]),
    $neibs(2193,[2193,2192,2194,2241,2145]),
    $neibs(2194,[2194,2193,2195,2242,2146]),
    $neibs(2195,[2195,2194,2196,2243,2147]),
    $neibs(2196,[2196,2195,2197,2244,2148]),
    $neibs(2197,[2197,2196,2198,2245,2149]),
    $neibs(2198,[2198,2197,2199,2246,2150]),
    $neibs(2199,[2199,2198,2200,2247,2151]),
    $neibs(2200,[2200,2199,2201,2248,2152]),
    $neibs(2201,[2201,2200,2202,2249,2153]),
    $neibs(2202,[2202,2201,2203,2250,2154]),
    $neibs(2203,[2203,2202,2204,2251,2155]),
    $neibs(2204,[2204,2203,2205,2252,2156]),
    $neibs(2205,[2205,2204,2206,2253,2157]),
    $neibs(2206,[2206,2205,2207,2254,2158]),
    $neibs(2207,[2207,2206,2208,2255,2159]),
    $neibs(2208,[2208,2207,2256,2160]),
    $neibs(2209,[2209,2210,2257,2161]),
    $neibs(2210,[2210,2209,2211,2258,2162]),
    $neibs(2211,[2211,2210,2212,2259,2163]),
    $neibs(2212,[2212,2211,2213,2260,2164]),
    $neibs(2213,[2213,2212,2214,2261,2165]),
    $neibs(2214,[2214,2213,2215,2262,2166]),
    $neibs(2215,[2215,2214,2216,2263,2167]),
    $neibs(2216,[2216,2215,2217,2264,2168]),
    $neibs(2217,[2217,2216,2218,2265,2169]),
    $neibs(2218,[2218,2217,2219,2266,2170]),
    $neibs(2219,[2219,2218,2220,2267,2171]),
    $neibs(2220,[2220,2219,2221,2268,2172]),
    $neibs(2221,[2221,2220,2222,2269,2173]),
    $neibs(2222,[2222,2221,2223,2270,2174]),
    $neibs(2223,[2223,2222,2224,2271,2175]),
    $neibs(2224,[2224,2223,2225,2272,2176]),
    $neibs(2225,[2225,2224,2226,2273,2177]),
    $neibs(2226,[2226,2225,2227,2274,2178]),
    $neibs(2227,[2227,2226,2228,2275,2179]),
    $neibs(2228,[2228,2227,2229,2276,2180]),
    $neibs(2229,[2229,2228,2230,2277,2181]),
    $neibs(2230,[2230,2229,2231,2278,2182]),
    $neibs(2231,[2231,2230,2232,2279,2183]),
    $neibs(2232,[2232,2231,2233,2280,2184]),
    $neibs(2233,[2233,2232,2234,2281,2185]),
    $neibs(2234,[2234,2233,2235,2282,2186]),
    $neibs(2235,[2235,2234,2236,2283,2187]),
    $neibs(2236,[2236,2235,2237,2284,2188]),
    $neibs(2237,[2237,2236,2238,2285,2189]),
    $neibs(2238,[2238,2237,2239,2286,2190]),
    $neibs(2239,[2239,2238,2240,2287,2191]),
    $neibs(2240,[2240,2239,2241,2288,2192]),
    $neibs(2241,[2241,2240,2242,2289,2193]),
    $neibs(2242,[2242,2241,2243,2290,2194]),
    $neibs(2243,[2243,2242,2244,2291,2195]),
    $neibs(2244,[2244,2243,2245,2292,2196]),
    $neibs(2245,[2245,2244,2246,2293,2197]),
    $neibs(2246,[2246,2245,2247,2294,2198]),
    $neibs(2247,[2247,2246,2248,2295,2199]),
    $neibs(2248,[2248,2247,2249,2296,2200]),
    $neibs(2249,[2249,2248,2250,2297,2201]),
    $neibs(2250,[2250,2249,2251,2298,2202]),
    $neibs(2251,[2251,2250,2252,2299,2203]),
    $neibs(2252,[2252,2251,2253,2300,2204]),
    $neibs(2253,[2253,2252,2254,2301,2205]),
    $neibs(2254,[2254,2253,2255,2302,2206]),
    $neibs(2255,[2255,2254,2256,2303,2207]),
    $neibs(2256,[2256,2255,2304,2208]),
    $neibs(2257,[2257,2258,2209]),
    $neibs(2258,[2258,2257,2259,2210]),
    $neibs(2259,[2259,2258,2260,2211]),
    $neibs(2260,[2260,2259,2261,2212]),
    $neibs(2261,[2261,2260,2262,2213]),
    $neibs(2262,[2262,2261,2263,2214]),
    $neibs(2263,[2263,2262,2264,2215]),
    $neibs(2264,[2264,2263,2265,2216]),
    $neibs(2265,[2265,2264,2266,2217]),
    $neibs(2266,[2266,2265,2267,2218]),
    $neibs(2267,[2267,2266,2268,2219]),
    $neibs(2268,[2268,2267,2269,2220]),
    $neibs(2269,[2269,2268,2270,2221]),
    $neibs(2270,[2270,2269,2271,2222]),
    $neibs(2271,[2271,2270,2272,2223]),
    $neibs(2272,[2272,2271,2273,2224]),
    $neibs(2273,[2273,2272,2274,2225]),
    $neibs(2274,[2274,2273,2275,2226]),
    $neibs(2275,[2275,2274,2276,2227]),
    $neibs(2276,[2276,2275,2277,2228]),
    $neibs(2277,[2277,2276,2278,2229]),
    $neibs(2278,[2278,2277,2279,2230]),
    $neibs(2279,[2279,2278,2280,2231]),
    $neibs(2280,[2280,2279,2281,2232]),
    $neibs(2281,[2281,2280,2282,2233]),
    $neibs(2282,[2282,2281,2283,2234]),
    $neibs(2283,[2283,2282,2284,2235]),
    $neibs(2284,[2284,2283,2285,2236]),
    $neibs(2285,[2285,2284,2286,2237]),
    $neibs(2286,[2286,2285,2287,2238]),
    $neibs(2287,[2287,2286,2288,2239]),
    $neibs(2288,[2288,2287,2289,2240]),
    $neibs(2289,[2289,2288,2290,2241]),
    $neibs(2290,[2290,2289,2291,2242]),
    $neibs(2291,[2291,2290,2292,2243]),
    $neibs(2292,[2292,2291,2293,2244]),
    $neibs(2293,[2293,2292,2294,2245]),
    $neibs(2294,[2294,2293,2295,2246]),
    $neibs(2295,[2295,2294,2296,2247]),
    $neibs(2296,[2296,2295,2297,2248]),
    $neibs(2297,[2297,2296,2298,2249]),
    $neibs(2298,[2298,2297,2299,2250]),
    $neibs(2299,[2299,2298,2300,2251]),
    $neibs(2300,[2300,2299,2301,2252]),
    $neibs(2301,[2301,2300,2302,2253]),
    $neibs(2302,[2302,2301,2303,2254]),
    $neibs(2303,[2303,2302,2304,2255]),
    $neibs(2304,[2304,2303,2256])
    ],