ins(Graph, As, Avoid, Makespan, SumOfCosts) =>
    Graph = [
    $neibs(1,[1,2,9]),
    $neibs(2,[2,1,3,10]),
    $neibs(9,[9,10,17,1]),
    $neibs(3,[3,2,4,11]),
    $neibs(10,[10,9,11,18,2]),
    $neibs(4,[4,3,5,12]),
    $neibs(11,[11,10,12,19,3]),
    $neibs(5,[5,4,6,13]),
    $neibs(12,[12,11,13,20,4]),
    $neibs(6,[6,5,7,14]),
    $neibs(13,[13,12,14,21,5]),
    $neibs(7,[7,6,8,15]),
    $neibs(14,[14,13,15,22,6]),
    $neibs(8,[8,7,16]),
    $neibs(15,[15,14,16,23,7]),
    $neibs(16,[16,15,24,8]),
    $neibs(17,[17,18,25,9]),
    $neibs(18,[18,17,19,26,10]),
    $neibs(19,[19,18,20,27,11]),
    $neibs(20,[20,19,21,28,12]),
    $neibs(21,[21,20,22,29,13]),
    $neibs(22,[22,21,23,30,14]),
    $neibs(23,[23,22,24,31,15]),
    $neibs(24,[24,23,32,16]),
    $neibs(25,[25,26,33,17]),
    $neibs(26,[26,25,27,34,18]),
    $neibs(27,[27,26,28,35,19]),
    $neibs(28,[28,27,29,36,20]),
    $neibs(29,[29,28,30,37,21]),
    $neibs(30,[30,29,31,38,22]),
    $neibs(31,[31,30,32,39,23]),
    $neibs(32,[32,31,40,24]),
    $neibs(33,[33,34,41,25]),
    $neibs(34,[34,33,35,42,26]),
    $neibs(35,[35,34,36,43,27]),
    $neibs(36,[36,35,37,44,28]),
    $neibs(37,[37,36,38,45,29]),
    $neibs(38,[38,37,39,46,30]),
    $neibs(39,[39,38,40,47,31]),
    $neibs(40,[40,39,48,32]),
    $neibs(41,[41,42,49,33]),
    $neibs(42,[42,41,43,50,34]),
    $neibs(43,[43,42,44,51,35]),
    $neibs(44,[44,43,45,52,36]),
    $neibs(45,[45,44,46,53,37]),
    $neibs(46,[46,45,47,54,38]),
    $neibs(47,[47,46,48,55,39]),
    $neibs(48,[48,47,56,40]),
    $neibs(49,[49,50,57,41]),
    $neibs(50,[50,49,51,58,42]),
    $neibs(51,[51,50,52,59,43]),
    $neibs(52,[52,51,53,60,44]),
    $neibs(53,[53,52,54,61,45]),
    $neibs(54,[54,53,55,62,46]),
    $neibs(55,[55,54,56,63,47]),
    $neibs(56,[56,55,64,48]),
    $neibs(57,[57,58,49]),
    $neibs(58,[58,57,59,50]),
    $neibs(59,[59,58,60,51]),
    $neibs(60,[60,59,61,52]),
    $neibs(61,[61,60,62,53]),
    $neibs(62,[62,61,63,54]),
    $neibs(63,[63,62,64,55]),
    $neibs(64,[64,63,56])
    ],