ins(Graph, As, Avoid, Makespan, SumOfCosts) =>
    Graph = [
    $neibs(1,[1,2,17]),
    $neibs(2,[2,1,3,18]),
    $neibs(17,[17,18,33,1]),
    $neibs(3,[3,2,4,19]),
    $neibs(18,[18,17,19,34,2]),
    $neibs(4,[4,3,5,20]),
    $neibs(19,[19,18,20,35,3]),
    $neibs(5,[5,4,6,21]),
    $neibs(20,[20,19,21,36,4]),
    $neibs(6,[6,5,7,22]),
    $neibs(21,[21,20,22,37,5]),
    $neibs(7,[7,6,8,23]),
    $neibs(22,[22,21,23,38,6]),
    $neibs(8,[8,7,9,24]),
    $neibs(23,[23,22,24,39,7]),
    $neibs(9,[9,8,10,25]),
    $neibs(24,[24,23,25,40,8]),
    $neibs(10,[10,9,11,26]),
    $neibs(25,[25,24,26,41,9]),
    $neibs(11,[11,10,12,27]),
    $neibs(26,[26,25,27,42,10]),
    $neibs(12,[12,11,13,28]),
    $neibs(27,[27,26,28,43,11]),
    $neibs(13,[13,12,14,29]),
    $neibs(28,[28,27,29,44,12]),
    $neibs(14,[14,13,15,30]),
    $neibs(29,[29,28,30,45,13]),
    $neibs(15,[15,14,16,31]),
    $neibs(30,[30,29,31,46,14]),
    $neibs(16,[16,15,32]),
    $neibs(31,[31,30,32,47,15]),
    $neibs(32,[32,31,48,16]),
    $neibs(33,[33,34,49,17]),
    $neibs(34,[34,33,35,50,18]),
    $neibs(35,[35,34,36,51,19]),
    $neibs(36,[36,35,37,52,20]),
    $neibs(37,[37,36,38,53,21]),
    $neibs(38,[38,37,39,54,22]),
    $neibs(39,[39,38,40,55,23]),
    $neibs(40,[40,39,41,56,24]),
    $neibs(41,[41,40,42,57,25]),
    $neibs(42,[42,41,43,58,26]),
    $neibs(43,[43,42,44,59,27]),
    $neibs(44,[44,43,45,60,28]),
    $neibs(45,[45,44,46,61,29]),
    $neibs(46,[46,45,47,62,30]),
    $neibs(47,[47,46,48,63,31]),
    $neibs(48,[48,47,64,32]),
    $neibs(49,[49,50,65,33]),
    $neibs(50,[50,49,51,66,34]),
    $neibs(51,[51,50,52,67,35]),
    $neibs(52,[52,51,53,68,36]),
    $neibs(53,[53,52,54,69,37]),
    $neibs(54,[54,53,55,70,38]),
    $neibs(55,[55,54,56,71,39]),
    $neibs(56,[56,55,57,72,40]),
    $neibs(57,[57,56,58,73,41]),
    $neibs(58,[58,57,59,74,42]),
    $neibs(59,[59,58,60,75,43]),
    $neibs(60,[60,59,61,76,44]),
    $neibs(61,[61,60,62,77,45]),
    $neibs(62,[62,61,63,78,46]),
    $neibs(63,[63,62,64,79,47]),
    $neibs(64,[64,63,80,48]),
    $neibs(65,[65,66,81,49]),
    $neibs(66,[66,65,67,82,50]),
    $neibs(67,[67,66,68,83,51]),
    $neibs(68,[68,67,69,84,52]),
    $neibs(69,[69,68,70,85,53]),
    $neibs(70,[70,69,71,86,54]),
    $neibs(71,[71,70,72,87,55]),
    $neibs(72,[72,71,73,88,56]),
    $neibs(73,[73,72,74,89,57]),
    $neibs(74,[74,73,75,90,58]),
    $neibs(75,[75,74,76,91,59]),
    $neibs(76,[76,75,77,92,60]),
    $neibs(77,[77,76,78,93,61]),
    $neibs(78,[78,77,79,94,62]),
    $neibs(79,[79,78,80,95,63]),
    $neibs(80,[80,79,96,64]),
    $neibs(81,[81,82,97,65]),
    $neibs(82,[82,81,83,98,66]),
    $neibs(83,[83,82,84,99,67]),
    $neibs(84,[84,83,85,100,68]),
    $neibs(85,[85,84,86,101,69]),
    $neibs(86,[86,85,87,102,70]),
    $neibs(87,[87,86,88,103,71]),
    $neibs(88,[88,87,89,104,72]),
    $neibs(89,[89,88,90,105,73]),
    $neibs(90,[90,89,91,106,74]),
    $neibs(91,[91,90,92,107,75]),
    $neibs(92,[92,91,93,108,76]),
    $neibs(93,[93,92,94,109,77]),
    $neibs(94,[94,93,95,110,78]),
    $neibs(95,[95,94,96,111,79]),
    $neibs(96,[96,95,112,80]),
    $neibs(97,[97,98,113,81]),
    $neibs(98,[98,97,99,114,82]),
    $neibs(99,[99,98,100,115,83]),
    $neibs(100,[100,99,101,116,84]),
    $neibs(101,[101,100,102,117,85]),
    $neibs(102,[102,101,103,118,86]),
    $neibs(103,[103,102,104,119,87]),
    $neibs(104,[104,103,105,120,88]),
    $neibs(105,[105,104,106,121,89]),
    $neibs(106,[106,105,107,122,90]),
    $neibs(107,[107,106,108,123,91]),
    $neibs(108,[108,107,109,124,92]),
    $neibs(109,[109,108,110,125,93]),
    $neibs(110,[110,109,111,126,94]),
    $neibs(111,[111,110,112,127,95]),
    $neibs(112,[112,111,128,96]),
    $neibs(113,[113,114,129,97]),
    $neibs(114,[114,113,115,130,98]),
    $neibs(115,[115,114,116,131,99]),
    $neibs(116,[116,115,117,132,100]),
    $neibs(117,[117,116,118,133,101]),
    $neibs(118,[118,117,119,134,102]),
    $neibs(119,[119,118,120,135,103]),
    $neibs(120,[120,119,121,136,104]),
    $neibs(121,[121,120,122,137,105]),
    $neibs(122,[122,121,123,138,106]),
    $neibs(123,[123,122,124,139,107]),
    $neibs(124,[124,123,125,140,108]),
    $neibs(125,[125,124,126,141,109]),
    $neibs(126,[126,125,127,142,110]),
    $neibs(127,[127,126,128,143,111]),
    $neibs(128,[128,127,144,112]),
    $neibs(129,[129,130,145,113]),
    $neibs(130,[130,129,131,146,114]),
    $neibs(131,[131,130,132,147,115]),
    $neibs(132,[132,131,133,148,116]),
    $neibs(133,[133,132,134,149,117]),
    $neibs(134,[134,133,135,150,118]),
    $neibs(135,[135,134,136,151,119]),
    $neibs(136,[136,135,137,152,120]),
    $neibs(137,[137,136,138,153,121]),
    $neibs(138,[138,137,139,154,122]),
    $neibs(139,[139,138,140,155,123]),
    $neibs(140,[140,139,141,156,124]),
    $neibs(141,[141,140,142,157,125]),
    $neibs(142,[142,141,143,158,126]),
    $neibs(143,[143,142,144,159,127]),
    $neibs(144,[144,143,160,128]),
    $neibs(145,[145,146,161,129]),
    $neibs(146,[146,145,147,162,130]),
    $neibs(147,[147,146,148,163,131]),
    $neibs(148,[148,147,149,164,132]),
    $neibs(149,[149,148,150,165,133]),
    $neibs(150,[150,149,151,166,134]),
    $neibs(151,[151,150,152,167,135]),
    $neibs(152,[152,151,153,168,136]),
    $neibs(153,[153,152,154,169,137]),
    $neibs(154,[154,153,155,170,138]),
    $neibs(155,[155,154,156,171,139]),
    $neibs(156,[156,155,157,172,140]),
    $neibs(157,[157,156,158,173,141]),
    $neibs(158,[158,157,159,174,142]),
    $neibs(159,[159,158,160,175,143]),
    $neibs(160,[160,159,176,144]),
    $neibs(161,[161,162,177,145]),
    $neibs(162,[162,161,163,178,146]),
    $neibs(163,[163,162,164,179,147]),
    $neibs(164,[164,163,165,180,148]),
    $neibs(165,[165,164,166,181,149]),
    $neibs(166,[166,165,167,182,150]),
    $neibs(167,[167,166,168,183,151]),
    $neibs(168,[168,167,169,184,152]),
    $neibs(169,[169,168,170,185,153]),
    $neibs(170,[170,169,171,186,154]),
    $neibs(171,[171,170,172,187,155]),
    $neibs(172,[172,171,173,188,156]),
    $neibs(173,[173,172,174,189,157]),
    $neibs(174,[174,173,175,190,158]),
    $neibs(175,[175,174,176,191,159]),
    $neibs(176,[176,175,192,160]),
    $neibs(177,[177,178,193,161]),
    $neibs(178,[178,177,179,194,162]),
    $neibs(179,[179,178,180,195,163]),
    $neibs(180,[180,179,181,196,164]),
    $neibs(181,[181,180,182,197,165]),
    $neibs(182,[182,181,183,198,166]),
    $neibs(183,[183,182,184,199,167]),
    $neibs(184,[184,183,185,200,168]),
    $neibs(185,[185,184,186,201,169]),
    $neibs(186,[186,185,187,202,170]),
    $neibs(187,[187,186,188,203,171]),
    $neibs(188,[188,187,189,204,172]),
    $neibs(189,[189,188,190,205,173]),
    $neibs(190,[190,189,191,206,174]),
    $neibs(191,[191,190,192,207,175]),
    $neibs(192,[192,191,208,176]),
    $neibs(193,[193,194,209,177]),
    $neibs(194,[194,193,195,210,178]),
    $neibs(195,[195,194,196,211,179]),
    $neibs(196,[196,195,197,212,180]),
    $neibs(197,[197,196,198,213,181]),
    $neibs(198,[198,197,199,214,182]),
    $neibs(199,[199,198,200,215,183]),
    $neibs(200,[200,199,201,216,184]),
    $neibs(201,[201,200,202,217,185]),
    $neibs(202,[202,201,203,218,186]),
    $neibs(203,[203,202,204,219,187]),
    $neibs(204,[204,203,205,220,188]),
    $neibs(205,[205,204,206,221,189]),
    $neibs(206,[206,205,207,222,190]),
    $neibs(207,[207,206,208,223,191]),
    $neibs(208,[208,207,224,192]),
    $neibs(209,[209,210,225,193]),
    $neibs(210,[210,209,211,226,194]),
    $neibs(211,[211,210,212,227,195]),
    $neibs(212,[212,211,213,228,196]),
    $neibs(213,[213,212,214,229,197]),
    $neibs(214,[214,213,215,230,198]),
    $neibs(215,[215,214,216,231,199]),
    $neibs(216,[216,215,217,232,200]),
    $neibs(217,[217,216,218,233,201]),
    $neibs(218,[218,217,219,234,202]),
    $neibs(219,[219,218,220,235,203]),
    $neibs(220,[220,219,221,236,204]),
    $neibs(221,[221,220,222,237,205]),
    $neibs(222,[222,221,223,238,206]),
    $neibs(223,[223,222,224,239,207]),
    $neibs(224,[224,223,240,208]),
    $neibs(225,[225,226,241,209]),
    $neibs(226,[226,225,227,242,210]),
    $neibs(227,[227,226,228,243,211]),
    $neibs(228,[228,227,229,244,212]),
    $neibs(229,[229,228,230,245,213]),
    $neibs(230,[230,229,231,246,214]),
    $neibs(231,[231,230,232,247,215]),
    $neibs(232,[232,231,233,248,216]),
    $neibs(233,[233,232,234,249,217]),
    $neibs(234,[234,233,235,250,218]),
    $neibs(235,[235,234,236,251,219]),
    $neibs(236,[236,235,237,252,220]),
    $neibs(237,[237,236,238,253,221]),
    $neibs(238,[238,237,239,254,222]),
    $neibs(239,[239,238,240,255,223]),
    $neibs(240,[240,239,256,224]),
    $neibs(241,[241,242,225]),
    $neibs(242,[242,241,243,226]),
    $neibs(243,[243,242,244,227]),
    $neibs(244,[244,243,245,228]),
    $neibs(245,[245,244,246,229]),
    $neibs(246,[246,245,247,230]),
    $neibs(247,[247,246,248,231]),
    $neibs(248,[248,247,249,232]),
    $neibs(249,[249,248,250,233]),
    $neibs(250,[250,249,251,234]),
    $neibs(251,[251,250,252,235]),
    $neibs(252,[252,251,253,236]),
    $neibs(253,[253,252,254,237]),
    $neibs(254,[254,253,255,238]),
    $neibs(255,[255,254,256,239]),
    $neibs(256,[256,255,240])
    ],