ins(Graph, As, Avoid, Makespan, SumOfCosts) =>
    Graph = [
    $neibs(1,[1,2,30]),
    $neibs(2,[2,1,3,31]),
    $neibs(30,[30,31,59,1]),
    $neibs(3,[3,2,4,32]),
    $neibs(31,[31,30,32,60,2]),
    $neibs(4,[4,3,5,33]),
    $neibs(32,[32,31,33,61,3]),
    $neibs(5,[5,4,6,34]),
    $neibs(33,[33,32,34,62,4]),
    $neibs(6,[6,5,7,35]),
    $neibs(34,[34,33,35,63,5]),
    $neibs(7,[7,6,8,36]),
    $neibs(35,[35,34,36,64,6]),
    $neibs(8,[8,7,9,37]),
    $neibs(36,[36,35,37,65,7]),
    $neibs(9,[9,8,10,38]),
    $neibs(37,[37,36,38,66,8]),
    $neibs(10,[10,9,11,39]),
    $neibs(38,[38,37,39,67,9]),
    $neibs(11,[11,10,12,40]),
    $neibs(39,[39,38,40,68,10]),
    $neibs(12,[12,11,13,41]),
    $neibs(40,[40,39,41,69,11]),
    $neibs(13,[13,12,14,42]),
    $neibs(41,[41,40,42,70,12]),
    $neibs(14,[14,13,15,43]),
    $neibs(42,[42,41,43,71,13]),
    $neibs(15,[15,14,16,44]),
    $neibs(43,[43,42,44,72,14]),
    $neibs(16,[16,15,17,45]),
    $neibs(44,[44,43,45,73,15]),
    $neibs(17,[17,16,18,46]),
    $neibs(45,[45,44,46,74,16]),
    $neibs(18,[18,17,19,47]),
    $neibs(46,[46,45,47,75,17]),
    $neibs(19,[19,18,48]),
    $neibs(47,[47,46,48,76,18]),
    $neibs(48,[48,47,77,19]),
    $neibs(20,[20,21,49]),
    $neibs(21,[21,20,22,50]),
    $neibs(49,[49,50,78,20]),
    $neibs(22,[22,21,23,51]),
    $neibs(50,[50,49,51,79,21]),
    $neibs(23,[23,22,52]),
    $neibs(51,[51,50,52,80,22]),
    $neibs(52,[52,51,81,23]),
    $neibs(24,[24,25,53]),
    $neibs(25,[25,24,26,54]),
    $neibs(53,[53,54,82,24]),
    $neibs(26,[26,25,27,55]),
    $neibs(54,[54,53,55,83,25]),
    $neibs(27,[27,26,28,56]),
    $neibs(55,[55,54,56,84,26]),
    $neibs(28,[28,27,29,57]),
    $neibs(56,[56,55,57,85,27]),
    $neibs(29,[29,28,58]),
    $neibs(57,[57,56,58,86,28]),
    $neibs(58,[58,57,87,29]),
    $neibs(59,[59,60,88,30]),
    $neibs(60,[60,59,61,89,31]),
    $neibs(61,[61,60,62,90,32]),
    $neibs(62,[62,61,63,91,33]),
    $neibs(63,[63,62,64,92,34]),
    $neibs(64,[64,63,65,93,35]),
    $neibs(65,[65,64,66,94,36]),
    $neibs(66,[66,65,67,95,37]),
    $neibs(67,[67,66,68,96,38]),
    $neibs(68,[68,67,69,97,39]),
    $neibs(69,[69,68,70,98,40]),
    $neibs(70,[70,69,71,99,41]),
    $neibs(71,[71,70,72,100,42]),
    $neibs(72,[72,71,73,101,43]),
    $neibs(73,[73,72,74,102,44]),
    $neibs(74,[74,73,75,103,45]),
    $neibs(75,[75,74,76,104,46]),
    $neibs(76,[76,75,77,105,47]),
    $neibs(77,[77,76,106,48]),
    $neibs(78,[78,79,107,49]),
    $neibs(79,[79,78,80,108,50]),
    $neibs(80,[80,79,81,109,51]),
    $neibs(81,[81,80,110,52]),
    $neibs(82,[82,83,111,53]),
    $neibs(83,[83,82,84,112,54]),
    $neibs(84,[84,83,85,113,55]),
    $neibs(85,[85,84,86,114,56]),
    $neibs(86,[86,85,87,115,57]),
    $neibs(87,[87,86,116,58]),
    $neibs(88,[88,89,117,59]),
    $neibs(89,[89,88,90,118,60]),
    $neibs(90,[90,89,91,119,61]),
    $neibs(91,[91,90,92,120,62]),
    $neibs(92,[92,91,93,63]),
    $neibs(93,[93,92,94,64]),
    $neibs(94,[94,93,95,65]),
    $neibs(95,[95,94,96,66]),
    $neibs(96,[96,95,97,67]),
    $neibs(97,[97,96,98,68]),
    $neibs(98,[98,97,99,121,69]),
    $neibs(99,[99,98,100,122,70]),
    $neibs(100,[100,99,101,123,71]),
    $neibs(101,[101,100,102,124,72]),
    $neibs(102,[102,101,103,73]),
    $neibs(103,[103,102,104,74]),
    $neibs(104,[104,103,105,75]),
    $neibs(105,[105,104,106,76]),
    $neibs(106,[106,105,77]),
    $neibs(107,[107,108,125,78]),
    $neibs(108,[108,107,109,126,79]),
    $neibs(109,[109,108,110,127,80]),
    $neibs(110,[110,109,128,81]),
    $neibs(111,[111,112,82]),
    $neibs(112,[112,111,113,83]),
    $neibs(113,[113,112,114,84]),
    $neibs(114,[114,113,115,85]),
    $neibs(115,[115,114,116,86]),
    $neibs(116,[116,115,129,87]),
    $neibs(117,[117,118,130,88]),
    $neibs(118,[118,117,119,131,89]),
    $neibs(119,[119,118,120,132,90]),
    $neibs(120,[120,119,133,91]),
    $neibs(121,[121,122,139,98]),
    $neibs(122,[122,121,123,140,99]),
    $neibs(123,[123,122,124,141,100]),
    $neibs(124,[124,123,142,101]),
    $neibs(125,[125,126,149,107]),
    $neibs(126,[126,125,127,150,108]),
    $neibs(127,[127,126,128,151,109]),
    $neibs(128,[128,127,152,110]),
    $neibs(129,[129,159,116]),
    $neibs(130,[130,131,160,117]),
    $neibs(131,[131,130,132,161,118]),
    $neibs(132,[132,131,133,162,119]),
    $neibs(133,[133,132,134,163,120]),
    $neibs(139,[139,140,169,121]),
    $neibs(140,[140,139,141,170,122]),
    $neibs(141,[141,140,142,171,123]),
    $neibs(142,[142,141,143,172,124]),
    $neibs(149,[149,148,150,179,125]),
    $neibs(150,[150,149,151,180,126]),
    $neibs(151,[151,150,152,181,127]),
    $neibs(152,[152,151,153,182,128]),
    $neibs(159,[159,158,189,129]),
    $neibs(160,[160,161,190,130]),
    $neibs(161,[161,160,162,191,131]),
    $neibs(162,[162,161,163,192,132]),
    $neibs(134,[134,133,135,164]),
    $neibs(163,[163,162,164,193,133]),
    $neibs(135,[135,134,136,165]),
    $neibs(164,[164,163,165,194,134]),
    $neibs(136,[136,135,137,166]),
    $neibs(165,[165,164,166,195,135]),
    $neibs(137,[137,136,138,167]),
    $neibs(166,[166,165,167,196,136]),
    $neibs(138,[138,137,168]),
    $neibs(167,[167,166,168,197,137]),
    $neibs(168,[168,167,198,138]),
    $neibs(169,[169,170,199,139]),
    $neibs(170,[170,169,171,200,140]),
    $neibs(171,[171,170,172,201,141]),
    $neibs(143,[143,142,144,173]),
    $neibs(172,[172,171,173,202,142]),
    $neibs(144,[144,143,145,174]),
    $neibs(173,[173,172,174,203,143]),
    $neibs(145,[145,144,146,175]),
    $neibs(174,[174,173,175,204,144]),
    $neibs(146,[146,145,147,176]),
    $neibs(175,[175,174,176,205,145]),
    $neibs(147,[147,146,148,177]),
    $neibs(176,[176,175,177,206,146]),
    $neibs(148,[148,147,149,178]),
    $neibs(177,[177,176,178,207,147]),
    $neibs(178,[178,177,179,208,148]),
    $neibs(179,[179,178,180,209,149]),
    $neibs(180,[180,179,181,210,150]),
    $neibs(181,[181,180,182,211,151]),
    $neibs(153,[153,152,154,183]),
    $neibs(182,[182,181,183,212,152]),
    $neibs(154,[154,153,155,184]),
    $neibs(183,[183,182,184,213,153]),
    $neibs(155,[155,154,156,185]),
    $neibs(184,[184,183,185,214,154]),
    $neibs(156,[156,155,157,186]),
    $neibs(185,[185,184,186,215,155]),
    $neibs(157,[157,156,158,187]),
    $neibs(186,[186,185,187,216,156]),
    $neibs(158,[158,157,159,188]),
    $neibs(187,[187,186,188,217,157]),
    $neibs(188,[188,187,189,218,158]),
    $neibs(189,[189,188,219,159]),
    $neibs(190,[190,191,220,160]),
    $neibs(191,[191,190,192,221,161]),
    $neibs(192,[192,191,193,222,162]),
    $neibs(193,[193,192,194,223,163]),
    $neibs(194,[194,193,195,224,164]),
    $neibs(195,[195,194,196,225,165]),
    $neibs(196,[196,195,197,226,166]),
    $neibs(197,[197,196,198,227,167]),
    $neibs(198,[198,197,228,168]),
    $neibs(199,[199,200,229,169]),
    $neibs(200,[200,199,201,230,170]),
    $neibs(201,[201,200,202,231,171]),
    $neibs(202,[202,201,203,232,172]),
    $neibs(203,[203,202,204,233,173]),
    $neibs(204,[204,203,205,234,174]),
    $neibs(205,[205,204,206,235,175]),
    $neibs(206,[206,205,207,236,176]),
    $neibs(207,[207,206,208,237,177]),
    $neibs(208,[208,207,209,238,178]),
    $neibs(209,[209,208,210,239,179]),
    $neibs(210,[210,209,211,240,180]),
    $neibs(211,[211,210,212,241,181]),
    $neibs(212,[212,211,213,242,182]),
    $neibs(213,[213,212,214,243,183]),
    $neibs(214,[214,213,215,244,184]),
    $neibs(215,[215,214,216,245,185]),
    $neibs(216,[216,215,217,246,186]),
    $neibs(217,[217,216,218,247,187]),
    $neibs(218,[218,217,219,248,188]),
    $neibs(219,[219,218,249,189]),
    $neibs(220,[220,221,190]),
    $neibs(221,[221,220,222,191]),
    $neibs(222,[222,221,223,192]),
    $neibs(223,[223,222,224,193]),
    $neibs(224,[224,223,225,194]),
    $neibs(225,[225,224,226,195]),
    $neibs(226,[226,225,227,196]),
    $neibs(227,[227,226,228,197]),
    $neibs(228,[228,227,198]),
    $neibs(229,[229,230,199]),
    $neibs(230,[230,229,231,200]),
    $neibs(231,[231,230,232,201]),
    $neibs(232,[232,231,233,202]),
    $neibs(233,[233,232,234,203]),
    $neibs(234,[234,233,235,250,204]),
    $neibs(235,[235,234,236,251,205]),
    $neibs(236,[236,235,237,252,206]),
    $neibs(237,[237,236,238,253,207]),
    $neibs(238,[238,237,239,208]),
    $neibs(239,[239,238,240,254,209]),
    $neibs(240,[240,239,241,255,210]),
    $neibs(241,[241,240,242,256,211]),
    $neibs(242,[242,241,243,257,212]),
    $neibs(243,[243,242,244,213]),
    $neibs(244,[244,243,245,214]),
    $neibs(245,[245,244,246,215]),
    $neibs(246,[246,245,247,216]),
    $neibs(247,[247,246,248,217]),
    $neibs(248,[248,247,249,218]),
    $neibs(249,[249,248,219]),
    $neibs(250,[250,251,273,234]),
    $neibs(251,[251,250,252,274,235]),
    $neibs(252,[252,251,253,275,236]),
    $neibs(253,[253,252,276,237]),
    $neibs(254,[254,255,277,239]),
    $neibs(255,[255,254,256,278,240]),
    $neibs(256,[256,255,257,279,241]),
    $neibs(257,[257,256,280,242]),
    $neibs(273,[273,272,274,302,250]),
    $neibs(274,[274,273,275,303,251]),
    $neibs(275,[275,274,276,304,252]),
    $neibs(276,[276,275,305,253]),
    $neibs(277,[277,278,306,254]),
    $neibs(278,[278,277,279,307,255]),
    $neibs(279,[279,278,280,308,256]),
    $neibs(280,[280,279,309,257]),
    $neibs(258,[258,259,287]),
    $neibs(259,[259,258,260,288]),
    $neibs(287,[287,288,316,258]),
    $neibs(260,[260,259,261,289]),
    $neibs(288,[288,287,289,317,259]),
    $neibs(261,[261,260,262,290]),
    $neibs(289,[289,288,290,318,260]),
    $neibs(262,[262,261,263,291]),
    $neibs(290,[290,289,291,319,261]),
    $neibs(263,[263,262,264,292]),
    $neibs(291,[291,290,292,320,262]),
    $neibs(264,[264,263,265,293]),
    $neibs(292,[292,291,293,321,263]),
    $neibs(265,[265,264,266,294]),
    $neibs(293,[293,292,294,322,264]),
    $neibs(266,[266,265,267,295]),
    $neibs(294,[294,293,295,323,265]),
    $neibs(267,[267,266,268,296]),
    $neibs(295,[295,294,296,324,266]),
    $neibs(268,[268,267,269,297]),
    $neibs(296,[296,295,297,325,267]),
    $neibs(269,[269,268,270,298]),
    $neibs(297,[297,296,298,326,268]),
    $neibs(270,[270,269,271,299]),
    $neibs(298,[298,297,299,327,269]),
    $neibs(271,[271,270,272,300]),
    $neibs(299,[299,298,300,328,270]),
    $neibs(272,[272,271,273,301]),
    $neibs(300,[300,299,301,329,271]),
    $neibs(301,[301,300,302,330,272]),
    $neibs(302,[302,301,303,331,273]),
    $neibs(303,[303,302,304,332,274]),
    $neibs(304,[304,303,305,333,275]),
    $neibs(305,[305,304,334,276]),
    $neibs(306,[306,307,335,277]),
    $neibs(307,[307,306,308,336,278]),
    $neibs(308,[308,307,309,337,279]),
    $neibs(309,[309,308,338,280]),
    $neibs(281,[281,282,310]),
    $neibs(282,[282,281,283,311]),
    $neibs(310,[310,311,339,281]),
    $neibs(283,[283,282,284,312]),
    $neibs(311,[311,310,312,340,282]),
    $neibs(284,[284,283,285,313]),
    $neibs(312,[312,311,313,341,283]),
    $neibs(285,[285,284,286,314]),
    $neibs(313,[313,312,314,342,284]),
    $neibs(286,[286,285,315]),
    $neibs(314,[314,313,315,343,285]),
    $neibs(315,[315,314,344,286]),
    $neibs(316,[316,317,345,287]),
    $neibs(317,[317,316,318,346,288]),
    $neibs(318,[318,317,319,347,289]),
    $neibs(319,[319,318,320,348,290]),
    $neibs(320,[320,319,321,349,291]),
    $neibs(321,[321,320,322,350,292]),
    $neibs(322,[322,321,323,351,293]),
    $neibs(323,[323,322,324,352,294]),
    $neibs(324,[324,323,325,353,295]),
    $neibs(325,[325,324,326,354,296]),
    $neibs(326,[326,325,327,355,297]),
    $neibs(327,[327,326,328,356,298]),
    $neibs(328,[328,327,329,357,299]),
    $neibs(329,[329,328,330,358,300]),
    $neibs(330,[330,329,331,359,301]),
    $neibs(331,[331,330,332,360,302]),
    $neibs(332,[332,331,333,361,303]),
    $neibs(333,[333,332,334,362,304]),
    $neibs(334,[334,333,363,305]),
    $neibs(335,[335,336,364,306]),
    $neibs(336,[336,335,337,365,307]),
    $neibs(337,[337,336,338,366,308]),
    $neibs(338,[338,337,367,309]),
    $neibs(339,[339,340,368,310]),
    $neibs(340,[340,339,341,369,311]),
    $neibs(341,[341,340,342,370,312]),
    $neibs(342,[342,341,343,371,313]),
    $neibs(343,[343,342,344,372,314]),
    $neibs(344,[344,343,373,315]),
    $neibs(345,[345,346,374,316]),
    $neibs(346,[346,345,347,375,317]),
    $neibs(347,[347,346,348,376,318]),
    $neibs(348,[348,347,349,377,319]),
    $neibs(349,[349,348,350,320]),
    $neibs(350,[350,349,351,321]),
    $neibs(351,[351,350,352,322]),
    $neibs(352,[352,351,353,323]),
    $neibs(353,[353,352,354,324]),
    $neibs(354,[354,353,355,325]),
    $neibs(355,[355,354,356,326]),
    $neibs(356,[356,355,357,327]),
    $neibs(357,[357,356,358,328]),
    $neibs(358,[358,357,359,329]),
    $neibs(359,[359,358,360,330]),
    $neibs(360,[360,359,361,331]),
    $neibs(361,[361,360,362,332]),
    $neibs(362,[362,361,363,333]),
    $neibs(363,[363,362,334]),
    $neibs(364,[364,365,335]),
    $neibs(365,[365,364,366,336]),
    $neibs(366,[366,365,367,337]),
    $neibs(367,[367,366,338]),
    $neibs(368,[368,369,378,339]),
    $neibs(369,[369,368,370,379,340]),
    $neibs(370,[370,369,371,380,341]),
    $neibs(371,[371,370,372,381,342]),
    $neibs(372,[372,371,373,343]),
    $neibs(373,[373,372,382,344]),
    $neibs(374,[374,375,383,345]),
    $neibs(375,[375,374,376,384,346]),
    $neibs(376,[376,375,377,385,347]),
    $neibs(377,[377,376,386,348]),
    $neibs(378,[378,379,408,368]),
    $neibs(379,[379,378,380,409,369]),
    $neibs(380,[380,379,381,410,370]),
    $neibs(381,[381,380,411,371]),
    $neibs(382,[382,412,373]),
    $neibs(383,[383,384,413,374]),
    $neibs(384,[384,383,385,414,375]),
    $neibs(385,[385,384,386,415,376]),
    $neibs(386,[386,385,387,416,377]),
    $neibs(408,[408,407,409,438,378]),
    $neibs(409,[409,408,410,439,379]),
    $neibs(410,[410,409,411,440,380]),
    $neibs(411,[411,410,441,381]),
    $neibs(412,[412,442,382]),
    $neibs(413,[413,414,443,383]),
    $neibs(414,[414,413,415,444,384]),
    $neibs(415,[415,414,416,445,385]),
    $neibs(387,[387,386,388,417]),
    $neibs(416,[416,415,417,446,386]),
    $neibs(388,[388,387,389,418]),
    $neibs(417,[417,416,418,447,387]),
    $neibs(389,[389,388,390,419]),
    $neibs(418,[418,417,419,448,388]),
    $neibs(390,[390,389,391,420]),
    $neibs(419,[419,418,420,449,389]),
    $neibs(391,[391,390,392,421]),
    $neibs(420,[420,419,421,450,390]),
    $neibs(392,[392,391,393,422]),
    $neibs(421,[421,420,422,451,391]),
    $neibs(393,[393,392,394,423]),
    $neibs(422,[422,421,423,452,392]),
    $neibs(394,[394,393,395,424]),
    $neibs(423,[423,422,424,453,393]),
    $neibs(395,[395,394,396,425]),
    $neibs(424,[424,423,425,454,394]),
    $neibs(396,[396,395,397,426]),
    $neibs(425,[425,424,426,455,395]),
    $neibs(397,[397,396,398,427]),
    $neibs(426,[426,425,427,456,396]),
    $neibs(398,[398,397,399,428]),
    $neibs(427,[427,426,428,457,397]),
    $neibs(399,[399,398,400,429]),
    $neibs(428,[428,427,429,458,398]),
    $neibs(400,[400,399,401,430]),
    $neibs(429,[429,428,430,459,399]),
    $neibs(401,[401,400,402,431]),
    $neibs(430,[430,429,431,460,400]),
    $neibs(402,[402,401,403,432]),
    $neibs(431,[431,430,432,461,401]),
    $neibs(403,[403,402,404,433]),
    $neibs(432,[432,431,433,462,402]),
    $neibs(404,[404,403,405,434]),
    $neibs(433,[433,432,434,463,403]),
    $neibs(405,[405,404,406,435]),
    $neibs(434,[434,433,435,464,404]),
    $neibs(406,[406,405,407,436]),
    $neibs(435,[435,434,436,465,405]),
    $neibs(407,[407,406,408,437]),
    $neibs(436,[436,435,437,466,406]),
    $neibs(437,[437,436,438,467,407]),
    $neibs(438,[438,437,439,468,408]),
    $neibs(439,[439,438,440,469,409]),
    $neibs(440,[440,439,441,470,410]),
    $neibs(441,[441,440,471,411]),
    $neibs(442,[442,472,412]),
    $neibs(443,[443,444,473,413]),
    $neibs(444,[444,443,445,474,414]),
    $neibs(445,[445,444,446,475,415]),
    $neibs(446,[446,445,447,476,416]),
    $neibs(447,[447,446,448,477,417]),
    $neibs(448,[448,447,449,478,418]),
    $neibs(449,[449,448,450,479,419]),
    $neibs(450,[450,449,451,480,420]),
    $neibs(451,[451,450,452,481,421]),
    $neibs(452,[452,451,453,482,422]),
    $neibs(453,[453,452,454,483,423]),
    $neibs(454,[454,453,455,484,424]),
    $neibs(455,[455,454,456,485,425]),
    $neibs(456,[456,455,457,486,426]),
    $neibs(457,[457,456,458,487,427]),
    $neibs(458,[458,457,459,488,428]),
    $neibs(459,[459,458,460,489,429]),
    $neibs(460,[460,459,461,490,430]),
    $neibs(461,[461,460,462,491,431]),
    $neibs(462,[462,461,463,492,432]),
    $neibs(463,[463,462,464,493,433]),
    $neibs(464,[464,463,465,494,434]),
    $neibs(465,[465,464,466,495,435]),
    $neibs(466,[466,465,467,496,436]),
    $neibs(467,[467,466,468,497,437]),
    $neibs(468,[468,467,469,498,438]),
    $neibs(469,[469,468,470,499,439]),
    $neibs(470,[470,469,471,500,440]),
    $neibs(471,[471,470,501,441]),
    $neibs(472,[472,502,442]),
    $neibs(473,[473,474,503,443]),
    $neibs(474,[474,473,475,504,444]),
    $neibs(475,[475,474,476,505,445]),
    $neibs(476,[476,475,477,506,446]),
    $neibs(477,[477,476,478,447]),
    $neibs(478,[478,477,479,448]),
    $neibs(479,[479,478,480,449]),
    $neibs(480,[480,479,481,450]),
    $neibs(481,[481,480,482,451]),
    $neibs(482,[482,481,483,452]),
    $neibs(483,[483,482,484,453]),
    $neibs(484,[484,483,485,454]),
    $neibs(485,[485,484,486,455]),
    $neibs(486,[486,485,487,456]),
    $neibs(487,[487,486,488,457]),
    $neibs(488,[488,487,489,458]),
    $neibs(489,[489,488,490,459]),
    $neibs(490,[490,489,491,460]),
    $neibs(491,[491,490,492,461]),
    $neibs(492,[492,491,493,462]),
    $neibs(493,[493,492,494,507,463]),
    $neibs(494,[494,493,495,508,464]),
    $neibs(495,[495,494,496,509,465]),
    $neibs(496,[496,495,497,510,466]),
    $neibs(497,[497,496,498,467]),
    $neibs(498,[498,497,499,468]),
    $neibs(499,[499,498,500,469]),
    $neibs(500,[500,499,501,470]),
    $neibs(501,[501,500,471]),
    $neibs(502,[502,472]),
    $neibs(503,[503,504,511,473]),
    $neibs(504,[504,503,505,512,474]),
    $neibs(505,[505,504,506,513,475]),
    $neibs(506,[506,505,514,476]),
    $neibs(507,[507,508,529,493]),
    $neibs(508,[508,507,509,530,494]),
    $neibs(509,[509,508,510,531,495]),
    $neibs(510,[510,509,532,496]),
    $neibs(511,[511,512,539,503]),
    $neibs(512,[512,511,513,540,504]),
    $neibs(513,[513,512,514,541,505]),
    $neibs(514,[514,513,515,542,506]),
    $neibs(529,[529,528,530,557,507]),
    $neibs(530,[530,529,531,558,508]),
    $neibs(531,[531,530,532,559,509]),
    $neibs(532,[532,531,560,510]),
    $neibs(539,[539,540,567,511]),
    $neibs(540,[540,539,541,568,512]),
    $neibs(541,[541,540,542,569,513]),
    $neibs(515,[515,514,516,543]),
    $neibs(542,[542,541,543,570,514]),
    $neibs(516,[516,515,517,544]),
    $neibs(543,[543,542,544,571,515]),
    $neibs(517,[517,516,518,545]),
    $neibs(544,[544,543,545,572,516]),
    $neibs(518,[518,517,519,546]),
    $neibs(545,[545,544,546,573,517]),
    $neibs(519,[519,518,547]),
    $neibs(546,[546,545,547,574,518]),
    $neibs(547,[547,546,575,519]),
    $neibs(520,[520,521,548]),
    $neibs(521,[521,520,522,549]),
    $neibs(548,[548,549,576,520]),
    $neibs(522,[522,521,523,550]),
    $neibs(549,[549,548,550,577,521]),
    $neibs(523,[523,522,551]),
    $neibs(550,[550,549,551,578,522]),
    $neibs(551,[551,550,579,523]),
    $neibs(524,[524,525,552]),
    $neibs(525,[525,524,526,553]),
    $neibs(552,[552,553,580,524]),
    $neibs(526,[526,525,527,554]),
    $neibs(553,[553,552,554,581,525]),
    $neibs(527,[527,526,528,555]),
    $neibs(554,[554,553,555,582,526]),
    $neibs(528,[528,527,529,556]),
    $neibs(555,[555,554,556,583,527]),
    $neibs(556,[556,555,557,584,528]),
    $neibs(557,[557,556,558,585,529]),
    $neibs(558,[558,557,559,586,530]),
    $neibs(559,[559,558,560,587,531]),
    $neibs(560,[560,559,588,532]),
    $neibs(533,[533,534,561]),
    $neibs(534,[534,533,535,562]),
    $neibs(561,[561,562,589,533]),
    $neibs(535,[535,534,536,563]),
    $neibs(562,[562,561,563,590,534]),
    $neibs(536,[536,535,537,564]),
    $neibs(563,[563,562,564,591,535]),
    $neibs(537,[537,536,538,565]),
    $neibs(564,[564,563,565,592,536]),
    $neibs(538,[538,537,566]),
    $neibs(565,[565,564,566,593,537]),
    $neibs(566,[566,565,594,538]),
    $neibs(567,[567,568,595,539]),
    $neibs(568,[568,567,569,596,540]),
    $neibs(569,[569,568,570,597,541]),
    $neibs(570,[570,569,571,598,542]),
    $neibs(571,[571,570,572,599,543]),
    $neibs(572,[572,571,573,600,544]),
    $neibs(573,[573,572,574,601,545]),
    $neibs(574,[574,573,575,602,546]),
    $neibs(575,[575,574,603,547]),
    $neibs(576,[576,577,604,548]),
    $neibs(577,[577,576,578,605,549]),
    $neibs(578,[578,577,579,606,550]),
    $neibs(579,[579,578,607,551]),
    $neibs(580,[580,581,608,552]),
    $neibs(581,[581,580,582,609,553]),
    $neibs(582,[582,581,583,610,554]),
    $neibs(583,[583,582,584,611,555]),
    $neibs(584,[584,583,585,612,556]),
    $neibs(585,[585,584,586,613,557]),
    $neibs(586,[586,585,587,614,558]),
    $neibs(587,[587,586,588,615,559]),
    $neibs(588,[588,587,616,560]),
    $neibs(589,[589,590,617,561]),
    $neibs(590,[590,589,591,618,562]),
    $neibs(591,[591,590,592,619,563]),
    $neibs(592,[592,591,593,620,564]),
    $neibs(593,[593,592,594,621,565]),
    $neibs(594,[594,593,622,566]),
    $neibs(595,[595,596,623,567]),
    $neibs(596,[596,595,597,624,568]),
    $neibs(597,[597,596,598,625,569]),
    $neibs(598,[598,597,599,626,570]),
    $neibs(599,[599,598,600,571]),
    $neibs(600,[600,599,601,627,572]),
    $neibs(601,[601,600,602,628,573]),
    $neibs(602,[602,601,603,629,574]),
    $neibs(603,[603,602,630,575]),
    $neibs(604,[604,605,631,576]),
    $neibs(605,[605,604,606,632,577]),
    $neibs(606,[606,605,607,633,578]),
    $neibs(607,[607,606,634,579]),
    $neibs(608,[608,609,580]),
    $neibs(609,[609,608,610,581]),
    $neibs(610,[610,609,611,582]),
    $neibs(611,[611,610,612,583]),
    $neibs(612,[612,611,613,584]),
    $neibs(613,[613,612,614,585]),
    $neibs(614,[614,613,615,586]),
    $neibs(615,[615,614,616,587]),
    $neibs(616,[616,615,588]),
    $neibs(617,[617,618,589]),
    $neibs(618,[618,617,619,590]),
    $neibs(619,[619,618,620,591]),
    $neibs(620,[620,619,621,592]),
    $neibs(621,[621,620,622,593]),
    $neibs(622,[622,621,635,594]),
    $neibs(623,[623,624,636,595]),
    $neibs(624,[624,623,625,637,596]),
    $neibs(625,[625,624,626,638,597]),
    $neibs(626,[626,625,639,598]),
    $neibs(627,[627,628,640,600]),
    $neibs(628,[628,627,629,641,601]),
    $neibs(629,[629,628,630,642,602]),
    $neibs(630,[630,629,643,603]),
    $neibs(631,[631,632,644,604]),
    $neibs(632,[632,631,633,645,605]),
    $neibs(633,[633,632,634,646,606]),
    $neibs(634,[634,633,647,607]),
    $neibs(635,[635,664,622]),
    $neibs(636,[636,637,665,623]),
    $neibs(637,[637,636,638,666,624]),
    $neibs(638,[638,637,639,667,625]),
    $neibs(639,[639,638,668,626]),
    $neibs(640,[640,641,669,627]),
    $neibs(641,[641,640,642,670,628]),
    $neibs(642,[642,641,643,671,629]),
    $neibs(643,[643,642,672,630]),
    $neibs(644,[644,645,673,631]),
    $neibs(645,[645,644,646,674,632]),
    $neibs(646,[646,645,647,675,633]),
    $neibs(647,[647,646,648,676,634]),
    $neibs(664,[664,663,693,635]),
    $neibs(665,[665,666,694,636]),
    $neibs(666,[666,665,667,695,637]),
    $neibs(667,[667,666,668,696,638]),
    $neibs(668,[668,667,697,639]),
    $neibs(669,[669,670,698,640]),
    $neibs(670,[670,669,671,699,641]),
    $neibs(671,[671,670,672,700,642]),
    $neibs(672,[672,671,701,643]),
    $neibs(673,[673,674,702,644]),
    $neibs(674,[674,673,675,703,645]),
    $neibs(675,[675,674,676,704,646]),
    $neibs(648,[648,647,649,677]),
    $neibs(676,[676,675,677,705,647]),
    $neibs(649,[649,648,650,678]),
    $neibs(677,[677,676,678,706,648]),
    $neibs(650,[650,649,651,679]),
    $neibs(678,[678,677,679,707,649]),
    $neibs(651,[651,650,652,680]),
    $neibs(679,[679,678,680,708,650]),
    $neibs(652,[652,651,653,681]),
    $neibs(680,[680,679,681,709,651]),
    $neibs(653,[653,652,654,682]),
    $neibs(681,[681,680,682,710,652]),
    $neibs(654,[654,653,655,683]),
    $neibs(682,[682,681,683,711,653]),
    $neibs(655,[655,654,656,684]),
    $neibs(683,[683,682,684,712,654]),
    $neibs(656,[656,655,657,685]),
    $neibs(684,[684,683,685,713,655]),
    $neibs(657,[657,656,658,686]),
    $neibs(685,[685,684,686,714,656]),
    $neibs(658,[658,657,659,687]),
    $neibs(686,[686,685,687,715,657]),
    $neibs(659,[659,658,660,688]),
    $neibs(687,[687,686,688,716,658]),
    $neibs(660,[660,659,661,689]),
    $neibs(688,[688,687,689,717,659]),
    $neibs(661,[661,660,662,690]),
    $neibs(689,[689,688,690,718,660]),
    $neibs(662,[662,661,663,691]),
    $neibs(690,[690,689,691,719,661]),
    $neibs(663,[663,662,664,692]),
    $neibs(691,[691,690,692,720,662]),
    $neibs(692,[692,691,693,721,663]),
    $neibs(693,[693,692,722,664]),
    $neibs(694,[694,695,723,665]),
    $neibs(695,[695,694,696,724,666]),
    $neibs(696,[696,695,697,725,667]),
    $neibs(697,[697,696,726,668]),
    $neibs(698,[698,699,727,669]),
    $neibs(699,[699,698,700,728,670]),
    $neibs(700,[700,699,701,729,671]),
    $neibs(701,[701,700,730,672]),
    $neibs(702,[702,703,731,673]),
    $neibs(703,[703,702,704,732,674]),
    $neibs(704,[704,703,705,733,675]),
    $neibs(705,[705,704,706,734,676]),
    $neibs(706,[706,705,707,735,677]),
    $neibs(707,[707,706,708,736,678]),
    $neibs(708,[708,707,709,737,679]),
    $neibs(709,[709,708,710,738,680]),
    $neibs(710,[710,709,711,739,681]),
    $neibs(711,[711,710,712,740,682]),
    $neibs(712,[712,711,713,741,683]),
    $neibs(713,[713,712,714,742,684]),
    $neibs(714,[714,713,715,743,685]),
    $neibs(715,[715,714,716,744,686]),
    $neibs(716,[716,715,717,745,687]),
    $neibs(717,[717,716,718,746,688]),
    $neibs(718,[718,717,719,747,689]),
    $neibs(719,[719,718,720,748,690]),
    $neibs(720,[720,719,721,749,691]),
    $neibs(721,[721,720,722,750,692]),
    $neibs(722,[722,721,751,693]),
    $neibs(723,[723,724,694]),
    $neibs(724,[724,723,725,695]),
    $neibs(725,[725,724,726,696]),
    $neibs(726,[726,725,697]),
    $neibs(727,[727,728,752,698]),
    $neibs(728,[728,727,729,753,699]),
    $neibs(729,[729,728,730,754,700]),
    $neibs(730,[730,729,755,701]),
    $neibs(731,[731,732,702]),
    $neibs(732,[732,731,733,703]),
    $neibs(733,[733,732,734,704]),
    $neibs(734,[734,733,735,705]),
    $neibs(735,[735,734,736,706]),
    $neibs(736,[736,735,737,707]),
    $neibs(737,[737,736,738,708]),
    $neibs(738,[738,737,739,709]),
    $neibs(739,[739,738,740,710]),
    $neibs(740,[740,739,741,711]),
    $neibs(741,[741,740,742,712]),
    $neibs(742,[742,741,743,713]),
    $neibs(743,[743,742,744,714]),
    $neibs(744,[744,743,745,715]),
    $neibs(745,[745,744,746,716]),
    $neibs(746,[746,745,747,756,717]),
    $neibs(747,[747,746,748,757,718]),
    $neibs(748,[748,747,749,758,719]),
    $neibs(749,[749,748,750,759,720]),
    $neibs(750,[750,749,751,721]),
    $neibs(751,[751,750,760,722]),
    $neibs(752,[752,753,766,727]),
    $neibs(753,[753,752,754,767,728]),
    $neibs(754,[754,753,755,768,729]),
    $neibs(755,[755,754,769,730]),
    $neibs(756,[756,757,786,746]),
    $neibs(757,[757,756,758,787,747]),
    $neibs(758,[758,757,759,788,748]),
    $neibs(759,[759,758,789,749]),
    $neibs(760,[760,790,751]),
    $neibs(766,[766,765,767,752]),
    $neibs(767,[767,766,768,753]),
    $neibs(768,[768,767,769,754]),
    $neibs(769,[769,768,770,755]),
    $neibs(786,[786,785,787,756]),
    $neibs(787,[787,786,788,757]),
    $neibs(788,[788,787,789,758]),
    $neibs(789,[789,788,759]),
    $neibs(790,[790,760]),
    $neibs(761,[761,762]),
    $neibs(762,[762,761,763]),
    $neibs(763,[763,762,764]),
    $neibs(764,[764,763,765]),
    $neibs(765,[765,764,766]),
    $neibs(770,[770,769,771]),
    $neibs(771,[771,770,772]),
    $neibs(772,[772,771,773]),
    $neibs(773,[773,772,774]),
    $neibs(774,[774,773,775]),
    $neibs(775,[775,774,776]),
    $neibs(776,[776,775,777]),
    $neibs(777,[777,776,778]),
    $neibs(778,[778,777,779]),
    $neibs(779,[779,778,780]),
    $neibs(780,[780,779,781]),
    $neibs(781,[781,780,782]),
    $neibs(782,[782,781,783]),
    $neibs(783,[783,782,784]),
    $neibs(784,[784,783,785]),
    $neibs(785,[785,784,786]),
    ],