ins(Graph, As, Avoid, Makespan, SumOfCosts) =>
    Graph = [
    $neibs(1,[1,2,30]),
    $neibs(2,[2,1,31]),
    $neibs(30,[30,31,59,1]),
    $neibs(31,[31,30,60,2]),
    $neibs(3,[3,4,32]),
    $neibs(4,[4,3,33]),
    $neibs(32,[32,33,61,3]),
    $neibs(33,[33,32,62,4]),
    $neibs(5,[5,6,34]),
    $neibs(6,[6,5,7,35]),
    $neibs(34,[34,35,63,5]),
    $neibs(7,[7,6,8,36]),
    $neibs(35,[35,34,36,64,6]),
    $neibs(8,[8,7,9,37]),
    $neibs(36,[36,35,37,7]),
    $neibs(9,[9,8,10,38]),
    $neibs(37,[37,36,38,8]),
    $neibs(10,[10,9,11,39]),
    $neibs(38,[38,37,39,9]),
    $neibs(11,[11,10,12,40]),
    $neibs(39,[39,38,40,10]),
    $neibs(12,[12,11,13,41]),
    $neibs(40,[40,39,41,11]),
    $neibs(13,[13,12,14,42]),
    $neibs(41,[41,40,42,12]),
    $neibs(14,[14,13,15,43]),
    $neibs(42,[42,41,43,13]),
    $neibs(15,[15,14,16,44]),
    $neibs(43,[43,42,44,14]),
    $neibs(16,[16,15,17,45]),
    $neibs(44,[44,43,45,15]),
    $neibs(17,[17,16,18,46]),
    $neibs(45,[45,44,46,16]),
    $neibs(18,[18,17,19,47]),
    $neibs(46,[46,45,47,17]),
    $neibs(19,[19,18,20,48]),
    $neibs(47,[47,46,48,18]),
    $neibs(20,[20,19,21,49]),
    $neibs(48,[48,47,49,19]),
    $neibs(21,[21,20,22,50]),
    $neibs(49,[49,48,50,65,20]),
    $neibs(22,[22,21,23,51]),
    $neibs(50,[50,49,51,66,21]),
    $neibs(23,[23,22,24,52]),
    $neibs(51,[51,50,52,22]),
    $neibs(24,[24,23,25,53]),
    $neibs(52,[52,51,53,23]),
    $neibs(25,[25,24,26,54]),
    $neibs(53,[53,52,54,24]),
    $neibs(26,[26,25,27,55]),
    $neibs(54,[54,53,55,25]),
    $neibs(27,[27,26,28,56]),
    $neibs(55,[55,54,56,67,26]),
    $neibs(28,[28,27,29,57]),
    $neibs(56,[56,55,57,68,27]),
    $neibs(29,[29,28,58]),
    $neibs(57,[57,56,58,28]),
    $neibs(58,[58,57,69,29]),
    $neibs(59,[59,60,70,30]),
    $neibs(60,[60,59,71,31]),
    $neibs(61,[61,62,73,32]),
    $neibs(62,[62,61,74,33]),
    $neibs(63,[63,64,75,34]),
    $neibs(64,[64,63,76,35]),
    $neibs(65,[65,66,89,49]),
    $neibs(66,[66,65,90,50]),
    $neibs(67,[67,68,93,55]),
    $neibs(68,[68,67,94,56]),
    $neibs(69,[69,95,58]),
    $neibs(70,[70,71,96,59]),
    $neibs(71,[71,70,72,97,60]),
    $neibs(73,[73,72,74,99,61]),
    $neibs(74,[74,73,100,62]),
    $neibs(75,[75,76,101,63]),
    $neibs(76,[76,75,77,102,64]),
    $neibs(89,[89,90,115,65]),
    $neibs(90,[90,89,116,66]),
    $neibs(93,[93,94,119,67]),
    $neibs(94,[94,93,120,68]),
    $neibs(95,[95,121,69]),
    $neibs(96,[96,97,122,70]),
    $neibs(72,[72,71,73,98]),
    $neibs(97,[97,96,98,123,71]),
    $neibs(98,[98,97,99,72]),
    $neibs(99,[99,98,100,73]),
    $neibs(100,[100,99,74]),
    $neibs(101,[101,102,75]),
    $neibs(77,[77,76,78,103]),
    $neibs(102,[102,101,103,76]),
    $neibs(78,[78,77,79,104]),
    $neibs(103,[103,102,104,77]),
    $neibs(79,[79,78,80,105]),
    $neibs(104,[104,103,105,124,78]),
    $neibs(80,[80,79,81,106]),
    $neibs(105,[105,104,106,125,79]),
    $neibs(81,[81,80,82,107]),
    $neibs(106,[106,105,107,80]),
    $neibs(82,[82,81,83,108]),
    $neibs(107,[107,106,108,81]),
    $neibs(83,[83,82,84,109]),
    $neibs(108,[108,107,109,82]),
    $neibs(84,[84,83,85,110]),
    $neibs(109,[109,108,110,83]),
    $neibs(85,[85,84,86,111]),
    $neibs(110,[110,109,111,84]),
    $neibs(86,[86,85,87,112]),
    $neibs(111,[111,110,112,85]),
    $neibs(87,[87,86,88,113]),
    $neibs(112,[112,111,113,86]),
    $neibs(88,[88,87,114]),
    $neibs(113,[113,112,114,87]),
    $neibs(114,[114,113,88]),
    $neibs(115,[115,116,126,89]),
    $neibs(116,[116,115,127,90]),
    $neibs(91,[91,92,117]),
    $neibs(92,[92,91,118]),
    $neibs(117,[117,118,128,91]),
    $neibs(118,[118,117,129,92]),
    $neibs(119,[119,120,93]),
    $neibs(120,[120,119,94]),
    $neibs(121,[121,130,95]),
    $neibs(122,[122,123,131,96]),
    $neibs(123,[123,122,132,97]),
    $neibs(124,[124,125,140,104]),
    $neibs(125,[125,124,141,105]),
    $neibs(126,[126,127,151,115]),
    $neibs(127,[127,126,152,116]),
    $neibs(128,[128,129,153,117]),
    $neibs(129,[129,128,154,118]),
    $neibs(130,[130,158,121]),
    $neibs(131,[131,132,159,122]),
    $neibs(132,[132,131,133,160,123]),
    $neibs(140,[140,139,141,168,124]),
    $neibs(141,[141,140,169,125]),
    $neibs(151,[151,150,152,179,126]),
    $neibs(152,[152,151,180,127]),
    $neibs(153,[153,154,181,128]),
    $neibs(154,[154,153,155,182,129]),
    $neibs(158,[158,186,130]),
    $neibs(159,[159,160,131]),
    $neibs(133,[133,132,134,161]),
    $neibs(160,[160,159,161,132]),
    $neibs(134,[134,133,135,162]),
    $neibs(161,[161,160,162,133]),
    $neibs(135,[135,134,136,163]),
    $neibs(162,[162,161,163,134]),
    $neibs(136,[136,135,137,164]),
    $neibs(163,[163,162,164,135]),
    $neibs(137,[137,136,138,165]),
    $neibs(164,[164,163,165,136]),
    $neibs(138,[138,137,139,166]),
    $neibs(165,[165,164,166,137]),
    $neibs(139,[139,138,140,167]),
    $neibs(166,[166,165,167,138]),
    $neibs(167,[167,166,168,139]),
    $neibs(168,[168,167,169,140]),
    $neibs(169,[169,168,141]),
    $neibs(142,[142,143,170]),
    $neibs(143,[143,142,144,171]),
    $neibs(170,[170,171,187,142]),
    $neibs(144,[144,143,145,172]),
    $neibs(171,[171,170,172,188,143]),
    $neibs(145,[145,144,146,173]),
    $neibs(172,[172,171,173,144]),
    $neibs(146,[146,145,147,174]),
    $neibs(173,[173,172,174,145]),
    $neibs(147,[147,146,148,175]),
    $neibs(174,[174,173,175,146]),
    $neibs(148,[148,147,149,176]),
    $neibs(175,[175,174,176,147]),
    $neibs(149,[149,148,150,177]),
    $neibs(176,[176,175,177,189,148]),
    $neibs(150,[150,149,151,178]),
    $neibs(177,[177,176,178,190,149]),
    $neibs(178,[178,177,179,150]),
    $neibs(179,[179,178,180,151]),
    $neibs(180,[180,179,152]),
    $neibs(181,[181,182,191,153]),
    $neibs(155,[155,154,156,183]),
    $neibs(182,[182,181,183,192,154]),
    $neibs(156,[156,155,157,184]),
    $neibs(183,[183,182,184,155]),
    $neibs(157,[157,156,185]),
    $neibs(184,[184,183,185,156]),
    $neibs(185,[185,184,157]),
    $neibs(186,[186,158]),
    $neibs(187,[187,188,205,170]),
    $neibs(188,[188,187,206,171]),
    $neibs(189,[189,190,210,176]),
    $neibs(190,[190,189,211,177]),
    $neibs(191,[191,192,214,181]),
    $neibs(192,[192,191,215,182]),
    $neibs(205,[205,204,206,232,187]),
    $neibs(206,[206,205,233,188]),
    $neibs(210,[210,209,211,237,189]),
    $neibs(211,[211,210,238,190]),
    $neibs(214,[214,215,241,191]),
    $neibs(215,[215,214,242,192]),
    $neibs(193,[193,194,220]),
    $neibs(194,[194,193,195,221]),
    $neibs(220,[220,221,247,193]),
    $neibs(195,[195,194,196,222]),
    $neibs(221,[221,220,222,248,194]),
    $neibs(196,[196,195,197,223]),
    $neibs(222,[222,221,223,195]),
    $neibs(197,[197,196,198,224]),
    $neibs(223,[223,222,224,196]),
    $neibs(198,[198,197,199,225]),
    $neibs(224,[224,223,225,197]),
    $neibs(199,[199,198,200,226]),
    $neibs(225,[225,224,226,198]),
    $neibs(200,[200,199,201,227]),
    $neibs(226,[226,225,227,199]),
    $neibs(201,[201,200,202,228]),
    $neibs(227,[227,226,228,200]),
    $neibs(202,[202,201,203,229]),
    $neibs(228,[228,227,229,201]),
    $neibs(203,[203,202,204,230]),
    $neibs(229,[229,228,230,202]),
    $neibs(204,[204,203,205,231]),
    $neibs(230,[230,229,231,203]),
    $neibs(231,[231,230,232,204]),
    $neibs(232,[232,231,233,205]),
    $neibs(233,[233,232,206]),
    $neibs(207,[207,208,234]),
    $neibs(208,[208,207,209,235]),
    $neibs(234,[234,235,207]),
    $neibs(209,[209,208,210,236]),
    $neibs(235,[235,234,236,208]),
    $neibs(236,[236,235,237,209]),
    $neibs(237,[237,236,238,210]),
    $neibs(238,[238,237,211]),
    $neibs(212,[212,213,239]),
    $neibs(213,[213,212,240]),
    $neibs(239,[239,240,249,212]),
    $neibs(240,[240,239,250,213]),
    $neibs(241,[241,242,251,214]),
    $neibs(242,[242,241,252,215]),
    $neibs(216,[216,217,243]),
    $neibs(217,[217,216,218,244]),
    $neibs(243,[243,244,216]),
    $neibs(218,[218,217,219,245]),
    $neibs(244,[244,243,245,217]),
    $neibs(219,[219,218,246]),
    $neibs(245,[245,244,246,218]),
    $neibs(246,[246,245,253,219]),
    $neibs(247,[247,248,254,220]),
    $neibs(248,[248,247,255,221]),
    $neibs(249,[249,250,273,239]),
    $neibs(250,[250,249,274,240]),
    $neibs(251,[251,252,276,241]),
    $neibs(252,[252,251,277,242]),
    $neibs(253,[253,281,246]),
    $neibs(254,[254,255,282,247]),
    $neibs(255,[255,254,256,283,248]),
    $neibs(273,[273,274,301,249]),
    $neibs(274,[274,273,275,302,250]),
    $neibs(276,[276,275,277,304,251]),
    $neibs(277,[277,276,305,252]),
    $neibs(281,[281,280,309,253]),
    $neibs(282,[282,283,310,254]),
    $neibs(256,[256,255,257,284]),
    $neibs(283,[283,282,284,311,255]),
    $neibs(257,[257,256,258,285]),
    $neibs(284,[284,283,285,256]),
    $neibs(258,[258,257,259,286]),
    $neibs(285,[285,284,286,257]),
    $neibs(259,[259,258,260,287]),
    $neibs(286,[286,285,287,258]),
    $neibs(260,[260,259,261,288]),
    $neibs(287,[287,286,288,259]),
    $neibs(261,[261,260,262,289]),
    $neibs(288,[288,287,289,260]),
    $neibs(262,[262,261,263,290]),
    $neibs(289,[289,288,290,261]),
    $neibs(263,[263,262,264,291]),
    $neibs(290,[290,289,291,262]),
    $neibs(264,[264,263,265,292]),
    $neibs(291,[291,290,292,312,263]),
    $neibs(265,[265,264,266,293]),
    $neibs(292,[292,291,293,313,264]),
    $neibs(266,[266,265,267,294]),
    $neibs(293,[293,292,294,265]),
    $neibs(267,[267,266,295]),
    $neibs(294,[294,293,295,266]),
    $neibs(295,[295,294,267]),
    $neibs(268,[268,269,296]),
    $neibs(269,[269,268,270,297]),
    $neibs(296,[296,297,314,268]),
    $neibs(270,[270,269,271,298]),
    $neibs(297,[297,296,298,315,269]),
    $neibs(271,[271,270,272,299]),
    $neibs(298,[298,297,299,270]),
    $neibs(272,[272,271,300]),
    $neibs(299,[299,298,300,316,271]),
    $neibs(300,[300,299,317,272]),
    $neibs(301,[301,302,273]),
    $neibs(275,[275,274,276,303]),
    $neibs(302,[302,301,303,274]),
    $neibs(303,[303,302,304,275]),
    $neibs(304,[304,303,305,318,276]),
    $neibs(305,[305,304,319,277]),
    $neibs(278,[278,279,306]),
    $neibs(279,[279,278,280,307]),
    $neibs(306,[306,307,320,278]),
    $neibs(280,[280,279,281,308]),
    $neibs(307,[307,306,308,321,279]),
    $neibs(308,[308,307,309,280]),
    $neibs(309,[309,308,281]),
    $neibs(310,[310,311,322,282]),
    $neibs(311,[311,310,323,283]),
    $neibs(312,[312,313,330,291]),
    $neibs(313,[313,312,331,292]),
    $neibs(314,[314,315,335,296]),
    $neibs(315,[315,314,336,297]),
    $neibs(316,[316,317,337,299]),
    $neibs(317,[317,316,338,300]),
    $neibs(318,[318,319,343,304]),
    $neibs(319,[319,318,344,305]),
    $neibs(320,[320,321,345,306]),
    $neibs(321,[321,320,346,307]),
    $neibs(322,[322,323,348,310]),
    $neibs(323,[323,322,349,311]),
    $neibs(330,[330,329,331,356,312]),
    $neibs(331,[331,330,357,313]),
    $neibs(335,[335,334,336,361,314]),
    $neibs(336,[336,335,362,315]),
    $neibs(337,[337,338,363,316]),
    $neibs(338,[338,337,339,364,317]),
    $neibs(343,[343,342,344,369,318]),
    $neibs(344,[344,343,370,319]),
    $neibs(345,[345,346,371,320]),
    $neibs(346,[346,345,372,321]),
    $neibs(348,[348,349,322]),
    $neibs(349,[349,348,323]),
    $neibs(324,[324,325,350]),
    $neibs(325,[325,324,326,351]),
    $neibs(350,[350,351,374,324]),
    $neibs(326,[326,325,327,352]),
    $neibs(351,[351,350,352,375,325]),
    $neibs(327,[327,326,328,353]),
    $neibs(352,[352,351,353,326]),
    $neibs(328,[328,327,329,354]),
    $neibs(353,[353,352,354,327]),
    $neibs(329,[329,328,330,355]),
    $neibs(354,[354,353,355,328]),
    $neibs(355,[355,354,356,329]),
    $neibs(356,[356,355,357,376,330]),
    $neibs(357,[357,356,377,331]),
    $neibs(332,[332,333,358]),
    $neibs(333,[333,332,334,359]),
    $neibs(358,[358,359,378,332]),
    $neibs(334,[334,333,335,360]),
    $neibs(359,[359,358,360,379,333]),
    $neibs(360,[360,359,361,334]),
    $neibs(361,[361,360,362,335]),
    $neibs(362,[362,361,336]),
    $neibs(363,[363,364,380,337]),
    $neibs(339,[339,338,340,365]),
    $neibs(364,[364,363,365,381,338]),
    $neibs(340,[340,339,341,366]),
    $neibs(365,[365,364,366,339]),
    $neibs(341,[341,340,342,367]),
    $neibs(366,[366,365,367,340]),
    $neibs(342,[342,341,343,368]),
    $neibs(367,[367,366,368,341]),
    $neibs(368,[368,367,369,342]),
    $neibs(369,[369,368,370,343]),
    $neibs(370,[370,369,344]),
    $neibs(371,[371,372,382,345]),
    $neibs(372,[372,371,383,346]),
    $neibs(347,[347,373]),
    $neibs(373,[373,384,347]),
    $neibs(374,[374,375,388,350]),
    $neibs(375,[375,374,389,351]),
    $neibs(376,[376,377,393,356]),
    $neibs(377,[377,376,394,357]),
    $neibs(378,[378,379,395,358]),
    $neibs(379,[379,378,396,359]),
    $neibs(380,[380,381,400,363]),
    $neibs(381,[381,380,401,364]),
    $neibs(382,[382,383,408,371]),
    $neibs(383,[383,382,409,372]),
    $neibs(384,[384,410,373]),
    $neibs(388,[388,387,389,414,374]),
    $neibs(389,[389,388,415,375]),
    $neibs(393,[393,392,394,419,376]),
    $neibs(394,[394,393,420,377]),
    $neibs(395,[395,396,421,378]),
    $neibs(396,[396,395,422,379]),
    $neibs(400,[400,399,401,426,380]),
    $neibs(401,[401,400,427,381]),
    $neibs(408,[408,407,409,434,382]),
    $neibs(409,[409,408,435,383]),
    $neibs(410,[410,436,384]),
    $neibs(385,[385,386,411]),
    $neibs(386,[386,385,387,412]),
    $neibs(411,[411,412,437,385]),
    $neibs(387,[387,386,388,413]),
    $neibs(412,[412,411,413,438,386]),
    $neibs(413,[413,412,414,387]),
    $neibs(414,[414,413,415,439,388]),
    $neibs(415,[415,414,440,389]),
    $neibs(390,[390,391,416]),
    $neibs(391,[391,390,392,417]),
    $neibs(416,[416,417,390]),
    $neibs(392,[392,391,393,418]),
    $neibs(417,[417,416,418,391]),
    $neibs(418,[418,417,419,392]),
    $neibs(419,[419,418,420,393]),
    $neibs(420,[420,419,394]),
    $neibs(421,[421,422,441,395]),
    $neibs(422,[422,421,442,396]),
    $neibs(397,[397,398,423]),
    $neibs(398,[398,397,399,424]),
    $neibs(423,[423,424,443,397]),
    $neibs(399,[399,398,400,425]),
    $neibs(424,[424,423,425,444,398]),
    $neibs(425,[425,424,426,399]),
    $neibs(426,[426,425,427,400]),
    $neibs(427,[427,426,401]),
    $neibs(402,[402,403,428]),
    $neibs(403,[403,402,404,429]),
    $neibs(428,[428,429,445,402]),
    $neibs(404,[404,403,405,430]),
    $neibs(429,[429,428,430,446,403]),
    $neibs(405,[405,404,406,431]),
    $neibs(430,[430,429,431,404]),
    $neibs(406,[406,405,407,432]),
    $neibs(431,[431,430,432,405]),
    $neibs(407,[407,406,408,433]),
    $neibs(432,[432,431,433,406]),
    $neibs(433,[433,432,434,407]),
    $neibs(434,[434,433,435,408]),
    $neibs(435,[435,434,409]),
    $neibs(436,[436,447,410]),
    $neibs(437,[437,438,448,411]),
    $neibs(438,[438,437,449,412]),
    $neibs(439,[439,440,450,414]),
    $neibs(440,[440,439,451,415]),
    $neibs(441,[441,442,458,421]),
    $neibs(442,[442,441,459,422]),
    $neibs(443,[443,444,460,423]),
    $neibs(444,[444,443,461,424]),
    $neibs(445,[445,446,464,428]),
    $neibs(446,[446,445,465,429]),
    $neibs(447,[447,472,436]),
    $neibs(448,[448,449,473,437]),
    $neibs(449,[449,448,474,438]),
    $neibs(450,[450,451,475,439]),
    $neibs(451,[451,450,452,476,440]),
    $neibs(458,[458,459,483,441]),
    $neibs(459,[459,458,484,442]),
    $neibs(460,[460,461,485,443]),
    $neibs(461,[461,460,486,444]),
    $neibs(464,[464,465,489,445]),
    $neibs(465,[465,464,490,446]),
    $neibs(472,[472,471,497,447]),
    $neibs(473,[473,474,498,448]),
    $neibs(474,[474,473,499,449]),
    $neibs(475,[475,476,450]),
    $neibs(452,[452,451,453,477]),
    $neibs(476,[476,475,477,451]),
    $neibs(453,[453,452,454,478]),
    $neibs(477,[477,476,478,452]),
    $neibs(454,[454,453,455,479]),
    $neibs(478,[478,477,479,500,453]),
    $neibs(455,[455,454,456,480]),
    $neibs(479,[479,478,480,501,454]),
    $neibs(456,[456,455,457,481]),
    $neibs(480,[480,479,481,455]),
    $neibs(457,[457,456,482]),
    $neibs(481,[481,480,482,456]),
    $neibs(482,[482,481,457]),
    $neibs(483,[483,484,502,458]),
    $neibs(484,[484,483,503,459]),
    $neibs(485,[485,486,460]),
    $neibs(486,[486,485,461]),
    $neibs(462,[462,463,487]),
    $neibs(463,[463,462,488]),
    $neibs(487,[487,488,504,462]),
    $neibs(488,[488,487,505,463]),
    $neibs(489,[489,490,506,464]),
    $neibs(490,[490,489,507,465]),
    $neibs(466,[466,467,491]),
    $neibs(467,[467,466,468,492]),
    $neibs(491,[491,492,466]),
    $neibs(468,[468,467,469,493]),
    $neibs(492,[492,491,493,467]),
    $neibs(469,[469,468,470,494]),
    $neibs(493,[493,492,494,468]),
    $neibs(470,[470,469,471,495]),
    $neibs(494,[494,493,495,469]),
    $neibs(471,[471,470,472,496]),
    $neibs(495,[495,494,496,470]),
    $neibs(496,[496,495,497,471]),
    $neibs(497,[497,496,508,472]),
    $neibs(498,[498,499,509,473]),
    $neibs(499,[499,498,510,474]),
    $neibs(500,[500,501,513,478]),
    $neibs(501,[501,500,514,479]),
    $neibs(502,[502,503,519,483]),
    $neibs(503,[503,502,520,484]),
    $neibs(504,[504,505,525,487]),
    $neibs(505,[505,504,526,488]),
    $neibs(506,[506,507,528,489]),
    $neibs(507,[507,506,529,490]),
    $neibs(508,[508,536,497]),
    $neibs(509,[509,510,537,498]),
    $neibs(510,[510,509,538,499]),
    $neibs(513,[513,514,541,500]),
    $neibs(514,[514,513,515,542,501]),
    $neibs(519,[519,518,520,547,502]),
    $neibs(520,[520,519,521,548,503]),
    $neibs(525,[525,524,526,553,504]),
    $neibs(526,[526,525,527,554,505]),
    $neibs(528,[528,527,529,556,506]),
    $neibs(529,[529,528,557,507]),
    $neibs(536,[536,535,564,508]),
    $neibs(537,[537,538,565,509]),
    $neibs(538,[538,537,566,510]),
    $neibs(511,[511,512,539]),
    $neibs(512,[512,511,540]),
    $neibs(539,[539,540,567,511]),
    $neibs(540,[540,539,568,512]),
    $neibs(541,[541,542,513]),
    $neibs(515,[515,514,516,543]),
    $neibs(542,[542,541,543,514]),
    $neibs(516,[516,515,517,544]),
    $neibs(543,[543,542,544,515]),
    $neibs(517,[517,516,518,545]),
    $neibs(544,[544,543,545,516]),
    $neibs(518,[518,517,519,546]),
    $neibs(545,[545,544,546,517]),
    $neibs(546,[546,545,547,518]),
    $neibs(547,[547,546,548,519]),
    $neibs(521,[521,520,522,549]),
    $neibs(548,[548,547,549,520]),
    $neibs(522,[522,521,523,550]),
    $neibs(549,[549,548,550,521]),
    $neibs(523,[523,522,524,551]),
    $neibs(550,[550,549,551,569,522]),
    $neibs(524,[524,523,525,552]),
    $neibs(551,[551,550,552,570,523]),
    $neibs(552,[552,551,553,524]),
    $neibs(553,[553,552,554,525]),
    $neibs(527,[527,526,528,555]),
    $neibs(554,[554,553,555,526]),
    $neibs(555,[555,554,556,527]),
    $neibs(556,[556,555,557,528]),
    $neibs(557,[557,556,529]),
    $neibs(530,[530,531,558]),
    $neibs(531,[531,530,532,559]),
    $neibs(558,[558,559,571,530]),
    $neibs(532,[532,531,533,560]),
    $neibs(559,[559,558,560,572,531]),
    $neibs(533,[533,532,534,561]),
    $neibs(560,[560,559,561,532]),
    $neibs(534,[534,533,535,562]),
    $neibs(561,[561,560,562,533]),
    $neibs(535,[535,534,536,563]),
    $neibs(562,[562,561,563,534]),
    $neibs(563,[563,562,564,535]),
    $neibs(564,[564,563,573,536]),
    $neibs(565,[565,566,574,537]),
    $neibs(566,[566,565,575,538]),
    $neibs(567,[567,568,576,539]),
    $neibs(568,[568,567,577,540]),
    $neibs(569,[569,570,586,550]),
    $neibs(570,[570,569,587,551]),
    $neibs(571,[571,572,594,558]),
    $neibs(572,[572,571,595,559]),
    $neibs(573,[573,598,564]),
    $neibs(574,[574,575,599,565]),
    $neibs(575,[575,574,600,566]),
    $neibs(576,[576,577,601,567]),
    $neibs(577,[577,576,602,568]),
    $neibs(586,[586,587,611,569]),
    $neibs(587,[587,586,612,570]),
    $neibs(594,[594,593,595,619,571]),
    $neibs(595,[595,594,620,572]),
    $neibs(598,[598,623,573]),
    $neibs(599,[599,600,624,574]),
    $neibs(600,[600,599,625,575]),
    $neibs(601,[601,602,626,576]),
    $neibs(602,[602,601,627,577]),
    $neibs(578,[578,579,603]),
    $neibs(579,[579,578,580,604]),
    $neibs(603,[603,604,578]),
    $neibs(580,[580,579,581,605]),
    $neibs(604,[604,603,605,579]),
    $neibs(581,[581,580,582,606]),
    $neibs(605,[605,604,606,580]),
    $neibs(582,[582,581,583,607]),
    $neibs(606,[606,605,607,628,581]),
    $neibs(583,[583,582,584,608]),
    $neibs(607,[607,606,608,629,582]),
    $neibs(584,[584,583,585,609]),
    $neibs(608,[608,607,609,583]),
    $neibs(585,[585,584,610]),
    $neibs(609,[609,608,610,630,584]),
    $neibs(610,[610,609,631,585]),
    $neibs(611,[611,612,632,586]),
    $neibs(612,[612,611,633,587]),
    $neibs(588,[588,589,613]),
    $neibs(589,[589,588,590,614]),
    $neibs(613,[613,614,588]),
    $neibs(590,[590,589,591,615]),
    $neibs(614,[614,613,615,589]),
    $neibs(591,[591,590,592,616]),
    $neibs(615,[615,614,616,590]),
    $neibs(592,[592,591,593,617]),
    $neibs(616,[616,615,617,634,591]),
    $neibs(593,[593,592,594,618]),
    $neibs(617,[617,616,618,635,592]),
    $neibs(618,[618,617,619,593]),
    $neibs(619,[619,618,620,594]),
    $neibs(620,[620,619,595]),
    $neibs(596,[596,597,621]),
    $neibs(597,[597,596,622]),
    $neibs(621,[621,622,636,596]),
    $neibs(622,[622,621,637,597]),
    $neibs(623,[623,638,598]),
    $neibs(624,[624,625,639,599]),
    $neibs(625,[625,624,640,600]),
    $neibs(626,[626,627,642,601]),
    $neibs(627,[627,626,643,602]),
    $neibs(628,[628,629,647,606]),
    $neibs(629,[629,628,648,607]),
    $neibs(630,[630,631,649,609]),
    $neibs(631,[631,630,650,610]),
    $neibs(632,[632,633,652,611]),
    $neibs(633,[633,632,653,612]),
    $neibs(634,[634,635,658,616]),
    $neibs(635,[635,634,659,617]),
    $neibs(636,[636,637,663,621]),
    $neibs(637,[637,636,664,622]),
    $neibs(638,[638,666,623]),
    $neibs(639,[639,640,624]),
    $neibs(640,[640,639,641,625]),
    $neibs(642,[642,641,643,626]),
    $neibs(643,[643,642,627]),
    $neibs(647,[647,646,648,628]),
    $neibs(648,[648,647,629]),
    $neibs(649,[649,650,630]),
    $neibs(650,[650,649,651,631]),
    $neibs(652,[652,651,653,632]),
    $neibs(653,[653,652,654,633]),
    $neibs(658,[658,657,659,634]),
    $neibs(659,[659,658,635]),
    $neibs(663,[663,662,664,636]),
    $neibs(664,[664,663,665,637]),
    $neibs(666,[666,665,638]),
    $neibs(641,[641,640,642]),
    $neibs(644,[644,645]),
    $neibs(645,[645,644,646]),
    $neibs(646,[646,645,647]),
    $neibs(651,[651,650,652]),
    $neibs(654,[654,653,655]),
    $neibs(655,[655,654,656]),
    $neibs(656,[656,655,657]),
    $neibs(657,[657,656,658]),
    $neibs(660,[660,661]),
    $neibs(661,[661,660,662]),
    $neibs(662,[662,661,663]),
    $neibs(665,[665,664,666])
    ],