ins(Graph, As, Avoid, Makespan, SumOfCosts) =>
    Graph = [
    $neibs(1,[1,2]),
    $neibs(2,[2,1,3,29]),
    $neibs(3,[3,2,4,30]),
    $neibs(29,[29,30,55,2]),
    $neibs(4,[4,3,5,31]),
    $neibs(30,[30,29,31,56,3]),
    $neibs(5,[5,4,6]),
    $neibs(31,[31,30,57,4]),
    $neibs(6,[6,5,7,32]),
    $neibs(7,[7,6,8]),
    $neibs(32,[32,59,6]),
    $neibs(8,[8,7,9]),
    $neibs(9,[9,8,10,33]),
    $neibs(10,[10,9,34]),
    $neibs(33,[33,34,62,9]),
    $neibs(34,[34,33,35,63,10]),
    $neibs(11,[11,12,36]),
    $neibs(12,[12,11,13,37]),
    $neibs(36,[36,35,37,65,11]),
    $neibs(13,[13,12,14,38]),
    $neibs(37,[37,36,38,66,12]),
    $neibs(14,[14,13,15,39]),
    $neibs(38,[38,37,39,67,13]),
    $neibs(15,[15,14,16,40]),
    $neibs(39,[39,38,40,14]),
    $neibs(16,[16,15,41]),
    $neibs(40,[40,39,41,68,15]),
    $neibs(41,[41,40,42,69,16]),
    $neibs(17,[17,18,43]),
    $neibs(18,[18,17,19]),
    $neibs(43,[43,42,71,17]),
    $neibs(19,[19,18,44]),
    $neibs(44,[44,73,19]),
    $neibs(20,[20,45]),
    $neibs(45,[45,46,75,20]),
    $neibs(21,[21,22,47]),
    $neibs(22,[22,21,23]),
    $neibs(47,[47,46,21]),
    $neibs(23,[23,22,24,48]),
    $neibs(24,[24,23,25,49]),
    $neibs(48,[48,49,77,23]),
    $neibs(25,[25,24,26,50]),
    $neibs(49,[49,48,50,78,24]),
    $neibs(26,[26,25,27,51]),
    $neibs(50,[50,49,51,25]),
    $neibs(27,[27,26,28,52]),
    $neibs(51,[51,50,52,79,26]),
    $neibs(28,[28,27,53]),
    $neibs(52,[52,51,53,80,27]),
    $neibs(53,[53,52,81,28]),
    $neibs(55,[55,54,56,83,29]),
    $neibs(56,[56,55,57,84,30]),
    $neibs(57,[57,56,58,85,31]),
    $neibs(59,[59,58,60,32]),
    $neibs(62,[62,61,63,88,33]),
    $neibs(35,[35,34,36,64]),
    $neibs(63,[63,62,64,89,34]),
    $neibs(64,[64,63,65,90,35]),
    $neibs(65,[65,64,66,91,36]),
    $neibs(66,[66,65,67,92,37]),
    $neibs(67,[67,66,93,38]),
    $neibs(68,[68,69,95,40]),
    $neibs(42,[42,41,43,70]),
    $neibs(69,[69,68,70,96,41]),
    $neibs(70,[70,69,71,97,42]),
    $neibs(71,[71,70,72,43]),
    $neibs(73,[73,72,74,99,44]),
    $neibs(46,[46,45,47]),
    $neibs(75,[75,74,101,45]),
    $neibs(77,[77,76,78,105,48]),
    $neibs(78,[78,77,106,49]),
    $neibs(79,[79,80,51]),
    $neibs(80,[80,79,81,108,52]),
    $neibs(81,[81,80,109,53]),
    $neibs(54,[54,55,82]),
    $neibs(82,[82,83,110,54]),
    $neibs(83,[83,82,84,55]),
    $neibs(84,[84,83,85,56]),
    $neibs(58,[58,57,59,86]),
    $neibs(85,[85,84,86,111,57]),
    $neibs(86,[86,85,112,58]),
    $neibs(60,[60,59,61,87]),
    $neibs(61,[61,60,62]),
    $neibs(87,[87,114,60]),
    $neibs(88,[88,89,116,62]),
    $neibs(89,[89,88,90,117,63]),
    $neibs(90,[90,89,91,118,64]),
    $neibs(91,[91,90,92,119,65]),
    $neibs(92,[92,91,93,120,66]),
    $neibs(93,[93,92,94,121,67]),
    $neibs(95,[95,94,96,68]),
    $neibs(96,[96,95,97,122,69]),
    $neibs(97,[97,96,70]),
    $neibs(72,[72,71,73,98]),
    $neibs(98,[98,99,124,72]),
    $neibs(74,[74,73,75,100]),
    $neibs(99,[99,98,100,125,73]),
    $neibs(100,[100,99,101,126,74]),
    $neibs(101,[101,100,102,127,75]),
    $neibs(76,[76,77,104]),
    $neibs(104,[104,103,105,129,76]),
    $neibs(105,[105,104,106,130,77]),
    $neibs(106,[106,105,107,78]),
    $neibs(108,[108,109,133,80]),
    $neibs(109,[109,108,134,81]),
    $neibs(110,[110,135,82]),
    $neibs(111,[111,112,138,85]),
    $neibs(112,[112,111,113,139,86]),
    $neibs(114,[114,113,115,87]),
    $neibs(116,[116,115,117,142,88]),
    $neibs(117,[117,116,118,89]),
    $neibs(118,[118,117,119,143,90]),
    $neibs(119,[119,118,120,91]),
    $neibs(120,[120,119,121,144,92]),
    $neibs(94,[94,93,95]),
    $neibs(121,[121,120,145,93]),
    $neibs(122,[122,146,96]),
    $neibs(124,[124,123,125,149,98]),
    $neibs(125,[125,124,126,150,99]),
    $neibs(126,[126,125,127,151,100]),
    $neibs(102,[102,101,103,128]),
    $neibs(127,[127,126,128,101]),
    $neibs(103,[103,102,104]),
    $neibs(128,[128,127,152,102]),
    $neibs(129,[129,130,154,104]),
    $neibs(130,[130,129,155,105]),
    $neibs(107,[107,106,131]),
    $neibs(131,[131,132,156,107]),
    $neibs(133,[133,132,134,108]),
    $neibs(134,[134,133,109]),
    $neibs(135,[135,136,158,110]),
    $neibs(138,[138,137,139,161,111]),
    $neibs(113,[113,112,114,140]),
    $neibs(139,[139,138,140,162,112]),
    $neibs(140,[140,139,163,113]),
    $neibs(115,[115,114,116,141]),
    $neibs(141,[141,142,164,115]),
    $neibs(142,[142,141,165,116]),
    $neibs(143,[143,118]),
    $neibs(144,[144,145,167,120]),
    $neibs(145,[145,144,168,121]),
    $neibs(146,[146,147,171,122]),
    $neibs(123,[123,124,148]),
    $neibs(148,[148,147,149,173,123]),
    $neibs(149,[149,148,150,124]),
    $neibs(150,[150,149,151,174,125]),
    $neibs(151,[151,150,175,126]),
    $neibs(152,[152,153,177,128]),
    $neibs(154,[154,153,155,179,129]),
    $neibs(155,[155,154,180,130]),
    $neibs(132,[132,131,133,157]),
    $neibs(156,[156,157,181,131]),
    $neibs(157,[157,156,182,132]),
    $neibs(136,[136,135,137,159]),
    $neibs(158,[158,159,184,135]),
    $neibs(137,[137,136,138,160]),
    $neibs(159,[159,158,160,136]),
    $neibs(160,[160,159,161,185,137]),
    $neibs(161,[161,160,162,186,138]),
    $neibs(162,[162,161,163,187,139]),
    $neibs(163,[163,162,140]),
    $neibs(164,[164,165,189,141]),
    $neibs(165,[165,164,190,142]),
    $neibs(167,[167,166,168,194,144]),
    $neibs(168,[168,167,169,195,145]),
    $neibs(147,[147,146,148,172]),
    $neibs(171,[171,170,172,198,146]),
    $neibs(172,[172,171,173,199,147]),
    $neibs(173,[173,172,200,148]),
    $neibs(174,[174,175,202,150]),
    $neibs(175,[175,174,176,151]),
    $neibs(153,[153,152,154,178]),
    $neibs(177,[177,176,178,203,152]),
    $neibs(178,[178,177,179,204,153]),
    $neibs(179,[179,178,180,205,154]),
    $neibs(180,[180,179,155]),
    $neibs(181,[181,182,207,156]),
    $neibs(182,[182,181,183,157]),
    $neibs(184,[184,210,158]),
    $neibs(185,[185,186,212,160]),
    $neibs(186,[186,185,187,213,161]),
    $neibs(187,[187,186,214,162]),
    $neibs(189,[189,188,190,216,164]),
    $neibs(190,[190,189,191,217,165]),
    $neibs(166,[166,167,193]),
    $neibs(193,[193,192,194,220,166]),
    $neibs(194,[194,193,195,221,167]),
    $neibs(169,[169,168,170,196]),
    $neibs(195,[195,194,196,222,168]),
    $neibs(170,[170,169,171,197]),
    $neibs(196,[196,195,197,223,169]),
    $neibs(197,[197,196,198,224,170]),
    $neibs(198,[198,197,199,171]),
    $neibs(199,[199,198,200,225,172]),
    $neibs(200,[200,199,201,226,173]),
    $neibs(202,[202,201,228,174]),
    $neibs(176,[176,175,177]),
    $neibs(203,[203,204,231,177]),
    $neibs(204,[204,203,205,178]),
    $neibs(205,[205,204,232,179]),
    $neibs(207,[207,206,234,181]),
    $neibs(183,[183,182,208]),
    $neibs(208,[208,209,236,183]),
    $neibs(210,[210,211,238,184]),
    $neibs(212,[212,211,213,185]),
    $neibs(213,[213,212,214,240,186]),
    $neibs(214,[214,213,215,187]),
    $neibs(188,[188,189]),
    $neibs(216,[216,217,243,189]),
    $neibs(191,[191,190,192,218]),
    $neibs(217,[217,216,218,244,190]),
    $neibs(192,[192,191,193,219]),
    $neibs(218,[218,217,219,245,191]),
    $neibs(219,[219,218,220,246,192]),
    $neibs(220,[220,219,221,247,193]),
    $neibs(221,[221,220,222,248,194]),
    $neibs(222,[222,221,223,249,195]),
    $neibs(223,[223,222,224,250,196]),
    $neibs(224,[224,223,251,197]),
    $neibs(225,[225,226,199]),
    $neibs(201,[201,200,202,227]),
    $neibs(226,[226,225,227,253,200]),
    $neibs(227,[227,226,228,201]),
    $neibs(228,[228,227,229,254,202]),
    $neibs(231,[231,230,257,203]),
    $neibs(232,[232,259,205]),
    $neibs(206,[206,207,233]),
    $neibs(233,[233,234,206]),
    $neibs(234,[234,233,235,207]),
    $neibs(209,[209,208,237]),
    $neibs(236,[236,235,237,262,208]),
    $neibs(237,[237,236,263,209]),
    $neibs(211,[211,210,212,239]),
    $neibs(238,[238,239,210]),
    $neibs(239,[239,238,264,211]),
    $neibs(240,[240,265,213]),
    $neibs(215,[215,214,241]),
    $neibs(241,[241,242,267,215]),
    $neibs(243,[243,242,244,269,216]),
    $neibs(244,[244,243,245,270,217]),
    $neibs(245,[245,244,246,271,218]),
    $neibs(246,[246,245,247,272,219]),
    $neibs(247,[247,246,248,273,220]),
    $neibs(248,[248,247,249,221]),
    $neibs(249,[249,248,250,274,222]),
    $neibs(250,[250,249,251,223]),
    $neibs(251,[251,250,252,275,224]),
    $neibs(253,[253,278,226]),
    $neibs(229,[229,228,230,255]),
    $neibs(254,[254,255,280,228]),
    $neibs(230,[230,229,231,256]),
    $neibs(255,[255,254,256,281,229]),
    $neibs(256,[256,255,257,230]),
    $neibs(257,[257,256,258,282,231]),
    $neibs(259,[259,258,260,284,232]),
    $neibs(235,[235,234,236,261]),
    $neibs(261,[261,262,287,235]),
    $neibs(262,[262,261,263,288,236]),
    $neibs(263,[263,262,289,237]),
    $neibs(264,[264,291,239]),
    $neibs(265,[265,266,293,240]),
    $neibs(242,[242,241,243,268]),
    $neibs(267,[267,266,268,295,241]),
    $neibs(268,[268,267,269,296,242]),
    $neibs(269,[269,268,270,297,243]),
    $neibs(270,[270,269,271,298,244]),
    $neibs(271,[271,270,272,299,245]),
    $neibs(272,[272,271,273,300,246]),
    $neibs(273,[273,272,301,247]),
    $neibs(274,[274,302,249]),
    $neibs(252,[252,251,276]),
    $neibs(275,[275,276,304,251]),
    $neibs(276,[276,275,277,305,252]),
    $neibs(278,[278,277,279,253]),
    $neibs(280,[280,279,281,254]),
    $neibs(281,[281,280,308,255]),
    $neibs(258,[258,257,259,283]),
    $neibs(282,[282,283,309,257]),
    $neibs(283,[283,282,284,310,258]),
    $neibs(260,[260,259]),
    $neibs(284,[284,283,311,259]),
    $neibs(287,[287,286,288,315,261]),
    $neibs(288,[288,287,289,262]),
    $neibs(289,[289,288,316,263]),
    $neibs(291,[291,290,292,318,264]),
    $neibs(266,[266,265,267,294]),
    $neibs(293,[293,292,294,319,265]),
    $neibs(294,[294,293,295,320,266]),
    $neibs(295,[295,294,296,321,267]),
    $neibs(296,[296,295,297,322,268]),
    $neibs(297,[297,296,298,323,269]),
    $neibs(298,[298,297,299,270]),
    $neibs(299,[299,298,300,324,271]),
    $neibs(300,[300,299,301,272]),
    $neibs(301,[301,300,325,273]),
    $neibs(302,[302,303,274]),
    $neibs(304,[304,303,305,275]),
    $neibs(277,[277,276,278,306]),
    $neibs(305,[305,304,306,327,276]),
    $neibs(306,[306,305,328,277]),
    $neibs(279,[279,278,280,307]),
    $neibs(307,[307,330,279]),
    $neibs(308,[308,332,281]),
    $neibs(309,[309,310,334,282]),
    $neibs(310,[310,309,311,335,283]),
    $neibs(311,[311,310,312,336,284]),
    $neibs(285,[285,286,313]),
    $neibs(286,[286,285,287,314]),
    $neibs(313,[313,312,314,337,285]),
    $neibs(314,[314,313,315,338,286]),
    $neibs(315,[315,314,339,287]),
    $neibs(316,[316,341,289]),
    $neibs(290,[290,291,317]),
    $neibs(317,[317,318,342,290]),
    $neibs(292,[292,291,293]),
    $neibs(318,[318,317,291]),
    $neibs(319,[319,320,344,293]),
    $neibs(320,[320,319,321,345,294]),
    $neibs(321,[321,320,322,346,295]),
    $neibs(322,[322,321,323,347,296]),
    $neibs(323,[323,322,348,297]),
    $neibs(324,[324,350,299]),
    $neibs(325,[325,352,301]),
    $neibs(303,[303,302,304,326]),
    $neibs(326,[326,355,303]),
    $neibs(327,[327,328,357,305]),
    $neibs(328,[328,327,329,358,306]),
    $neibs(330,[330,329,331,359,307]),
    $neibs(332,[332,331,333,360,308]),
    $neibs(334,[334,333,335,362,309]),
    $neibs(335,[335,334,336,363,310]),
    $neibs(312,[312,311,313]),
    $neibs(336,[336,335,364,311]),
    $neibs(337,[337,338,365,313]),
    $neibs(338,[338,337,339,366,314]),
    $neibs(339,[339,338,340,367,315]),
    $neibs(341,[341,340,368,316]),
    $neibs(342,[342,369,317]),
    $neibs(344,[344,343,345,319]),
    $neibs(345,[345,344,346,320]),
    $neibs(346,[346,345,347,321]),
    $neibs(347,[347,346,348,372,322]),
    $neibs(348,[348,347,349,373,323]),
    $neibs(350,[350,349,351,375,324]),
    $neibs(352,[352,351,353,377,325]),
    $neibs(355,[355,354,356,379,326]),
    $neibs(357,[357,356,358,381,327]),
    $neibs(329,[329,328,330]),
    $neibs(358,[358,357,382,328]),
    $neibs(331,[331,330,332]),
    $neibs(359,[359,384,330]),
    $neibs(333,[333,332,334,361]),
    $neibs(360,[360,361,386,332]),
    $neibs(361,[361,360,362,387,333]),
    $neibs(362,[362,361,363,334]),
    $neibs(363,[363,362,364,388,335]),
    $neibs(364,[364,363,389,336]),
    $neibs(365,[365,366,391,337]),
    $neibs(366,[366,365,367,392,338]),
    $neibs(340,[340,339,341]),
    $neibs(367,[367,366,393,339]),
    $neibs(368,[368,395,341]),
    $neibs(369,[369,370,396,342]),
    $neibs(343,[343,344,371]),
    $neibs(371,[371,370,398,343]),
    $neibs(372,[372,373,402,347]),
    $neibs(349,[349,348,350,374]),
    $neibs(373,[373,372,374,403,348]),
    $neibs(374,[374,373,375,349]),
    $neibs(351,[351,350,352,376]),
    $neibs(375,[375,374,376,404,350]),
    $neibs(376,[376,375,377,405,351]),
    $neibs(353,[353,352,354,378]),
    $neibs(377,[377,376,378,406,352]),
    $neibs(354,[354,353,355]),
    $neibs(378,[378,377,407,353]),
    $neibs(356,[356,355,357,380]),
    $neibs(379,[379,380,408,355]),
    $neibs(380,[380,379,381,356]),
    $neibs(381,[381,380,382,409,357]),
    $neibs(382,[382,381,383,358]),
    $neibs(384,[384,383,385,411,359]),
    $neibs(386,[386,385,387,412,360]),
    $neibs(387,[387,386,413,361]),
    $neibs(388,[388,389,415,363]),
    $neibs(389,[389,388,390,416,364]),
    $neibs(391,[391,390,392,418,365]),
    $neibs(392,[392,391,393,419,366]),
    $neibs(393,[393,392,394,420,367]),
    $neibs(395,[395,394,422,368]),
    $neibs(370,[370,369,371,397]),
    $neibs(396,[396,397,423,369]),
    $neibs(397,[397,396,398,424,370]),
    $neibs(398,[398,397,399,371]),
    $neibs(402,[402,401,403,372]),
    $neibs(403,[403,402,428,373]),
    $neibs(404,[404,405,430,375]),
    $neibs(405,[405,404,406,431,376]),
    $neibs(406,[406,405,407,432,377]),
    $neibs(407,[407,406,433,378]),
    $neibs(408,[408,435,379]),
    $neibs(409,[409,436,381]),
    $neibs(383,[383,382,384,410]),
    $neibs(410,[410,411,438,383]),
    $neibs(385,[385,384,386]),
    $neibs(411,[411,410,439,384]),
    $neibs(412,[412,413,440,386]),
    $neibs(413,[413,412,414,441,387]),
    $neibs(415,[415,414,416,388]),
    $neibs(390,[390,389,391,417]),
    $neibs(416,[416,415,417,389]),
    $neibs(417,[417,416,418,442,390]),
    $neibs(418,[418,417,419,443,391]),
    $neibs(419,[419,418,420,444,392]),
    $neibs(394,[394,393,395,421]),
    $neibs(420,[420,419,421,445,393]),
    $neibs(421,[421,420,422,394]),
    $neibs(422,[422,421,446,395]),
    $neibs(423,[423,424,447,396]),
    $neibs(424,[424,423,397]),
    $neibs(399,[399,398,400,425]),
    $neibs(400,[400,399,401,426]),
    $neibs(425,[425,426,449,399]),
    $neibs(401,[401,400,402,427]),
    $neibs(426,[426,425,427,450,400]),
    $neibs(427,[427,426,451,401]),
    $neibs(428,[428,429,453,403]),
    $neibs(430,[430,429,431,404]),
    $neibs(431,[431,430,432,405]),
    $neibs(432,[432,431,433,454,406]),
    $neibs(433,[433,432,434,455,407]),
    $neibs(435,[435,434,456,408]),
    $neibs(436,[436,437,457,409]),
    $neibs(438,[438,437,439,410]),
    $neibs(439,[439,438,459,411]),
    $neibs(440,[440,441,460,412]),
    $neibs(414,[414,413,415]),
    $neibs(441,[441,440,461,413]),
    $neibs(442,[442,443,463,417]),
    $neibs(443,[443,442,444,464,418]),
    $neibs(444,[444,443,445,465,419]),
    $neibs(445,[445,444,420]),
    $neibs(446,[446,422]),
    $neibs(447,[447,423]),
    $neibs(449,[449,448,450,468,425]),
    $neibs(450,[450,449,451,469,426]),
    $neibs(451,[451,450,452,470,427]),
    $neibs(429,[429,428,430]),
    $neibs(453,[453,452,472,428]),
    $neibs(454,[454,455,475,432]),
    $neibs(434,[434,433,435]),
    $neibs(455,[455,454,476,433]),
    $neibs(456,[456,478,435]),
    $neibs(437,[437,436,438,458]),
    $neibs(457,[457,458,480,436]),
    $neibs(458,[458,457,481,437]),
    $neibs(459,[459,439]),
    $neibs(460,[460,461,484,440]),
    $neibs(461,[461,460,441]),
    $neibs(463,[463,462,464,488,442]),
    $neibs(464,[464,463,465,489,443]),
    $neibs(465,[465,464,490,444]),
    $neibs(448,[448,449,467]),
    $neibs(467,[467,466,468,493,448]),
    $neibs(468,[468,467,469,494,449]),
    $neibs(469,[469,468,470,495,450]),
    $neibs(452,[452,451,453,471]),
    $neibs(470,[470,469,471,496,451]),
    $neibs(471,[471,470,472,452]),
    $neibs(472,[472,471,473,497,453]),
    $neibs(475,[475,476,500,454]),
    $neibs(476,[476,475,477,501,455]),
    $neibs(478,[478,477,479,502,456]),
    $neibs(480,[480,479,481,457]),
    $neibs(481,[481,480,482,504,458]),
    $neibs(484,[484,483,507,460]),
    $neibs(462,[462,463,487]),
    $neibs(487,[487,486,488,510,462]),
    $neibs(488,[488,487,489,463]),
    $neibs(489,[489,488,490,511,464]),
    $neibs(490,[490,489,512,465]),
    $neibs(466,[466,467,492]),
    $neibs(492,[492,491,493,466]),
    $neibs(493,[493,492,494,517,467]),
    $neibs(494,[494,493,495,468]),
    $neibs(495,[495,494,496,518,469]),
    $neibs(496,[496,495,519,470]),
    $neibs(473,[473,472,474,498]),
    $neibs(497,[497,498,521,472]),
    $neibs(474,[474,473,499]),
    $neibs(498,[498,497,499,522,473]),
    $neibs(499,[499,498,523,474]),
    $neibs(500,[500,501,525,475]),
    $neibs(477,[477,476,478]),
    $neibs(501,[501,500,476]),
    $neibs(479,[479,478,480,503]),
    $neibs(502,[502,503,527,478]),
    $neibs(503,[503,502,528,479]),
    $neibs(482,[482,481]),
    $neibs(504,[504,530,481]),
    $neibs(483,[483,484,506]),
    $neibs(506,[506,505,507,533,483]),
    $neibs(507,[507,506,534,484]),
    $neibs(485,[485,486,508]),
    $neibs(486,[486,485,487,509]),
    $neibs(508,[508,509,485]),
    $neibs(509,[509,508,510,535,486]),
    $neibs(510,[510,509,487]),
    $neibs(511,[511,512,537,489]),
    $neibs(512,[512,511,513,538,490]),
    $neibs(491,[491,492,516]),
    $neibs(516,[516,541,491]),
    $neibs(517,[517,543,493]),
    $neibs(518,[518,519,545,495]),
    $neibs(519,[519,518,520,546,496]),
    $neibs(521,[521,520,522,497]),
    $neibs(522,[522,521,523,548,498]),
    $neibs(523,[523,522,524,499]),
    $neibs(525,[525,524,550,500]),
    $neibs(527,[527,526,528,553,502]),
    $neibs(528,[528,527,529,554,503]),
    $neibs(530,[530,529,531,556,504]),
    $neibs(505,[505,506,532]),
    $neibs(532,[532,531,533,557,505]),
    $neibs(533,[533,532,534,558,506]),
    $neibs(534,[534,533,507]),
    $neibs(535,[535,559,509]),
    $neibs(537,[537,536,538,511]),
    $neibs(513,[513,512,514]),
    $neibs(538,[538,537,512]),
    $neibs(514,[514,513,515,539]),
    $neibs(515,[515,514,540]),
    $neibs(539,[539,540,562,514]),
    $neibs(540,[540,539,563,515]),
    $neibs(541,[541,542,564,516]),
    $neibs(543,[543,542,544,517]),
    $neibs(545,[545,544,546,518]),
    $neibs(520,[520,519,521,547]),
    $neibs(546,[546,545,547,567,519]),
    $neibs(547,[547,546,568,520]),
    $neibs(548,[548,569,522]),
    $neibs(524,[524,523,525,549]),
    $neibs(549,[549,550,571,524]),
    $neibs(550,[550,549,551,572,525]),
    $neibs(526,[526,527,552]),
    $neibs(552,[552,551,553,573,526]),
    $neibs(553,[553,552,554,574,527]),
    $neibs(529,[529,528,530,555]),
    $neibs(554,[554,553,555,575,528]),
    $neibs(555,[555,554,556,576,529]),
    $neibs(531,[531,530,532]),
    $neibs(556,[556,555,577,530]),
    $neibs(557,[557,558,532]),
    $neibs(558,[558,557,579,533]),
    $neibs(559,[559,560,583,535]),
    $neibs(536,[536,537]),
    $neibs(562,[562,561,563,539]),
    $neibs(563,[563,562,589,540]),
    $neibs(542,[542,541,543,565]),
    $neibs(564,[564,565,590,541]),
    $neibs(565,[565,564,591,542]),
    $neibs(544,[544,543,545,566]),
    $neibs(566,[566,593,544]),
    $neibs(567,[567,568,595,546]),
    $neibs(568,[568,567,596,547]),
    $neibs(569,[569,570,597,548]),
    $neibs(571,[571,570,572,599,549]),
    $neibs(551,[551,550,552]),
    $neibs(572,[572,571,600,550]),
    $neibs(573,[573,574,552]),
    $neibs(574,[574,573,575,602,553]),
    $neibs(575,[575,574,576,603,554]),
    $neibs(576,[576,575,577,604,555]),
    $neibs(577,[577,576,578,605,556]),
    $neibs(579,[579,580,607,558]),
    $neibs(560,[560,559,584]),
    $neibs(583,[583,582,584,559]),
    $neibs(584,[584,583,585,610,560]),
    $neibs(561,[561,562,588]),
    $neibs(588,[588,587,612,561]),
    $neibs(589,[589,614,563]),
    $neibs(590,[590,591,615,564]),
    $neibs(591,[591,590,592,616,565]),
    $neibs(593,[593,592,594,618,566]),
    $neibs(595,[595,594,596,620,567]),
    $neibs(596,[596,595,621,568]),
    $neibs(570,[570,569,571,598]),
    $neibs(597,[597,598,623,569]),
    $neibs(598,[598,597,599,624,570]),
    $neibs(599,[599,598,600,625,571]),
    $neibs(600,[600,599,601,626,572]),
    $neibs(602,[602,603,629,574]),
    $neibs(603,[603,602,604,630,575]),
    $neibs(604,[604,603,605,631,576]),
    $neibs(578,[578,577]),
    $neibs(605,[605,604,577]),
    $neibs(580,[580,579,581,608]),
    $neibs(607,[607,606,608,634,579]),
    $neibs(581,[581,580,582]),
    $neibs(608,[608,607,580]),
    $neibs(582,[582,581,583,609]),
    $neibs(609,[609,582]),
    $neibs(585,[585,584,586]),
    $neibs(610,[610,637,584]),
    $neibs(586,[586,585,587]),
    $neibs(587,[587,586,588,611]),
    $neibs(611,[611,612,587]),
    $neibs(612,[612,611,613,639,588]),
    $neibs(614,[614,613,641,589]),
    $neibs(615,[615,616,642,590]),
    $neibs(592,[592,591,593,617]),
    $neibs(616,[616,615,617,643,591]),
    $neibs(617,[617,616,618,644,592]),
    $neibs(594,[594,593,595,619]),
    $neibs(618,[618,617,619,645,593]),
    $neibs(619,[619,618,620,646,594]),
    $neibs(620,[620,619,621,647,595]),
    $neibs(621,[621,620,622,648,596]),
    $neibs(623,[623,622,624,650,597]),
    $neibs(624,[624,623,625,651,598]),
    $neibs(625,[625,624,626,652,599]),
    $neibs(601,[601,600,627]),
    $neibs(626,[626,625,627,653,600]),
    $neibs(627,[627,626,628,654,601]),
    $neibs(629,[629,628,630,656,602]),
    $neibs(630,[630,629,631,657,603]),
    $neibs(631,[631,630,604]),
    $neibs(606,[606,607,633]),
    $neibs(633,[633,632,634,660,606]),
    $neibs(634,[634,633,661,607]),
    $neibs(637,[637,636,610]),
    $neibs(613,[613,612,614,640]),
    $neibs(639,[639,640,668,612]),
    $neibs(640,[640,639,641,669,613]),
    $neibs(641,[641,640,614]),
    $neibs(642,[642,643,670,615]),
    $neibs(643,[643,642,644,616]),
    $neibs(644,[644,643,645,671,617]),
    $neibs(645,[645,644,646,672,618]),
    $neibs(646,[646,645,647,673,619]),
    $neibs(647,[647,646,648,674,620]),
    $neibs(622,[622,621,623,649]),
    $neibs(648,[648,647,649,675,621]),
    $neibs(649,[649,648,650,676,622]),
    $neibs(650,[650,649,651,623]),
    $neibs(651,[651,650,652,677,624]),
    $neibs(652,[652,651,653,625]),
    $neibs(653,[653,652,654,678,626]),
    $neibs(628,[628,627,629,655]),
    $neibs(654,[654,653,655,679,627]),
    $neibs(655,[655,654,656,680,628]),
    $neibs(656,[656,655,657,681,629]),
    $neibs(657,[657,656,682,630]),
    $neibs(632,[632,633,659]),
    $neibs(659,[659,658,660,685,632]),
    $neibs(660,[660,659,661,686,633]),
    $neibs(661,[661,660,662,634]),
    $neibs(635,[635,663]),
    $neibs(663,[663,662,664,687,635]),
    $neibs(636,[636,637,665]),
    $neibs(665,[665,664,689,636]),
    $neibs(638,[638,667]),
    $neibs(667,[667,666,692,638]),
    $neibs(668,[668,669,694,639]),
    $neibs(669,[669,668,695,640]),
    $neibs(670,[670,696,642]),
    $neibs(671,[671,672,644]),
    $neibs(672,[672,671,673,698,645]),
    $neibs(673,[673,672,674,699,646]),
    $neibs(674,[674,673,675,647]),
    $neibs(675,[675,674,676,700,648]),
    $neibs(676,[676,675,701,649]),
    $neibs(677,[677,702,651]),
    $neibs(678,[678,679,704,653]),
    $neibs(679,[679,678,680,705,654]),
    $neibs(680,[680,679,681,706,655]),
    $neibs(681,[681,680,682,707,656]),
    $neibs(682,[682,681,683,708,657]),
    $neibs(658,[658,659,684]),
    $neibs(684,[684,683,685,710,658]),
    $neibs(685,[685,684,686,711,659]),
    $neibs(686,[686,685,712,660]),
    $neibs(662,[662,661,663]),
    $neibs(664,[664,663,665,688]),
    $neibs(687,[687,688,715,663]),
    $neibs(688,[688,687,689,716,664]),
    $neibs(689,[689,688,690,717,665]),
    $neibs(666,[666,667,691]),
    $neibs(691,[691,690,692,719,666]),
    $neibs(692,[692,691,693,720,667]),
    $neibs(694,[694,693,695,722,668]),
    $neibs(695,[695,694,723,669]),
    $neibs(696,[696,697,670]),
    $neibs(698,[698,699,672]),
    $neibs(699,[699,698,673]),
    $neibs(700,[700,701,728,675]),
    $neibs(701,[701,700,729,676]),
    $neibs(702,[702,703,731,677]),
    $neibs(704,[704,703,705,678]),
    $neibs(705,[705,704,706,733,679]),
    $neibs(706,[706,705,707,734,680]),
    $neibs(707,[707,706,708,735,681]),
    $neibs(683,[683,682,684,709]),
    $neibs(708,[708,707,709,682]),
    $neibs(709,[709,708,710,736,683]),
    $neibs(710,[710,709,711,737,684]),
    $neibs(711,[711,710,712,738,685]),
    $neibs(712,[712,711,713,686]),
    $neibs(715,[715,714,716,741,687]),
    $neibs(716,[716,715,717,742,688]),
    $neibs(690,[690,689,691,718]),
    $neibs(717,[717,716,718,743,689]),
    $neibs(718,[718,717,719,744,690]),
    $neibs(719,[719,718,720,745,691]),
    $neibs(693,[693,692,694,721]),
    $neibs(720,[720,719,721,746,692]),
    $neibs(721,[721,720,722,747,693]),
    $neibs(722,[722,721,723,694]),
    $neibs(723,[723,722,724,695]),
    $neibs(697,[697,696,725]),
    $neibs(725,[725,726,748,697]),
    $neibs(728,[728,727,729,752,700]),
    $neibs(729,[729,728,730,753,701]),
    $neibs(703,[703,702,704,732]),
    $neibs(731,[731,730,732,755,702]),
    $neibs(732,[732,731,703]),
    $neibs(733,[733,734,757,705]),
    $neibs(734,[734,733,735,758,706]),
    $neibs(735,[735,734,759,707]),
    $neibs(736,[736,737,760,709]),
    $neibs(737,[737,736,738,710]),
    $neibs(738,[738,737,761,711]),
    $neibs(713,[713,712,714,739]),
    $neibs(714,[714,713,715,740]),
    $neibs(739,[739,740,762,713]),
    $neibs(740,[740,739,741,763,714]),
    $neibs(741,[741,740,742,764,715]),
    $neibs(742,[742,741,743,716]),
    $neibs(743,[743,742,744,765,717]),
    $neibs(744,[744,743,745,766,718]),
    $neibs(745,[745,744,746,767,719]),
    $neibs(746,[746,745,747,768,720]),
    $neibs(747,[747,746,769,721]),
    $neibs(724,[724,723]),
    $neibs(726,[726,725,749]),
    $neibs(748,[748,749,725]),
    $neibs(749,[749,748,750,771,726]),
    $neibs(727,[727,728]),
    $neibs(752,[752,753,728]),
    $neibs(730,[730,729,731,754]),
    $neibs(753,[753,752,754,729]),
    $neibs(754,[754,753,755,774,730]),
    $neibs(755,[755,754,731]),
    $neibs(757,[757,756,758,733]),
    $neibs(758,[758,757,759,776,734]),
    $neibs(759,[759,758,777,735]),
    $neibs(760,[760,779,736]),
    $neibs(761,[761,738]),
    $neibs(762,[762,763,782,739]),
    $neibs(763,[763,762,764,783,740]),
    $neibs(764,[764,763,784,741]),
    $neibs(765,[765,766,786,743]),
    $neibs(766,[766,765,767,787,744]),
    $neibs(767,[767,766,768,788,745]),
    $neibs(768,[768,767,769,746]),
    $neibs(769,[769,768,770,789,747]),
    $neibs(750,[750,749,751]),
    $neibs(771,[771,793,749]),
    $neibs(751,[751,750,772]),
    $neibs(772,[772,773,795,751]),
    $neibs(774,[774,799,754]),
    $neibs(756,[756,757]),
    $neibs(776,[776,777,804,758]),
    $neibs(777,[777,776,778,805,759]),
    $neibs(779,[779,778,780,806,760]),
    $neibs(782,[782,781,783,809,762]),
    $neibs(783,[783,782,784,810,763]),
    $neibs(784,[784,783,785,811,764]),
    $neibs(786,[786,785,787,813,765]),
    $neibs(787,[787,786,788,814,766]),
    $neibs(788,[788,787,815,767]),
    $neibs(770,[770,769,790]),
    $neibs(789,[789,790,769]),
    $neibs(790,[790,789,791,817,770]),
    $neibs(793,[793,794,771]),
    $neibs(773,[773,772,796]),
    $neibs(795,[795,794,796,772]),
    $neibs(796,[796,795,797,773]),
    $neibs(799,[799,798,800,774]),
    $neibs(775,[775,801]),
    $neibs(801,[801,800,802,775]),
    $neibs(804,[804,803,805,776]),
    $neibs(778,[778,777,779]),
    $neibs(805,[805,804,777]),
    $neibs(780,[780,779,807]),
    $neibs(806,[806,807,779]),
    $neibs(807,[807,806,780]),
    $neibs(781,[781,782,808]),
    $neibs(808,[808,809,781]),
    $neibs(809,[809,808,810,782]),
    $neibs(810,[810,809,811,783]),
    $neibs(785,[785,784,786,812]),
    $neibs(811,[811,810,812,784]),
    $neibs(812,[812,811,813,785]),
    $neibs(813,[813,812,814,786]),
    $neibs(814,[814,813,815,787]),
    $neibs(815,[815,814,816,788]),
    $neibs(791,[791,790,792,818]),
    $neibs(817,[817,818,790]),
    $neibs(792,[792,791,819]),
    $neibs(818,[818,817,819,791]),
    $neibs(819,[819,818,792]),
    $neibs(794,[794,793,795]),
    $neibs(797,[797,796,798]),
    $neibs(798,[798,797,799]),
    $neibs(800,[800,799,801]),
    $neibs(802,[802,801,803]),
    $neibs(803,[803,802,804]),
    $neibs(816,[816,815])
    ],