ins(Graph, As, Avoid, Makespan, SumOfCosts) =>
    Graph = [
    $neibs(1,[1,2,29]),
    $neibs(2,[2,1,3,30]),
    $neibs(29,[29,30,58,1]),
    $neibs(3,[3,2,4,31]),
    $neibs(30,[30,29,31,59,2]),
    $neibs(4,[4,3,5,32]),
    $neibs(31,[31,30,32,60,3]),
    $neibs(5,[5,4,6,33]),
    $neibs(32,[32,31,33,61,4]),
    $neibs(6,[6,5,7,34]),
    $neibs(33,[33,32,34,62,5]),
    $neibs(7,[7,6,35]),
    $neibs(34,[34,33,35,63,6]),
    $neibs(35,[35,34,36,64,7]),
    $neibs(8,[8,9,37]),
    $neibs(9,[9,8,10,38]),
    $neibs(37,[37,36,38,8]),
    $neibs(10,[10,9,11,39]),
    $neibs(38,[38,37,39,65,9]),
    $neibs(11,[11,10,12,40]),
    $neibs(39,[39,38,40,66,10]),
    $neibs(12,[12,11,13,41]),
    $neibs(40,[40,39,41,67,11]),
    $neibs(13,[13,12,14,42]),
    $neibs(41,[41,40,42,68,12]),
    $neibs(14,[14,13,15,43]),
    $neibs(42,[42,41,43,69,13]),
    $neibs(15,[15,14,16,44]),
    $neibs(43,[43,42,44,70,14]),
    $neibs(16,[16,15,45]),
    $neibs(44,[44,43,45,15]),
    $neibs(45,[45,44,46,71,16]),
    $neibs(17,[17,18,48]),
    $neibs(18,[18,17,19,49]),
    $neibs(48,[48,47,49,17]),
    $neibs(19,[19,18,20]),
    $neibs(49,[49,48,73,18]),
    $neibs(20,[20,19,21,50]),
    $neibs(21,[21,20,22,51]),
    $neibs(50,[50,51,75,20]),
    $neibs(22,[22,21,23,52]),
    $neibs(51,[51,50,52,76,21]),
    $neibs(23,[23,22]),
    $neibs(52,[52,51,77,22]),
    $neibs(24,[24,25,54]),
    $neibs(25,[25,24,26,55]),
    $neibs(54,[54,53,55,79,24]),
    $neibs(26,[26,25,27,56]),
    $neibs(55,[55,54,56,80,25]),
    $neibs(27,[27,26,28,57]),
    $neibs(56,[56,55,57,81,26]),
    $neibs(28,[28,27]),
    $neibs(57,[57,56,82,27]),
    $neibs(58,[58,59,84,29]),
    $neibs(59,[59,58,60,85,30]),
    $neibs(60,[60,59,61,86,31]),
    $neibs(61,[61,60,62,87,32]),
    $neibs(62,[62,61,63,88,33]),
    $neibs(63,[63,62,64,89,34]),
    $neibs(36,[36,35,37]),
    $neibs(64,[64,63,90,35]),
    $neibs(65,[65,66,93,38]),
    $neibs(66,[66,65,67,94,39]),
    $neibs(67,[67,66,68,95,40]),
    $neibs(68,[68,67,69,96,41]),
    $neibs(69,[69,68,70,97,42]),
    $neibs(70,[70,69,98,43]),
    $neibs(46,[46,45,47,72]),
    $neibs(71,[71,72,99,45]),
    $neibs(47,[47,46,48]),
    $neibs(72,[72,71,100,46]),
    $neibs(73,[73,74,103,49]),
    $neibs(75,[75,74,76,105,50]),
    $neibs(76,[76,75,77,106,51]),
    $neibs(77,[77,76,78,107,52]),
    $neibs(53,[53,54]),
    $neibs(79,[79,80,110,54]),
    $neibs(80,[80,79,81,111,55]),
    $neibs(81,[81,80,82,56]),
    $neibs(82,[82,81,83,112,57]),
    $neibs(84,[84,85,58]),
    $neibs(85,[85,84,86,114,59]),
    $neibs(86,[86,85,87,115,60]),
    $neibs(87,[87,86,88,116,61]),
    $neibs(88,[88,87,89,117,62]),
    $neibs(89,[89,88,90,118,63]),
    $neibs(90,[90,89,91,119,64]),
    $neibs(93,[93,92,94,122,65]),
    $neibs(94,[94,93,95,123,66]),
    $neibs(95,[95,94,96,124,67]),
    $neibs(96,[96,95,97,125,68]),
    $neibs(97,[97,96,98,126,69]),
    $neibs(98,[98,97,127,70]),
    $neibs(99,[99,100,128,71]),
    $neibs(100,[100,99,101,129,72]),
    $neibs(74,[74,73,75,104]),
    $neibs(103,[103,102,104,132,73]),
    $neibs(104,[104,103,105,133,74]),
    $neibs(105,[105,104,106,134,75]),
    $neibs(106,[106,105,107,135,76]),
    $neibs(78,[78,77,108]),
    $neibs(107,[107,106,108,77]),
    $neibs(108,[108,107,109,136,78]),
    $neibs(110,[110,109,111,138,79]),
    $neibs(111,[111,110,139,80]),
    $neibs(83,[83,82,113]),
    $neibs(112,[112,113,141,82]),
    $neibs(113,[113,112,142,83]),
    $neibs(114,[114,115,144,85]),
    $neibs(115,[115,114,116,145,86]),
    $neibs(116,[116,115,117,146,87]),
    $neibs(117,[117,116,118,147,88]),
    $neibs(118,[118,117,119,148,89]),
    $neibs(91,[91,90,92,120]),
    $neibs(119,[119,118,120,149,90]),
    $neibs(92,[92,91,93,121]),
    $neibs(120,[120,119,121,150,91]),
    $neibs(121,[121,120,122,151,92]),
    $neibs(122,[122,121,123,93]),
    $neibs(123,[123,122,124,152,94]),
    $neibs(124,[124,123,125,153,95]),
    $neibs(125,[125,124,126,154,96]),
    $neibs(126,[126,125,127,155,97]),
    $neibs(127,[127,126,156,98]),
    $neibs(128,[128,129,158,99]),
    $neibs(101,[101,100,102,130]),
    $neibs(129,[129,128,130,159,100]),
    $neibs(102,[102,101,103,131]),
    $neibs(130,[130,129,131,160,101]),
    $neibs(131,[131,130,132,161,102]),
    $neibs(132,[132,131,133,103]),
    $neibs(133,[133,132,134,162,104]),
    $neibs(134,[134,133,135,105]),
    $neibs(135,[135,134,163,106]),
    $neibs(109,[109,108,110,137]),
    $neibs(136,[136,137,165,108]),
    $neibs(137,[137,136,138,166,109]),
    $neibs(138,[138,137,139,167,110]),
    $neibs(139,[139,138,140,168,111]),
    $neibs(141,[141,140,142,170,112]),
    $neibs(142,[142,141,171,113]),
    $neibs(144,[144,143,145,172,114]),
    $neibs(145,[145,144,146,173,115]),
    $neibs(146,[146,145,147,174,116]),
    $neibs(147,[147,146,148,117]),
    $neibs(148,[148,147,149,175,118]),
    $neibs(149,[149,148,150,119]),
    $neibs(150,[150,149,151,176,120]),
    $neibs(151,[151,150,177,121]),
    $neibs(152,[152,153,179,123]),
    $neibs(153,[153,152,154,180,124]),
    $neibs(154,[154,153,155,181,125]),
    $neibs(155,[155,154,156,182,126]),
    $neibs(156,[156,155,157,183,127]),
    $neibs(158,[158,157,159,185,128]),
    $neibs(159,[159,158,160,186,129]),
    $neibs(160,[160,159,161,187,130]),
    $neibs(161,[161,160,188,131]),
    $neibs(162,[162,190,133]),
    $neibs(163,[163,164,192,135]),
    $neibs(165,[165,164,166,194,136]),
    $neibs(166,[166,165,167,195,137]),
    $neibs(167,[167,166,168,196,138]),
    $neibs(140,[140,139,141,169]),
    $neibs(168,[168,167,169,197,139]),
    $neibs(169,[169,168,170,198,140]),
    $neibs(170,[170,169,171,199,141]),
    $neibs(171,[171,170,200,142]),
    $neibs(143,[143,144]),
    $neibs(172,[172,173,202,144]),
    $neibs(173,[173,172,174,203,145]),
    $neibs(174,[174,173,204,146]),
    $neibs(175,[175,206,148]),
    $neibs(176,[176,177,208,150]),
    $neibs(177,[177,176,178,151]),
    $neibs(179,[179,178,180,210,152]),
    $neibs(180,[180,179,181,211,153]),
    $neibs(181,[181,180,182,212,154]),
    $neibs(182,[182,181,183,213,155]),
    $neibs(157,[157,156,158,184]),
    $neibs(183,[183,182,184,214,156]),
    $neibs(184,[184,183,185,215,157]),
    $neibs(185,[185,184,186,216,158]),
    $neibs(186,[186,185,187,217,159]),
    $neibs(187,[187,186,188,218,160]),
    $neibs(188,[188,187,189,219,161]),
    $neibs(190,[190,189,191,221,162]),
    $neibs(164,[164,163,165,193]),
    $neibs(192,[192,191,193,163]),
    $neibs(193,[193,192,194,164]),
    $neibs(194,[194,193,195,223,165]),
    $neibs(195,[195,194,196,224,166]),
    $neibs(196,[196,195,197,225,167]),
    $neibs(197,[197,196,198,226,168]),
    $neibs(198,[198,197,199,227,169]),
    $neibs(199,[199,198,200,228,170]),
    $neibs(200,[200,199,229,171]),
    $neibs(202,[202,201,203,231,172]),
    $neibs(203,[203,202,204,173]),
    $neibs(204,[204,203,205,232,174]),
    $neibs(206,[206,205,207,234,175]),
    $neibs(208,[208,207,235,176]),
    $neibs(178,[178,177,179,209]),
    $neibs(209,[209,210,237,178]),
    $neibs(210,[210,209,211,238,179]),
    $neibs(211,[211,210,212,239,180]),
    $neibs(212,[212,211,213,181]),
    $neibs(213,[213,212,214,240,182]),
    $neibs(214,[214,213,215,183]),
    $neibs(215,[215,214,216,184]),
    $neibs(216,[216,215,217,241,185]),
    $neibs(217,[217,216,218,242,186]),
    $neibs(218,[218,217,219,243,187]),
    $neibs(189,[189,188,190,220]),
    $neibs(219,[219,218,220,188]),
    $neibs(220,[220,219,221,244,189]),
    $neibs(191,[191,190,192,222]),
    $neibs(221,[221,220,222,245,190]),
    $neibs(222,[222,221,246,191]),
    $neibs(223,[223,224,249,194]),
    $neibs(224,[224,223,225,195]),
    $neibs(225,[225,224,226,250,196]),
    $neibs(226,[226,225,227,251,197]),
    $neibs(227,[227,226,228,252,198]),
    $neibs(228,[228,227,229,253,199]),
    $neibs(229,[229,228,254,200]),
    $neibs(201,[201,202,230]),
    $neibs(230,[230,231,255,201]),
    $neibs(231,[231,230,256,202]),
    $neibs(205,[205,204,206,233]),
    $neibs(232,[232,233,258,204]),
    $neibs(233,[233,232,234,259,205]),
    $neibs(207,[207,206,208]),
    $neibs(234,[234,233,260,206]),
    $neibs(235,[235,236,262,208]),
    $neibs(237,[237,236,238,263,209]),
    $neibs(238,[238,237,239,264,210]),
    $neibs(239,[239,238,265,211]),
    $neibs(240,[240,266,213]),
    $neibs(241,[241,242,269,216]),
    $neibs(242,[242,241,243,270,217]),
    $neibs(243,[243,242,271,218]),
    $neibs(244,[244,245,273,220]),
    $neibs(245,[245,244,246,274,221]),
    $neibs(246,[246,245,247,275,222]),
    $neibs(249,[249,248,278,223]),
    $neibs(250,[250,251,279,225]),
    $neibs(251,[251,250,252,280,226]),
    $neibs(252,[252,251,253,281,227]),
    $neibs(253,[253,252,254,282,228]),
    $neibs(254,[254,253,283,229]),
    $neibs(255,[255,256,284,230]),
    $neibs(256,[256,255,257,285,231]),
    $neibs(258,[258,257,259,287,232]),
    $neibs(259,[259,258,260,288,233]),
    $neibs(260,[260,259,261,289,234]),
    $neibs(236,[236,235,237]),
    $neibs(262,[262,261,291,235]),
    $neibs(263,[263,264,293,237]),
    $neibs(264,[264,263,265,294,238]),
    $neibs(265,[265,264,295,239]),
    $neibs(266,[266,267,297,240]),
    $neibs(269,[269,268,270,300,241]),
    $neibs(270,[270,269,271,242]),
    $neibs(271,[271,270,272,301,243]),
    $neibs(273,[273,272,274,303,244]),
    $neibs(274,[274,273,275,304,245]),
    $neibs(247,[247,246,248,276]),
    $neibs(275,[275,274,276,305,246]),
    $neibs(248,[248,247,249,277]),
    $neibs(276,[276,275,277,306,247]),
    $neibs(277,[277,276,278,307,248]),
    $neibs(278,[278,277,308,249]),
    $neibs(279,[279,280,310,250]),
    $neibs(280,[280,279,281,311,251]),
    $neibs(281,[281,280,282,312,252]),
    $neibs(282,[282,281,283,313,253]),
    $neibs(283,[283,282,314,254]),
    $neibs(284,[284,285,315,255]),
    $neibs(257,[257,256,258,286]),
    $neibs(285,[285,284,286,316,256]),
    $neibs(286,[286,285,287,317,257]),
    $neibs(287,[287,286,288,318,258]),
    $neibs(288,[288,287,289,319,259]),
    $neibs(261,[261,260,262,290]),
    $neibs(289,[289,288,290,320,260]),
    $neibs(290,[290,289,291,321,261]),
    $neibs(291,[291,290,292,262]),
    $neibs(293,[293,292,294,322,263]),
    $neibs(294,[294,293,295,323,264]),
    $neibs(295,[295,294,296,324,265]),
    $neibs(267,[267,266,268,298]),
    $neibs(297,[297,296,298,266]),
    $neibs(268,[268,267,269,299]),
    $neibs(298,[298,297,299,326,267]),
    $neibs(299,[299,298,300,327,268]),
    $neibs(300,[300,299,328,269]),
    $neibs(272,[272,271,273,302]),
    $neibs(301,[301,302,330,271]),
    $neibs(302,[302,301,303,331,272]),
    $neibs(303,[303,302,304,273]),
    $neibs(304,[304,303,305,332,274]),
    $neibs(305,[305,304,306,333,275]),
    $neibs(306,[306,305,307,334,276]),
    $neibs(307,[307,306,308,335,277]),
    $neibs(308,[308,307,309,336,278]),
    $neibs(310,[310,309,311,338,279]),
    $neibs(311,[311,310,312,339,280]),
    $neibs(312,[312,311,313,340,281]),
    $neibs(313,[313,312,314,341,282]),
    $neibs(314,[314,313,283]),
    $neibs(315,[315,316,284]),
    $neibs(316,[316,315,317,342,285]),
    $neibs(317,[317,316,318,343,286]),
    $neibs(318,[318,317,319,344,287]),
    $neibs(319,[319,318,320,345,288]),
    $neibs(320,[320,319,321,289]),
    $neibs(321,[321,320,346,290]),
    $neibs(292,[292,291,293]),
    $neibs(322,[322,323,348,293]),
    $neibs(323,[323,322,324,349,294]),
    $neibs(296,[296,295,297,325]),
    $neibs(324,[324,323,325,295]),
    $neibs(325,[325,324,350,296]),
    $neibs(326,[326,327,351,298]),
    $neibs(327,[327,326,328,352,299]),
    $neibs(328,[328,327,329,353,300]),
    $neibs(330,[330,329,331,355,301]),
    $neibs(331,[331,330,356,302]),
    $neibs(332,[332,333,358,304]),
    $neibs(333,[333,332,334,359,305]),
    $neibs(334,[334,333,335,360,306]),
    $neibs(335,[335,334,336,361,307]),
    $neibs(309,[309,308,310,337]),
    $neibs(336,[336,335,337,362,308]),
    $neibs(337,[337,336,338,363,309]),
    $neibs(338,[338,337,339,310]),
    $neibs(339,[339,338,340,364,311]),
    $neibs(340,[340,339,341,365,312]),
    $neibs(341,[341,340,366,313]),
    $neibs(342,[342,343,367,316]),
    $neibs(343,[343,342,344,368,317]),
    $neibs(344,[344,343,345,369,318]),
    $neibs(345,[345,344,370,319]),
    $neibs(346,[346,372,321]),
    $neibs(348,[348,347,349,322]),
    $neibs(349,[349,348,375,323]),
    $neibs(350,[350,376,325]),
    $neibs(351,[351,352,378,326]),
    $neibs(352,[352,351,353,379,327]),
    $neibs(329,[329,328,330,354]),
    $neibs(353,[353,352,354,380,328]),
    $neibs(354,[354,353,355,381,329]),
    $neibs(355,[355,354,356,382,330]),
    $neibs(356,[356,355,357,383,331]),
    $neibs(358,[358,357,359,385,332]),
    $neibs(359,[359,358,360,386,333]),
    $neibs(360,[360,359,361,387,334]),
    $neibs(361,[361,360,362,388,335]),
    $neibs(362,[362,361,363,389,336]),
    $neibs(363,[363,362,390,337]),
    $neibs(364,[364,365,392,339]),
    $neibs(365,[365,364,366,393,340]),
    $neibs(366,[366,365,341]),
    $neibs(367,[367,368,396,342]),
    $neibs(368,[368,367,369,397,343]),
    $neibs(369,[369,368,370,398,344]),
    $neibs(370,[370,369,371,345]),
    $neibs(372,[372,371,373,400,346]),
    $neibs(347,[347,348,374]),
    $neibs(374,[374,373,347]),
    $neibs(375,[375,402,349]),
    $neibs(376,[376,377,404,350]),
    $neibs(378,[378,377,379,406,351]),
    $neibs(379,[379,378,380,407,352]),
    $neibs(380,[380,379,381,408,353]),
    $neibs(381,[381,380,382,409,354]),
    $neibs(382,[382,381,383,410,355]),
    $neibs(357,[357,356,358,384]),
    $neibs(383,[383,382,384,411,356]),
    $neibs(384,[384,383,385,412,357]),
    $neibs(385,[385,384,386,413,358]),
    $neibs(386,[386,385,387,414,359]),
    $neibs(387,[387,386,388,415,360]),
    $neibs(388,[388,387,389,416,361]),
    $neibs(389,[389,388,390,417,362]),
    $neibs(390,[390,389,391,418,363]),
    $neibs(392,[392,391,393,420,364]),
    $neibs(393,[393,392,421,365]),
    $neibs(396,[396,395,397,425,367]),
    $neibs(397,[397,396,398,426,368]),
    $neibs(398,[398,397,427,369]),
    $neibs(371,[371,370,372,399]),
    $neibs(399,[399,400,429,371]),
    $neibs(373,[373,372,374]),
    $neibs(400,[400,399,430,372]),
    $neibs(402,[402,401,403,433,375]),
    $neibs(377,[377,376,378,405]),
    $neibs(404,[404,403,405,435,376]),
    $neibs(405,[405,404,406,436,377]),
    $neibs(406,[406,405,407,437,378]),
    $neibs(407,[407,406,408,379]),
    $neibs(408,[408,407,409,438,380]),
    $neibs(409,[409,408,410,439,381]),
    $neibs(410,[410,409,411,440,382]),
    $neibs(411,[411,410,412,441,383]),
    $neibs(412,[412,411,413,384]),
    $neibs(413,[413,412,414,442,385]),
    $neibs(414,[414,413,415,443,386]),
    $neibs(415,[415,414,416,444,387]),
    $neibs(416,[416,415,417,445,388]),
    $neibs(417,[417,416,418,446,389]),
    $neibs(391,[391,390,392,419]),
    $neibs(418,[418,417,419,447,390]),
    $neibs(419,[419,418,420,448,391]),
    $neibs(420,[420,419,421,449,392]),
    $neibs(421,[421,420,422,450,393]),
    $neibs(394,[394,423]),
    $neibs(423,[423,422,452,394]),
    $neibs(395,[395,396,424]),
    $neibs(424,[424,425,395]),
    $neibs(425,[425,424,426,453,396]),
    $neibs(426,[426,425,427,454,397]),
    $neibs(427,[427,426,428,455,398]),
    $neibs(429,[429,428,430,457,399]),
    $neibs(430,[430,429,431,458,400]),
    $neibs(401,[401,402,432]),
    $neibs(432,[432,433,461,401]),
    $neibs(403,[403,402,404,434]),
    $neibs(433,[433,432,434,462,402]),
    $neibs(434,[434,433,435,463,403]),
    $neibs(435,[435,434,436,464,404]),
    $neibs(436,[436,435,437,465,405]),
    $neibs(437,[437,436,466,406]),
    $neibs(438,[438,439,468,408]),
    $neibs(439,[439,438,440,469,409]),
    $neibs(440,[440,439,441,410]),
    $neibs(441,[441,440,470,411]),
    $neibs(442,[442,443,472,413]),
    $neibs(443,[443,442,444,473,414]),
    $neibs(444,[444,443,445,474,415]),
    $neibs(445,[445,444,446,475,416]),
    $neibs(446,[446,445,447,476,417]),
    $neibs(447,[447,446,448,477,418]),
    $neibs(448,[448,447,449,478,419]),
    $neibs(449,[449,448,450,479,420]),
    $neibs(422,[422,421,423,451]),
    $neibs(450,[450,449,451,480,421]),
    $neibs(451,[451,450,452,481,422]),
    $neibs(452,[452,451,423]),
    $neibs(453,[453,454,483,425]),
    $neibs(454,[454,453,455,484,426]),
    $neibs(428,[428,427,429,456]),
    $neibs(455,[455,454,456,485,427]),
    $neibs(456,[456,455,457,486,428]),
    $neibs(457,[457,456,458,487,429]),
    $neibs(431,[431,430,459]),
    $neibs(458,[458,457,459,488,430]),
    $neibs(459,[459,458,460,489,431]),
    $neibs(461,[461,460,462,491,432]),
    $neibs(462,[462,461,463,492,433]),
    $neibs(463,[463,462,464,493,434]),
    $neibs(464,[464,463,465,494,435]),
    $neibs(465,[465,464,466,495,436]),
    $neibs(466,[466,465,467,496,437]),
    $neibs(468,[468,467,469,498,438]),
    $neibs(469,[469,468,499,439]),
    $neibs(470,[470,471,501,441]),
    $neibs(472,[472,471,473,503,442]),
    $neibs(473,[473,472,474,504,443]),
    $neibs(474,[474,473,475,505,444]),
    $neibs(475,[475,474,476,506,445]),
    $neibs(476,[476,475,477,507,446]),
    $neibs(477,[477,476,478,508,447]),
    $neibs(478,[478,477,479,509,448]),
    $neibs(479,[479,478,480,449]),
    $neibs(480,[480,479,481,510,450]),
    $neibs(481,[481,480,511,451]),
    $neibs(483,[483,482,484,453]),
    $neibs(484,[484,483,485,513,454]),
    $neibs(485,[485,484,486,514,455]),
    $neibs(486,[486,485,487,515,456]),
    $neibs(487,[487,486,488,516,457]),
    $neibs(488,[488,487,489,458]),
    $neibs(460,[460,459,461,490]),
    $neibs(489,[489,488,490,517,459]),
    $neibs(490,[490,489,491,518,460]),
    $neibs(491,[491,490,492,519,461]),
    $neibs(492,[492,491,493,520,462]),
    $neibs(493,[493,492,494,521,463]),
    $neibs(494,[494,493,495,522,464]),
    $neibs(495,[495,494,496,523,465]),
    $neibs(467,[467,466,468,497]),
    $neibs(496,[496,495,497,524,466]),
    $neibs(497,[497,496,498,467]),
    $neibs(498,[498,497,499,525,468]),
    $neibs(499,[499,498,500,469]),
    $neibs(471,[471,470,472,502]),
    $neibs(501,[501,500,502,527,470]),
    $neibs(502,[502,501,503,528,471]),
    $neibs(503,[503,502,504,529,472]),
    $neibs(504,[504,503,505,530,473]),
    $neibs(505,[505,504,506,531,474]),
    $neibs(506,[506,505,507,532,475]),
    $neibs(507,[507,506,508,533,476]),
    $neibs(508,[508,507,509,534,477]),
    $neibs(509,[509,508,535,478]),
    $neibs(510,[510,511,537,480]),
    $neibs(511,[511,510,512,538,481]),
    $neibs(482,[482,483]),
    $neibs(513,[513,514,542,484]),
    $neibs(514,[514,513,515,485]),
    $neibs(515,[515,514,516,543,486]),
    $neibs(516,[516,515,544,487]),
    $neibs(517,[517,518,546,489]),
    $neibs(518,[518,517,519,547,490]),
    $neibs(519,[519,518,520,548,491]),
    $neibs(520,[520,519,521,549,492]),
    $neibs(521,[521,520,522,550,493]),
    $neibs(522,[522,521,523,551,494]),
    $neibs(523,[523,522,524,552,495]),
    $neibs(524,[524,523,553,496]),
    $neibs(525,[525,555,498]),
    $neibs(500,[500,499,501,526]),
    $neibs(526,[526,527,557,500]),
    $neibs(527,[527,526,528,558,501]),
    $neibs(528,[528,527,529,559,502]),
    $neibs(529,[529,528,530,560,503]),
    $neibs(530,[530,529,531,561,504]),
    $neibs(531,[531,530,532,562,505]),
    $neibs(532,[532,531,533,563,506]),
    $neibs(533,[533,532,534,564,507]),
    $neibs(534,[534,533,535,508]),
    $neibs(535,[535,534,536,565,509]),
    $neibs(537,[537,536,538,566,510]),
    $neibs(512,[512,511,539]),
    $neibs(538,[538,537,539,567,511]),
    $neibs(539,[539,538,568,512]),
    $neibs(542,[542,541,571,513]),
    $neibs(543,[543,544,515]),
    $neibs(544,[544,543,545,573,516]),
    $neibs(546,[546,545,547,575,517]),
    $neibs(547,[547,546,548,576,518]),
    $neibs(548,[548,547,549,577,519]),
    $neibs(549,[549,548,550,578,520]),
    $neibs(550,[550,549,551,579,521]),
    $neibs(551,[551,550,552,580,522]),
    $neibs(552,[552,551,553,581,523]),
    $neibs(553,[553,552,554,582,524]),
    $neibs(555,[555,554,556,584,525]),
    $neibs(557,[557,556,558,586,526]),
    $neibs(558,[558,557,559,587,527]),
    $neibs(559,[559,558,560,588,528]),
    $neibs(560,[560,559,561,589,529]),
    $neibs(561,[561,560,562,590,530]),
    $neibs(562,[562,561,563,591,531]),
    $neibs(563,[563,562,564,592,532]),
    $neibs(564,[564,563,593,533]),
    $neibs(536,[536,535,537]),
    $neibs(565,[565,595,535]),
    $neibs(566,[566,567,597,537]),
    $neibs(567,[567,566,568,598,538]),
    $neibs(568,[568,567,599,539]),
    $neibs(540,[540,541,569]),
    $neibs(541,[541,540,542,570]),
    $neibs(569,[569,570,600,540]),
    $neibs(570,[570,569,571,601,541]),
    $neibs(571,[571,570,572,602,542]),
    $neibs(545,[545,544,546,574]),
    $neibs(573,[573,574,604,544]),
    $neibs(574,[574,573,575,605,545]),
    $neibs(575,[575,574,576,606,546]),
    $neibs(576,[576,575,577,607,547]),
    $neibs(577,[577,576,578,608,548]),
    $neibs(578,[578,577,579,609,549]),
    $neibs(579,[579,578,580,610,550]),
    $neibs(580,[580,579,581,611,551]),
    $neibs(581,[581,580,582,612,552]),
    $neibs(554,[554,553,555,583]),
    $neibs(582,[582,581,583,613,553]),
    $neibs(583,[583,582,584,614,554]),
    $neibs(556,[556,555,557,585]),
    $neibs(584,[584,583,585,615,555]),
    $neibs(585,[585,584,586,616,556]),
    $neibs(586,[586,585,587,617,557]),
    $neibs(587,[587,586,588,618,558]),
    $neibs(588,[588,587,589,619,559]),
    $neibs(589,[589,588,590,620,560]),
    $neibs(590,[590,589,591,621,561]),
    $neibs(591,[591,590,592,622,562]),
    $neibs(592,[592,591,593,623,563]),
    $neibs(593,[593,592,594,624,564]),
    $neibs(595,[595,594,596,626,565]),
    $neibs(597,[597,596,598,628,566]),
    $neibs(598,[598,597,599,567]),
    $neibs(599,[599,598,568]),
    $neibs(600,[600,601,569]),
    $neibs(601,[601,600,602,629,570]),
    $neibs(572,[572,571,603]),
    $neibs(602,[602,601,603,630,571]),
    $neibs(603,[603,602,631,572]),
    $neibs(604,[604,605,633,573]),
    $neibs(605,[605,604,606,634,574]),
    $neibs(606,[606,605,607,635,575]),
    $neibs(607,[607,606,608,636,576]),
    $neibs(608,[608,607,609,637,577]),
    $neibs(609,[609,608,610,638,578]),
    $neibs(610,[610,609,611,639,579]),
    $neibs(611,[611,610,612,640,580]),
    $neibs(612,[612,611,613,641,581]),
    $neibs(613,[613,612,614,582]),
    $neibs(614,[614,613,615,642,583]),
    $neibs(615,[615,614,616,643,584]),
    $neibs(616,[616,615,617,644,585]),
    $neibs(617,[617,616,618,645,586]),
    $neibs(618,[618,617,619,646,587]),
    $neibs(619,[619,618,620,647,588]),
    $neibs(620,[620,619,621,648,589]),
    $neibs(621,[621,620,622,590]),
    $neibs(622,[622,621,623,649,591]),
    $neibs(623,[623,622,624,650,592]),
    $neibs(594,[594,593,595,625]),
    $neibs(624,[624,623,625,593]),
    $neibs(625,[625,624,626,651,594]),
    $neibs(596,[596,595,597,627]),
    $neibs(626,[626,625,627,652,595]),
    $neibs(627,[627,626,628,653,596]),
    $neibs(628,[628,627,654,597]),
    $neibs(629,[629,630,658,601]),
    $neibs(630,[630,629,631,659,602]),
    $neibs(631,[631,630,632,660,603]),
    $neibs(633,[633,632,634,662,604]),
    $neibs(634,[634,633,635,663,605]),
    $neibs(635,[635,634,636,664,606]),
    $neibs(636,[636,635,637,665,607]),
    $neibs(637,[637,636,638,666,608]),
    $neibs(638,[638,637,639,667,609]),
    $neibs(639,[639,638,640,668,610]),
    $neibs(640,[640,639,641,669,611]),
    $neibs(641,[641,640,670,612]),
    $neibs(642,[642,643,672,614]),
    $neibs(643,[643,642,644,673,615]),
    $neibs(644,[644,643,645,674,616]),
    $neibs(645,[645,644,646,675,617]),
    $neibs(646,[646,645,647,676,618]),
    $neibs(647,[647,646,648,619]),
    $neibs(648,[648,647,677,620]),
    $neibs(649,[649,650,622]),
    $neibs(650,[650,649,679,623]),
    $neibs(651,[651,652,680,625]),
    $neibs(652,[652,651,653,681,626]),
    $neibs(653,[653,652,654,627]),
    $neibs(654,[654,653,655,682,628]),
    $neibs(658,[658,657,659,686,629]),
    $neibs(659,[659,658,660,687,630]),
    $neibs(632,[632,631,633,661]),
    $neibs(660,[660,659,661,688,631]),
    $neibs(661,[661,660,662,689,632]),
    $neibs(662,[662,661,663,633]),
    $neibs(663,[663,662,664,634]),
    $neibs(664,[664,663,665,690,635]),
    $neibs(665,[665,664,666,691,636]),
    $neibs(666,[666,665,667,692,637]),
    $neibs(667,[667,666,668,693,638]),
    $neibs(668,[668,667,669,694,639]),
    $neibs(669,[669,668,670,695,640]),
    $neibs(670,[670,669,671,696,641]),
    $neibs(672,[672,671,673,698,642]),
    $neibs(673,[673,672,674,699,643]),
    $neibs(674,[674,673,675,700,644]),
    $neibs(675,[675,674,676,701,645]),
    $neibs(676,[676,675,702,646]),
    $neibs(677,[677,678,648]),
    $neibs(679,[679,706,650]),
    $neibs(680,[680,681,708,651]),
    $neibs(681,[681,680,709,652]),
    $neibs(655,[655,654,656,683]),
    $neibs(682,[682,683,711,654]),
    $neibs(656,[656,655,684]),
    $neibs(683,[683,682,684,712,655]),
    $neibs(684,[684,683,713,656]),
    $neibs(657,[657,658,685]),
    $neibs(685,[685,686,714,657]),
    $neibs(686,[686,685,687,715,658]),
    $neibs(687,[687,686,688,716,659]),
    $neibs(688,[688,687,689,717,660]),
    $neibs(689,[689,688,718,661]),
    $neibs(690,[690,691,721,664]),
    $neibs(691,[691,690,692,722,665]),
    $neibs(692,[692,691,693,723,666]),
    $neibs(693,[693,692,694,724,667]),
    $neibs(694,[694,693,695,725,668]),
    $neibs(695,[695,694,696,726,669]),
    $neibs(671,[671,670,672,697]),
    $neibs(696,[696,695,697,727,670]),
    $neibs(697,[697,696,698,728,671]),
    $neibs(698,[698,697,699,729,672]),
    $neibs(699,[699,698,700,730,673]),
    $neibs(700,[700,699,701,731,674]),
    $neibs(701,[701,700,702,732,675]),
    $neibs(702,[702,701,703,733,676]),
    $neibs(678,[678,677,704]),
    $neibs(704,[704,705,736,678]),
    $neibs(706,[706,705,707,738,679]),
    $neibs(708,[708,707,709,740,680]),
    $neibs(709,[709,708,710,741,681]),
    $neibs(711,[711,710,712,743,682]),
    $neibs(712,[712,711,713,744,683]),
    $neibs(713,[713,712,745,684]),
    $neibs(714,[714,715,746,685]),
    $neibs(715,[715,714,716,686]),
    $neibs(716,[716,715,717,747,687]),
    $neibs(717,[717,716,718,748,688]),
    $neibs(718,[718,717,719,749,689]),
    $neibs(721,[721,720,722,752,690]),
    $neibs(722,[722,721,723,753,691]),
    $neibs(723,[723,722,724,754,692]),
    $neibs(724,[724,723,725,755,693]),
    $neibs(725,[725,724,726,756,694]),
    $neibs(726,[726,725,727,757,695]),
    $neibs(727,[727,726,728,758,696]),
    $neibs(728,[728,727,729,697]),
    $neibs(729,[729,728,730,759,698]),
    $neibs(730,[730,729,731,760,699]),
    $neibs(731,[731,730,732,761,700]),
    $neibs(732,[732,731,733,762,701]),
    $neibs(703,[703,702,734]),
    $neibs(733,[733,732,734,763,702]),
    $neibs(734,[734,733,735,764,703]),
    $neibs(705,[705,704,706,737]),
    $neibs(736,[736,735,737,765,704]),
    $neibs(737,[737,736,738,766,705]),
    $neibs(707,[707,706,708,739]),
    $neibs(738,[738,737,739,767,706]),
    $neibs(739,[739,738,740,768,707]),
    $neibs(740,[740,739,741,769,708]),
    $neibs(710,[710,709,711,742]),
    $neibs(741,[741,740,742,770,709]),
    $neibs(742,[742,741,743,710]),
    $neibs(743,[743,742,744,771,711]),
    $neibs(744,[744,743,745,772,712]),
    $neibs(745,[745,744,713]),
    $neibs(746,[746,773,714]),
    $neibs(747,[747,748,775,716]),
    $neibs(748,[748,747,749,776,717]),
    $neibs(719,[719,718,720,750]),
    $neibs(749,[749,748,750,777,718]),
    $neibs(720,[720,719,721,751]),
    $neibs(750,[750,749,751,778,719]),
    $neibs(751,[751,750,752,779,720]),
    $neibs(752,[752,751,753,721]),
    $neibs(753,[753,752,754,780,722]),
    $neibs(754,[754,753,755,781,723]),
    $neibs(755,[755,754,756,782,724]),
    $neibs(756,[756,755,757,783,725]),
    $neibs(757,[757,756,758,784,726]),
    $neibs(758,[758,757,785,727]),
    $neibs(759,[759,760,787,729]),
    $neibs(760,[760,759,761,788,730]),
    $neibs(761,[761,760,762,789,731]),
    $neibs(762,[762,761,763,790,732]),
    $neibs(763,[763,762,764,791,733]),
    $neibs(735,[735,734,736]),
    $neibs(764,[764,763,792,734]),
    $neibs(765,[765,766,794,736]),
    $neibs(766,[766,765,767,795,737]),
    $neibs(767,[767,766,768,796,738]),
    $neibs(768,[768,767,769,797,739]),
    $neibs(769,[769,768,770,798,740]),
    $neibs(770,[770,769,799,741]),
    $neibs(771,[771,772,801,743]),
    $neibs(772,[772,771,802,744]),
    $neibs(773,[773,774,804,746]),
    $neibs(775,[775,774,776,806,747]),
    $neibs(776,[776,775,777,748]),
    $neibs(777,[777,776,778,807,749]),
    $neibs(778,[778,777,779,808,750]),
    $neibs(779,[779,778,809,751]),
    $neibs(780,[780,781,811,753]),
    $neibs(781,[781,780,782,812,754]),
    $neibs(782,[782,781,783,813,755]),
    $neibs(783,[783,782,784,814,756]),
    $neibs(784,[784,783,785,815,757]),
    $neibs(785,[785,784,786,816,758]),
    $neibs(787,[787,786,788,818,759]),
    $neibs(788,[788,787,789,819,760]),
    $neibs(789,[789,788,790,820,761]),
    $neibs(790,[790,789,791,821,762]),
    $neibs(791,[791,790,792,822,763]),
    $neibs(792,[792,791,793,823,764]),
    $neibs(794,[794,793,795,765]),
    $neibs(795,[795,794,796,824,766]),
    $neibs(796,[796,795,797,825,767]),
    $neibs(797,[797,796,798,826,768]),
    $neibs(798,[798,797,799,827,769]),
    $neibs(799,[799,798,800,828,770]),
    $neibs(801,[801,800,802,830,771]),
    $neibs(802,[802,801,803,831,772]),
    $neibs(774,[774,773,775,805]),
    $neibs(804,[804,805,833,773]),
    $neibs(805,[805,804,806,834,774]),
    $neibs(806,[806,805,835,775]),
    $neibs(807,[807,808,837,777]),
    $neibs(808,[808,807,809,838,778]),
    $neibs(809,[809,808,810,839,779]),
    $neibs(811,[811,810,812,841,780]),
    $neibs(812,[812,811,813,781]),
    $neibs(813,[813,812,814,842,782]),
    $neibs(814,[814,813,815,843,783]),
    $neibs(815,[815,814,816,844,784]),
    $neibs(786,[786,785,787,817]),
    $neibs(816,[816,815,817,845,785]),
    $neibs(817,[817,816,818,846,786]),
    $neibs(818,[818,817,819,847,787]),
    $neibs(819,[819,818,820,848,788]),
    $neibs(820,[820,819,821,849,789]),
    $neibs(821,[821,820,822,850,790]),
    $neibs(822,[822,821,823,851,791]),
    $neibs(793,[793,792,794]),
    $neibs(823,[823,822,852,792]),
    $neibs(824,[824,825,854,795]),
    $neibs(825,[825,824,826,855,796]),
    $neibs(826,[826,825,827,856,797]),
    $neibs(827,[827,826,828,857,798]),
    $neibs(800,[800,799,801,829]),
    $neibs(828,[828,827,829,858,799]),
    $neibs(829,[829,828,830,859,800]),
    $neibs(830,[830,829,831,860,801]),
    $neibs(803,[803,802,832]),
    $neibs(831,[831,830,832,861,802]),
    $neibs(832,[832,831,862,803]),
    $neibs(833,[833,834,863,804]),
    $neibs(834,[834,833,835,864,805]),
    $neibs(835,[835,834,836,865,806]),
    $neibs(837,[837,836,838,807]),
    $neibs(838,[838,837,839,867,808]),
    $neibs(810,[810,809,811,840]),
    $neibs(839,[839,838,840,868,809]),
    $neibs(840,[840,839,841,869,810]),
    $neibs(841,[841,840,870,811]),
    $neibs(842,[842,843,872,813]),
    $neibs(843,[843,842,844,873,814]),
    $neibs(844,[844,843,845,874,815]),
    $neibs(845,[845,844,846,875,816]),
    $neibs(846,[846,845,847,876,817]),
    $neibs(847,[847,846,848,818]),
    $neibs(848,[848,847,849,877,819]),
    $neibs(849,[849,848,850,878,820]),
    $neibs(850,[850,849,851,879,821]),
    $neibs(851,[851,850,852,880,822]),
    $neibs(852,[852,851,853,881,823]),
    $neibs(854,[854,855,884,824]),
    $neibs(855,[855,854,856,885,825]),
    $neibs(856,[856,855,857,886,826]),
    $neibs(857,[857,856,858,887,827]),
    $neibs(858,[858,857,859,888,828]),
    $neibs(859,[859,858,860,889,829]),
    $neibs(860,[860,859,861,890,830]),
    $neibs(861,[861,860,862,891,831]),
    $neibs(862,[862,861,892,832]),
    $neibs(863,[863,864,893,833]),
    $neibs(864,[864,863,865,894,834]),
    $neibs(836,[836,835,837,866]),
    $neibs(865,[865,864,866,895,835]),
    $neibs(866,[866,865,836]),
    $neibs(867,[867,868,897,838]),
    $neibs(868,[868,867,869,898,839]),
    $neibs(869,[869,868,870,899,840]),
    $neibs(870,[870,869,871,900,841]),
    $neibs(872,[872,871,873,902,842]),
    $neibs(873,[873,872,874,903,843]),
    $neibs(874,[874,873,875,904,844]),
    $neibs(875,[875,874,876,905,845]),
    $neibs(876,[876,875,906,846]),
    $neibs(877,[877,878,908,848]),
    $neibs(878,[878,877,879,909,849]),
    $neibs(879,[879,878,880,910,850]),
    $neibs(880,[880,879,881,911,851]),
    $neibs(853,[853,852,882]),
    $neibs(881,[881,880,882,912,852]),
    $neibs(882,[882,881,883,913,853]),
    $neibs(884,[884,883,885,854]),
    $neibs(885,[885,884,886,915,855]),
    $neibs(886,[886,885,887,916,856]),
    $neibs(887,[887,886,888,917,857]),
    $neibs(888,[888,887,889,918,858]),
    $neibs(889,[889,888,890,919,859]),
    $neibs(890,[890,889,891,920,860]),
    $neibs(891,[891,890,892,921,861]),
    $neibs(892,[892,891,922,862]),
    $neibs(893,[893,894,863]),
    $neibs(894,[894,893,895,864]),
    $neibs(895,[895,894,865]),
    $neibs(897,[897,896,898,867]),
    $neibs(898,[898,897,899,868]),
    $neibs(899,[899,898,900,869]),
    $neibs(871,[871,870,872,901]),
    $neibs(900,[900,899,901,870]),
    $neibs(901,[901,900,902,871]),
    $neibs(902,[902,901,903,872]),
    $neibs(903,[903,902,904,873]),
    $neibs(904,[904,903,905,874]),
    $neibs(905,[905,904,906,875]),
    $neibs(906,[906,905,907,876]),
    $neibs(908,[908,907,909,877]),
    $neibs(909,[909,908,910,878]),
    $neibs(910,[910,909,911,879]),
    $neibs(911,[911,910,912,880]),
    $neibs(912,[912,911,913,881]),
    $neibs(883,[883,882,884,914]),
    $neibs(913,[913,912,914,882]),
    $neibs(914,[914,913,883]),
    $neibs(915,[915,916,885]),
    $neibs(916,[916,915,917,886]),
    $neibs(917,[917,916,918,887]),
    $neibs(918,[918,917,919,888]),
    $neibs(919,[919,918,920,889]),
    $neibs(920,[920,919,921,890]),
    $neibs(921,[921,920,922,891]),
    $neibs(922,[922,921,892]),
    $neibs(896,[896,897]),
    $neibs(907,[907,906,908])
    ],