ins(Graph, As, Avoid, Makespan, SumOfCosts) =>
    Graph = [
    $neibs(1,[1,11]),
    $neibs(11,[11,10,37,1]),
    $neibs(2,[2,12]),
    $neibs(12,[12,13,38,2]),
    $neibs(3,[3,16]),
    $neibs(16,[16,15,17,41,3]),
    $neibs(4,[4,19]),
    $neibs(19,[19,20,44,4]),
    $neibs(5,[5,22]),
    $neibs(22,[22,23,48,5]),
    $neibs(6,[6,26]),
    $neibs(26,[26,25,27,51,6]),
    $neibs(7,[7,29]),
    $neibs(29,[29,30,54,7]),
    $neibs(8,[8,32]),
    $neibs(32,[32,33,58,8]),
    $neibs(9,[9,10,35]),
    $neibs(10,[10,9,11,36]),
    $neibs(35,[35,36,62,9]),
    $neibs(36,[36,35,37,63,10]),
    $neibs(37,[37,36,64,11]),
    $neibs(13,[13,12,14,39]),
    $neibs(38,[38,39,65,12]),
    $neibs(14,[14,13,15,40]),
    $neibs(39,[39,38,40,66,13]),
    $neibs(15,[15,14,16]),
    $neibs(40,[40,39,67,14]),
    $neibs(17,[17,16,18,42]),
    $neibs(41,[41,42,68,16]),
    $neibs(18,[18,17,43]),
    $neibs(42,[42,41,43,69,17]),
    $neibs(43,[43,42,70,18]),
    $neibs(20,[20,19,21,45]),
    $neibs(44,[44,45,72,19]),
    $neibs(21,[21,20,46]),
    $neibs(45,[45,44,46,73,20]),
    $neibs(46,[46,45,47,74,21]),
    $neibs(23,[23,22,24,49]),
    $neibs(48,[48,47,49,75,22]),
    $neibs(24,[24,23,25,50]),
    $neibs(49,[49,48,50,76,23]),
    $neibs(25,[25,24,26]),
    $neibs(50,[50,49,77,24]),
    $neibs(27,[27,26,28,52]),
    $neibs(51,[51,52,78,26]),
    $neibs(28,[28,27,53]),
    $neibs(52,[52,51,53,79,27]),
    $neibs(53,[53,52,80,28]),
    $neibs(30,[30,29,31,55]),
    $neibs(54,[54,55,82,29]),
    $neibs(31,[31,30,56]),
    $neibs(55,[55,54,56,83,30]),
    $neibs(56,[56,55,57,84,31]),
    $neibs(33,[33,32,34,59]),
    $neibs(58,[58,57,59,85,32]),
    $neibs(34,[34,33,60]),
    $neibs(59,[59,58,60,86,33]),
    $neibs(60,[60,59,87,34]),
    $neibs(62,[62,61,63,35]),
    $neibs(63,[63,62,64,36]),
    $neibs(64,[64,63,88,37]),
    $neibs(65,[65,66,38]),
    $neibs(66,[66,65,67,89,39]),
    $neibs(67,[67,66,40]),
    $neibs(68,[68,69,41]),
    $neibs(69,[69,68,70,42]),
    $neibs(70,[70,69,71,90,43]),
    $neibs(72,[72,71,73,44]),
    $neibs(73,[73,72,74,91,45]),
    $neibs(47,[47,46,48]),
    $neibs(74,[74,73,46]),
    $neibs(75,[75,76,48]),
    $neibs(76,[76,75,77,49]),
    $neibs(77,[77,76,50]),
    $neibs(78,[78,79,51]),
    $neibs(79,[79,78,80,52]),
    $neibs(80,[80,79,81,53]),
    $neibs(82,[82,81,83,54]),
    $neibs(83,[83,82,84,55]),
    $neibs(57,[57,56,58]),
    $neibs(84,[84,83,92,56]),
    $neibs(85,[85,86,58]),
    $neibs(86,[86,85,87,93,59]),
    $neibs(87,[87,86,60]),
    $neibs(61,[61,62]),
    $neibs(88,[88,96,64]),
    $neibs(89,[89,99,66]),
    $neibs(71,[71,70,72]),
    $neibs(90,[90,103,70]),
    $neibs(91,[91,106,73]),
    $neibs(81,[81,80,82]),
    $neibs(92,[92,117,84]),
    $neibs(93,[93,119,86]),
    $neibs(96,[96,95,97,124,88]),
    $neibs(99,[99,98,100,126,89]),
    $neibs(103,[103,102,104,131,90]),
    $neibs(106,[106,105,107,133,91]),
    $neibs(117,[117,116,143,92]),
    $neibs(119,[119,118,120,146,93]),
    $neibs(94,[94,95,122]),
    $neibs(95,[95,94,96,123]),
    $neibs(122,[122,121,123,148,94]),
    $neibs(123,[123,122,124,149,95]),
    $neibs(97,[97,96,98]),
    $neibs(124,[124,123,150,96]),
    $neibs(98,[98,97,99,125]),
    $neibs(125,[125,126,151,98]),
    $neibs(100,[100,99,127]),
    $neibs(126,[126,125,127,152,99]),
    $neibs(127,[127,126,128,153,100]),
    $neibs(101,[101,102,129]),
    $neibs(102,[102,101,103,130]),
    $neibs(129,[129,128,130,154,101]),
    $neibs(130,[130,129,131,155,102]),
    $neibs(104,[104,103,105]),
    $neibs(131,[131,130,156,103]),
    $neibs(105,[105,104,106,132]),
    $neibs(132,[132,133,157,105]),
    $neibs(107,[107,106,108,134]),
    $neibs(133,[133,132,134,158,106]),
    $neibs(108,[108,107,109]),
    $neibs(134,[134,133,159,107]),
    $neibs(109,[109,108,110,135]),
    $neibs(110,[110,109,111,136]),
    $neibs(135,[135,136,160,109]),
    $neibs(111,[111,110,137]),
    $neibs(136,[136,135,137,161,110]),
    $neibs(137,[137,136,162,111]),
    $neibs(112,[112,113,138]),
    $neibs(113,[113,112,114,139]),
    $neibs(138,[138,139,164,112]),
    $neibs(114,[114,113,140]),
    $neibs(139,[139,138,140,165,113]),
    $neibs(140,[140,139,166,114]),
    $neibs(115,[115,116,141]),
    $neibs(116,[116,115,117,142]),
    $neibs(141,[141,142,167,115]),
    $neibs(142,[142,141,143,168,116]),
    $neibs(143,[143,142,144,169,117]),
    $neibs(118,[118,119,145]),
    $neibs(145,[145,144,146,170,118]),
    $neibs(120,[120,119,147]),
    $neibs(146,[146,145,147,171,119]),
    $neibs(147,[147,146,172,120]),
    $neibs(121,[121,122]),
    $neibs(148,[148,149,122]),
    $neibs(149,[149,148,150,123]),
    $neibs(150,[150,149,124]),
    $neibs(151,[151,152,125]),
    $neibs(152,[152,151,153,173,126]),
    $neibs(128,[128,127,129]),
    $neibs(153,[153,152,127]),
    $neibs(154,[154,155,129]),
    $neibs(155,[155,154,156,130]),
    $neibs(156,[156,155,131]),
    $neibs(157,[157,158,132]),
    $neibs(158,[158,157,159,174,133]),
    $neibs(159,[159,158,134]),
    $neibs(160,[160,161,135]),
    $neibs(161,[161,160,162,175,136]),
    $neibs(162,[162,161,163,137]),
    $neibs(164,[164,163,165,138]),
    $neibs(165,[165,164,166,139]),
    $neibs(166,[166,165,176,140]),
    $neibs(167,[167,168,177,141]),
    $neibs(168,[168,167,169,142]),
    $neibs(144,[144,143,145]),
    $neibs(169,[169,168,143]),
    $neibs(170,[170,171,145]),
    $neibs(171,[171,170,172,146]),
    $neibs(172,[172,171,178,147]),
    $neibs(173,[173,184,152]),
    $neibs(174,[174,191,158]),
    $neibs(175,[175,195,161]),
    $neibs(163,[163,162,164]),
    $neibs(176,[176,199,166]),
    $neibs(177,[177,201,167]),
    $neibs(178,[178,206,172]),
    $neibs(184,[184,183,185,212,173]),
    $neibs(191,[191,190,192,218,174]),
    $neibs(195,[195,194,196,221,175]),
    $neibs(199,[199,198,200,225,176]),
    $neibs(201,[201,200,202,226,177]),
    $neibs(206,[206,205,232,178]),
    $neibs(179,[179,180]),
    $neibs(180,[180,179,181,207]),
    $neibs(181,[181,180,182,208]),
    $neibs(207,[207,208,233,180]),
    $neibs(182,[182,181,209]),
    $neibs(208,[208,207,209,234,181]),
    $neibs(209,[209,208,210,235,182]),
    $neibs(183,[183,184,211]),
    $neibs(211,[211,210,212,236,183]),
    $neibs(185,[185,184,186,213]),
    $neibs(212,[212,211,213,237,184]),
    $neibs(186,[186,185,187]),
    $neibs(213,[213,212,238,185]),
    $neibs(187,[187,186,188,214]),
    $neibs(188,[188,187,189,215]),
    $neibs(214,[214,215,239,187]),
    $neibs(189,[189,188,216]),
    $neibs(215,[215,214,216,240,188]),
    $neibs(216,[216,215,241,189]),
    $neibs(190,[190,191,217]),
    $neibs(217,[217,218,243,190]),
    $neibs(192,[192,191,193,219]),
    $neibs(218,[218,217,219,244,191]),
    $neibs(193,[193,192,194]),
    $neibs(219,[219,218,245,192]),
    $neibs(194,[194,193,195,220]),
    $neibs(220,[220,221,246,194]),
    $neibs(196,[196,195,222]),
    $neibs(221,[221,220,222,247,195]),
    $neibs(222,[222,221,248,196]),
    $neibs(197,[197,198,223]),
    $neibs(198,[198,197,199,224]),
    $neibs(223,[223,224,250,197]),
    $neibs(224,[224,223,225,251,198]),
    $neibs(200,[200,199,201]),
    $neibs(225,[225,224,252,199]),
    $neibs(202,[202,201,203,227]),
    $neibs(226,[226,227,253,201]),
    $neibs(203,[203,202,228]),
    $neibs(227,[227,226,228,254,202]),
    $neibs(228,[228,227,229,255,203]),
    $neibs(204,[204,205,230]),
    $neibs(205,[205,204,206,231]),
    $neibs(230,[230,229,231,256,204]),
    $neibs(231,[231,230,232,257,205]),
    $neibs(232,[232,231,258,206]),
    $neibs(233,[233,234,207]),
    $neibs(234,[234,233,235,208]),
    $neibs(210,[210,209,211]),
    $neibs(235,[235,234,209]),
    $neibs(236,[236,237,259,211]),
    $neibs(237,[237,236,238,212]),
    $neibs(238,[238,237,213]),
    $neibs(239,[239,240,260,214]),
    $neibs(240,[240,239,241,215]),
    $neibs(241,[241,240,242,216]),
    $neibs(243,[243,242,244,217]),
    $neibs(244,[244,243,245,218]),
    $neibs(245,[245,244,219]),
    $neibs(246,[246,247,220]),
    $neibs(247,[247,246,248,261,221]),
    $neibs(248,[248,247,249,222]),
    $neibs(250,[250,249,251,223]),
    $neibs(251,[251,250,252,262,224]),
    $neibs(252,[252,251,225]),
    $neibs(253,[253,254,226]),
    $neibs(254,[254,253,255,227]),
    $neibs(229,[229,228,230]),
    $neibs(255,[255,254,263,228]),
    $neibs(256,[256,257,230]),
    $neibs(257,[257,256,258,231]),
    $neibs(258,[258,257,264,232]),
    $neibs(259,[259,268,236]),
    $neibs(260,[260,272,239]),
    $neibs(242,[242,241,243]),
    $neibs(261,[261,279,247]),
    $neibs(249,[249,248,250]),
    $neibs(262,[262,283,251]),
    $neibs(263,[263,287,255]),
    $neibs(264,[264,290,258]),
    $neibs(268,[268,269,294,259]),
    $neibs(272,[272,271,273,297,260]),
    $neibs(279,[279,278,280,306,261]),
    $neibs(283,[283,282,284,309,262]),
    $neibs(287,[287,286,313,263]),
    $neibs(290,[290,289,317,264]),
    $neibs(265,[265,266,291]),
    $neibs(266,[266,265,267,292]),
    $neibs(291,[291,292,319,265]),
    $neibs(267,[267,266,293]),
    $neibs(292,[292,291,293,320,266]),
    $neibs(293,[293,292,321,267]),
    $neibs(269,[269,268,270,295]),
    $neibs(294,[294,295,322,268]),
    $neibs(270,[270,269,271,296]),
    $neibs(295,[295,294,296,323,269]),
    $neibs(271,[271,270,272]),
    $neibs(296,[296,295,324,270]),
    $neibs(273,[273,272,274,298]),
    $neibs(297,[297,298,325,272]),
    $neibs(274,[274,273,299]),
    $neibs(298,[298,297,299,326,273]),
    $neibs(299,[299,298,300,327,274]),
    $neibs(275,[275,276,301]),
    $neibs(276,[276,275,277,302]),
    $neibs(301,[301,300,302,328,275]),
    $neibs(277,[277,276,303]),
    $neibs(302,[302,301,303,329,276]),
    $neibs(303,[303,302,304,330,277]),
    $neibs(278,[278,279,305]),
    $neibs(305,[305,304,306,331,278]),
    $neibs(280,[280,279,281,307]),
    $neibs(306,[306,305,307,332,279]),
    $neibs(281,[281,280,282]),
    $neibs(307,[307,306,333,280]),
    $neibs(282,[282,281,283,308]),
    $neibs(308,[308,309,334,282]),
    $neibs(284,[284,283,310]),
    $neibs(309,[309,308,310,335,283]),
    $neibs(310,[310,309,336,284]),
    $neibs(285,[285,286,311]),
    $neibs(286,[286,285,287,312]),
    $neibs(311,[311,312,337,285]),
    $neibs(312,[312,311,313,338,286]),
    $neibs(313,[313,312,314,339,287]),
    $neibs(288,[288,289,315]),
    $neibs(289,[289,288,290,316]),
    $neibs(315,[315,314,316,340,288]),
    $neibs(316,[316,315,317,341,289]),
    $neibs(317,[317,316,342,290]),
    $neibs(319,[319,318,320,291]),
    $neibs(320,[320,319,321,343,292]),
    $neibs(321,[321,320,293]),
    $neibs(322,[322,323,294]),
    $neibs(323,[323,322,324,344,295]),
    $neibs(324,[324,323,296]),
    $neibs(325,[325,326,297]),
    $neibs(326,[326,325,327,298]),
    $neibs(300,[300,299,301]),
    $neibs(327,[327,326,345,299]),
    $neibs(328,[328,329,301]),
    $neibs(329,[329,328,330,302]),
    $neibs(304,[304,303,305]),
    $neibs(330,[330,329,303]),
    $neibs(331,[331,332,305]),
    $neibs(332,[332,331,333,346,306]),
    $neibs(333,[333,332,307]),
    $neibs(334,[334,335,308]),
    $neibs(335,[335,334,336,347,309]),
    $neibs(336,[336,335,310]),
    $neibs(337,[337,338,311]),
    $neibs(338,[338,337,339,312]),
    $neibs(314,[314,313,315]),
    $neibs(339,[339,338,348,313]),
    $neibs(340,[340,341,315]),
    $neibs(341,[341,340,342,316]),
    $neibs(342,[342,341,349,317]),
    $neibs(318,[318,319]),
    $neibs(343,[343,352,320]),
    $neibs(344,[344,355,323]),
    $neibs(345,[345,359,327]),
    $neibs(346,[346,364,332]),
    $neibs(347,[347,368,335]),
    $neibs(348,[348,372,339]),
    $neibs(349,[349,375,342]),
    $neibs(352,[352,351,353,377,343]),
    $neibs(355,[355,354,356,380,344]),
    $neibs(359,[359,358,385,345]),
    $neibs(364,[364,363,365,391,346]),
    $neibs(368,[368,367,369,394,347]),
    $neibs(372,[372,371,399,348]),
    $neibs(375,[375,374,403,349]),
    $neibs(350,[350,351]),
    $neibs(351,[351,350,352,376]),
    $neibs(376,[376,377,404,351]),
    $neibs(353,[353,352,378]),
    $neibs(377,[377,376,378,405,352]),
    $neibs(378,[378,377,406,353]),
    $neibs(354,[354,355,379]),
    $neibs(379,[379,380,408,354]),
    $neibs(356,[356,355,381]),
    $neibs(380,[380,379,381,409,355]),
    $neibs(381,[381,380,382,410,356]),
    $neibs(357,[357,358,383]),
    $neibs(358,[358,357,359,384]),
    $neibs(383,[383,382,384,411,357]),
    $neibs(384,[384,383,385,412,358]),
    $neibs(385,[385,384,413,359]),
    $neibs(360,[360,361,386]),
    $neibs(361,[361,360,362,387]),
    $neibs(386,[386,387,414,360]),
    $neibs(362,[362,361,388]),
    $neibs(387,[387,386,388,415,361]),
    $neibs(388,[388,387,389,416,362]),
    $neibs(363,[363,364,390]),
    $neibs(390,[390,389,391,417,363]),
    $neibs(365,[365,364,366,392]),
    $neibs(391,[391,390,392,418,364]),
    $neibs(366,[366,365,367]),
    $neibs(392,[392,391,419,365]),
    $neibs(367,[367,366,368,393]),
    $neibs(393,[393,394,420,367]),
    $neibs(369,[369,368,395]),
    $neibs(394,[394,393,395,421,368]),
    $neibs(395,[395,394,396,422,369]),
    $neibs(370,[370,371,397]),
    $neibs(371,[371,370,372,398]),
    $neibs(397,[397,396,398,423,370]),
    $neibs(398,[398,397,399,424,371]),
    $neibs(399,[399,398,400,425,372]),
    $neibs(373,[373,374,401]),
    $neibs(374,[374,373,375,402]),
    $neibs(401,[401,400,402,426,373]),
    $neibs(402,[402,401,403,427,374]),
    $neibs(403,[403,402,428,375]),
    $neibs(404,[404,405,376]),
    $neibs(405,[405,404,406,429,377]),
    $neibs(406,[406,405,407,378]),
    $neibs(408,[408,407,409,379]),
    $neibs(409,[409,408,410,380]),
    $neibs(382,[382,381,383]),
    $neibs(410,[410,409,381]),
    $neibs(411,[411,412,430,383]),
    $neibs(412,[412,411,413,384]),
    $neibs(413,[413,412,385]),
    $neibs(414,[414,415,386]),
    $neibs(415,[415,414,416,387]),
    $neibs(389,[389,388,390]),
    $neibs(416,[416,415,388]),
    $neibs(417,[417,418,390]),
    $neibs(418,[418,417,419,391]),
    $neibs(419,[419,418,392]),
    $neibs(420,[420,421,393]),
    $neibs(421,[421,420,422,431,394]),
    $neibs(396,[396,395,397]),
    $neibs(422,[422,421,395]),
    $neibs(423,[423,424,397]),
    $neibs(424,[424,423,425,398]),
    $neibs(400,[400,399,401]),
    $neibs(425,[425,424,432,399]),
    $neibs(426,[426,427,401]),
    $neibs(427,[427,426,428,402]),
    $neibs(428,[428,427,433,403]),
    $neibs(429,[429,435,405]),
    $neibs(407,[407,406,408]),
    $neibs(430,[430,441,411]),
    $neibs(431,[431,452,421]),
    $neibs(432,[432,456,425]),
    $neibs(433,[433,459,428]),
    $neibs(435,[435,434,436,461,429]),
    $neibs(441,[441,440,442,467,430]),
    $neibs(452,[452,451,453,478,431]),
    $neibs(456,[456,455,482,432]),
    $neibs(459,[459,458,485,433]),
    $neibs(434,[434,435,460]),
    $neibs(460,[460,461,487,434]),
    $neibs(436,[436,435,462]),
    $neibs(461,[461,460,462,488,435]),
    $neibs(462,[462,461,463,489,436]),
    $neibs(437,[437,438,464]),
    $neibs(438,[438,437,439,465]),
    $neibs(464,[464,463,465,490,437]),
    $neibs(439,[439,438,440,466]),
    $neibs(465,[465,464,466,491,438]),
    $neibs(440,[440,439,441]),
    $neibs(466,[466,465,492,439]),
    $neibs(442,[442,441,443,468]),
    $neibs(467,[467,468,493,441]),
    $neibs(443,[443,442,469]),
    $neibs(468,[468,467,469,494,442]),
    $neibs(469,[469,468,495,443]),
    $neibs(444,[444,445,470]),
    $neibs(445,[445,444,446,471]),
    $neibs(470,[470,471,497,444]),
    $neibs(446,[446,445,472]),
    $neibs(471,[471,470,472,498,445]),
    $neibs(472,[472,471,473,499,446]),
    $neibs(447,[447,448,474]),
    $neibs(448,[448,447,449,475]),
    $neibs(474,[474,473,475,500,447]),
    $neibs(449,[449,448,450,476]),
    $neibs(475,[475,474,476,501,448]),
    $neibs(450,[450,449,451]),
    $neibs(476,[476,475,502,449]),
    $neibs(451,[451,450,452,477]),
    $neibs(477,[477,478,503,451]),
    $neibs(453,[453,452,479]),
    $neibs(478,[478,477,479,504,452]),
    $neibs(479,[479,478,505,453]),
    $neibs(454,[454,455,480]),
    $neibs(455,[455,454,456,481]),
    $neibs(480,[480,481,506,454]),
    $neibs(481,[481,480,482,507,455]),
    $neibs(482,[482,481,508,456]),
    $neibs(457,[457,458,483]),
    $neibs(458,[458,457,459,484]),
    $neibs(483,[483,484,510,457]),
    $neibs(484,[484,483,485,511,458]),
    $neibs(485,[485,484,512,459]),
    $neibs(487,[487,486,488,513,460]),
    $neibs(488,[488,487,489,461]),
    $neibs(463,[463,462,464]),
    $neibs(489,[489,488,462]),
    $neibs(490,[490,491,464]),
    $neibs(491,[491,490,492,465]),
    $neibs(492,[492,491,466]),
    $neibs(493,[493,494,467]),
    $neibs(494,[494,493,495,468]),
    $neibs(495,[495,494,496,514,469]),
    $neibs(497,[497,496,498,470]),
    $neibs(498,[498,497,499,471]),
    $neibs(473,[473,472,474]),
    $neibs(499,[499,498,515,472]),
    $neibs(500,[500,501,516,474]),
    $neibs(501,[501,500,502,475]),
    $neibs(502,[502,501,476]),
    $neibs(503,[503,504,477]),
    $neibs(504,[504,503,505,478]),
    $neibs(505,[505,504,517,479]),
    $neibs(506,[506,507,480]),
    $neibs(507,[507,506,508,481]),
    $neibs(508,[508,507,509,518,482]),
    $neibs(510,[510,509,511,483]),
    $neibs(511,[511,510,512,519,484]),
    $neibs(512,[512,511,485]),
    $neibs(486,[486,487]),
    $neibs(513,[513,520,487]),
    $neibs(496,[496,495,497]),
    $neibs(514,[514,528,495]),
    $neibs(515,[515,531,499]),
    $neibs(516,[516,532,500]),
    $neibs(517,[517,537,505]),
    $neibs(509,[509,508,510]),
    $neibs(518,[518,541,508]),
    $neibs(519,[519,543,511]),
    $neibs(520,[520,521,546,513]),
    $neibs(528,[528,527,555,514]),
    $neibs(531,[531,530,558,515]),
    $neibs(532,[532,533,559,516]),
    $neibs(537,[537,536,538,565,517]),
    $neibs(541,[541,540,568,518]),
    $neibs(543,[543,542,544,570,519]),
    $neibs(521,[521,520,522,547]),
    $neibs(546,[546,545,547,572,520]),
    $neibs(522,[522,521,548]),
    $neibs(547,[547,546,548,573,521]),
    $neibs(548,[548,547,549,574,522]),
    $neibs(523,[523,524,550]),
    $neibs(524,[524,523,525,551]),
    $neibs(550,[550,549,551,575,523]),
    $neibs(525,[525,524,552]),
    $neibs(551,[551,550,552,576,524]),
    $neibs(552,[552,551,577,525]),
    $neibs(526,[526,527,553]),
    $neibs(527,[527,526,528,554]),
    $neibs(553,[553,554,578,526]),
    $neibs(554,[554,553,555,579,527]),
    $neibs(555,[555,554,580,528]),
    $neibs(529,[529,530,556]),
    $neibs(530,[530,529,531,557]),
    $neibs(556,[556,557,582,529]),
    $neibs(557,[557,556,558,583,530]),
    $neibs(558,[558,557,584,531]),
    $neibs(533,[533,532,534,560]),
    $neibs(559,[559,560,586,532]),
    $neibs(534,[534,533,561]),
    $neibs(560,[560,559,561,587,533]),
    $neibs(561,[561,560,562,588,534]),
    $neibs(535,[535,536,563]),
    $neibs(536,[536,535,537,564]),
    $neibs(563,[563,562,564,589,535]),
    $neibs(564,[564,563,565,590,536]),
    $neibs(538,[538,537,539]),
    $neibs(565,[565,564,591,537]),
    $neibs(539,[539,538,540,566]),
    $neibs(540,[540,539,541,567]),
    $neibs(566,[566,567,592,539]),
    $neibs(567,[567,566,568,593,540]),
    $neibs(568,[568,567,594,541]),
    $neibs(542,[542,543,569]),
    $neibs(569,[569,570,595,542]),
    $neibs(544,[544,543,571]),
    $neibs(570,[570,569,571,596,543]),
    $neibs(571,[571,570,597,544]),
    $neibs(545,[545,546]),
    $neibs(572,[572,573,546]),
    $neibs(573,[573,572,574,547]),
    $neibs(549,[549,548,550]),
    $neibs(574,[574,573,598,548]),
    $neibs(575,[575,576,550]),
    $neibs(576,[576,575,577,551]),
    $neibs(577,[577,576,552]),
    $neibs(578,[578,579,553]),
    $neibs(579,[579,578,580,599,554]),
    $neibs(580,[580,579,581,555]),
    $neibs(582,[582,581,583,556]),
    $neibs(583,[583,582,584,557]),
    $neibs(584,[584,583,585,558]),
    $neibs(586,[586,585,587,559]),
    $neibs(587,[587,586,588,600,560]),
    $neibs(562,[562,561,563]),
    $neibs(588,[588,587,561]),
    $neibs(589,[589,590,563]),
    $neibs(590,[590,589,591,564]),
    $neibs(591,[591,590,601,565]),
    $neibs(592,[592,593,566]),
    $neibs(593,[593,592,594,567]),
    $neibs(594,[594,593,602,568]),
    $neibs(595,[595,596,569]),
    $neibs(596,[596,595,597,570]),
    $neibs(597,[597,596,603,571]),
    $neibs(598,[598,607,574]),
    $neibs(599,[599,612,579]),
    $neibs(581,[581,580,582]),
    $neibs(585,[585,584,586]),
    $neibs(600,[600,618,587]),
    $neibs(601,[601,622,591]),
    $neibs(602,[602,625,594]),
    $neibs(603,[603,628,597]),
    $neibs(607,[607,606,631,598]),
    $neibs(612,[612,611,613,638,599]),
    $neibs(618,[618,617,619,644,600]),
    $neibs(622,[622,621,648,601]),
    $neibs(625,[625,624,651,602]),
    $neibs(628,[628,627,654,603]),
    $neibs(604,[604,605]),
    $neibs(605,[605,604,606,629]),
    $neibs(606,[606,605,607,630]),
    $neibs(629,[629,630,655,605]),
    $neibs(630,[630,629,631,656,606]),
    $neibs(631,[631,630,632,657,607]),
    $neibs(608,[608,609,633]),
    $neibs(609,[609,608,610,634]),
    $neibs(633,[633,632,634,658,608]),
    $neibs(610,[610,609,635]),
    $neibs(634,[634,633,635,659,609]),
    $neibs(635,[635,634,636,660,610]),
    $neibs(611,[611,612,637]),
    $neibs(637,[637,636,638,661,611]),
    $neibs(613,[613,612,639]),
    $neibs(638,[638,637,639,662,612]),
    $neibs(639,[639,638,663,613]),
    $neibs(614,[614,615,640]),
    $neibs(615,[615,614,616,641]),
    $neibs(640,[640,641,664,614]),
    $neibs(616,[616,615,642]),
    $neibs(641,[641,640,642,665,615]),
    $neibs(642,[642,641,666,616]),
    $neibs(617,[617,618,643]),
    $neibs(643,[643,644,668,617]),
    $neibs(619,[619,618,645]),
    $neibs(644,[644,643,645,669,618]),
    $neibs(645,[645,644,670,619]),
    $neibs(620,[620,621,646]),
    $neibs(621,[621,620,622,647]),
    $neibs(646,[646,647,672,620]),
    $neibs(647,[647,646,648,673,621]),
    $neibs(648,[648,647,674,622]),
    $neibs(623,[623,624,649]),
    $neibs(624,[624,623,625,650]),
    $neibs(649,[649,650,676,623]),
    $neibs(650,[650,649,651,677,624]),
    $neibs(651,[651,650,678,625]),
    $neibs(626,[626,627,652]),
    $neibs(627,[627,626,628,653]),
    $neibs(652,[652,653,680,626]),
    $neibs(653,[653,652,654,681,627]),
    $neibs(654,[654,653,682,628]),
    $neibs(655,[655,656,629]),
    $neibs(656,[656,655,657,630]),
    $neibs(632,[632,631,633]),
    $neibs(657,[657,656,631]),
    $neibs(658,[658,659,633]),
    $neibs(659,[659,658,660,634]),
    $neibs(636,[636,635,637]),
    $neibs(660,[660,659,635]),
    $neibs(661,[661,662,637]),
    $neibs(662,[662,661,663,638]),
    $neibs(663,[663,662,639]),
    $neibs(664,[664,665,640]),
    $neibs(665,[665,664,666,641]),
    $neibs(666,[666,665,667,642]),
    $neibs(668,[668,667,669,643]),
    $neibs(669,[669,668,670,644]),
    $neibs(670,[670,669,671,645]),
    $neibs(672,[672,671,673,646]),
    $neibs(673,[673,672,674,647]),
    $neibs(674,[674,673,675,648]),
    $neibs(676,[676,675,677,649]),
    $neibs(677,[677,676,678,650]),
    $neibs(678,[678,677,679,651]),
    $neibs(680,[680,679,681,652]),
    $neibs(681,[681,680,682,653]),
    $neibs(682,[682,681,654]),
    $neibs(667,[667,666,668]),
    $neibs(671,[671,670,672]),
    $neibs(675,[675,674,676]),
    $neibs(679,[679,678,680])
    ],