1,kiva_0
Grid:
24,55
@@@@@@@@@@@@@@@@@@@@@@@@@@@@@@@@@@@@@@@@@@@@@@@@@@@@@@@
@.....................................................@
@.....@@@@@@@@@@.@@@@@@@@@@.@@@@@@@@@@.@@@@@@@@@@.....@
@.....@@@@@@@@@@.@@@@@@@@@@.@@@@@@@@@@.@@@@@@@@@@.....@
@.....................................................@
@.....@@@@@@@@@@.@@@@@@@@@@.@@@@@@@@@@.@@@@@@@@@@.....@
@.....@@@@@@@@@@.@@@@@@@@@@.@@@@@@@@@@.@@@@@@@@@@.....@
@.....................................................@
@.....@@@@@@@@@@.@@@@@@@@@@.@@@@@@@@@@.@@@@@@@@@@.....@
@.....@@@@@@@@@@.@@@@@@@@@@.@@@@@@@@@@.@@@@@@@@@@.....@
@.....................................................@
@.....@@@@@@@@@@.@@@@@@@@@@.@@@@@@@@@@.@@@@@@@@@@.....@
@.....@@@@@@@@@@.@@@@@@@@@@.@@@@@@@@@@.@@@@@@@@@@.....@
@.....................................................@
@.....@@@@@@@@@@.@@@@@@@@@@.@@@@@@@@@@.@@@@@@@@@@.....@
@.....@@@@@@@@@@.@@@@@@@@@@.@@@@@@@@@@.@@@@@@@@@@.....@
@.....................................................@
@.....@@@@@@@@@@.@@@@@@@@@@.@@@@@@@@@@.@@@@@@@@@@.....@
@.....@@@@@@@@@@.@@@@@@@@@@.@@@@@@@@@@.@@@@@@@@@@.....@
@.....................................................@
@.....@@@@@@@@@@.@@@@@@@@@@.@@@@@@@@@@.@@@@@@@@@@.....@
@.....@@@@@@@@@@.@@@@@@@@@@.@@@@@@@@@@.@@@@@@@@@@.....@
@.....................................................@
@@@@@@@@@@@@@@@@@@@@@@@@@@@@@@@@@@@@@@@@@@@@@@@@@@@@@@@
Agents:
40
0,13,40,7,41
1,15,3,13,44
2,4,53,11,38
3,10,7,8,3
4,22,3,22,2
5,19,19,4,33
6,16,41,16,43
7,12,27,9,3
8,13,25,16,26
9,4,47,10,12
10,6,38,4,24
11,22,7,1,48
12,22,50,1,35
13,7,26,17,3
14,22,45,10,37
15,22,15,19,44
16,16,26,7,45
17,19,12,3,50
18,7,29,16,7
19,10,17,14,50
20,16,40,4,50
21,9,16,4,6
22,7,11,10,19
23,19,39,17,27
24,2,4,12,52
25,13,50,14,5
26,14,52,3,51
27,19,22,11,50
28,19,33,10,6
29,14,2,22,51
30,1,36,16,4
31,4,32,22,29
32,9,2,17,52
33,10,49,7,31
34,7,46,5,3
35,7,17,9,52
36,19,17,1,14
37,10,33,19,27
38,2,51,13,13
39,7,15,13,9
