7,kiva_0
Grid:
24,55
@@@@@@@@@@@@@@@@@@@@@@@@@@@@@@@@@@@@@@@@@@@@@@@@@@@@@@@
@.....................................................@
@.....@@@@@@@@@@.@@@@@@@@@@.@@@@@@@@@@.@@@@@@@@@@.....@
@.....@@@@@@@@@@.@@@@@@@@@@.@@@@@@@@@@.@@@@@@@@@@.....@
@.....................................................@
@.....@@@@@@@@@@.@@@@@@@@@@.@@@@@@@@@@.@@@@@@@@@@.....@
@.....@@@@@@@@@@.@@@@@@@@@@.@@@@@@@@@@.@@@@@@@@@@.....@
@.....................................................@
@.....@@@@@@@@@@.@@@@@@@@@@.@@@@@@@@@@.@@@@@@@@@@.....@
@.....@@@@@@@@@@.@@@@@@@@@@.@@@@@@@@@@.@@@@@@@@@@.....@
@.....................................................@
@.....@@@@@@@@@@.@@@@@@@@@@.@@@@@@@@@@.@@@@@@@@@@.....@
@.....@@@@@@@@@@.@@@@@@@@@@.@@@@@@@@@@.@@@@@@@@@@.....@
@.....................................................@
@.....@@@@@@@@@@.@@@@@@@@@@.@@@@@@@@@@.@@@@@@@@@@.....@
@.....@@@@@@@@@@.@@@@@@@@@@.@@@@@@@@@@.@@@@@@@@@@.....@
@.....................................................@
@.....@@@@@@@@@@.@@@@@@@@@@.@@@@@@@@@@.@@@@@@@@@@.....@
@.....@@@@@@@@@@.@@@@@@@@@@.@@@@@@@@@@.@@@@@@@@@@.....@
@.....................................................@
@.....@@@@@@@@@@.@@@@@@@@@@.@@@@@@@@@@.@@@@@@@@@@.....@
@.....@@@@@@@@@@.@@@@@@@@@@.@@@@@@@@@@.@@@@@@@@@@.....@
@.....................................................@
@@@@@@@@@@@@@@@@@@@@@@@@@@@@@@@@@@@@@@@@@@@@@@@@@@@@@@@
Agents:
35
0,13,53,19,2
1,13,3,16,39
2,1,4,1,51
3,13,35,13,34
4,5,52,19,5
5,10,4,13,44
6,13,8,10,7
7,13,36,10,23
8,7,53,10,32
9,4,24,22,20
10,1,9,8,1
11,11,50,22,50
12,14,2,7,6
13,20,5,15,1
14,17,53,19,12
15,10,25,2,38
16,18,27,16,47
17,4,30,19,26
18,7,47,4,28
19,13,41,21,52
20,12,1,15,4
21,5,51,5,50
22,7,24,19,17
23,16,46,16,5
24,4,20,22,32
25,2,1,5,38
26,19,41,1,46
27,5,49,20,3
28,14,38,19,38
29,18,49,6,51
30,16,47,13,52
31,2,38,2,16
32,19,37,18,49
33,13,17,3,52
34,6,3,12,4
