2
Grid:
60,60
....@........@.@.....@........@...@....@...@.....@.@...@....
.......@.....@.@......@@@@.@....@.@..@......@@..............
......@............@.@......@@..@@..........@...@...........
.......@...........@.....@@....@..................@...@.....
..@.................@.........@.............@@@.@@..@.@@...@
@...@..@..@.........@.@......@@@@..@....@..............@@...
@.....@.@....@....@...@.@......@....@...@.......@......@.@..
.............@@..@.@.......@..........@@.....@........@.@.@.
...........@.@..@.......@............@@.........@@.....@.@@@
....@.................@............@..@.@....@......@......@
...@@........@@.@....@@.........@.........@...@.@.@@@.......
............@@@........@....@....@.@...............@........
.@...@.@.@..........@.......@..................@...@.....@.@
.@.......@.@.........@..@.........@........@.@...@.@.....@..
..@.....@@..@....@.@....@...@@.............@..@..@....@..@@.
.........@...@..@..........@..@@...@.@.......@@..........@.@
.........@.....@.............@..........@..@.@...@..........
.@...........@...........@..........@.....@@...@.@@.........
.@.......@............@.........@@@.............@......@....
........@..@@..........@....@..@....@...@.................@@
@@...........@.......@@........@............@......@@.@....@
...............@......@...@....@@@......@..@...........@...@
...........@..@.......@................@@....@@..........@.@
.................@....@.@...@..@.@..@...............@..@.@@.
@....@..@..........@..@.........@....@......@@.....@......@.
...@..@....@..@.......@......@....@.@.@@.@....@.@..@...@@...
.@.@.@.........@.@@...@.............@.....@.....@...@.......
.@...@.@.@@......@..........@......@.@...@...............@..
....@......@..@...@.....@@@...@.......@..@........@.....@...
...@@...@...........@.....@.....@.@........@.@@...@.@..@....
....@.............@@@...@.@..........@....@@..@.............
@@...@...@.........@@@.@.@@@.............@..@@@@.@..@.@@..@.
....@......@.@@.@.@...@....@..........@..@..........@......@
@....@.....@........@.@..@@@.................@.@.....@..@@.@
.......@@.......@....@....@......@........@......@@..@@.....
..@@@..................@.....@..@............@.@@@@@........
@......@..@...@....@...@..@...@.@..@@.@..@.@@@@.@@..@...@@@.
.@.@...@....@........@.@...@@.....@..@......@............@..
...@@.........@@........@@.@.........@...@@.....@........@..
...@......@@@.........@..@..@...@.@....@......@.............
.........@...@..@........@..@.@...@.@..................@.@..
.......@..@@.......@@.@@..@....@...............@.@....@.....
..@..@@.......@..@....@...@@..@@@@.....@@.......@...@@@.....
....@..............@.@....@....@......@@.................@.@
.@.@......@...@@........@.......@...@.@@.@.@@@@..........@..
....@@@...........@..@...@.@.@..@...........@.......@..@....
@.....@.....@..............@.@.....@.@......@..@@...@.......
...@...@......@...@..@....@......@....@.....@@@@..@.........
....@.@.@.@.@...@.......@.......@.......@..@.......@...@....
..@.@@.....@...@........@@....@...@.@.@@.....@..@...........
.......@....@@.......@@..........@.....@..@.@.@....@........
.@@..@....@.@....................@.....@.......@@.........@.
...@@....@....@@..@.@@.@........@..@.@.....@....@........@..
.@@.@...@..@...........@.@..@.@........@..@...@@@....@....@.
@...@.....@.....@...@@@...@@....@@.........@.........@@....@
..@....@@@.@...@........@.@@@..................@...@.@@.....
........@..@..@..@@....@@.@..@................@....@.@..@.@.
...@............@.@..@....@@......@.@...@..@.....@..........
@..............@...@....@.@@....@.......@...@.......@..@....
@.....@.......@..@@.............@..@...@...............@....
Agents:
85
0,2,56,42,16
1,10,31,2,26
2,26,59,32,49
3,30,44,0,11
4,35,59,1,33
5,26,19,21,27
6,50,4,0,9
7,56,15,36,8
8,10,40,17,5
9,25,25,0,58
10,44,0,11,37
11,4,37,45,53
12,20,35,44,49
13,55,56,1,54
14,24,42,18,30
15,0,11,39,56
16,49,29,7,40
17,52,8,28,54
18,57,10,53,7
19,12,10,20,50
20,15,23,1,8
21,21,44,24,2
22,46,26,1,18
23,35,43,16,22
24,53,43,23,30
25,21,51,11,38
26,52,30,22,3
27,39,29,27,23
28,33,35,47,0
29,31,33,53,50
30,23,44,7,30
31,30,2,22,25
32,26,2,52,6
33,44,58,50,38
34,17,56,55,30
35,44,52,17,22
36,40,14,4,33
37,37,14,29,56
38,48,20,16,14
39,42,45,52,59
40,50,25,7,29
41,11,10,21,52
42,55,21,58,39
43,29,54,35,37
44,31,4,50,29
45,8,32,32,26
46,16,51,8,12
47,58,22,49,19
48,23,38,40,39
49,15,18,12,49
50,2,46,43,37
51,56,25,59,45
52,21,2,25,15
53,26,34,15,24
54,20,41,2,14
55,11,19,12,48
56,46,7,52,30
57,23,11,27,46
58,23,35,37,18
59,5,1,32,2
60,28,46,49,50
61,15,26,39,54
62,46,22,29,58
63,9,54,51,45
64,22,12,8,50
65,8,8,35,13
66,25,4,0,7
67,33,28,49,43
68,38,33,43,54
69,35,26,39,47
70,55,23,26,24
71,24,11,37,0
72,14,39,45,30
73,13,0,43,0
74,18,10,58,37
75,16,4,5,38
76,18,59,38,40
77,9,53,48,58
78,56,19,43,23
79,38,55,28,39
80,57,32,13,15
81,49,52,0,14
82,7,35,20,42
83,50,20,55,50
84,27,45,12,10
