2
Grid:
70,70
.@...@..@.@@@..@....@..@.@...@.....@.@.@............@..@@@...@.@@..@..
..@.@@@...@@.@.......@.@.@......@....@.@.....@.....@@@..@...........@.
..@....@.......@@@...@@...@.@@.@...@@@....@.....@@....@..@.@......@.@.
@@@........@.@...@@..@...@.@.@@........@@@......@@.@@@..@.......@..@.@
...@.@@.@..@....@....................@.@..@.@@...@@.@.@..@.@@...@..@..
....@@...@.@..@..@.@....@....@......@.@.@..@..@@..@.@.........@....@@@
@......@.@...@..@.@.........@@.@...@@@.@@@@....@.@@@.@...@@@@.@....@.@
..@...@@..@..@@@.@..@..@....@..@.@.......@.........@@@@..@..@@..@@....
@.....@....@.............@....@@@@......@@@...@@..@@.....@.@@....@...@
.....@.....@@..@@.@.......@..@.@.@......@.@....@@...@..@..@..@...@@.@@
@......@.....@@@@..@....@.@@@.....@@....@.@..@...@.@..@........@.@@..@
@.@..@.@..@....@.........@@.@@.....@...@@......@....@@.@.@.@.......@..
@......@..@@......@....@...@@@.....@@.@.....@...@....@.@@.@.......@@..
..@@@..@@.@.@....@@@@..@......@.@.@....@@.@@.@@......@..@....@@...@.@.
@......@@...@.................@@...@...@.@@...@.@.@...@...........@...
..@.....@.@.........@....@@....@@...@..................@.@..@...@@..@.
........@.@...@@..@.@...@.@..@........@......@...@@...@@..@.@.....@..@
....@@@..@@.....@@@.......@@.@@.@@@.@@...@@@@..@......@......@.....@..
.@@@...@.@.@.@.......@.@....@...@.....@..@..@.@@..@......@@@........@.
.@@...@@..@@.@@.@@@......@@@@........@.............@......@@@..@..@.@@
.@@.....@....@........@.........@.......@@@@...@..@@@.......@.........
..@@...@@@.....@.@.@..@@@.......@....@..........@@..@........@.@@@@...
.....@@@@@..........@.@@..@........@..@.......@@.@....@.@.@..@......@.
@....@.........@@@.@......@...@.....@..@.@@@@.@...@.....@.@...@...@@..
.@..@.@....@@@...@@@...@....@@........@.@..@....@@....@....@.@...@....
......@...@.@..@@....@@@......@@@..@@@....@@...@@...@....@....@..@....
..@...@.@......@...@..@...@....@...........@@...@..@.@.@.@@..@..@..@..
@@...@@.@........@..@@@..@@.@@....@...@@@@........@.@@...@.....@@@.@..
...@....@@.@......@@...@..@.@@@...@...........@...@.....@.....@.......
.....@.@@..@...@...@.....@..@.@@..@...@...@.@..@@@@.@...@..@..@.@@....
...@........@..@@......@...@@..@..@..@.......@.@....@........@...@...@
.@@.@@....@.@@...@.@@.@......@...@@@@@...@@...............@.....@.@...
.@...@...@...@..@....@@.....@...@@@......@@@.@.@.@.......@....@@......
....@..........@...@......@........@..@.@..@...@@..@.....@.@...@...@..
@......@............@.@.@@.@@.@..@..@......@..@@....@.@@@.@.@.@.@.....
.....@.@...@.@.@@.@..@.@@@....@....@...@@.@..@.@....@.@..@.@..........
..@.......@@@.@....@..@....@@..@.@@@@..@..@...@.....@....@......@@.@@.
....@@.@.......@.@@@....@...@.....@@.@.....@..@.........@@......@.@.@@
..@@.@@@.@..@....@@@.....@@..@...@..@.....@@...@.@..@.@...@@.@...@.@..
..@.@.@@@......@...@@..@......@@.@.@@..@.@..@@..@.@..@..@.@..@@@@.....
.@..@@..@@..............@.....@...@.@..@....@.@..@....@...@@.........@
@....@.@.@@@@@......@..@@..@@........@......@..@.@@...@@...@.@...@....
@.....@.@....@@@@...@@...@...@@.@@@.@.@..@.@@.@..@.........@.@....@...
..@@.@.@@@.@.......@@@..@.................@....@@.@@@.@.@@......@@.@..
.@.@...@..@@...@..@.@.@.@...@...@....@......@..........@....@..@..@..@
@.........@@.@..@..@......@@.@..@...@.@.........@..@.........@..@..@.@
@..@@...@@@.....@@..@.@@@@.....@@....@..@..@...@@@@...@@@.....@.@.....
@.@..@.......@....@......@.....@.....@..@..........@@@@.........@...@@
...@..@@...@@..@..@..@...@........@.@....@@.@.....@.....@....@.....@.@
@........@@@@...@.....@.@....@........@@@.....@....@...@.@@@....@@..@.
@...@@@@@@.@..@..@...@..@...@......@@.......@.........@......@..@@.@..
......@.@@@....@@@@@@...@@@@@.@...@@@..@......@......@@@@.....@...@.@.
@@@@....@.@...@.....@@..@@.@...@...@@...........@@.....@.@..@......@@.
@.@.@......@..@..@...@.......@@.....@..@@@..@@@@.@........@..@...@@...
@.@@.@@......@...@@....@.@...@..@@@....@...................@...@....@.
....@....@@@...@.@...@..@@...@....@....@......@.@...@.@..........@@.@.
.......@@....@......@....@.@....@@@@.@..@@@....@.........@...@.@....@.
.@....@.@..@...@......@.......@..@@.....@.@@@....@.......@@.......@@@.
..@@..@.@@.@.@.@..@..@@.......@..@..@...@@....@@@@.@.@.........@....@@
@..@@@..@@...@@.@.....@@@..................@......@@@.......@...@..@@.
.....@.@.@@..@..@.@@@@...@@.@..........@..@...@..@.....@.....@.....@..
.........@@...@...@@....@.@......@..@...@..@@....@..@..@@..@.....@..@@
.@...@...@...................@...@@@@..@...@...@@@.@@@...@....@..@..@.
.@@.....@.@..@........@@.......@@..@@....@..@@.....@@......@@..@@.....
@...@.......@@.@...@....@...@.@.@@.@...@@@@....@.@........@@...@.@.@..
.@..@....@@@.................@.@...@@.@@.@@@@...@......@@.@..@@@......
.@...@...@..@@..@.@.@.@...@..@..@.@............@@@@........@........@.
.@.@..@@..@@..@@...@.@....@.@@........@..@@....@...@@.................
@.@@.....................@.@..@.@@......@..@@.@...@..@.@.@@.@....@@...
.@.@.@...........@@....@......@.....@.@...@..@.@@@...@.@...@@....@....
Agents:
35
0,12,64,30,35
1,32,38,16,65
2,62,18,56,43
3,66,57,51,3
4,7,49,14,15
5,5,23,29,66
6,29,60,9,39
7,41,34,14,59
8,34,1,3,16
9,1,28,11,68
10,47,32,32,11
11,25,5,55,47
12,1,61,23,23
13,12,13,61,21
14,58,10,37,25
15,48,14,12,13
16,67,13,39,68
17,16,51,60,57
18,34,32,65,46
19,22,29,55,41
20,5,30,57,52
21,19,47,61,46
22,32,55,46,67
23,62,3,40,52
24,61,1,23,47
25,39,47,31,65
26,29,63,18,61
27,21,69,60,2
28,34,19,40,18
29,37,21,31,24
30,55,20,5,61
31,64,14,5,32
32,9,64,50,23
33,10,64,27,18
34,56,23,55,43
