0
Grid:
70,70
....@...@....@.........@@...@..@@.....@.@..@.......@..............@@.@
.@.........@....@..@..@@...@.@.....@@...@....@.@....@@..............@@
.@@@.@.@...@...@.......@.......@......@@....@@.@@..@.@@....@.....@....
..........@@@...@.........@.......@@.............@......@..@..........
.@.........@@..........@.@..@..@.............@..@...@...@@@.......@.@.
...@@.@........@.@@.......@................................@@@........
......@@.......@....@@...@..@.@....@.@@@@..............@.....@@@...@.@
....@.@..@.@.@.@.......@.............@...@.......@............@@@..@..
...@..................@..@...@......@@........@.....@..@@...@.@@.@@.@@
@..@..@...@.@.@....@...@.....@.......@....@..@........@@..@@..@.@@....
...........@@.................@..@......................@.........@..@
.......@........@@..............@...@@.@.....@@......@@..@.....@...@@.
........@........@@.@@....@@.....@@.....@.@@..@.@@.@..@.@@@@@.@.@.@..@
..@.....@@...@........@..@@...@....@..@@...@.....@....@...@@..@@...@..
@...@.@@..@@..@.....@................@..........@@.....@.@@..@........
..@....@.@..@@.@...@....@...@..@@..@......@.@@@@@.....@.@....@.@@.....
..@...@..@......@.......@.@@......@.......@......@...@.....@..........
...@.@@....@....@..@..@@..@..@............@................@@@.....@..
@....@...........@@.@...@@.....@.@.@.@.@@...@.@....@...@..@@.@....@..@
........................@.@....@@.........@@@..@......@.@..@.@...@..@.
.@............@..@........@.@@@@......@.@..@...........@...@@@@.@...@.
...@.@.@.@...........@.@..@@...@.......@.........@........@...@....@..
....@....@.@.........@..@.....@@@..........@......@.....@..@..@@......
....@....@.@@....@....@.@.@..@@@.@..@.............@@..@...@.@.......@.
@....@@..........@.@.@............@@@...@.....@.@@..@.@.....@.@......@
..@..@.@..@..@.......@@@..@.....@@..@...@.@@..@......@..@.....@......@
....@...@....@@.@....@..@...@.........@..@...@.....@.........@.@....@@
.@...@.......@.......@....@....@..@.......@.@@@.@..@@..........@..@..@
....@....@......@@....@@@.....@...@....@.....@..@.....@.@..@.@..@@.@..
........@.@...@@..@......@..@....@...@@..@....@@...@@.....@@.@@....@..
.....@........@.@..@..@..@..@@@.@.@@........@..@@.....@.@...@.........
...@....@............@...@@..@......@......@@....@...@@@@.........@...
@@...........@.@.@..@....@......@.@..........@@.@@....@.@.....@@..@@@@
...@.....@.....@...@.@.@..@.@...@@.......@...@@..@@@..........@.......
.@....@..@.@@..@@@.@.@@...@..........@....@........@.@.......@........
.@@........@.....@.@....@...........@...@@.@@.@..@..@@@...@..@@.@@....
..@@.@@..@.@..@........@.@...@..@..@.....@.@......@......@......@.@...
@.@.....@.@@.@...@.@...@@..........@@.@..@.@.........@....@..@@.....@.
.@.@@.....@......@@...@.@..@.@@@.......@@........@.................@..
@@...@......@..@.@..@@....@..@.......@.@...@.@..@..........@@.........
@@...@............@@.@...@.@@......@.@....@......@@..@.......@.....@@.
...@....@...@...@..@...@@@.@@..@.......@...........@@.@.@@.@@.@......@
......@..@........@..@....@.@.....@......@@.....@......@.@....@.@@@..@
.......@.@...@@...........@...@@..@.@.@@.....@.@@......@..............
@...............@....@@@.@................@.@......@@.@@............@.
....@....@@....@.....@......@.@.@..@....@..@.@....@.....@@.@@..@@@....
..@@@.@.@.....@.............@....@.....@...@....@.@.....@@........@...
..@.@..@@......@...@.@@.....@@......@.@..@@@..@....@..........@.....@.
....@@......................@....@..@..@.@.@..@.......@.@.@..@...@....
...@@.....@..@@@@.@.@.......@@.....@.....@.....@@.@.....@.@@@@........
@.@..@....@....@......@..@@....@...............@...@.....@...@@.....@.
....@.............@..@.@.....@@......@@..@.@....@@.@......@...@....@@.
....@.@.@..@@.....@..........@@.@...@.@..@@...@...@@.....@.@..@..@.@.@
.@.......@.......@.....@...@@.@@...@..@@.@@.......@.........@@.....@..
......@@@@.........@........@..@..@...@....@@...@..@....@.@..@@....@..
.@...@@..@..@.@...@..........@...@......@@.@.@......@....@@.@.....@...
.@@...@..@.@.....@.....@.....@...@@.@...@....@.@.@@......@..@.........
..@...@..@..@...@.@@@.....@....@@..@@.......@...@.@.....@..........@@.
...@......@@...........@@....@@.....@...@@.@..@@.@....................
....@@..@@..@@..@..@.....@.....@..@@@.@.@....@.@.@@.....@..@........@.
...@......@@..@@@.......@..@.@@...@@@.@.@...@.@.@@......@@...@...@...@
..@......@.@...@..@.....@@.....@...@....@...@..@.....@....@......@.@.@
.@......@@.....@@......@.@......@.@.@...........@....@.@....@.@....@.@
@...@......@@@..@...@..@.@....@...@..@.@@@@@.@@......@..@.@.....@.@...
@.........@@..@@.@@..@..@@@....@.@.@............@.............@.......
.......@@.@...@........@...@.@.@.....@.......@........@@......@.....@.
.@....@...@@@...@@........@..@....@.@@....@@.@......@@.@@@.....@...@..
..@@..@@..@.@.@.......@@....@@.@.@.....@..@...@..........@.....@...@.@
.......@.@.....@...@.@@.@.@.....@.@.......@@..@@.....@@.......@..@....
@.@@.@........@.@@@.@..@@..@......@@@..................@@@..@@.@......
Agents:
65
0,55,61,27,17
1,29,63,39,50
2,54,17,51,28
3,43,56,11,42
4,9,21,58,45
5,62,13,32,3
6,44,15,38,20
7,15,40,55,23
8,9,18,20,46
9,37,33,55,49
10,38,13,48,13
11,42,20,27,3
12,62,50,8,57
13,4,14,53,33
14,55,4,26,6
15,34,18,11,58
16,48,30,34,57
17,7,40,67,19
18,40,24,57,55
19,11,50,44,1
20,48,64,15,25
21,42,23,34,67
22,57,23,62,6
23,28,11,32,64
24,8,23,32,53
25,59,15,67,4
26,39,18,40,38
27,41,66,59,57
28,62,14,42,4
29,2,37,13,29
30,3,5,20,10
31,46,25,53,16
32,43,53,68,17
33,12,29,13,11
34,15,66,18,12
35,27,2,26,2
36,37,57,58,60
37,66,62,4,35
38,45,14,3,36
39,8,41,50,11
40,20,36,2,62
41,61,54,10,25
42,63,35,1,21
43,54,33,43,23
44,68,67,35,69
45,16,44,21,43
46,4,44,46,31
47,40,10,22,55
48,67,18,4,43
49,38,47,36,67
50,3,1,15,5
51,20,44,64,19
52,46,61,51,9
53,4,2,55,16
54,43,52,67,18
55,17,20,50,9
56,35,3,26,43
57,51,0,27,22
58,30,63,0,58
59,1,9,32,2
60,38,42,9,50
61,67,36,47,12
62,35,16,65,40
63,54,52,10,18
64,12,24,19,17
