1
Grid:
70,70
@....@.@.@.@....@.......@@..@@@@@........@@.@@...@@@@@..@@.@@.@@.....@
.@......@.@.@.@.....@.@..@.@....@@.@@..@.@..@.@@..@.@@@..@....@@@.....
@@....@@@@......@@.@.@..@@...@..@@....@@..............@...@.@@@@@.....
.@.@......@.@........@...@@@.@...@..@.@@...........@...@..@.@@..@...@.
@.@....@....@@.@...@...@@...@@@@...........@.....@@.....@.@@@...@.@.@.
.@....@.@.......@...@@@@...@@..@@.........@.@@.@..@...@..@............
......@.....@..@..@..@.@.@.@.@@..@....@.@@@..@@....@.........@...@..@.
..@..@.@@..@@..........@..@..@.....@@.@.@..@....@.@....@@.@@.@..@..@.@
@.@.....@....@@......@@.@@...@....@@..@@...@.@.@..@@.....@..@@@.@@....
.......@..@......@.......@...@.@..@..@.@......@.@...@.....@.....@.....
.@....@@.@.@@@...@.........@..@.........@..@.@@.@@..@....@............
@..@...@@.....@.......@....@.@...@@..@.@.@.@.@.....@......@.........@.
.@....@..@...@...@...@@..@........@@.@..@.@........@.@..@..@..........
.........@...@.@...@......@@.@.@.@@@......@..@@@.@@.@..@@..@.@@...@.@@
.@.................@....@...@..............@.@..@...........@@....@@@@
.@@@...@.@@..@.....@.......@..@@......@..@..@.....@.@@......@@.@.@.@.@
.......@@.@@@.@....@@@..@@.@............@....@@..@...@@.@...@.........
.@.......@.......@@..@..@..@...@.@@......@@@@@.@@....@..@@...@..@.@...
........@...@@@.@.......@@.@@............@@......@...@@.@@.....@.....@
@.....@....@.@..@...@.@@.@..@@...@@...@@...@..@..@...@@....@.@@@...@.@
..@@....@@.......@...@@..................@@.@@.@@.@@..@...@....@.@.@.@
@..........@......@..@...@.@...@@@@@..........@@.........@@.......@...
....@.@.....@....@..@@.@.@...@........@...@...@@.....@....@@@.........
.@....@........@.......@...@............@....................@.@....@.
@.....@..@.@@.....@@.@.......@.@@@.@.@@..@........@....@@...@@.@@.@...
@.....@..@...@.......@@..@@....@..@..@....@..@.....@@.......@.........
.......@.@..@...@.....@.........@....@@.@.......@.@.@@@@..@@....@@@.@@
@.@@.@......@.....@.@@@.@@..@.@....@@@...@...@........@@...@@....@.@..
....@.@@@........@.@...@..@.........@@.@@........@...@.@...@.@@.@@....
.@@@....@@@@@.....@.@@...@.@...@@.@...@.....@..........@.@.....@......
@@..@.@....@....@@.@...@@....@@..@.@@....@...@...@..........@.......@@
.@.......@@.@..@....@.@@.@...@@.@...@@@....@..@.@.@@.....@..@.@...@@..
@...@@@.@@.....@........@..@.@@...@..@.@.@@..@@@.....@......@...@.....
@.....@.@@....@...@..@..@.@.@........@.....@....@...@...@.@......@.@..
@.@@.@@..............@...@..@@.@@@.....@.@......@.@@.@@..@.@......@@.@
.@..@..@..@........@@@@..@.@...@.@.@..@.@.@..@..@@...@@....@.....@....
.@@...........@@.@...@@.@..@....@@..@@...........@.@....@@@.@@......@.
@..@..@.......@.@.@...@..@@@.....@@......@..@@........@.@@.....@..@.@@
.@...@@@.@..@...@......@..@..@...@@....@.@@.@..@......@.@...@..@@.@@..
......@@..............@...@.......@@.@@@.@.......@.......@.@@........@
@.@....@.....@@....@@@@.@..@@..@.......@.....@@..@.@..................
@@..@@.@.....@...@@..@......@...@....@..@.....@@.@@.....@....@@.....@.
.....@@..@@.@@@@@@.@............@@.@..@...@.@...@....@@...@..@@...@@..
..@.......@...@@@.@@.......@@.@..@..@....@@.@..@....@.....@...@...@.@@
.......@..@@.@@..@.@@..@@@..@.@@.@..@....@...@..@..@....@@...@@.@@..@@
...@.......@....@@@..@..@......@@.@.@......@@..@.@.@.@..@....@.@.@@..@
@.@@@.@........@.....@@..@@@.@.@@.@.@.@.....@............@@...@@....@.
.@..@.....@@...@.@.............@.@.@.....@.@...@.@@.......@...........
...@.@..@@........@.@@.@@@....@@@...@.@......@@@.......@...@....@@@.@.
@...@.....@.@....@@.......@...@@......@.......@.....@.@.@@............
.@..@...@.@...........@@.@.....@..@@..@.@...@..................@......
....@@.@..@....@.@.....@........@@.@@@...........@..@.@@@......@.@....
......@@...@@@..@....@...@@....@.@@..@@@@.@..@....@.@.........@...@.@.
@.....@........@...@.@@.@@..@....@....@...@..@..@.@@..@..@..@..@@..@..
....@.@.@.......@...@.....@.@@@..@...............@...@.@..@..@@@......
@.@.@..@....................@.@....@...@......@.@@.@..@.....@...@...@@
.@@.@..@....@@@@.@.@.@.@@@.@@.........@......@@@@@@.......@.@@@@......
@.@@@.......@..@@..@.@......@@@@.@@@...@.@...@.@@...@.............@..@
..@.......@.@.@@...............@..@.......@....@@...@@.@..@..@...@@@.@
..@.@@@.@.......@......@..@@.@.@@..@....@.@.@...@.....@@@...@@@.@..@@@
@@...........@@.....@...@.@.........@.....@..@.@..@@..@...@.@.......@.
......@.@.@....@.@@@@.@.@..@@.....@.@@.@.........@..@....@........@@..
.@@...@..@.....@@@@..@.@...@..@@.@@.@.@...@@@@.@...@..@....@......@..@
.....@@........@@....@..@@@.....@@@.......@.@..@.@.@..@........@@...@.
.@@..@.@....@.@..@.........@@@.@.@.@@..@.....@@.@..@..@.......@..@@@@@
........@.@..@..@@@@@..@.@.@@@...@.@..@...@......@@.@...@.@..@@...@...
..@...@..@..@@@..@..@...@..@...@..@.@......@......@@.@.@.@@.@..@@@@.@.
.@@@...........@.......@.@.....@@@@..@....@......@.@...........@..@...
...@...........@.@.......@..@@.@..@....@....@.....@@.@.@.@......@@@...
..@..@.@................@.....@.@@..@...@@......@.@.....@@..@..@@.@...
Agents:
70
0,11,35,49,42
1,4,26,5,25
2,60,23,31,40
3,38,45,46,28
4,4,67,44,60
5,67,14,63,14
6,52,10,49,6
7,37,29,16,32
8,22,61,68,22
9,8,28,31,41
10,63,19,46,53
11,68,24,47,29
12,26,23,19,40
13,12,46,35,37
14,18,35,12,43
15,29,29,53,23
16,58,39,23,65
17,21,3,31,5
18,25,53,21,8
19,65,14,10,14
20,24,1,40,42
21,68,21,53,35
22,34,42,15,34
23,66,15,55,9
24,3,69,50,58
25,69,62,26,30
26,23,54,51,30
27,24,20,61,47
28,40,40,51,27
29,0,15,46,45
30,43,5,57,43
31,0,26,4,34
32,69,44,59,33
33,36,23,54,56
34,21,41,34,63
35,38,4,57,59
36,55,29,34,61
37,9,16,3,14
38,30,43,57,56
39,60,52,20,12
40,28,14,63,52
41,17,38,18,1
42,17,19,39,15
43,10,24,0,68
44,61,51,3,6
45,65,1,26,28
46,4,63,36,42
47,35,63,32,14
48,58,1,58,0
49,69,68,65,68
50,1,69,59,59
51,41,41,60,10
52,5,18,23,50
53,14,17,8,59
54,67,55,9,49
55,27,50,67,40
56,12,66,26,35
57,50,57,67,39
58,8,53,37,50
59,24,16,10,44
60,7,41,30,64
61,52,59,54,65
62,53,30,11,54
63,13,18,15,36
64,67,45,45,14
65,10,33,61,53
66,64,63,65,65
67,56,56,19,66
68,21,55,41,33
69,4,41,37,24
