1
Grid:
60,60
@@....@............@.......@.........@@.@..@@......@...@@.@.
.@.@.......@......@......@.@....@@....@..@.........@........
@..@@.@........@@..@........@..........@@..@..@@.@@.@.......
...@.@.....@@@..............@.@@..@@.......@.@.......@.....@
..@@.......@......@...@..@......@.....@.@...................
......@....@.@@.@.@...@.....@.@.@......@.@.........@..@.@...
...@@...@@..@...@......@...@..................@@.....@....@.
@....@.@.@.@.....@...@...........@@.........@...@...........
....@..@.@..@..@.@@......@..........@...@..@.....@@@........
....@@..@...@.....@.@..@@..@.......@..............@.@......@
....@@@.@.....@.....@.@.@....@.....@...@.@.@...@..@.......@.
..@@.@......@.@.......@...@.@...@........@.@.....@......@...
.@.@..........@@....@@.....@@.@..@.@.@.............@........
.@......@.....@@.@@@........@................@.....@.....@..
.....@..@..@@.......@.....@........@............@....@......
@.@......@.@....@......................@........@.......@.@@
...@....@@.....@.@..........@...@.@..@.@........@@@.@.......
...@.........@...............@..........@..@...@.@.....@@@.@
..@..................@....@...@....................@....@...
...@..@....@..@@@.......@@@......@@...@@........@@@...@.....
..@..........@@...@......@..........@............@@..@....@.
.@@@.....@@...@....@.@....@....@...@..........@@......@.....
@....@.@..@.@..@....@....@......@...@.....................@.
......@@.....@......@...........@............@...@..........
......@............@@.@.@.@.@..........@...@.........@...@..
.......@..@...@....@....@...........@.@...@.@...@...........
@@...@...........@@.....@.....@.......@......@...@...@.....@
...@..@.@...@..@....@.@@.........@..@...@...@@@@.....@....@.
@....@..@.@..........@..@...@..@.@.........@@@.......@..@@..
........@...@....@....@.........@...........@.......@.......
.@........@@.....@...@..@@........@..@..@............@..@...
.......@@@......................@............@.......@...@@@
..@.........@..@.@@...............................@..@.@....
...........@.......@@......@...........@.....@....@.......@.
..@@..@..@.@@....@@...@...@....@@..@.@............@..@......
....@...@..@@...........@..@.@@.........@....@..............
......@...@...@@@.@@.@..........@@.........@.........@......
..@.@.@.....@..........@..@......@...@..@..................@
.....@..@.....@@..........@.....@@...@...@......@@@.........
.@.......@....@................@@.......@.@....@..@..@@.....
.@.......@.....@@.....@.........@@..@..@@.@....@.....@......
.........@@@..@.@.....@.........@....@........@..@...@......
.@.....@.....@@@...@....@....@....@.......@....@...@..@.@...
.......@..@..@.......@.@.@..@........@@.@@...@........@....@
...@.....@..@@@.@..@....@.......@.@.....@.@@..........@@....
........@....@...@.......@....@@.....@...@.@......@.@....@..
.@@.@@....@..@@.@@@.@@..@@@......@.....@..@..@@@..@.@@....@.
.....@...@....@.@....@.......@@...@...@..@..@@....@...@.....
.@......@............@@.....@........@..@@@@.........@......
@........@@@..................@...@.........@@......@.@.@...
...@.@.....@..........@....@....@.....@@@.........@........@
.......@.....@@.@..@.....@@.................@@....@.........
...........@.@....@...@..@.@...@..@...@....@.@......@@......
........@....@............@.........@.......@..........@@...
..@.......@.@.....@@......@.....@@..........@..@@........@.@
@.........@@@....@.........@@...@.@@.@.@..@..@.@.....@......
@.....@............@............@......@...@.......@........
.......@.@.......@.......@.........@....@...@@...@....@..@..
.@....@.....@....@...@............@.@.............@.@..@...@
.....@@...........@............@................@@@.@.....@@
Agents:
50
0,40,27,2,23
1,39,5,57,32
2,9,43,47,19
3,18,14,23,50
4,41,45,59,53
5,53,43,32,16
6,38,23,29,26
7,29,2,49,51
8,27,37,58,24
9,8,29,0,31
10,19,55,49,55
11,9,6,9,37
12,27,50,8,27
13,20,31,24,42
14,12,45,5,25
15,26,39,32,54
16,45,23,18,44
17,6,18,15,32
18,25,41,56,25
19,57,32,43,19
20,23,22,12,53
21,56,45,18,20
22,19,9,54,41
23,45,14,12,58
24,27,31,52,59
25,39,30,55,7
26,16,0,0,49
27,20,48,26,28
28,2,58,54,6
29,50,41,43,46
30,11,46,37,19
31,52,44,52,44
32,23,1,27,10
33,29,27,28,13
34,8,14,44,27
35,46,43,18,13
36,26,41,8,57
37,3,49,3,52
38,45,58,3,17
39,44,36,13,48
40,2,25,57,3
41,29,25,51,9
42,34,0,32,49
43,8,34,0,53
44,44,7,50,37
45,2,13,27,39
46,56,31,1,57
47,17,51,9,9
48,12,52,37,27
49,0,46,53,3
