2
Grid:
70,70
......................................................................
......................................................................
......................................................................
......................................................................
......................................................................
......................................................................
......................................................................
......................................................................
......................................................................
......................................................................
......................................................................
......................................................................
......................................................................
......................................................................
......................................................................
......................................................................
......................................................................
......................................................................
......................................................................
......................................................................
......................................................................
......................................................................
......................................................................
......................................................................
......................................................................
......................................................................
......................................................................
......................................................................
......................................................................
......................................................................
......................................................................
......................................................................
......................................................................
......................................................................
......................................................................
......................................................................
......................................................................
......................................................................
......................................................................
......................................................................
......................................................................
......................................................................
......................................................................
......................................................................
......................................................................
......................................................................
......................................................................
......................................................................
......................................................................
......................................................................
......................................................................
......................................................................
......................................................................
......................................................................
......................................................................
......................................................................
......................................................................
......................................................................
......................................................................
......................................................................
......................................................................
......................................................................
......................................................................
......................................................................
......................................................................
......................................................................
......................................................................
......................................................................
......................................................................
......................................................................
Agents:
40
0,21,39,67,15
1,33,40,40,17
2,57,49,14,65
3,51,67,35,67
4,68,66,5,9
5,37,60,21,44
6,27,48,5,60
7,20,69,2,23
8,1,50,19,35
9,21,55,53,30
10,37,29,56,15
11,66,55,27,32
12,33,27,0,30
13,48,30,17,26
14,5,32,5,61
15,10,57,25,66
16,59,2,1,44
17,15,6,64,1
18,45,29,33,18
19,66,10,0,24
20,38,54,13,69
21,43,68,42,51
22,49,27,61,65
23,38,47,20,67
24,52,24,23,23
25,41,16,21,5
26,69,61,49,27
27,42,47,27,43
28,7,29,47,2
29,0,20,13,21
30,61,36,66,31
31,56,49,16,41
32,22,37,47,49
33,58,17,64,28
34,53,65,9,65
35,4,62,17,32
36,59,26,29,30
37,60,11,47,7
38,12,34,33,41
39,48,21,67,65
