2
Grid:
60,60
.....................@........@........@....................
............................................................
...............................@...@......@.................
.......@.......................@..@.........................
.@..........@...............@............@..................
................@........................@.........@........
....................@.................@.....................
......................................@..............@......
....@.......................................................
..@@...@.@...............@..................@@........@@...@
.............@..........................................@...
............................................................
...................................................@........
..................@.........................................
..............................@......@......................
..........................................@.........@.......
................................@..@............@.....@.....
.................@..........................................
.............@....................@......@..................
..................@.....@.@@............@...................
@.............@.............................................
............................................................
...........@..........@..................@....@..........@..
..@..................................@...@..................
..............@............@.....@......................@...
........................@...@..........................@....
...................@........................@...............
............@.....@..............@.....................@....
..................................................@.........
........@.....@@....@.......................................
.........................................@................@.
............@...........@........................@..@....@..
.......................................@......@........@....
..............@.@.................@@........................
.....................@.....@.@...@....@...........@.@.......
....@....@........................@.........@........@..@...
..................@..................@......................
...@..............................@.........................
.....@......................................................
.................@.....@...@..........@..........@..........
..@........................@................................
..................................@................@........
.............................@..............@...............
...@..@........................@..@................@........
...........@................................................
....@.................@....@......@......................@..
..............@.............................................
.@@.........................................................
....................@..@....@@..............................
.@..........@............@.......................@......@...
............................................................
....@...................@...................................
........@..................@.@.......@@.@...........@.......
...................................@.....@..@...............
............................................................
@........@.........@.@.....@...@....@.......................
.........................................................@..
@.....@..@.@......@.............@..@.........@...........@..
..@......................................@..................
..........@........................@..@.....................
Agents:
30
0,3,40,17,36
1,11,53,16,7
2,46,3,5,34
3,23,27,6,58
4,37,36,7,36
5,23,28,18,52
6,22,21,1,38
7,9,39,20,6
8,0,12,51,51
9,43,27,51,36
10,3,36,33,17
11,20,16,0,54
12,35,27,45,26
13,43,7,28,39
14,20,36,42,2
15,48,14,47,24
16,41,48,14,59
17,8,16,42,49
18,10,22,23,24
19,0,37,18,26
20,39,55,36,53
21,23,30,52,3
22,19,54,24,35
23,25,51,28,28
24,11,24,26,57
25,50,51,40,57
26,17,18,57,55
27,19,16,56,2
28,7,0,32,2
29,52,48,43,46
