1
Grid:
60,60
............................................................
............................................................
............................................................
............................................................
............................................................
............................................................
............................................................
............................................................
............................................................
............................................................
............................................................
............................................................
............................................................
............................................................
............................................................
............................................................
............................................................
............................................................
............................................................
............................................................
............................................................
............................................................
............................................................
............................................................
............................................................
............................................................
............................................................
............................................................
............................................................
............................................................
............................................................
............................................................
............................................................
............................................................
............................................................
............................................................
............................................................
............................................................
............................................................
............................................................
............................................................
............................................................
............................................................
............................................................
............................................................
............................................................
............................................................
............................................................
............................................................
............................................................
............................................................
............................................................
............................................................
............................................................
............................................................
............................................................
............................................................
............................................................
............................................................
............................................................
Agents:
35
0,17,41,51,4
1,14,34,28,54
2,39,3,56,56
3,35,13,46,8
4,22,19,30,2
5,5,18,26,10
6,38,23,43,46
7,12,14,15,49
8,8,19,45,30
9,50,13,2,37
10,19,48,13,31
11,24,57,5,31
12,44,15,56,59
13,37,49,46,49
14,59,15,1,24
15,47,7,7,19
16,40,2,54,3
17,49,26,58,47
18,4,30,54,52
19,59,36,42,28
20,1,58,22,41
21,26,54,58,12
22,25,54,22,48
23,40,14,41,57
24,14,16,0,10
25,56,34,40,27
26,35,43,35,44
27,22,29,45,51
28,16,16,55,9
29,50,24,17,16
30,25,45,13,33
31,13,6,9,26
32,32,58,21,53
33,37,35,43,20
34,33,45,23,33
