0
Grid:
70,70
........................@......................................@......
.......................@..@.@...........@.....@.....@.@.....@....@....
...............@..........@................@..........................
...........................@..........@...................@...........
.....................@.....................@..........................
................@........@........................@........@....@...@.
@..............@......................................................
................@..........@.@........@..@................@...........
..............................@....@.......................@..@.......
...........................................@..........@@.......@......
.....@......@.....@.................@.................................
................................@.....................................
..........................@........................@...............@@.
....@..........@..............@............@@.........................
...........................................................@..........
.@@..@............@.@.................@......@....@...................
.........................................@............................
.....................@......................@...@.@...................
...........@....@.........................@......................@....
..............@.........................@...@.................@.......
...............................@....@...@....@.....@.....@............
@.....................................................................
..............@.......................................................
.......................@.........@..@.@.........@.....................
............@...........................@...............@........@@...
.........................@...............@...@............@...........
.......................................@@.....@.......................
...@...............................@.....................@........@...
................@@........@...........................................
............................................@......@.@................
................@...@.......................@.........................
.............................@........@.........@.@................@..
...@.......................................@...............@..@.....@.
.........................@............................................
.....@...@..@..................@..@.................@....@............
........................@.............................................
......................................................................
..............................@@..........@.........................@.
.........@............................@.............@.................
................................@.......@...........@.................
..................................@....@.....................@@.......
....@.....................@......@......@...............@.............
.@.@..@..@................@...................@............@.........@
................@.....................................................
@...................@............................@....................
..............@...@......@....@..................@....................
............................................@@................@.......
...........@....@.....................................................
....................................................................@.
.@....................................................................
..@.........@...........@.................@..............@............
.........................@............@...@....................@......
..........................@.....................@....................@
.....................................................@................
............@.........................................................
.......................@@......@.....@.............@..................
........................................@.............................
...........@....................................@......@...........@.@
.............@................................@...........@.....@.....
....@..@......................@....................@..................
.....................................................@...........@@...
.......@...........@@.........@..@............................@.......
...........@.............@........@.............................@.....
......................................................................
..@@............................@.........@.@......@......@........@..
.............@.................@......................................
.....@...............................@.............@..................
................................@.........@.........@.................
......................@..................................@............
...............@.....................@............................@..@
Agents:
45
0,56,9,14,32
1,6,17,54,54
2,27,46,18,35
3,31,60,5,38
4,67,27,1,29
5,53,29,53,4
6,27,19,60,52
7,54,10,29,39
8,59,8,43,18
9,8,18,50,68
10,54,51,7,63
11,16,58,62,13
12,46,60,39,60
13,13,19,28,68
14,52,7,53,35
15,63,44,54,31
16,12,55,63,46
17,65,22,63,16
18,32,61,60,49
19,27,48,65,49
20,35,27,47,66
21,50,0,52,40
22,33,9,32,39
23,21,47,56,7
24,22,9,17,45
25,42,10,34,17
26,31,5,33,7
27,62,17,63,7
28,40,37,39,12
29,32,12,49,13
30,7,60,37,47
31,24,31,2,22
32,48,67,57,47
33,50,29,54,68
34,53,27,6,39
35,1,15,14,1
36,24,36,28,34
37,46,68,23,28
38,67,5,62,41
39,55,54,32,25
40,1,2,25,39
41,24,60,42,17
42,29,14,22,66
43,21,60,53,37
44,16,22,7,32
