1
Grid:
60,60
.....@............@...................................@.....
.@................@@.@..........@...@.....@.@......@..@.....
....@..........@........@......@.@.@......@.........@.......
....@...@......@.@..@.@.......@......@................@.@...
.............................@..@...@..@...@........@.......
.@........@.............@.@.@...............@...........@...
...@@.@..........@.......@.@........@..@...@@@@..@.@........
.@..@....@@@..@...@...@@.........@.......@.......@@@........
.....@@.@.....................@.............@...............
......@..............@.@@.....@...@....................@....
............@........@.....@.........@..........@.@.........
@....@@....@.@.@.@@.@....@.@..@..@.............@............
..@....@............................@...@............@@.....
.@............................@........@....................
........@.....@..@..@....@.....@....@@....@...@.@...........
.......@...........@@@...........@..@..@..............@..@..
...@...........@.@.....@....@.......@@.@..........@....@....
@.@.@..@.............@..@..@@..@.........@..................
....@...........@.@..@.@..........@...@........@............
...............@......@..........@..............@...@@......
......@...@................@...@..@........................@
......@..@..@..........................@...@...........@@.@@
.@...@@....@...@...@.@.@@........@.....@@...@...............
.....@.@...@..........@.........@@.....@.............@......
........@.@@...@....@...@@......@.....@.....................
...@.............@@..@....................@............@@.@.
........@....@....@.@@@@....@..........@........@........@..
@.............@.......@.......@..........@......@....@.@....
......@.@.@.....................@............@............@.
....@.@.............@...............@...@...............@..@
..@......@.....@@....@@......@......@..@@...................
..@@.............@.......@@.@.......@...........@...........
.....@..................@..@.....@......@...................
...@@...@......@...@@@..........@@@..@@@@.....@....@@..@.@..
..@@.........@@..@...@..........@@........@@.....@..........
..........@....@..@@.@..........@..................@........
...@.@...@...@@.@.....@...........@@@@....................@@
...@@.......@....@.@.@...@..@...@..@.@.............@..@.....
...@@...........@........@......@.......................@@.@
.......@.....@@......@@.....@.......@@.....@..............@.
@................@....@@..@........@.@.................@..@.
..@...@@...@...@..........@.....@@.....@@....@...........@..
..@..@.........@.......@@...@.@@...@.......@.....@@.......@.
.....@@.......@@.........@@.............@@...............@@.
@..........................@..@...........@......@..........
............@@.......@...........@@.@.....@..@......@.......
....@........@...@............@..@......@........@.@........
..@....@.......@....@..............@..@......@...........@..
@....@..@@..@..............@......@....@............@...@...
...@.......@.@.....@..@.@@.@.@.....@...@@..........@......@.
@...........@@..@...@..............................@........
.............@..............@.....@..@....@@.@..@...........
...........@...........@.....................@...@..........
@@.@..@......@.@.@...........@.@...@.@...@..@....@......@@..
..........@@..................@.@.@...................@@...@
..........@.....@.....................@....................@
..@....@.............@..@....@......@.@.@.@@...@....@@....@.
.........@......@........@......@........@....@.@.@@.@......
...............................@@....................@....@.
.@...@@.........@..........@..@.@@....@..@....@.@...........
Agents:
50
0,42,40,33,25
1,15,27,37,29
2,1,9,44,35
3,46,35,3,48
4,19,28,26,7
5,1,12,2,7
6,6,19,54,4
7,29,12,17,35
8,21,26,19,2
9,25,16,20,52
10,22,53,19,41
11,42,0,39,26
12,18,48,45,57
13,15,13,41,44
14,43,35,49,23
15,17,19,20,39
16,13,44,22,37
17,21,8,16,1
18,46,31,45,18
19,3,6,5,30
20,28,25,1,35
21,51,35,48,42
22,18,50,36,27
23,14,58,39,55
24,5,8,39,47
25,35,3,5,19
26,53,18,28,48
27,10,57,31,50
28,1,48,54,2
29,28,30,45,41
30,2,10,10,17
31,59,37,43,46
32,45,17,45,31
33,30,51,18,5
34,15,16,34,45
35,9,42,3,33
36,30,24,21,53
37,25,7,56,34
38,20,18,7,3
39,14,5,2,40
40,8,39,5,39
41,21,2,31,52
42,29,14,55,1
43,37,57,58,51
44,22,41,27,28
45,36,41,55,33
46,49,57,46,19
47,28,13,9,26
48,18,7,45,55
49,48,36,14,21
