0
Grid:
60,60
.........@...................@......@......................@
...........@.........@..............@.......................
............@............@..................@...............
..............@...@.....................@....@..............
....@...................@....@...........@..................
.......@.............................@......................
...@..................................................@.@...
..@...@........@......@......................@..............
.....@............................................@.....@...
..............................................@.............
.......................@....................................
................................................@......@....
..@.@......@@..@......@.....................................
..............@............@.@..............@...............
............@@......@.......................................
......@..............@...@....@......@......................
.@.............@............@.................@.............
...@.................................@......................
..............................@.............................
.................@..........................@..@.@..........
......................................@............@........
...@.........................................@....@@.@......
............@.............@...................@.............
.......@.........................................@..........
.....@......................................................
........@........@.....................@....................
...................@.............@..............@...........
...............@............@...........@...................
...@.........@............@.........@....@..@....@..........
.............................@......................@@......
.....................@....................................@.
........@.............@.....................................
...........@.@................@............................@
...................@.........@..............................
.......................................................@.@..
..............................@.@.................@.........
...........................................................@
..@.............@...........................................
..@..............................................@..........
..................@.....@.....@.............................
.....@..........@...........@.......@.@.....................
.........@...@.................................@..........@.
..............@................@.@......@@...@..............
....@.......................................................
@..........................@................@.@.............
.@..........................................................
..............@@...@...@....................................
..............................@.......@..........@..........
..............@...............................@.............
...........................@..@..........@..................
............................................................
@........@...................@@.........@..@....@...........
.@....@..........@...............................@..........
.........@....................@..................@..........
......................@.................................@...
...............@@............@................@@............
..@.........................................................
............................................................
...............................................@..@.........
........@......@.@...............................@..........
Agents:
60
0,11,15,45,53
1,49,0,24,55
2,49,38,27,20
3,35,14,38,24
4,1,39,22,13
5,56,52,36,53
6,57,38,6,5
7,32,14,36,25
8,0,7,50,37
9,4,34,42,28
10,44,13,59,37
11,18,2,42,37
12,2,9,34,10
13,58,35,30,37
14,32,37,5,12
15,12,58,51,42
16,26,59,22,59
17,20,30,16,17
18,14,8,46,1
19,46,16,13,11
20,56,25,47,41
21,27,33,15,11
22,22,15,25,21
23,16,36,55,34
24,39,4,29,18
25,10,15,35,53
26,16,35,39,55
27,20,39,4,54
28,29,20,17,53
29,53,59,52,7
30,57,57,18,57
31,6,19,55,31
32,40,59,58,42
33,12,33,53,27
34,54,30,3,28
35,52,55,51,55
36,48,28,58,32
37,17,53,17,50
38,34,28,23,34
39,47,43,13,0
40,18,40,12,26
41,23,28,11,57
42,26,56,31,11
43,42,50,7,48
44,39,40,12,25
45,1,54,34,24
46,15,46,39,48
47,18,59,5,4
48,18,8,17,31
49,53,23,33,49
50,2,43,19,11
51,11,14,39,51
52,27,47,8,45
53,18,26,38,50
54,5,0,9,53
55,32,9,14,33
56,33,38,37,51
57,53,43,56,19
58,16,21,10,58
59,54,13,26,50
