1
Grid:
60,60
............................................................
............................................................
............................................................
............................................................
............................................................
............................................................
............................................................
............................................................
............................................................
............................................................
............................................................
............................................................
............................................................
............................................................
............................................................
............................................................
............................................................
............................................................
............................................................
............................................................
............................................................
............................................................
............................................................
............................................................
............................................................
............................................................
............................................................
............................................................
............................................................
............................................................
............................................................
............................................................
............................................................
............................................................
............................................................
............................................................
............................................................
............................................................
............................................................
............................................................
............................................................
............................................................
............................................................
............................................................
............................................................
............................................................
............................................................
............................................................
............................................................
............................................................
............................................................
............................................................
............................................................
............................................................
............................................................
............................................................
............................................................
............................................................
............................................................
............................................................
Agents:
50
0,7,32,38,42
1,7,30,48,4
2,27,45,28,1
3,51,44,11,14
4,34,7,59,25
5,44,46,3,10
6,46,35,19,20
7,0,33,46,36
8,47,16,59,17
9,34,44,20,56
10,16,27,58,58
11,51,41,46,26
12,16,51,16,21
13,30,7,29,25
14,48,1,57,55
15,15,54,23,45
16,6,31,21,59
17,41,49,40,9
18,44,56,20,15
19,36,34,50,13
20,47,25,43,11
21,52,29,31,36
22,34,58,43,19
23,3,1,54,17
24,54,24,34,44
25,37,35,9,28
26,4,21,8,21
27,3,39,38,56
28,41,25,35,51
29,13,35,13,51
30,14,43,11,59
31,55,32,42,46
32,51,49,17,15
33,40,15,58,25
34,54,10,27,4
35,49,51,46,22
36,39,0,27,16
37,56,50,2,52
38,34,22,40,45
39,7,18,3,40
40,48,29,42,31
41,13,23,22,11
42,24,40,44,27
43,50,44,41,1
44,27,2,47,24
45,8,18,50,51
46,42,0,2,44
47,19,4,39,8
48,30,20,37,39
49,38,44,11,28
