0
Grid:
70,70
................................@....................................@
...@..................@...............................................
................................@...........................@.........
......................................................................
....@@......@.....................@...................................
...@...............................................@..................
..............................@.......................................
.................@..@@.................@......................@.......
...................@....................@.......................@.....
......@...............................................................
........@.........@...........@.@.....................................
............................@.........................................
..................@.@.........................@.......................
.@.....................@.@...@........@....................@..........
.......................................@................@.............
......@.........@.....@.........@..............@......@...............
.@...............@....................................@...............
.................................@.................@........@.........
..................................................@@..................
....................................................@.................
...........................................................@..........
..................@..............................@.............@......
..........................................................@...........
......@...............................................................
.....@......@..............@@.........@..@.............@........@.....
....................................@.........................@.....@.
.............@........@..@............................................
...@...@.......@............................................@.........
.....................@.......@........................................
..@..................@..............@.........@......@......@.........
...................................@@.......@..................@......
............................@.........................@@..............
......@..........@...........................@..............@.....@...
..@....@.......................@..............@.......................
.@................@...........................@..@....................
....................................................@.@....@......@...
..........................@....................@.....@.@..............
................@.....................................................
.....................@.@...............@...@.......@..................
...............@..@...@....@......@...............@...................
........@.......................@...@.............@....@..............
....@.........................@.......@......@.....................@..
...................................@............................@.....
...........................@...........@...................@..........
..........................................................@.@......@..
.........@......@....@......@...........@.............................
.....................@@...............................................
....@.............................................@....@..............
.@.......@..............@@..@.@..........................@............
..................................@.@.......@.........................
.........@.........@@..@.......................@...@...............@..
....................@................@.....@..........................
............@....@........................@.........................@.
......................@...@........................@..................
......................................................@...............
..........................@....@@.....@.............@.................
.........@...............@@..................................@........
.................................................@....................
...@............@....@................................................
...................@..................................................
.......@@...................@.....@......................@............
........@@@...........@..........................@...............@....
.........@............................................................
.....@....@.....................................@........@@.@.@.@.@...
..@........@.....@......@.............................................
@..@....................@..............@..............................
.........@....@......@@....@....@..................@............@.....
..........@.@.........................................................
........................@................@................@........@.@
@....................@@.......@...........@................@..........
Agents:
85
0,47,6,53,9
1,56,13,25,41
2,4,64,61,36
3,64,32,69,19
4,18,0,1,69
5,15,42,61,61
6,54,3,7,51
7,17,13,19,4
8,45,1,67,26
9,13,65,44,44
10,50,26,2,11
11,47,26,39,62
12,42,14,34,47
13,52,4,32,21
14,53,8,44,48
15,10,24,42,2
16,69,69,7,24
17,20,5,32,8
18,36,10,66,69
19,16,44,19,54
20,24,22,56,65
21,19,2,1,32
22,13,20,49,17
23,32,51,50,57
24,3,41,27,16
25,4,20,7,6
26,29,29,22,17
27,67,57,27,9
28,21,50,16,61
29,49,13,53,17
30,7,24,64,62
31,59,45,25,51
32,63,63,8,52
33,13,46,29,56
34,50,8,53,59
35,29,40,66,5
36,9,2,27,11
37,1,64,26,36
38,67,39,2,27
39,1,31,49,25
40,42,11,18,10
41,57,12,29,38
42,4,59,10,0
43,64,39,65,36
44,2,33,60,50
45,53,56,66,45
46,30,3,64,27
47,37,0,18,41
48,33,44,17,47
49,9,19,49,49
50,7,56,49,60
51,0,64,36,57
52,12,34,49,63
53,11,26,1,55
54,27,2,10,27
55,60,51,59,63
56,48,18,55,12
57,41,65,19,18
58,37,47,69,53
59,40,3,67,38
60,68,43,29,23
61,44,17,29,61
62,24,42,61,20
63,35,1,63,34
64,31,22,67,2
65,29,51,48,11
66,11,62,53,53
67,69,39,27,34
68,48,37,31,21
69,12,69,28,12
70,42,1,8,11
71,7,12,1,14
72,31,42,66,10
73,32,55,50,48
74,3,6,0,16
75,20,33,4,26
76,12,53,19,68
77,39,39,16,65
78,25,5,2,25
79,61,25,36,34
80,41,37,34,34
81,22,67,10,20
82,63,56,14,7
83,54,45,56,58
84,47,1,44,13
