2
Grid:
70,70
.....@..@@..@..@........@.................@.@@........@@..........@...
.@.....@.......@.........@....@.@...@......@...@..@.@.......@@@.@..@@.
@....@.@..@.@@@...@........@..@.....@........@...@.@.......@...@@....@
@..@@..............@......@.....@........................@@...........
....@.@....@.@....@......@..@.@......@....@.....@...@......@...@.....@
@@..@..........@......@@@........@.........@............@...@....@@...
@@...@...@@..@...@.............@.@@......@...@@..@.@.......@@@.......@
.@@...@...................@@.@@........@...@..@......@@@@.......@@....
....@.@@@.@.@........@.................@..@......@@....@.@..@....@...@
...@..@........@@..@.......@@.@@.@......@@.@@..@....@.@.....@...@....@
..@.@..........@..@....@......@......@............@.@..@......@.@@.@@.
....@@.@.@.....@........@...............@........@@.@@...............@
...@.@..@.......@@@@.@................@@.....@...............@....@...
.....@@......@......@......@@.....@...@.......@.@@....@...@.@..@....@.
....@...@.@.....@.@.......@@.....@..@......@..@@.@....@@@.@...........
............@@...............@.........@...................@...@@.....
.@@...@.@@..............@....@...@..@..@..@.@.........@....@@@........
........@.@....@.........@....@.@..@..@.....@.@........@...@........@.
....@..@@@@@...@...@..@@....@..@@..@..@...@@...@...@.......@....@.....
..@..................@...@....................@..........@...@..@....@
@......@@.......@.@.@.............@.......@.......@@....@...@......@..
@@...@.@.......@@........@.....@....@...@...@.....@.@...@@@@.....@....
.........@..@......@...........@.@................@..@..........@.....
......@..@@....@......@@..@...@..@@......@..@.............@...@..@..@.
.@..................@@.......@@@@.......@..............@........@...@.
@..@@...@@@@..@.............@..@.......@@.....@...@....@.......@.@....
.@...@..@...@...@.........@......@.@@@.@@@@........@@......@....@.....
....@.....................@....@....@..@...@...@.............@........
..@.@@...@.....@.........@.@...@....@.@..@..@@@......@.@@.@..@.......@
...@....@.@..........@.........@@......@.@@..@...@.......@....@..@@.@.
...@..........@@.......@...@@.....@............@.....@@...@..........@
......@....@.@....@....................@..@..@...@@....@......@.......
.@.....@......@.........@@.....@.@...@.@..@.@.@@.@.@.....@@.@.........
.....@...@.@......@@@.......@...@@.....@....@........@.......@....@...
............@@.....@.@...........@..@.@..@.@...........@....@.........
..@.....@.@................@....@@...@..@....@@@.@.@........@@.......@
...@@@..........@@..@@......@............@...........@...@............
...............@.......@..@..........@....@.....@.@..@@.@...@......@..
.......@.........@........................@....@..@......@@@.....@@...
.......@.........@.....@.@............@..@............@....@..........
.....@@.......@....@..@...@@.............@@.....@...@.@..@..@@@.......
@.@.................@...@....@.........@.@@.@...............@@...@.@..
@...@....@........@.@....@...@@..@...@..@@.@....@.@.@...@...........@.
@....@.@.........@..@@..@@.......................@.....@.....@.....@..
........@...@....@.......@.@...@.....@.@.........@...@....@.......@...
............@.....@.@..@.....@.....@.........@....@@.............@....
@..........@....@.@.@....@.@@@...@.@..........@......@..@.@...@.@@.@..
....@.....@..@@.........@.@....@...@@...........@.@....@.....@......@@
@..@....@@..@..@@..@..@........@........@..@...........@...@...@@..@..
@@.@....@...@.@.@.....@@@...........@...@@...@.........@@@......@...@.
...@..........@@@@.......@.@....@.............@..........@........@.@.
......@....@.......@...@..@....@.@..@..........@........@.@..........@
@.............@..@......@.......@.@..@.....................@..@@...@..
...@...@...@..@..@@.................@@@@.@@.@...@......@........@.....
.....@.......@.@......@.....@@.@.....@@@.@...........@.....@@........@
..@@@......@....@.@..@.......@.@........@..........@..@.............@.
....@.........@...@@..@......@..@@.......@...@....@...........@.@...@@
...@....@...@.@.@.@..@..@.@...................@@.....@....@...@.......
@@...@...@@.@@@........@............@..........@.@...........@..@.....
@....@..@@...@...@..@....@............@@..@...@...@@.....@..@@...@@..@
.@..@.....@..@......@.......@...............@..............@.@........
....@..@.....@......@..@.............................@....@.@..@@...@.
............@.@....@@@...@@@...@..............@..............@........
.@..@............@.......@@.@.@...@@.@....@......@...........@......@.
..@....@......@.@...@.@..@........@@........@.@.@....@.....@.@..@...@.
.@.......@.............@@..@..........@...@.......@.....@..@..@...@...
.........@..................@@.@.................@..@...@.....@.@.@.@.
......@........@........@...@.........@............@.......@.@........
.@.....@..........@@.@.@..@.......@.....@...........@@..@..@@..@@@....
...........@@..@@........@..@......@.....@.@.@......@.@@...@@......@.@
Agents:
70
0,52,61,19,39
1,42,17,67,25
2,36,38,53,52
3,64,52,29,33
4,47,22,63,27
5,56,21,5,55
6,6,64,3,46
7,15,42,50,5
8,16,0,67,19
9,23,11,44,2
10,37,52,63,10
11,23,29,38,28
12,69,61,39,49
13,6,2,41,15
14,65,10,17,4
15,17,53,46,59
16,31,52,43,30
17,60,12,62,59
18,17,62,1,55
19,62,1,30,30
20,33,17,36,64
21,0,33,13,44
22,31,40,45,42
23,23,60,12,25
24,63,6,50,35
25,22,22,33,24
26,51,54,66,55
27,25,66,3,54
28,46,32,29,17
29,2,62,47,3
30,53,69,39,69
31,12,37,32,18
32,17,41,10,25
33,41,51,51,12
34,60,42,61,26
35,40,24,25,47
36,56,27,18,41
37,59,33,67,30
38,59,45,42,24
39,36,66,3,14
40,64,60,35,13
41,19,68,13,14
42,6,63,8,53
43,64,41,66,33
44,0,41,39,55
45,31,8,58,32
46,13,1,18,63
47,42,39,22,46
48,48,62,40,47
49,68,3,24,26
50,36,8,48,56
51,27,49,36,58
52,0,21,44,45
53,16,40,60,2
54,48,50,43,9
55,5,58,21,69
56,20,66,17,2
57,9,4,20,4
58,17,18,42,59
59,19,35,30,29
60,56,5,31,69
61,30,2,41,53
62,62,15,32,15
63,31,68,6,21
64,35,14,41,11
65,41,15,59,22
66,21,30,16,48
67,3,48,54,62
68,30,33,32,38
69,65,21,19,27
