2
Grid:
60,60
@.....@.........@@.@@.@........@......@.@...@......@....@...
.........@....@.....@..@....@..........@@.@@............@...
....@..@@.......@........@..@@................@......@..@@..
................@.....@...@...@.@@.......@......@@....@.@...
@..@......@......@.........@.@........@.....@.@.......@@....
.@...@...............@.......@......@.@.....@...........@@..
........@...@..@..@@.@..@..@..@@@@..@..@.......@..@........@
.........@@...@....@@..............@@.@................@@...
.@.........@.......@@@.@..@.....@......@......@.@.....@@...@
.@...@...@............@..@................@......@....@.....
.@...@.......@...@@.@.@........@.@..@.@..@..@..@@....@..@...
..@.....@............@................@@.........@..@@......
.@..........@.....@.....@.@...........@...@............@.@..
..@@.@..@.....@................@@@...@..@.......@.........@@
..@@...@...@....@.@.@........@...@.....@.@.@................
..@...................@.@@..@@...@@@.@.@..@.@...............
..........@@@.@@.....@...@..@.@...@...@..........@..@@...@..
.@...@..@.@.@.......@........@.....@.@......@...@...@..@..@.
@.@....@@@....@@..@.@.@...@........@........@...@@..........
....@....@@.@..@...@.....@...............@.@...@....@..@....
@..@@@......@.@................@...........@@.........@@.@..
@....@.@@.......@..........@..@...@...@............@....@...
..........@@@.@.@.@........@...@.@@@@@..@@...@..@@...@.....@
....@.@.....@..@.........@...@..@@.@@@.@..@.@......@.......@
......@...........@@.....@.....................@..@@......@@
..@@.........@........@.........@......@.@...........@..@.@.
......@@@.......@@.......@.............@.............@...@@.
@..@.@@@.................@.@...........@@.@...@@..@....@.@..
........@......@@.@@..@...@.@@.@@..@.@...@...@............@.
@...@.@....@......@........@@..@..........@....@.@.......@..
.......@@.@....@@..@.....@..@............@@..@@@@.@.@......@
....@.....@..@............@.@.............@...@......@......
....@...@..........@....@....@..........@..............@....
......@@......@....@.@......@@........@@...@.@....@.@...@@@.
.@...@............@...........@@@.....@.@.@.....@..........@
@@.@....@.....@@.@...@..@.@...@..@@.@.................@@..@.
....@.@................@..@..@@..@......@@@@@...@.@.........
@......@........@@..@.....@........@....@.....@........@....
.......@.................@.@..........@....@.@..@........@..
......@...@.@@...@.@....@....@..@....@........@.@.@@.....@..
.........@@.@.@....@.....@..@..@.@....@....@@.@.....@..@@...
.....@......@.@@...@.@.........@.....@@..@.....@.@..@.@@.@.@
@..@..........@.........@..............@...........@........
......@..@..@..@.....@.....@.@..........@......@........@...
..........@...@.................@............@..@@....@.....
...................@.@...@.......@@.@.@........@@.@@........
.......@.......@@...@@............@.....@.@.....@.....@.....
@..@.......@..........@.@@........@.....@.@.......@......@..
...@.......@...........@@.@@...@........@...@@..@....@......
.@.....@......................@...@@...@..@.@.@..@....@.....
...........@........@............@......@..@..@...@.@.......
.....@@@.........@.@.@...@...@...@.................@..@.@...
@.......@..@..@@..........@@.....@..@....@..........@@......
.......@....@@...@..@...@.@..@.....@@..@..@..@.@@@.@......@.
.....@................@..@.@..@.......@..............@@.....
@.........@........@.@...@..@.@.........@....@...@@....@..@@
@.@...@@.@.@.......@.......................@..........@...@.
.......@.@..@............@..................@@......@@......
@....@...@.@...@....@@....................@.@......@...@.@..
..@@.@............@........@@..............@.@.@..@..@......
Agents:
45
0,18,31,17,59
1,20,41,6,13
2,6,34,22,20
3,53,43,11,31
4,22,1,13,57
5,54,56,37,34
6,59,1,55,8
7,47,43,23,54
8,14,0,8,44
9,43,2,50,38
10,9,19,44,25
11,1,21,37,22
12,31,29,53,32
13,42,29,31,25
14,52,59,54,8
15,2,35,57,49
16,47,59,28,51
17,47,12,54,49
18,50,27,47,18
19,30,34,12,17
20,22,57,0,48
21,50,54,24,45
22,54,44,6,42
23,26,41,2,13
24,32,16,26,46
25,21,1,50,25
26,2,24,15,17
27,0,53,20,2
28,54,24,46,33
29,14,26,49,31
30,53,34,43,57
31,13,49,18,58
32,9,15,57,1
33,32,35,5,31
34,56,3,56,48
35,58,32,55,52
36,38,47,7,12
37,32,20,23,46
38,2,31,47,1
39,31,45,10,27
40,22,26,41,13
41,26,37,1,58
42,26,27,59,42
43,3,58,3,47
44,44,24,46,1
