0
Grid:
60,60
@.........@........@@.........@..@..@@..@.......@......@....
..........@......@....@.@@@..@..@..@........................
..@.@.......@....@@@@.@@............@...@...@@@.............
.........@@..........@....@.@.....@.....@.@@.............@@.
@...@.........@@........@.@.....@...@..@.@.@...@@......@.@@.
.@.@@..........@......@...@@.@............@..@..@.....@.@.@.
....@.@.@......@.....................@........@.@..@.@..@@..
..@......@.@.@......@...........@..@....@......@....@.......
@@..@..@......@.@@.............@@.....@..@.@.@..@.......@...
....@@@........@.......@..@.@............@..@@.........@...@
@.....@@....@.@...@....@@@.....@.@@...........@.@......@....
........@..@.@.@............@..@.@..@.......@...............
....@.@.......@.......@...................@.@...@...........
@@.@.....@.....@..@.....@.....@@..@..@....@...@@@..@@.@@...@
@.......@@@..............@.................@.....@.......@..
......@@..........@..@....@@@....@.@...@....@@@.....@.@@@...
.@..@..@............@......@...@..@.@.@....@......@@@@......
..@.....@@@....@.......@....@.......@...@....@@..@.......@@.
................@......@......@.@..@.@@....@..@.@.@.........
......@.@..@.@@.@@..@...@...........@.....@........@..@...@.
...@..@......@@......@.@....@@......@........@..@@.@@.......
.................@.....@@.....@...@.@.............@@......@@
..@@...@.............@..@......@.@...@........@@@.....@@@@..
.......@.@.@.@......@.....@@....@.@.......@..@.@......@@....
.....@......@.@@...............@...@.@....@................@
..@.......@..........@..@.....@...@.@.@..........@..........
...@@......@....@@......@@.@.@..@@...............@@...@@....
@.........@..@...........@.......@@.@...@.@.....@...@.......
.........@.....@.@..@.......@.....@......@......@..@.....@..
.@...@@.....@.....@@............@.....@.@.@..@@@............
.@...@...@..@@@@.@...........@....@@....@......@.....@@.....
..@..@.......@..@...@.@...@@@..@..........@@@....@.@...@....
.....@..@......@...@.......@.@......@...@.@.@.@..@.@........
..@@.@.........@.@.....@....@..@....@..@.@....@.@@.@.@.....@
..@...@.@..@................@...@@............@...@.....@@..
.....@.....@......@.......@....@@..@@..........@.@@.......@.
@@..@.@..........@.@...@............@..@@..........@........
..@......@@.........@....@@.@.......@........@..............
..@...............@.....@.@....@............@..@.....@......
..@...@.@@.......@.@@.@@...@..................@.@.@@...@...@
.@......@@........@....@.......@...@@..@@..@....@.@@....@@.@
..@........@...........@......@.......@.......@.............
.................@..............@....@...@.......@..........
@...........@..@......@.@..@..........@.......@......@....@@
.@.......@...@..@...@..@...@@@........@......@....@.....@...
......@.@.@........@.@....@@@..@..@@....@@.@.......@......@.
.@.@.@.@@....@..........@.@....@@....@.@...@................
.@..............@..........@.....@.@................@.......
.@...@@....@.............@.....@..@.@.@...........@......@@.
.....@@........@..@.....@@..............@...@.@.......@@....
@.....@.@...@.@.........@...@...@@@......@@.......@.@..@..@.
.................@@..@.@...........@..@.......@..@....@.@@..
..@@@.....@.@...........@.....@...@....@..@@..@@..........@.
.@......@.@..........@..........@.@....@.....@@..@...@.@...@
...............@...@........@............@.@@..@........@...
...@..@.......@....@....@....@@.......@.....@..........@...@
........@@..@@......@........@...@......@..............@....
@@.....@........@.@.........@........@@...............@.@...
.@.@...@.....@...@..........@.......@......@............@...
......@..@..@.@........@.......@....@.@........@............
Agents:
60
0,20,9,12,13
1,55,46,43,5
2,10,32,43,33
3,47,13,32,33
4,12,45,10,49
5,36,54,15,10
6,0,41,25,0
7,58,44,53,29
8,21,57,0,9
9,25,11,45,52
10,52,15,51,26
11,15,40,9,31
12,28,35,13,12
13,45,25,7,39
14,1,14,20,26
15,45,20,49,28
16,49,33,26,35
17,19,21,25,40
18,43,14,24,21
19,57,52,7,6
20,15,38,12,46
21,44,6,12,29
22,38,38,40,47
23,7,36,37,22
24,47,21,3,56
25,30,56,12,19
26,55,25,27,3
27,26,43,55,57
28,59,50,34,58
29,24,48,41,57
30,38,46,13,26
31,57,59,2,48
32,56,22,34,19
33,47,47,48,7
34,46,23,3,39
35,33,27,26,38
36,34,22,34,9
37,51,47,45,37
38,48,7,17,17
39,25,31,49,22
40,38,54,53,57
41,41,0,36,15
42,19,52,1,13
43,50,56,20,40
44,56,52,48,21
45,0,3,52,32
46,37,8,44,47
47,38,3,55,40
48,36,49,3,12
49,16,56,10,17
50,14,15,14,39
51,54,0,46,52
52,22,32,53,35
53,40,47,16,8
54,27,54,27,30
55,33,10,18,31
56,26,58,52,31
57,47,45,28,7
58,29,15,37,54
59,54,22,59,24
