0
Grid:
70,70
@........................................@................@@.........@
..@@@..@.....@.@......................@.........@.@..@.....@...@.....@
....................@@..................@..................@..........
@...@.........@..@..@..@......@....@.....@.@@.........@...............
...........@@................................@....................@...
..........@..@...................@....@.......@.@..........@........@.
...@..................@....@.@.@...........@..........@...............
..........@...........@...........@...@...............................
.@.@............@@....@..................@............................
.......@......@.................@...........@.@..@............@.......
.@@................@......................@....@......@...............
@............@...................................@..@.......@....@..@.
.................................@....................................
....@.............@.......@..........@........@....@..@.............@.
.........@.......@........@.......@............@........@.............
..@..............@...........@....@.........@.....................@...
....@.........@....@.........@.........................@..............
.....@...@@.....@.......@...............@....@............@@@@.@@@@...
..........@.@............@@@..@.......................................
..@......@.....................@......................................
...........@...............@.@........@...................@...........
..............@....@..................@......@.@.....@.....@..........
...................@.....................................@......@.....
....@....................@....................@.@....@.@....@.........
....@@.............@..................@..........@......@.............
.............@...@.....................@..............................
...........@@................@....@.@.@........@..@................@@.
..................@.@.......@..@....@.................................
.....@.....@..........@........@@....@..................@....@...@....
.......@...@@....................@...............@........@........@..
.@.................@......@@....@.......@.............................
...........@...@...@@........@.....@..............@@...@..............
.@.@...@....@...@....@...@....................@.............@...@.....
....@.@@.............@..........@....@.@..........@..............@@...
................@@..........@.......@@@..@.@..@...............@.....@@
........................@..@.@.@.....@.@@..@.......................@..
........................@..@@.@..@.....@.......@..@..........@........
......@..@..........@......@.....................@....................
...@.....@...........@............@........@.....@............@.......
.............@.@...........@............@.@......@....@@.@..........@.
.....................@................................@...............
.......@...@............@......@....@...@.......@@......@.........@...
...............@.......................@.......@.....@...........@....
..................@..@.............@.@.......@..@............@........
.................@...................@..........@@..................@.
.....@...@...............@@........@@........@.....................@..
.............@..@.....................................................
.........@......@.......@.....@@.@...........@.......@.........@.@....
..........@....@................@.@.....................@.............
........@...@.....@........@....@.@............................@......
.......................@.....@...@.@.........@....@...............@...
.@....@...........@.........@@....@............@.@......@........@...@
.....................@............@............@.@......@..@@.........
.......................@...............@@.......@.....................
.....@..........@@.@..@........@.............@@.......................
.....@...@....................................@@......................
..@............@.@.@....................@....@.@..@...@..@............
..................@...@.@..........@@.@........@.........@.......@....
.@..@.....@.@...@.@.@...............@.........@.......................
......@.........@.@.@....@..................@.......@..@...........@..
......@.....@@..................@..@..................................
.....@......@.............@...@.............@.......@.@.......@...@...
.@...@.........@.@.@..@......@....@...................................
...........@...........@.....@........@.........@......@..............
...................@........@......@.......@....@.........@....@......
..............@.......................@..............@.............@..
..@.......@.........................@.@.@......@..@...................
..................@...@...........@...............................@...
...@.....@.....@@....@...........@.......@........@@..@............@@.
..........@....@...@.....@..@........................@..@.............
Agents:
80
0,37,17,58,38
1,14,68,65,17
2,39,18,34,53
3,29,44,39,17
4,31,12,44,69
5,56,46,19,19
6,32,59,55,57
7,62,39,25,26
8,8,55,58,68
9,49,16,9,12
10,5,14,50,44
11,52,9,44,55
12,19,22,37,18
13,31,10,34,26
14,14,45,18,49
15,36,45,67,42
16,7,59,27,11
17,14,57,50,13
18,29,13,19,54
19,22,44,5,8
20,69,0,43,31
21,46,63,27,34
22,4,41,43,12
23,3,38,56,58
24,37,68,59,54
25,62,25,6,17
26,35,19,31,33
27,25,8,14,54
28,51,46,31,21
29,31,56,27,43
30,22,16,14,36
31,31,18,37,58
32,12,28,29,46
33,27,46,12,28
34,39,36,31,48
35,44,60,25,0
36,61,7,36,34
37,10,18,27,21
38,46,38,31,64
39,5,42,11,62
40,42,68,12,19
41,8,9,29,48
42,66,17,43,42
43,9,64,38,46
44,32,66,31,18
45,53,36,31,46
46,22,52,29,50
47,38,27,19,42
48,51,45,39,62
49,68,1,46,29
50,23,2,68,14
51,9,6,3,61
52,31,13,12,6
53,40,58,30,24
54,13,24,57,68
55,21,64,46,52
56,18,32,19,3
57,14,18,66,49
58,4,48,4,64
59,7,25,53,26
60,55,27,37,41
61,49,19,55,27
62,56,30,19,35
63,28,16,42,63
64,69,7,68,35
65,55,64,14,65
66,53,51,16,66
67,55,26,29,8
68,59,19,59,2
69,25,64,44,20
70,22,67,23,56
71,43,16,64,7
72,5,57,65,33
73,27,51,24,39
74,11,50,57,12
75,66,45,60,7
76,65,9,47,58
77,42,51,25,46
78,26,10,56,68
79,25,1,55,51
