1
Grid:
70,70
@..@......................@.........................@@......@.......@.
..........@.@.@.............................................@....@..@.
...........@...@.......@.@..@..........................@..............
.........@.@.....@.....@..@.......@...............@...@...............
.........@..@.........@.............@.................@.......@.......
................@.......@......@....@.@.....@.@...............@.......
....@.@......@........@..@.........................@..................
...............................@....................@..@..........@...
.@@..........@..............@....@.....@...@....................@.....
.@...@......@..@......................................................
...@......@.....................@......@.@..@....@.........@..........
@....................@....@.......@@..................................
......@...@.........@.@......@.................@..@...@....@..........
...@.........@..@..........@....@................@...................@
.@.................@...@....................................@....@....
.....@......@@..........@.............@.................@.............
...........@..@..@.............@...@........@...............@.........
......@...@........@........@@.@.................@..................@.
.......@....@......@.........@...........................@............
.........@....................@.@............................@...@.@..
.........................@...@@..@....................................
..............@@@.....@@...@..........@...............................
..................@........@.......@...................@..............
@@...............@............@...............@..........@@...........
@.....@.......@.......@@..........@...@...............@@...........@..
.@.@......@.....@....@...........@..@..@..@...@........@..........@.@.
....@.............@........@..................@....@.......@@.........
................@.@..@@..@......@@.................@.....@............
..@....@..........@.......................@.......................@..@
...........@...........@................@......@....@.......@.........
........@...........@@.......................@@......@..........@.....
.........@....@....@...@...@.....@.........@......@...................
.@........@....@.......@...@.....@....@..............@.........@.@....
................@.................@.@@......@...................@..@..
@........@.......@.............@............@..@......@.........@.....
..........@..................@............@....@......@..@..........@.
@........@....@.@....................@@..@....@..............@....@...
.......@..........@.@@.@.....@.@..............@.......................
............@......@...................@.@@..............@........@...
......@..........@........................@......................@....
.............@.............@..@@...........@...................@.....@
.............@......@.......@....@...................@............@..@
....@.@.............@.............................@........@.@.@......
.........@...................@.@.......@..........@....@........@.....
.........................................................@............
.@........@..................@..@............@......@......@..@.......
....@...........................@....@....@...@....@............@.....
....@...@...................@.........@..@.........................@..
.....@.........@......@.....@...................@..@....@.............
...........@.........................................@............@...
...........@............................@........................@....
.........@..@........@.....@....@.....................@...............
................@......@...@......@.............@.......@.............
@.@.......@.@..................@........@.@....@.....................@
...@......@.........@...@...................@.................@.......
@..@.@...............@.......@.@................@........@...@..@.....
...................@........................@@@......@@........@......
.........................@............@.....@@...@........@.@.....@..@
.@@......@.............@....................@@......@......@...@..@...
..@..@.......@...@.......................@............@.......@.......
..........@...............@...@.......@..@..............@......@......
...@.........................@........@..@..........@....@.@.@..@....@
...........@.@.@........@..@........@..........@...@..@.........@@....
...............................................................@.@...@
...@............................@...........@..@.........@.........@.@
.....@..................@....@.................................@@....@
@.@......@@...@.................@........@..@........@..@.@.......@...
...@....@..........@@....@.@...@......@....@..@......@................
.........@.....................@...........@..........................
.......@@.@......@....@....................@...@.........@....@.......
Agents:
65
0,9,57,17,37
1,52,6,7,45
2,24,26,52,42
3,33,52,5,64
4,20,53,22,0
5,40,24,14,64
6,18,11,14,9
7,59,59,45,50
8,37,39,14,68
9,66,48,23,66
10,14,7,38,59
11,5,64,20,9
12,13,19,52,54
13,21,68,28,35
14,63,52,52,46
15,62,40,0,13
16,19,20,15,30
17,22,68,59,55
18,21,51,61,68
19,59,3,28,50
20,48,58,12,25
21,28,49,18,47
22,50,21,29,37
23,49,36,26,8
24,5,51,8,53
25,36,30,6,54
26,42,45,20,68
27,1,29,42,23
28,12,13,69,26
29,31,22,39,56
30,60,58,57,54
31,22,62,46,48
32,18,17,40,40
33,53,38,44,1
34,18,15,5,56
35,59,11,11,48
36,29,16,63,46
37,36,34,38,58
38,39,0,39,46
39,18,26,23,10
40,46,20,33,65
41,59,32,53,14
42,68,44,63,34
43,19,62,19,53
44,55,7,15,34
45,20,37,50,4
46,13,59,22,50
47,36,35,51,69
48,31,32,40,66
49,37,10,20,39
50,68,35,36,20
51,33,21,14,16
52,15,54,3,58
53,63,47,35,55
54,43,30,62,60
55,3,33,58,19
56,11,1,34,16
57,3,55,27,48
58,19,44,66,6
59,64,22,34,40
60,68,39,16,5
61,50,0,52,31
62,3,6,6,65
63,32,8,8,18
64,27,10,50,18
