1
Grid:
70,70
......................................................................
......................................................................
......................................................................
......................................................................
......................................................................
......................................................................
......................................................................
......................................................................
......................................................................
......................................................................
......................................................................
......................................................................
......................................................................
......................................................................
......................................................................
......................................................................
......................................................................
......................................................................
......................................................................
......................................................................
......................................................................
......................................................................
......................................................................
......................................................................
......................................................................
......................................................................
......................................................................
......................................................................
......................................................................
......................................................................
......................................................................
......................................................................
......................................................................
......................................................................
......................................................................
......................................................................
......................................................................
......................................................................
......................................................................
......................................................................
......................................................................
......................................................................
......................................................................
......................................................................
......................................................................
......................................................................
......................................................................
......................................................................
......................................................................
......................................................................
......................................................................
......................................................................
......................................................................
......................................................................
......................................................................
......................................................................
......................................................................
......................................................................
......................................................................
......................................................................
......................................................................
......................................................................
......................................................................
......................................................................
......................................................................
......................................................................
......................................................................
......................................................................
......................................................................
......................................................................
Agents:
70
0,16,25,54,23
1,33,3,67,29
2,26,16,25,23
3,35,63,48,1
4,66,58,5,31
5,38,8,33,48
6,51,9,11,57
7,69,21,39,28
8,24,20,15,33
9,48,58,12,65
10,54,21,31,34
11,6,49,61,58
12,56,36,14,29
13,7,57,46,42
14,32,18,48,31
15,61,47,61,47
16,0,61,4,43
17,0,54,12,43
18,21,11,63,15
19,63,32,49,17
20,17,66,38,22
21,64,30,65,62
22,12,2,31,49
23,41,30,60,27
24,15,68,59,68
25,45,14,9,17
26,56,21,52,49
27,11,64,59,2
28,19,53,58,25
29,17,59,30,50
30,8,48,48,14
31,31,47,62,24
32,67,61,49,5
33,7,59,67,58
34,9,15,2,47
35,0,12,35,33
36,26,15,47,49
37,41,57,68,54
38,26,45,4,19
39,36,53,46,17
40,65,46,50,65
41,41,34,64,17
42,43,47,23,25
43,60,48,68,62
44,49,6,30,61
45,35,37,42,36
46,64,4,15,46
47,24,38,5,50
48,35,17,35,45
49,32,21,5,23
50,65,51,2,1
51,21,0,40,3
52,67,32,68,9
53,57,40,44,69
54,50,24,58,59
55,37,43,31,3
56,17,34,58,36
57,64,31,58,28
58,6,67,15,31
59,4,20,46,34
60,0,28,17,29
61,9,2,50,0
62,50,33,24,15
63,18,22,67,2
64,61,2,9,2
65,21,9,57,29
66,13,15,15,32
67,57,13,54,41
68,25,41,28,28
69,36,10,46,28
