2
Grid:
60,60
......................@...@...@..@..........................
...@..@..@...@..........@@..............@.@.....@....@......
....@@................@.@.@@...@@.@.@....@......@.@@.@...@@.
..@......@..@@@..@....@....@@............@..................
..@...............@......@...@.......@...@.@.....@..........
...................@...........@............................
......@......@.....@.@......@.@.@.@.....@@...........@......
........@...............@.@................@.........@......
...@@@.....@.....@.@............@..@..@.....@@..........@...
............@....@....@....@.....@.@..@....@..@........@@..@
...@............@..@..@@.............@.........@............
.@.@.............@..........@........@..@...@........@......
.....@..................@.........@.@....@...@..@.......@...
.......@@........@.@@...........@.....@.@.@..........@......
.@..@......@...@............@@................@.............
.............@.........@.@.....@.............@........@.....
..............@.@.@......@.................@@.......@...@@@.
....@...@.........@.......@.......@...........@.......@...@.
......................@@...@..............@..@.@....@.......
.......................@...@...@.........@.....@..@@...@..@.
..@............@....@......@........................@@@..@..
.........@@..@.....@..@...@...@.......@....@...@@.@....@@...
.....@.................@....................@@......@@..@...
......@...........@.@....................@...........@..@...
....@.@.@...........@@@@.......@...........@....@...........
......@...........@....@...................@................
.......@...............@........@.......@..@........@@..@@..
......@...@.@.@.....@@.....@.@.@..........@.........@.......
..@.........@..@.............@...@.........@..@.@...@...@...
..........@...........@....................@.............@..
@.......@................@....@.@............@.............@
.@@@@...@.........@...@............@@.......................
......@....@....@.........................@..............@..
......@.@........@.....@.@..@.@.@@@...@........@..@........@
....@...@...@.....@.....@.@..................@........@.....
...................@..@.........@..@..................@@....
.....@@.......@..@@...@.......@......@......@@..@........@..
..@@...@.........@......@.@....@.......@...@........@.....@.
........@....@@.....@@........@@............@..@..@....@..@.
@.@....@.............@..@.......@..@.................@..@...
.............@.......@..@....@...........@.......@...@......
...@.........@@........@...@......@.......@@....@.@........@
..@@...........@....@...@......@....@.@@.@............@.....
@.........@..@.........@.......@......@....@...@@@.........@
........@.@......@..@@........@.........@...................
@..@.........@.................@..@........@.....@....@.....
@..@@.....@.............@....@.....@...........@............
@....@..@@@........@....@@@..........@................@@....
............@@.@.........@.@..@..@........@...............@@
......@..@...@@..........@......@@............@.@@..........
...@@.....@@.@.....@............@.@.........@..@.....@....@.
.@@.@...@...@..@..............................@@.....@...@..
.@......@....@.......@.........................@.......@....
...@..@..@......@@.@..@...@@@...@...@.@..@....@.....@.......
.....@.....@........@......@...@.....@.......@...........@.@
............@.............................................@.
@...@.........@...............@...@.@..@......@.......@..@..
.......@@.@.@@....@..............................@@.....@...
..@@...........@......@....@...@..@....@@.......@..@.@......
.@...@...@...........@...@....@......@@...@...@.@..........@
Agents:
80
0,46,33,9,31
1,45,6,59,50
2,21,57,9,1
3,50,8,45,26
4,41,38,49,29
5,25,17,30,13
6,54,44,59,14
7,23,1,19,28
8,29,8,32,4
9,38,42,31,49
10,32,15,38,25
11,30,35,38,17
12,43,57,56,29
13,5,51,4,5
14,47,17,50,23
15,20,47,56,19
16,11,27,6,1
17,5,43,46,13
18,30,29,33,5
19,36,35,59,18
20,52,5,32,45
21,36,50,3,45
22,32,2,6,57
23,52,38,7,50
24,55,2,14,23
25,33,5,53,35
26,24,44,53,56
27,32,54,39,22
28,25,38,45,52
29,6,26,8,58
30,39,39,57,37
31,50,27,51,17
32,38,53,32,40
33,25,3,23,4
34,25,42,1,8
35,4,52,34,16
36,38,38,49,38
37,24,19,22,3
38,44,5,48,52
39,23,23,30,10
40,34,51,14,21
41,6,51,52,25
42,25,47,55,3
43,35,31,10,58
44,18,28,19,39
45,5,44,45,1
46,45,57,11,15
47,31,39,22,59
48,23,14,0,14
49,0,51,52,0
50,48,1,21,39
51,15,19,56,35
52,40,25,45,9
53,7,33,39,45
54,36,0,55,20
55,55,48,29,1
56,34,28,54,19
57,40,32,58,0
58,52,54,24,2
59,33,46,20,30
60,33,43,16,21
61,59,19,23,9
62,55,27,58,44
63,51,21,13,14
64,17,24,23,36
65,23,59,50,29
66,48,40,31,14
67,36,58,14,19
68,6,45,3,3
69,1,43,19,7
70,5,55,41,39
71,5,26,11,54
72,58,54,43,14
73,54,33,22,8
74,46,22,52,5
75,45,56,20,58
76,25,48,51,50
77,38,9,37,10
78,9,34,6,23
79,31,9,26,58
