0
Grid:
60,60
............................................................
............................................................
............................................................
............................................................
............................................................
............................................................
............................................................
............................................................
............................................................
............................................................
............................................................
............................................................
............................................................
............................................................
............................................................
............................................................
............................................................
............................................................
............................................................
............................................................
............................................................
............................................................
............................................................
............................................................
............................................................
............................................................
............................................................
............................................................
............................................................
............................................................
............................................................
............................................................
............................................................
............................................................
............................................................
............................................................
............................................................
............................................................
............................................................
............................................................
............................................................
............................................................
............................................................
............................................................
............................................................
............................................................
............................................................
............................................................
............................................................
............................................................
............................................................
............................................................
............................................................
............................................................
............................................................
............................................................
............................................................
............................................................
............................................................
............................................................
Agents:
35
0,31,41,5,46
1,14,30,42,41
2,32,24,32,50
3,18,12,2,38
4,42,45,38,15
5,51,2,0,36
6,20,48,23,5
7,24,45,47,33
8,11,59,50,36
9,5,13,38,26
10,36,5,12,48
11,34,26,17,51
12,59,40,38,2
13,42,0,20,37
14,50,50,4,35
15,16,32,18,57
16,39,25,32,27
17,54,44,38,46
18,5,17,13,42
19,34,43,53,1
20,5,41,31,15
21,36,19,32,34
22,28,32,17,46
23,28,48,49,29
24,29,12,5,4
25,59,13,44,50
26,26,55,12,30
27,49,26,7,51
28,6,48,57,41
29,31,51,39,22
30,41,17,7,57
31,21,52,5,43
32,28,18,38,57
33,22,54,44,27
34,54,39,6,56
