0
Grid:
70,70
.........@@@..@...@........................@.......@..................
........................@@........................@.@...........@....@
......@.........@.........................@..@@.......................
..........@.............@.@........................@.........@........
.@..............@............@................@.........@.............
............@.......@.................................................
.............................@.......@.@......................@.......
..@.....................@........@..............@....@................
......................................@...............................
.......@@.................................@...........@...............
.........@@...........................................................
...................................................@.............@....
...............................@.....@......@......@..................
.......@.........@....................................................
...............................@....................@@.@..............
.............@..........................@...............@.............
.....................@..@...@.......@..........@..........@...........
............................@.........................................
...........@............................@....@......................@.
.........@......@................................@....................
..........@..................@.....@.........................@........
...........@..@.......................................................
........................@..............................@.@......@.....
................@............................@@.....@................@
..................@..............@............................@.......
.............................................@...@.................@..
...........................@..................@.............@.........
...@................@..................@...@..........................
..........@............@.....@...................@............@..@....
.@.........@..........................................................
................@.....................................................
..@............@....@......@...........@.@...................@........
.............................@............................@...........
............@.............................@...........................
.....@.....................@..........@............@....@.............
.......@......................@....@...@...@.........@................
.......@..........@................@.........@....@...................
..................................@..@..@................@...........@
...................................@...@..............................
.....................................................@.............@..
..........................@......@..........@.........................
.....................@...@....@...@...................................
.............@.....@..................................................
................@.....................@......@........@...............
....@.................@......................@........................
........@...........................@.................................
...@.................................................@..............@.
................@.......................@..@.......................@..
.................................................@.............@....@.
....@..........@......................................................
............................................................@.........
.......@....@..............................@......@...................
@@...........@..@.....@..@.......................@....................
..@........................@.......@@@...@.....@..................@...
........................@..................@..........................
..........@...........................................................
.........................@........@...................................
...................@..................................@.........@.....
....@........@..........@.......@...............................@.....
............@...............................................@.........
...............................@.@.@..................................
..........@...................................................@.......
...@...........................................................@.....@
.............................................@....@...................
...............@..@..@..................@.............................
........................................@.........................@...
.................................................@........@...........
...@.........@.@.............................@@......@............@..@
.............@.......................@................................
.................@......@.......@.............@.......................
Agents:
55
0,0,47,20,44
1,23,25,4,19
2,31,48,62,6
3,12,11,60,36
4,24,6,61,18
5,57,50,65,23
6,33,0,53,57
7,5,38,68,12
8,25,11,18,53
9,11,54,32,37
10,59,36,1,16
11,8,52,15,4
12,20,41,64,54
13,32,64,12,34
14,24,32,64,31
15,35,16,18,31
16,68,34,25,11
17,8,33,2,3
18,63,22,41,40
19,38,0,52,20
20,26,50,17,9
21,38,14,34,30
22,51,24,5,27
23,56,41,57,2
24,52,11,55,56
25,57,32,22,12
26,34,16,13,20
27,58,57,26,21
28,16,49,50,65
29,28,41,10,23
30,48,30,43,60
31,15,17,66,35
32,1,40,24,49
33,30,62,53,10
34,17,54,64,2
35,23,10,5,24
36,27,8,8,68
37,68,64,15,58
38,0,65,60,53
39,55,61,61,11
40,11,12,54,51
41,44,2,16,61
42,52,52,60,46
43,46,20,21,52
44,16,13,54,63
45,64,67,1,42
46,22,66,25,26
47,22,16,1,48
48,11,59,51,17
49,63,3,32,41
50,9,23,68,7
51,58,49,15,43
52,58,22,11,55
53,49,32,28,38
54,56,57,23,29
