2
Grid:
60,60
.....@@...@...........@@@..........@...................@....
..@....................@@@...........@.......@...@.@.......@
@@.@.@.......@..........@....@.@.@..@....@@.@@@.@@..@...@.@.
..@.......@...................@....@....@..@..@..@.......@..
@....@.....@....@.@@............@..@.....@..@......@@....@..
@........@.........@..@....@....@.@@..@.@..@.....@....@.....
..@..@...@.............@..............@..@......@.@........@
....@..............@....@......@......@.......@.@@.....@.@..
.@@.@@.@@.@@....@.@...........@...@..@..@...@.........@.@@..
....@@......@.............@.......@......@...@.....@......@.
....@..@..@.@@.@@@...........@......@..@.....@......@..@.@.@
.@......................@..@.@............@...........@....@
..@@........@..@.............@...............@.........@....
...........@.@...@@...........@........@.......@....@...@...
...@@...@.............@...@.....@............@..@.....@.@@..
@@...@..@..@@.......@......@..@.......@...@.......@.@.......
......@@@@.@.@@@...@..........@....@...@@...@......@@.......
@......@.....@....@.....@.@..@...@..@..@.@................@.
..@.....@@@..@......@....@@...@.....@@@...@.......@@@....@..
...@.....@......@..@.........@.@@.....@.@.............@.....
@.@@.....@....@@.....@..@...@...@@..........@......@.@.@....
@@...........@@@....@..@@..@..@.....@.........@.@...@......@
...@@....@....@....@......@...@@@...@..@.@...........@....@.
.....@..................@.@.@.......@.@@.........@..........
@...@..@..@......@.......@......@........@.....@..@.....@...
.........@...@@.@.....@.....@.........@@@....@..............
.....@.@.........@.@..@......@.....@..@....@..@..@...@@..@.@
....@@....@..@.@.@....@...@..@............@.......@.@.....@.
....@...@@.....@.................@.................@........
@.@..@......@.......@.....@@..@@.@@..@.....@@@.......@..@@.@
.@.@@...........@.@........@.........@...@..........@.......
@.@...@@@.@.....@............@...@.......@@...@..@@.@..@...@
..@...@.@....@@..@.@.@.......@.@....@@.@.@.@.....@@...@.....
.@........@...@@..@.@...@.@....@@....@............@..@......
...@...@..@.....@@.@@@..........@.......................@...
....@@...........@....@...@@......@.@....@........@@......@.
@@......@...........@.@.....@....@.@..@.@@........@.@...@...
.....@.@...@@.@........@@......................@.@......@..@
.............@..@@...@...............@@@@@..................
.@..@..@.@.@.@......@..........@.....@@..@@@..@@@..@...@....
.....@..@..@...@..........@........@@.........@@.@..@..@@...
........@......@@...............@.@..@.......@.............@
...................@@.@..@..@...@...@....@.......@......@...
.@.....................@....@......@..........@...........@.
........@.@@@@..@@..@@....@@...........@....@.......@.......
..@...@.......@.@@......@......@@@@@..@..@............@...@.
@@.@@.@.@....@....@@........@.....@.....@......@...@......@.
..@....@...@@@.....@@....@.....@........@@..................
..@.@......@............@.............@..............@.@....
....@.....@..@....................@.....@..............@@...
...@..@......@.....@@.@...@.@......@..............@@.@@@.@.@
.......@@.@.@..@..@...@@....@...@..@...@....@.@@............
.@......@@........@......@..........@.......@......@......@@
.......@.@@......@@........@.......@@............@..........
.@.....@..@@......@...........@.@..@@..@.....@@..@@...@...@@
.@................@.................@@..@.@..........@@.....
.@..............@@....@.@.....@.............@.@.@.@@..@.@..@
.........@.@......@........@@......@..@.......@...@...@@....
...@.....@......@........@...@.@.@..@@@..@......@...@..@@...
..........@................@.......@....@..........@..@.....
Agents:
30
0,35,38,38,2
1,43,41,27,18
2,0,32,37,51
3,23,10,22,49
4,45,52,46,56
5,45,7,56,4
6,8,43,34,2
7,36,47,59,1
8,0,26,17,2
9,9,54,51,49
10,49,20,18,17
11,48,5,23,31
12,22,5,22,42
13,25,46,48,13
14,55,50,9,10
15,38,7,57,14
16,5,21,15,15
17,45,51,35,53
18,11,4,56,26
19,54,3,18,44
20,46,12,7,52
21,27,6,25,29
22,22,43,1,46
23,40,6,31,15
24,30,6,0,21
25,42,3,29,18
26,21,39,35,37
27,29,24,39,33
28,28,58,56,13
29,12,17,20,54
