1
Grid:
70,70
......@..@@...........@...@..@.@@.@@......@...........@.@@...@.@@...@.
..@@@..@.....@.@.........@...@.@@.@..@.@...@.@.@.@@........@...@.@@.@.
@.@...@@@@.@...@@....@.......@........@....@......@....@..@@..@..@...@
@...@.@..@...@@.....@.....@@.@@........@@@.@@@..@@.....@..@@..@.@...@@
@@@.....@.........@...@...@@.......@...@@.........@@.@....@.@..@.@...@
...@....@.@@..@..@...@....@.@..@..@@.@....@@...@..@.@@..@..@...@@@@@.@
@.....@..@....@@.@.......@....@.......@.@.@........@..@........@...@..
....@........@@....@....@.........@...@..@.@...@@@@@...@.@..@@...@@..@
..@..@.@...@@...@.@..@..@.@..........@...........@..........@..@@@..@.
......@@@.@.@...@.@@..@..@@@.@@@........@..@...@@@@@..................
..@.@@.@......@....@@@.......@@.@@...@..@.@..@..@.@..@.....@.@@@@@....
@....@..........@....@@....@.@@@@.@...@@@.@.....@@....@..@@.....@.@...
@...@@.@..@@..@..@....@..@.@...@.@.....@..@..@@.@@..@.@.@@...@@.....@@
.@.......@....@...@...@.@...@...@......@@@..@..@.@@@.......@@..@.@....
@.....@..........@...@...@..@...@@.@@@....@.......@..@.@@...........@.
.@.............@.@@.@.......@.@........@...@@@.@@@.....@....@.@@......
@..@.....@.................@.@..@.@@@.@.....@@.....@......@..@@@....@.
.....@...@@...........@..@....@..............@.......@@.@..@@@@....@..
..@@...@...@@..@...@..@@@@@..@..@@.@.......@...@..........@.@@...@.@@@
...@.@@.......@....@@@@..@....@......@..@...@.@@..@.@@@...@...@..@....
.@.@@@@..@@..@...@@@.@.....@...@..@...........@@@@...@....@@......@..@
.@@...@....@..@.....@@@.@...@..@.......@@...@.@.@...@.......@.@...@@..
.@........@...@@@...@..............@.........@.@...@....@.@@..........
@.@......@.@@.@@.@......@@..@.@.....@@@..@.@..@...@@...@.@.....@.@.@@.
...@....@..@.@.@................@.....@..@...@..@.....@.@...@...@@...@
.@.....@........@....@.@...@..@...@.....@...@..@.@.@.@....@......@....
@@...@...@@..@@.@.@..............@.@......@@.@@..@..@@...@..@...@...@.
@..@@@@.@.....@.@@....@..@.@..@...@........@.@@........@.........@@..@
...........@.@..@..@....@@..@...@@@...@@@.............@@..@..@..@..@..
...@..@@..@@....@@.....@@@@.@.@...@@...@@..@....@@...@.@...@.@.....@..
.@@@....@...@...@@.....@.@.....@@@........@..@@..@........@..@@.@.@@.@
@@...@@@..@..@........@..@....@..@@@@@..@@....@@....@.@..@....@@.@...@
.......@.....@..@@.....@...@@...@...@.@@@..@.....@.@@.@....@@....@.@.@
.@..@.@........@..@...@..@..@@..@....@..@..@....@..@@@@...@@@.........
.@.@@.@@...@........@.....@.@@.@.@..@@@..@..@..@.@@.@@.....@..........
...@..@.@.@....@.@..@........@......@@@@@@..@.@@...@@@@.....@.........
@@.@...@@.......@@..@.@.@......@...@..@.@...@.@@....@.@..@.@..@.@@....
...@........@.@......@...@......@.....@.@@..@...@.@........@......@.@.
.....@..@...@@.@@...@.@..@....@...@..@..@..@....@.@.....@.....@.@.....
.......@..........@.....@@@....@.@.@..@@...@@.....@..@...@.@..@@.....@
....@....@..@..@@...@.@....@@...@@..@......@..@..@@@.@..@...@.@..@...@
@..@@....@.@@.......@..@.....@.....@...@.@..@@.@.......@@.....@.......
@@@@..@..@@@@@.@@.....@@..@@.....@..@..@@.@........@@.@.@.....@.@@.@..
....@.@.@....@........@.@..@@....@...@..@..@.....@.....@....@..@..@@.@
...@..@@.....@..@...@........@@....@...@.............@...@@@.@...@....
@...@..@@..@.....@....@...........@..@.@....@...@....@@.....@@.@..@@..
.@..@...@..@....@..@.@...............@.........@@..@.@.@@.@....@...@..
.......@@.@@..@.@.@...@.......@@@@...........@..@@.@.@@.@.....@.@@....
@.@@@...@@...@......@..@.@.@@...@@@@.@@@..@..@@..@....@......@...@....
@@@...@.@@@.......@...@..@...@@@.........@@.@....@....@.@....@@@@@..@.
........@.....@@@@.......@..@..@...@..@@...@@@.@...@.@.....@..@......@
..@........@@....@......@.@.@.@....@..@@............@....@@@.@.@..@...
.@.......@...@@@.......@......@@....@....@...@...@.....@...@.@.@...@@.
@.......@......@....@..@@.....@......@.......@.@.@.@....@.@.@.@.@.....
.@@..@....@..@.@@@@....@@@@..@.@@....@.@......@@..@@@.@.@@..@@...@....
.@.@......@....@@....@.@@.@.@...@@.@...@..@.....@.@@..@..@@.@.@.....@@
...@.@@@....@.@@......@.@.@.@.....@@@.@@..@.@.@@..@@.@..@@@......@@@..
.@......@...@......@@@..@..@.....@...@.@.@@@...@.@.@.@@@......@.......
@.@..@........@@@@@@@@@@.........@.............@........@......@....@@
.@@.......@..@...@.....@@@@......@...@@@@.@....@.@.....@.@@.....@.....
@.@......@.@@.@@@.@..@.@...@.@.@....@.@....@@......@..@....@@@.....@..
.@.@.....@...@.....@...........@.@@...@@@@....@@....@.......@@@..@....
..@........@.....@@...@..@.@....@.....@.@...@....@.@.@@..@..@.......@.
......@@...@...@.@@@......@...@@..@..@.....@........@.@.@....@...@@...
@.@..@...@....@...@@..@...@...@@.@....@.@...@..@..@@...@.....@@......@
.@@...@.......@...@@.....@@.@.....@.................@.@...@@..@...@...
...@...@..@...........@...@..@@.@...@.@@..@.......@..@@..@...@.....@..
@..@.@@.@...@@...@.@.@@......@..@@.@...@.@@.....@..@..@..@@...@.......
..........@@.@.@.....@@@@.@@.@@@.......@.@.@....@.....@..@@...@..@.@@@
.@@@..@........@....@.......@.......@.@@..@..........@@..@@@...@@@@...
Agents:
35
0,63,51,6,52
1,22,48,2,44
2,7,7,23,33
3,56,69,8,48
4,13,43,20,68
5,47,3,43,30
6,52,52,52,6
7,22,0,15,38
8,20,12,3,16
9,15,50,66,45
10,61,12,8,56
11,8,3,69,56
12,18,20,3,15
13,27,54,24,18
14,59,53,36,56
15,51,13,55,9
16,68,37,38,29
17,56,17,62,8
18,38,67,51,46
19,16,46,53,40
20,62,5,56,69
21,8,19,20,44
22,24,26,21,36
23,18,9,58,41
24,13,67,32,26
25,63,38,31,4
26,16,17,22,63
27,62,7,28,35
28,13,13,42,47
29,18,14,64,11
30,64,43,67,18
31,44,10,8,35
32,69,26,44,14
33,66,62,62,47
34,37,13,68,28
