2
Grid:
70,70
..@@.....@@..@@@@@...@@@@@@.@..@.@..@.......@.....@.@...@@.@.....@@...
...@.@..........@....@@.............@@...@......@.@............@...@.@
..@@....@..@@..@.@..@.......@....@@.@........@@.....@..@....@........@
....@..@....@@......@....@.@.........@@.@@.@..@.@....@..@@.@.......@@@
@.....@...@....@@...@.......@......@.....@..@........@..@........@...@
.....@....@..@.@.......@.@.@@.....@.@@.@..@....@@.@.@....@@@..........
....@...@@..@..@....@.@.@.@@.@@..@..@.@.@@.@....@@.@...@.@.@.@@.@@...@
..@@...@...@...@...@@...@.@....@.@..@@..@.....@@..@.....@...@...@..@..
..@@@.@@....@...@...@...@...@......@@.@....@..@.............@@..@@.@.@
..@..@........@..@.@.@..@@..@@@.....@..@.@@.@...@..@..@............@@.
.@..@.@@@.@....@@..@@..@........@@....@....@..@@@.@..@.@.....@.@...@@@
...@..@.@..@...@........@@..@.@....@...@@.........@@@@......@.........
@.@...@@.@@..@.....@@.@@.@@@..@.@@......@....@@...@...@....@.......@.@
.@...@.......@..@....@...............@@.........@.@..@.@.@....@@.@..@@
@...............@......@.....@@@.@..@...@.@.@....@.@....@..@.@.....@..
..@@..@....@.@.@..@@....@@...@....@@@.@.@@...........@@......@.@......
.@@@...........@.@..@@.@.@@.............@....@...@.......@@@.@.@....@.
.@@...@@......@@.....@@...@@..@@...@.@.@@@....@@@................@.@..
.........@@........@....@.@@...@@.@@@.@@.@..@...@.......@@......@..@.@
..@.@@..@.@..@.@@@.@..@......@..@...........@.@........@.....@@...@...
@.....@.@@.@.......@..@...@.@.@.@@.....@....@....@@@@.@.......@..@@...
@..@@....@@..@.....@@@.....@@@.....@.......@...@.....@@.....@..@...@..
@...@......@......@.....@.@@.@...@..@.@..........@............@.@@.@.@
..@@@...@..@..@..@.@....@@.....................@..@.....@@..@...@....@
.@@@.@@...@...@...@.@@..@..@@@....@@..@@@@@.............@@@..@..@.@..@
@.@@.......@@..@....@.............@.....@.@..@@@.@....@@...@@@@.....@@
...@@@..@@.@.@..@....@@....@.@........@......@..@........@@.........@@
@.....@@...@.......@.@..@@@@....@@@.@@@....@@....@.....@.@....@......@
@.......@.....@............@.@..@.@.@@@@..@@.....@.@@@@...@.@..@..@..@
...@.................@.@....@.@.....@@.....@.@@..@.@...@@.@@..@@@@.@..
...@@@..@@.@.....@..@@@..@.....@@.....@....@@@@.@.@.@@.@..@.@@....@.@.
....@..........@@..@@@@@.@@..@@....@@.@@....@.@..@@..@...@.....@@.....
.@.........@......@.@.....@..@..........@.....@...........@.@.@.......
@@@@..@@..@@@.@..@@@.@@@......@@....@..@.@.@@......@@.@@.@@.@.@..@....
@.@....@....@@.@.@.@...@..@.@..@..........@..@......@........@.@@....@
...@.@@..@......@@@..@.@.@....@.@......@..@..@..@...@.......@@.@@..@@.
..@..@.@@.@...@........@..............@.@.....@...@@...@...@....@@.@@@
........@.@......@........@@@@@......@@....@@@.@.@@....@.........@....
........@....@.@.........@..@..@....@.@@..@@@.@.....@.@@..........@..@
....@@...........@..@.@@..@...@..@...@@.@@..@..@.@@@............@..@@.
...@..@.....@@.......@.@@..@......@.@.........@.........@@.@..@....@.@
..@....@.........@.....@....@...@....@.@.......@....@.........@..@@..@
...........@...@........@.@.@.......@@..@.@..........@...@........@..@
.@@....@@.@.@@@......@..@....@.....@......@...@..@@....@......@.@@@...
@.@...@.@@@.@@.@.@....@.....@.@@.@....@@@@@.@......@.........@@.@.@@.@
...@.@.@@..@@....@...@.@@...........@..@@@@.@@.......@....@@@..@..@.@.
...@.@.@.@@..@@@@...@@@@.@...@@........@.@.................@@@...@@@..
....@...@.@@@..@.@..@..@..@......@.@....@@.@.......@...@@.@.@.....@...
....@.@.@...@.@.@.@...@.@.........@..@....@....@.@..@..@@.@.....@....@
.......@...........@....@...@.@@.@....@..@@...@.@@.@.@.......@..@...@.
.@...@.@.@....@@...@@..@@@@@@@.@....@.@.......@.....@@....@...........
............@..@.@...@@@.......@....@@..@@.@@..@@@@.@@..@..@.@...@....
....@@@....@.....@...@......@.@..@.@..........@.....@..@.@.@..@..@@@@.
......@@@.@...@.@....@@.@@@.......@.@@@...........@....@.@@.@.....@..@
@...@..@.@@@@.@..@....@.@@...@.@..@.@.@......@@.....@....@.@@.@@@@..@.
..@...@@...@@@.@....@@...........@@.@.@@....@@....@@@..@....@.@..@....
..@@....@.@....@...@.@@.....@.....@....@@@..@..@...@..@...@..@........
..@@@..@@.@....@@.@@..........@..@@..@.....@........@....@............
.@...@@...@...@@@.@...@....@.......@..@...@.@.@@............@..@......
..@@......@.@........@...............@..@..........@@..@....@...@.@.@.
.....@.....@..@....@.....@.@..@@@@@........@@....@@.@@.@.@..........@.
@@.@...@@@.@@@.@.@.@.@@@..@.@....@........@@.....@..@@@@..@@@.@....@..
..@.@@...@...@.@....@@@.@@.@@.@@........@.@.@@......@..@@....@..@..@..
....@.......@....@......@@.....@...@@..@..@@@.@.@.@.......@......@.@@@
.......@.@..@@@@....@@.@.........@...@.@@.@.@@.........@@.@.@@.@@.@..@
..@...@..@@..@.@@.@...@.....@@@..@@@.@@@.@....@@@...@..@..@.@..@...@@.
..@......@.......@@......@@@.@..@@@.@.@..@......@@.........@.....@..@@
..@...@....@.....@.@....@.....@.....@.@@@.@.......@@.......@@@.....@@@
@@@...@@...@@...@.@......@...@@....@@......@...@....@.@..@@..@.@@.....
..@.@..@.@..@....@.@.......@..@@.....@.....@..@.....@.@..@.....@...@..
Agents:
70
0,48,54,63,60
1,24,44,48,23
2,68,31,18,65
3,20,21,54,48
4,57,41,1,60
5,66,56,57,59
6,64,62,0,30
7,63,8,60,21
8,63,60,4,31
9,52,40,54,5
10,12,49,24,49
11,34,57,13,64
12,69,53,32,53
13,8,42,11,12
14,28,62,26,63
15,48,35,34,43
16,5,7,31,34
17,22,57,35,50
18,21,58,52,10
19,1,54,51,64
20,31,11,11,34
21,65,21,9,0
22,57,26,56,1
23,2,57,10,22
24,6,10,37,6
25,53,20,3,23
26,50,0,24,0
27,61,46,65,5
28,43,51,21,25
29,62,63,23,6
30,42,55,1,18
31,59,9,55,49
32,22,14,41,16
33,28,67,69,5
34,5,68,11,68
35,44,11,44,11
36,4,32,2,24
37,44,21,20,42
38,12,48,15,48
39,63,54,57,29
40,37,14,24,63
41,26,67,3,42
42,42,6,24,67
43,58,56,12,47
44,18,46,26,60
45,45,64,48,60
46,18,30,4,3
47,51,27,48,11
48,35,15,59,47
49,53,43,55,67
50,21,37,8,32
51,29,32,4,5
52,48,11,1,1
53,22,17,15,16
54,26,23,43,37
55,36,60,68,67
56,39,34,49,63
57,32,27,13,4
58,22,60,48,68
59,39,21,60,67
60,64,53,1,23
61,56,50,29,14
62,20,56,14,37
63,21,45,37,0
64,30,35,18,18
65,8,33,2,50
66,38,33,23,28
67,58,30,34,27
68,35,56,50,60
69,0,39,39,32
