2
Grid:
70,70
..@..@@.@...@........@..................@.....................@@......
..............................@........@..@@..@.@.@...................
........@@....@.............@..........................@...@.@...@@...
.@.........@...@..................@....@.@.........@..@...............
.........@.......@.@.........................@.....@........@....@..@.
...............@.@...@..................@............@.@@.....@.......
.@.....................@...@......@...............@.@.................
........@.@...@..........@.............@.....@..................@.@...
....................@.@.............@..@...........@..@....@..........
.@........@..........@...@.@...........@...@..............@...........
.@........@..............@..@.@.........@......@......@...........@..@
......................@.............@.........@...................@.@.
@@.................@.....................@...@.....@.@.......@..@....@
.....@...................@..........................@.................
........@............................@.@..............................
.........@....@.........@.@..@@.@.....................@.........@.....
................................@...@.......@.........@...............
.....................@.............@@.@.................@.........@...
.@........................@.....@........@..@..............@........@.
............@...........@.@....................@......................
...................@.......@.........@................@@.........@.@@.
.........@.............@.......@.....@.........@........@...........@.
...........@.....@.....@.@...@@......@.................@..............
......@........@.......@..........@.......................@......@....
..........@...........................@.@........@..........@......@..
@...@.@.....................@........@...........@@...................
...........@...............@.@..@.......@..@.........@................
.....@............@..........................@........................
....@.@..@................@............@.@..@............@@........@@.
.@........@...............@..@..@..@..................................
.@..............@......@.@....@............@..........@@...@...@......
@..............@.....................@............@.@............@....
..@...........@...@.@.........................@@....@...@.@.@.........
................................................@@..............@.....
.....@.@......@.@..............@...@..........................@.......
...@......@.......@......@@................@@.........................
.......@..................@........@......@.@.......@....@@..@........
...........@...................@........@.......@.....................
@.........@@...@.........................@.............@.......@......
................................@...@......@.@.....@.....@.....@......
.......@.@...............@@...........@...................@.@.........
.@.....@.............@.............@...@..........@@.@@...............
.@................@..@......................@..@......................
...........@......@...................@@...@............@..@....@.....
.@..@.@....................@.....@..........................@.........
........@.....@........................................@........@.....
...@......@.....@...@..@............@............@.................@..
...@....@...............@@.....................@..........@..@........
.@............@.........@..............................@....@.........
..........................@....@.......@.........@..@..@..............
.@......@.........................@.........@............@@...@....@..
.@..........................@..............@.......................@..
.................@..@.......@................@......@....@............
............@......@.....@..........................@......@..@....@..
@.@...............@...@.......@@.............@................@.@.....
....@....@.@....@..............@....................@@................
......@...............@.......@.........@...@@.....................@..
....@.@...................@............@............@.............@...
........................................@.....@.........@......@.@....
@...@...................@...@......@..@...@.@@..@.................@.@.
.................................@..........@@....................@.@.
...@.@....@.....@............@.......@........................@.......
.@.@........@..@........@...@@.@@.@.....@.......................@@@.@.
.@.......@....................@...........@.@.@...@@..@...@...........
.......@................@..@........................................@.
...@..........@....................@.........@................@.@.....
....................@....@.@@...........@@............................
...@..@.........@.......@.............@....@@.........@...............
...........@............@...@..........@.......@.........@.......@..@.
..........@...............@......@.@....................@...@.@.......
Agents:
70
0,0,69,7,49
1,16,12,46,4
2,31,29,21,35
3,11,0,38,13
4,63,47,27,56
5,25,15,59,15
6,3,52,54,36
7,63,13,43,3
8,38,37,64,4
9,14,1,33,20
10,27,39,14,36
11,63,23,31,12
12,38,46,20,63
13,16,39,1,21
14,8,32,18,67
15,37,37,44,16
16,8,69,30,12
17,40,30,3,12
18,14,62,32,22
19,60,10,61,43
20,14,12,50,6
21,2,50,14,56
22,0,30,66,17
23,42,67,49,25
24,6,6,16,60
25,20,69,53,4
26,41,47,40,50
27,19,7,8,56
28,61,34,11,64
29,53,23,20,29
30,47,36,26,12
31,44,64,32,43
32,42,8,32,65
33,4,57,57,22
34,66,22,67,56
35,10,16,56,32
36,24,50,53,60
37,20,57,29,38
38,46,56,16,30
39,67,10,5,3
40,25,31,25,13
41,17,9,55,46
42,28,63,31,67
43,11,25,3,38
44,58,49,63,21
45,8,37,44,32
46,35,36,13,44
47,6,5,60,61
48,57,34,57,69
49,63,18,21,34
50,9,68,0,22
51,58,24,24,27
52,22,38,23,12
53,56,3,12,30
54,57,67,41,0
55,26,28,25,64
56,37,16,31,33
57,19,35,69,17
58,35,49,48,56
59,66,48,48,64
60,69,17,1,31
61,13,43,43,65
62,45,3,35,8
63,51,41,64,61
64,69,32,58,38
65,17,7,38,27
66,21,19,35,65
67,20,4,24,6
68,40,43,8,37
69,39,54,59,3
