1
Grid:
60,60
............................................................
............................................................
............................................................
............................................................
............................................................
............................................................
............................................................
............................................................
............................................................
............................................................
............................................................
............................................................
............................................................
............................................................
............................................................
............................................................
............................................................
............................................................
............................................................
............................................................
............................................................
............................................................
............................................................
............................................................
............................................................
............................................................
............................................................
............................................................
............................................................
............................................................
............................................................
............................................................
............................................................
............................................................
............................................................
............................................................
............................................................
............................................................
............................................................
............................................................
............................................................
............................................................
............................................................
............................................................
............................................................
............................................................
............................................................
............................................................
............................................................
............................................................
............................................................
............................................................
............................................................
............................................................
............................................................
............................................................
............................................................
............................................................
............................................................
............................................................
Agents:
30
0,32,45,2,46
1,31,14,26,48
2,39,28,57,46
3,57,6,7,21
4,17,33,40,38
5,12,56,25,14
6,53,17,2,21
7,12,30,56,45
8,5,36,32,6
9,4,36,20,58
10,13,23,57,17
11,8,17,53,27
12,15,42,55,46
13,53,25,30,1
14,37,8,9,44
15,46,10,37,55
16,49,42,40,59
17,13,43,18,7
18,21,47,26,47
19,0,19,44,10
20,45,9,56,42
21,16,1,3,21
22,37,23,41,50
23,2,19,45,30
24,16,3,58,6
25,48,0,30,18
26,24,14,57,24
27,2,9,21,14
28,37,14,54,54
29,59,56,12,15
