1
Grid:
70,70
...........@..............@..@@..@.............@@..................@..
....@..@......@.@............@.@...@.....@..@.........@......@..@.@...
..@.....@......@@..............@...............@..@@@..@.....@@@@....@
@............@@..@......@................@@...@..@.@....@..@@.....@...
.......@.......@.......@@..@.....@.@....@..@@@@........@.@@@..@..@@..@
.@..@..@@..........@.........@.......@@.....@@..@@........@...........
....@.....@@..@.@...@.....@@...@.......@..@...................@......@
.............@..@.@.....@@@......@@..@.........@...@.@@........@.....@
...@@......@..@..@...@.....@............@...@...@.........@..........@
..@..@@.....@@@.@....@.......@.@.@...@@.@...@.@@..@.@..@..@..@...@.@@@
......@@@.....@....@@..............@.@@......................@@.@.@@.@
@..@...@..@...@..@....@.................@....@@...@........@...@......
@@..@........@..@....@..@...............@..........@........@.......@@
.@..@.......@@@........@...@.......@@@.......@.....@..........@@@.....
.@...@.@@...@............@..@.......@....@...@..@@..@.....@.......@...
@@..@@.@...@.@.@..@..@.@..@@....@@@....@...@.....@.@.@@@..@..@...@....
...@...@@......@.@...@....@.@...@..@.@.@@...@....@@.....@..@..@..@..@@
..@@...@@@....@...............@.......@...@........@........@.......@@
@.@.........@.............@.@...........@..@@.......@....@............
..@@@.@..@...@.....@.......@.....@@........@..@.@...@..@.@@..@........
.......@...@...@........@....@.@..@.....@......@...@.............@.@..
....@...@....@.....@.@@.....@.@@..@...@....@....@...........@......@..
.......@.@.........@....@.@....@...@...@.....@.@....@..........@.@@@@.
........@..@..@.......@...@.....@@.....@..................@.........@.
@.@................@..@......@.@..@....@@........@@@...@......@.....@.
....@........@@...........@.....@..@@.....@................@..@...@.@.
...@.@.....@@..@....@........@........@@..........................@@@.
...@.@....@.............@.@@...@...@......@.@.........@..@....@.......
..............@.@...........@......@.....@@...@...@@..................
..@..@........@.@......@.@@......@.......@@..............@....@.......
....@........@................@.....................@...@@....@@...@.@
@@........@.@.@..........@.......@.............@@....@@.@.............
......@@.........@.....@......@.@.@@.........@.@......@..@...........@
.@.......@...@......@.@.....@...@....@@............@....@.............
.@.@..@..@.......@.......@.....@.@..@..@@....@.......@.@@..@...@@.....
..................@....@.............@.@..............@@...@...@.@....
.@.@..@@...@.@...@.@@....@.........@@@...........@....@.@......@@.@...
....@.@..@.@@.@@@..@.......@.......@.@............@@......@.@...@.....
..@.....@.@@...@....@.@..@@......@...@@.....@..@..@@...@..@..........@
........@.....@..........@.@@@..............@.@...@...........@....@@@
...........@.................@......@.@................@...@.@..@.....
@..@@....@............@....@.......@.....@......@@..@......@....@....@
....@.@....@.....@..........@.......@@....................@...........
@.....@......@.@.....@..@..@........@.......@........@...@.@.@..@....@
..........@........@@...@......@.....@@...@.......@..............@..@@
.@@....@.................@............@...........@...@......@..@.@...
...@.@...@........@...@@@.....@.......@@..@@...@...............@.@.@..
@...@.......@..@...@..@@.....@@.@...............@.@@.@.@.......@......
.......@@..@..@.....@@....@@@..@@.....@.@..@.@@...@.@.@...@.....@.....
..@@.@....@....@..@...........@.@@..@@..............@..@..@...........
.................@.@...........@.............@........@....@@....@.@..
...@...............@.......@...@.@.......@.........@.....@@.....@.....
..@................@.@.....@.@.......@@@.@.@....@....@.@.@.@@.....@@..
.@...@....@....@@..@...........@@...@@....@...........................
.......@.@...............@...@............@.@..@...@......@.@...@.@...
.@.@...@.@.......@.................@..@..@....@............@.@.......@
..@.....@..@..@....@........@.....@@....@@.@.............@.....@.@.@..
..@...........@......@....@.........@...@.......@..@..@..@.@...@..@@.@
...@@...@..@..@.@.@.......@....@.......@..@@.....@.@...@......@......@
.@........@......@.......@...@...@.........@.....@..............@.@@..
...@@..@.@@....@.....@...@@......@......@.......@...@..@..@....@....@.
@...@.....@........................@....@.@........@.............@..@.
........@...@..@..@........@.@...@@..@..@............@..@@..@...@.@...
......@@...@@.....@..@.....@..@..@......@.......@@.........@.........@
.....@..@.......@...@@.@........@.@.@.@..@.....................@....@.
................@......@............@.@....@....@.........@@........@.
.@....@......@...@..@....@.....@...@..@..@@...@..@.@...@............@.
....@......@..@.@..@@@.....@..@.@.@.........@...@.@.@.@..@@....@......
..@.@...@..@.....@....@.............@....@.....@..@.@.......@@.@......
@..........@...@.....@....@..@....@...@@....@........@.......@.@...@..
Agents:
60
0,31,41,47,66
1,67,42,14,17
2,65,5,0,60
3,3,20,63,62
4,58,53,60,17
5,69,13,42,47
6,30,0,18,47
7,60,6,18,8
8,26,44,65,34
9,17,1,19,20
10,52,63,63,23
11,54,33,56,24
12,69,66,33,48
13,68,0,31,46
14,25,43,6,45
15,7,7,15,20
16,47,18,10,9
17,17,49,46,55
18,33,67,33,42
19,46,36,38,66
20,30,53,35,3
21,43,14,58,5
22,67,15,13,19
23,68,57,61,52
24,24,65,52,3
25,59,2,1,68
26,21,61,68,66
27,22,23,3,18
28,22,56,41,60
29,59,47,50,21
30,25,16,51,17
31,32,1,0,17
32,59,54,40,26
33,69,52,49,45
34,45,24,30,36
35,45,19,17,50
36,52,51,9,25
37,60,47,19,14
38,27,41,22,42
39,31,20,4,1
40,61,11,0,3
41,9,45,59,30
42,10,21,20,12
43,46,4,5,34
44,40,43,65,41
45,39,19,35,60
46,50,36,12,48
47,62,3,63,52
48,36,2,68,40
49,40,40,42,25
50,27,25,55,15
51,59,12,59,53
52,19,39,24,10
53,38,13,53,49
54,39,39,33,26
55,42,0,29,51
56,42,48,6,7
57,11,55,49,23
58,11,41,50,10
59,66,61,50,28
