2
Grid:
70,70
.....@.......@@...@....@...@..@.......@@.......@@......@@.@...@@.@..@.
@..................@..@....@...........@......@@.@.....@..@..@@......@
..@.......@..........@@...@..@.@.....@....@...@......@.@.............@
......@...@..@..@.@.@....@...@..@...@....@..............@@..@..@.@.@.@
......@..........@...........@.....@....@...@..@.@..@....@.@...@..@...
......@.@.....@.......@.........@@...@.........@......@......@@....@..
@.......@@.........@...@@.@@.@@....@.......................@....@@...@
................@.....@@@....@.@@.@..........@@.......@.@.....@...@..@
..@....@.@.@......@.@@@@..@@.....@@....@......@..@....@@..@.@..@.@.@..
.............@.@........@...........@....@.....@....@...@........@....
.........@..@@@....@@.................@.......@....@@......@@....@....
@..@@..@..@.......@@@@....@@.@@..@..@.@........@.....@......@......@.@
........@...@@........@......@.@@.@.............@@....@...@@..........
..........@.....@...........@@..@@@..@@.@....@.@.@..........@.@@@.....
......@..@.........@..@@@.......@@@@.@...@.....@..............@.@.@...
...@...@@......@.@.............@..@@...@...@.@......@..........@......
@.@.@....@...@..@........@@..@.......@..@..@....@..@..@@............@@
..........@@@....@....@..@@.....@.....@..@...@@@..@...@.....@....@....
...@....@...@......@.................@....@...@.@.....................
@.@...@.@@...........@.....@.@....@...@.........@.............@.......
..@...@............@..@..........@....@..@..@.....@.......@.....@@..@.
.@@.......@@......@......@........@@.@..@@@..........@................
@@.@..@..........@@........@@.@@...@..@.......@..@..@...@......@...@..
...@.@.@....@....@@...@....@.....@@...........@@...@.......@..........
...@....................@.@.@.............@.@............@.@.@@..@..@.
.@.........@..@.@......@.@...............@............@.@.@.@....@....
.........@.@.@..@.@...@@...@..@......@.@@....@........................
.@@.@..........@@.@..........@.@..@...........@.@...............@@....
...@.....@......@..@@.@.............@@..@....@@@....@..@...@.@..@..@@@
.@........@......@@..........@..@.............@......@..@@.@......@...
.@@...@...@.........@........@...@....@.......@.........@.@....@......
.............@..@@......@...@.@@..@@....@......@....@.........@...@@..
@@.............@...........@.......@.....@@@.@@............@........@@
.........@.@.............@.@.......@......@.@..........@.@@@.....@....
..............@...................@@@...@@............@...@....@.@.@@@
.@...@.....@......@.............@.@@@....@@......@..@..@........@.....
....@...@....@..@.@...........@@@.@....@.....@...@....@.......@.@@@@..
......@@@.....@...@..@.@....@@...@..@...@....@.@..@.........@.........
....@@...@@@@@....@..@@...........@......@@.....@..@...@....@@......@.
....@.@...@.......@@..@@.@......@..@......................@.@.........
.@@@...@......@.......@...@...................@@...........@..@.@.....
.@..@.....@..@......@@.@@.......@....@.....@...........@.@...@@@@@.@@.
@...@.@.............@.....@...@.....@....@........@@@......@..@.@..@..
...@................@@.............@............@...@..@....@.........
....@..@....@...@@............@.@@@@.......@...@......@.@.............
..@.....@..@@....@.....@......@......@....@@....@...@................@
....@....@.@....@...@...@@.@...@@............@..................@.....
@......@.................@..@@.@......@....@...@@.........@@...@......
......@.....@.....@@@@@....@...@@...........@......@..@...@.......@..@
.....@.......@..@@..@..@.....@..@......@.........@......@........@.@..
............@..@.@..@..............@...........@....@.@.....@..@......
..@@.....@...........@......@..@.........@.@....@..@...........@.@....
.......@..@..........@@...@.......@..@....@@..........@@....@@.......@
....@........@....@.......@....@.....@..@..@...@......@......@...@....
............@..................@@@@@...@...@.@....@.....@@....@......@
.....@.........@.@..............@........@.@@@.........@..@..@......@.
@...@@....@.........@...........@.@...@..@...@................@.......
...........@@..@......@.@..............@.@..............@.....@@...@.@
.....@@@.....@@..........@@..................@@..@......@@............
@.@@..@..@..@......@...@..@...................@....@@........@....@..@
@...@......@.....@.@..............@...@...@......@.@@.........@..@..@@
.@...............@@.........@.......@..........@@@..@.@...............
.......@...@@@....@@.......@@.@..............@@...@.................@.
...@..@.@@@.@..@@......@@..........@.....@....@............@...@..@.@.
....@..............@..@@.........@.@.@....@..........@...@..@@@.......
.........@.@......@@@........@..@.......@@.......@@...@.@.....@.......
..@.@@..@.@.....@..@.....@.....@@..@...@............@.@...@......@..@.
..........@..@.@...@.......@@.@.....@.@@@@..@....@.@.......@..@..@....
...................@@.@...............................@..@...@........
....@........@...@.@@.@...........@........@...@.@@..@@.....@...@..@..
Agents:
50
0,60,36,18,58
1,7,27,64,3
2,21,68,14,59
3,5,68,52,25
4,18,35,62,67
5,24,35,2,27
6,63,20,4,33
7,65,48,27,53
8,7,35,5,69
9,10,49,33,63
10,26,7,34,5
11,14,20,46,29
12,13,35,48,63
13,45,39,10,45
14,67,2,62,34
15,44,44,57,42
16,39,31,43,8
17,49,14,2,39
18,44,38,35,37
19,49,15,43,7
20,21,52,50,62
21,63,26,43,26
22,54,52,57,60
23,42,19,33,8
24,43,10,46,35
25,10,0,9,22
26,13,0,33,34
27,23,48,30,25
28,46,17,38,44
29,0,21,52,14
30,50,33,51,14
31,68,62,22,12
32,61,41,66,56
33,69,11,54,61
34,55,31,39,62
35,26,57,45,68
36,60,12,40,56
37,28,33,34,26
38,33,38,9,7
39,30,4,44,24
40,14,1,55,30
41,1,8,65,1
42,20,40,47,41
43,64,1,25,51
44,10,68,59,64
45,15,51,43,14
46,44,66,12,23
47,58,30,12,51
48,50,7,54,41
49,26,58,41,45
