1
Grid:
70,70
.@.........@.@.@.............@...@......@........@..@@...@............
.............................@.......@...........................@....
.............@..@...............................@...................@@
...........@........@........@......@.....@.@@.@......................
..........@...........@.......@...@............................@...@..
.@.@...................................@.........@...@.....@......@.@.
@...........@.................@.@.@...................@.........@.....
..@.@..............@..........@.............@.........................
..............@.....@.........................@...@..............@....
.......@@....@......@..@.............@................................
.........................@.................................@..........
........@.............@..........@....@...........@..@....@...@@.....@
@..@...............@.@......................@....@.....@.....@......@.
....@@.@........@...........@..............@...........@.@...........@
..................@.....@...........@..@..........@.@.......@.........
........@.......@.....@.@.......@.......@......@@.......@...@.........
........@....@...@@.@....@...........................@.....@.......@@.
@............................................@...@....................
...........@................@.....@............@...........@..........
.............@..@.......@..@...@...............@......@...........@...
.........@............@........@....@......@....@.....................
..@........@.@...............................@.......@...............@
.@......................................@...@.....@.........@.........
........@.@.....@......@.@..@...............@...@....................@
.........@...@...@.@.......@.............@...@.................@......
....@.@...@.@.....@.......@.......@....................@.........@....
..@...........................@@......@...........@@.....@..@...@.....
.......@.....................@@.@........@.@..................@.@.@@..
............@................@@........@.....@.........@..........@...
............@..@.....@...........@.@...............@......@...........
.@.......@...@...@...@....................@..................@........
....@......@.......@@................@@.....@.....@................@.@
.................@.........@......@..@.....@.@@........@.......@......
........................@@.......@..@@.@...........@.....@............
.........@.........@.........@.......@.................@...@....@.....
.....@........@...@......@..@................@..................@.....
.....@......@.......@...........@....@......@..............@.@........
..@.@@.....@.........@...............@..............@.@....@...@.....@
...................@...@............@...@...............@.........@...
.........@..@.........@......@.................@......................
........@.....................@..@..................@..@.......@......
....@...................................@..@..........................
...@......@.............................@............@....@@...@......
@..@.............@.............................@......................
..........................................................@.....@.....
....................................@........@.................@.@....
....@.@...........@...............@............@@@.............@...@..
......@..................@......@..@.@................................
.....@.........@.........@.@....................@...@.................
......@..@.......@.....@@............@............@..@..@..........@.@
.@......@......@..@......@..........@.@.......@....@.......@..........
.....@....@...........@..........@...@....@...@.......@..........@...@
...................@....@...........@...@.....@.......@...@.......@...
....@.................@.............@@..........@.......@.......@...@.
.@.......@.......................@@@......@....................@......
........@............@.....................@.....@.....@.@..@.........
@.......@.@...@......@.........@..........@.@..@@.....................
..@.........@.............@...............@..............@............
................@....................@......................@......@..
........@@...................@......@......@............@........@....
..............@.@...@..@...........@...@......@...@.@..@............@.
..........................@@............@@@...........................
......@.@......................@...............@......................
...@@..............@.........@........................................
...................@...@.....@.............................@..........
.....@..@......@................@...............@@.......@...@........
........@.............@....................@@..............@..........
..@......@...........@.@...........@.......@..........@...............
..........@@.......@.........@....@...@..@.@...@.@......@.............
.....@@.........@............@.................@@.................@...
Agents:
60
0,61,66,62,54
1,67,36,0,58
2,62,53,62,59
3,46,14,14,2
4,64,34,62,63
5,40,31,63,18
6,40,15,66,53
7,45,28,63,65
8,2,6,23,17
9,4,45,28,19
10,57,44,46,62
11,17,29,8,15
12,61,0,67,38
13,58,9,56,23
14,22,43,22,45
15,32,5,59,35
16,19,9,18,69
17,44,30,69,51
18,40,48,48,34
19,53,40,22,7
20,42,31,44,46
21,38,5,2,6
22,28,26,1,22
23,65,16,67,27
24,59,14,25,22
25,61,22,16,34
26,49,18,21,3
27,35,16,53,59
28,23,63,68,3
29,45,7,4,15
30,66,66,57,53
31,69,35,29,55
32,66,36,63,21
33,36,3,28,10
34,63,34,4,44
35,2,25,6,5
36,5,12,38,43
37,0,34,7,25
38,4,42,67,30
39,18,36,31,22
40,53,17,26,40
41,13,66,47,9
42,29,26,42,23
43,25,59,0,50
44,64,35,9,40
45,34,41,46,39
46,5,63,41,14
47,30,29,37,39
48,32,18,67,34
49,19,56,66,13
50,21,27,5,19
51,20,23,54,57
52,12,23,66,42
53,15,58,56,36
54,58,3,2,24
55,58,30,1,7
56,12,52,37,1
57,6,28,29,16
58,47,12,64,47
59,48,4,61,36
