2
Grid:
60,60
.@...@.@@........@.@..@........@................@...@......@
@.@...@............@.....@@.@.@....@....@...............@...
...@........@@...@....@....@.@...@.....@..@.....@.....@....@
............@...................@....@.......@.......@@.@...
..............@..@......................@@..........@.......
..........@..........@.............@@..................@@...
....@............@..@..............@.@...@.........@........
.........@...@..............@......................@.....@..
...@....@..@..@......@.............@.@..@...................
@....@...@...........@.@.............@.........@.......@@.@@
.............@.@.......@@..........@..@..........@..........
........................@..@@..............@.............@..
....@...@...............@...@.........@.@......@@...........
...@........@..........@@@........@@.@.............@.@......
.......@...................@...@@.@.@...@...................
......@.@...@......@.........@@...@...@..@@....@.........@..
..........@..@..........@..........@......@.................
.@.@..@...@......@.........................@...............@
.@..@....@..@...@....@@@............@........@.........@..@.
..@...@...@..@.......@@@..........@.@....@.@................
..........@...........@@@.@............................@....
..@@@@.......@................@...@.....@...@@...@...@......
....@.................@..............@.@..@......@@.@.@....@
......@........@@@........@.@.........@.@..........@.@......
......@...@.....@.........@.......@.....@....@@.@......@....
.@...............@...............@..............@....@....@.
.........................@.....@.@.........@@..........@@..@
.....@@............@........@....@.@.@.......@.@.@..........
.....@..@..@.........@@.........@@......................@...
..@..............@....@.@..@.@...@...@......@@.......@...@@.
..@@...................@........@..@....@..@.........@....@.
....@@..@.@.@...@..............@.........@..@.......@.@..@..
....@.............@..@...............@@@.......@............
......@.@..@.....@.....@@....@...........@@@..@..@.........@
...@........................@.@.@...........@@..............
...@......@...@@..@......@..@............@...........@.@..@.
..@.....@............@....@..@@.@@.....@.....@.....@........
@@....@.@.....@..................@..........@...............
........@.@....@...@.@................@....................@
..........@..@.@..@@.....@.........@.....@.......@....@.....
........@..@..@...@..@...@...@...........................@..
......@...........@..........@............@.......@....@....
@@@@@.......@...............@..@@.......@...................
..@...@......@.............@@.@......@.@..........@........@
@...@...........@.........@.@...@.................@.........
...............@...@...........@..@...............@......@..
..@..@..@..@@............@..@@......@@......@.@.@...@@@@..@.
......@.@............@....@.......................@.@@......
...............@..@@.....@.@.@.@@.........@@....@...........
................................@.......@.@........@....@...
.....@..@.@.......@......@@@........@...@.......@....@....@@
...........@.@...........@..........@............@.@@.......
.....................@.@@..............@@.........@.@......@
@.......@.....@.@....@....@....@...@.........@..............
............@.....@....@@@........@...@.....................
.@..@.............@..@.....@@..@..@..@......@.........@@.@..
@.......................@@.@...@..@@..@.............@...@.@.
.......@@...@@..@....@...@@.....................@...@......@
....@.@....@@.....@@....@............@.....@.......@........
.......@......@.......@@.....@......@.......@...@...@.......
Agents:
35
0,19,30,18,35
1,36,4,53,1
2,50,41,10,57
3,14,22,56,28
4,20,54,41,5
5,36,5,38,4
6,21,15,24,20
7,13,42,34,31
8,57,34,42,56
9,0,39,42,41
10,49,46,48,0
11,15,13,44,37
12,17,52,44,59
13,39,1,20,38
14,32,17,44,43
15,57,43,25,46
16,42,16,35,42
17,31,46,51,20
18,12,36,24,8
19,33,1,3,13
20,4,10,56,18
21,51,28,27,10
22,7,7,9,44
23,20,13,4,50
24,13,43,37,34
25,25,19,26,46
26,43,46,17,34
27,40,59,12,23
28,52,29,39,2
29,45,49,41,38
30,20,36,6,44
31,57,33,30,7
32,23,48,37,45
33,16,58,6,15
34,37,31,49,24
