1
Grid:
70,70
.@.@@.@.............@....@..@..@@..........@......@.....@..@.@....@@..
..@.........@..@.@...........@...@@...................@..........@@...
.......@..........@......@....@.@@@.........@..@@@.@...@.@..@.........
@.......................@@......@.....@...........@@.........@.@.@.@..
.@..@....@....@@.........@..@......@.........@.........@..@...@....@..
@@.@@...@.@.....@@...@.....@....................@..@...@..@.........@.
@...@@..@@.....@...@@......@@@..@......@.......@..@.....@..@..........
......@..............@.....@......@.............@.@......@..@@@..@.@..
.@.....@..@...............@..@...........@...@.....@....@..@@@..@.@..@
..@@......@...@.@....@@@@........@....@@@..@.................@........
..@..@.........@.......@@........@.............@@....@.@....@@..@.....
@.....@.@.@......@..........@....@@..@...@.......@@.@...@...@...@.....
..@....@.@.......@...@........@............@.@....@.@.@............@..
..........@.@....................@@.....@.........@...@.@@.@..........
.@..@....@.@@@.....@..................@.....@..@......@....@....@@@...
......@..@...@@@@.......@...@@.@.@...@...@@.@..@@.......@.@...........
.@.....@..@@..@@..@...@..@................@.....@......@....@....@....
.....@..@....@............@@...@..@....@...........@@..............@..
.@........@...........@......@.....@..@...@@...@.@@@.....@.....@......
........@......@.@@.@@@................@........@..@.@.@@............@
@@........@.@.@..@@.......@...........@@.@...............@............
...@...@.......@......@.@.......@..............@...@@.@...@@.@@.......
.@...........@..@@...@....@.........@...@.............@.@........@....
.................@.@..@@@.........@@....@.............@.....@.@....@..
...@...@........@...@@@......@..@............@@.....@...@..@...@@...@@
..@.....@..@@......@.........@@@.....@....@..............@............
......@@....@...@...@.....@@.....@.....@...@.@..@..@........@.@@...@..
......@..@@..@.....@@@...@@....@...@@@.....@...@@@.......@.@.@..@..@@.
..........@....@@......@@..............@.......@.@..@.@.....@@......@.
..............................@....@......@@......@......@......@.....
.........@.............@@.@.............@@........@@@.@@.@@.......@@..
@.....@....@@..@.@...@.@@@...@........@.....@...@.@.....@@.....@....@@
..@..@.....................@..@..................@.@@@.@@..@.@........
...@...@....@......@.@................@..@@.@@....@..............@@..@
..@....@.............@@...............@..@..@..@.@@....@...@..........
........@.@...@@@...@...............@...@@..@.@.@.......@@.......@....
.@@......@..........@.@..@...@.......@@........@.....@...@....@.@.....
.....@...@..@.........................@..@...@.......@@.........@...@.
............@@.....@....@...............@........@.@.@@...............
@.@.....@...@...@....@..@.@..@.......@@.@..........@...@.@@.....@.....
...@....@.....@....@....@.............@..@...@.@....@@......@.@.......
@............@...@....@.@.......@@....@.@....@...............@@.....@.
.@..@...@.@..@....@...@..@@@.......@@........@.@@..............@@@..@@
.@..@...@..@.@@....@......@....@...........@......@..@......@...@....@
@..................@@.............@.............@@..@......@..@...@...
.@...@@.@.....@....@.@..@.......@....@..@.@.....@....@......@.....@...
@..@........@..@...@@@.@@.@.@.......@..@@@......@@..........@@.@....@.
@@......@....@@.......@@....@........@.@@..............@..@@@@....@...
.......@.........@.....@.....@...@.......@....@.@....@@....@..........
@..@..@..@......@.@.........@.@@@.@@.......@.@@@@@...@...........@....
@.@@......@@.......@...@....@.@...@..@...@...................@.@...@..
.....@@@@......@@..........@.@@.....@...@.......................@....@
..@@....@@..@.@...@....................@.................@@...........
..@.........@.......@...@....@@.@.@......@.@......@.....@@.....@.@....
..@@..@..................@.......@.@......@@...@..@..@@..@.........@.@
@...@@.@.@@..@@........@@......@....@...@.....@..........@.@.@........
.....@.......@........@.@......@.............@.@..........@......@....
.@.@.@.@.....@......@........@......@.........@@...@................@.
....@.@...@...@..........@...@@.....@@...@@@.........@...@........@...
...@......@@@....@....@.......@.......@..@..@.......@.@...@...........
..@.@..@...@.@....@...@.........@.....@.......@@......@...@@..@.@.....
...@@.........@..........@@.....@.......@@...@...@@.@..@..@.@@.@.....@
..@@@.@....@.....................@......@.@@..@@.@..........@...@.....
.@......@.@..@@.@.......@..@....@..@..@....@.@.........@.@....@.....@.
.@.@...@..........@.@.............@.@...........@@@..@................
.....@...@.@...@..........@...@.......@.......@..@....@...@@@.........
....@..@.....@..@.@.@..................@@...........@...@@@...........
..@.@..@...@..........@@.......@.......@......@.@........@@...........
..@..@@....................@........@..@....@......@@...@...@...@.....
......@.....@@........@......@..@.@.@..............@.@..@@........@...
Agents:
80
0,50,60,8,15
1,36,28,3,53
2,28,7,1,14
3,50,38,5,33
4,33,16,50,69
5,24,67,29,32
6,4,6,29,28
7,11,12,58,63
8,8,34,44,27
9,37,17,58,13
10,63,49,47,49
11,41,54,35,62
12,54,9,33,1
13,64,4,39,6
14,59,31,9,36
15,36,34,16,31
16,2,45,8,18
17,22,9,60,67
18,45,44,7,13
19,24,14,9,1
20,60,27,2,40
21,43,44,67,66
22,35,33,64,64
23,15,39,51,55
24,49,36,13,41
25,35,66,10,42
26,54,23,35,66
27,36,46,21,60
28,2,69,13,24
29,16,49,19,45
30,46,43,10,17
31,64,54,49,4
32,3,39,48,10
33,42,67,6,11
34,38,27,42,44
35,64,26,62,20
36,35,4,22,43
37,12,31,27,53
38,8,2,13,27
39,16,66,8,55
40,55,35,2,45
41,10,26,11,11
42,7,37,69,30
43,68,10,39,30
44,53,46,64,26
45,67,52,38,9
46,68,7,12,14
47,2,27,65,40
48,58,31,56,30
49,34,40,27,17
50,61,13,56,52
51,33,49,68,32
52,51,37,8,4
53,29,52,11,29
54,31,5,18,19
55,29,53,26,31
56,46,34,54,1
57,62,38,10,20
58,62,66,56,17
59,69,2,16,20
60,37,2,19,65
61,33,46,65,22
62,2,65,10,36
63,33,54,38,29
64,12,16,48,68
65,62,1,67,27
66,52,1,1,22
67,15,61,36,17
68,20,55,45,18
69,48,18,20,36
70,51,23,4,19
71,39,66,69,11
72,48,64,5,47
73,63,63,68,69
74,50,55,29,69
75,28,48,6,31
76,13,32,61,68
77,18,55,55,39
78,2,35,32,17
79,48,44,57,22
