1
Grid:
70,70
..........@..@......................@.................................
.........@@..................@.........................@..............
.................................................................@....
.............@......................@.......................@.........
...................................@@..........@......................
............@............................@...................@........
@....................................@..........@............@@.......
..................................@..................................@
......@...............@..............@..................@.............
@........@...................@...@....................................
....................................@@.........@......................
....................@.....@.........@......................@..........
..........@.............@..@.......@.........@...@....................
........................@...........................................@.
.@...................................@...@..............@.............
........@.............................................................
..@................@................@.................................
..........@..@...........@.....@.....@.......@..............@.........
........@...@.......@@................................................
.@....@...............................................................
..@...................................................................
......................................................................
.....@.................................@..........@...................
@..............@.@..................................................@.
................@.......@...........@..............@.@................
......................................................................
.......................@............................@..........@...@..
....@.........@.......@.........@.@....................@..............
................................................@.....................
................@........................................@............
...@.............@................@...................................
....................@...@.............................................
.....................@............@.....@..............@........@..@..
.........................@.......@...................@..............@.
..................@.........................................@@........
............................@.@@.......@................@.....@.......
..............@@................@.......@.............................
......@.............................................@.................
@...................................................@...........@.....
..........................................@@..........................
.....@....@.@.@..........................................@.@..........
....@........................@........@...@..@................@.......
......................@.....................@..........@..@...........
................................................@...............@...@.
....................................................................@.
............@...@.....................@...............................
..@........@.............@................@.................@.@......@
...........@....................................@@................@@..
@....@..@.................................@...............@..........@
.....................................@..............@.................
............@.........@.........@..........@..............@.......@...
...............@.....@..@.....@....@......@..@..........@.............
....@@.......................................@................@....@..
................@.................@...................@.@.............
............................@...............................@.........
.............@.....@..........................@.....@.................
..............@...........................@...........................
..........@...........@...............................................
.................@........@..@......................@.................
................@.................................@...................
...@........................@.............@..........................@
..............................@....@..@...@...........@...............
.............................@...................@...........@........
...........@...........@......@...@...................................
.........................@............................................
.....................................@...................@............
....................................@.................................
@.......................................................@...@.........
..@.@...@.@........................................@..................
.@.............@......@..@...........................@@...............
Agents:
65
0,21,53,63,54
1,19,15,21,42
2,5,5,13,44
3,23,3,59,25
4,35,50,35,26
5,49,15,63,37
6,43,21,65,25
7,15,63,64,65
8,50,39,55,63
9,37,8,53,36
10,36,52,38,37
11,6,69,41,35
12,14,60,24,35
13,45,21,43,22
14,2,55,33,7
15,9,61,51,28
16,52,18,52,18
17,9,63,36,42
18,47,32,55,17
19,43,34,68,30
20,52,2,35,38
21,5,30,68,21
22,56,0,4,29
23,29,27,13,28
24,26,33,7,26
25,51,11,54,19
26,5,69,50,31
27,33,39,44,20
28,46,19,61,25
29,0,14,65,18
30,30,1,54,7
31,0,50,9,52
32,40,58,48,66
33,33,24,60,25
34,11,21,20,30
35,16,18,27,21
36,65,2,27,52
37,25,33,7,6
38,46,46,51,68
39,13,14,41,10
40,31,18,60,55
41,64,38,20,59
42,3,68,55,14
43,55,53,10,68
44,55,40,19,31
45,16,27,56,56
46,31,29,61,64
47,4,51,38,51
48,2,25,9,69
49,59,68,9,50
50,36,4,51,20
51,15,5,30,27
52,17,33,39,58
53,43,69,40,34
54,62,0,28,1
55,6,55,30,18
56,53,12,12,16
57,6,31,18,14
58,2,50,54,55
59,39,41,10,18
60,4,59,53,57
61,56,35,23,26
62,68,44,15,28
63,31,21,20,60
64,57,15,65,0
