2
Grid:
70,70
................................@.@..................@......@.........
..............@@..............@@.......@..............................
...................@.@....@...............................@...........
.@......@............................................................@
......................................@..@..........@..............@..
...........................@..............@.......@...................
..............................@.........................@.@...........
.@@@.......@..@..........................@.........................@..
.........@.........@...............@...................@@.......@.....
.............................@.....@.....@............@@....@.........
...........................@..........@...............@...........@...
.........................@............................................
.....@...@...........................................@.......@........
................@...........................@.........................
..............@..............................................@@.......
........................................@@............................
....................................@....................@..@....@....
.........................@.......................@....................
............................................................@.........
...@..........................................@.......................
.........................................@............................
.......@......................................................@.......
.................@.@.........................@........................
......................................................................
@..................@..............@............................@......
...................@.....@.............................@.........@....
.......@...@@...........................................@@............
..@...@....@.....................@..............@.....................
......................................................@...............
........................@..........@..................................
.................@..........................................@.@.......
...........................@.........................@................
.....@..@...........@...............@............@.............@@.@...
...............................@.....................................@
.............................................................@........
......................@.....@.........@...@...........................
.........@...................................@....@...................
......................@...........................@............@......
..................@........@..........@@..................@..@........
.......@..............@...@................@..........................
...........................@......@...................................
............@.........................................................
....................@............@..@@.............@.@................
....................................................@.................
......................................@@..............................
.................................................@...@@.@.............
.............@.........@..@..............@......@.....................
...............@..............................................@.......
..@.........................@............@...@........................
.........................@......@.............@..................@....
....................................@........@....................@...
...............................@..@..@..............@............@....
...............@...................@....@..............@.@............
..@.........................................................@......@..
...........@.....@...@.................@..............................
.................@.......@............................................
....@.@.............@......................@..........................
...@.....................@........................@@......@..@...@....
.................@...@.....................@..........................
......@..@....................@.@........................@............
.....................@........@.......@..................@............
.............................................@..................@.....
..................@..@...........................@....................
.....................@....@.....@....@..............................@.
............................@.......................................@.
..............................@........@........@..@..................
..@.............@........@....@.......................................
.....@......@.@........@.............@@...............@...............
.............................................@.....@..................
....@............@................@..................@@..@..@.........
Agents:
65
0,7,4,30,33
1,68,1,15,53
2,31,39,12,16
3,4,0,18,30
4,55,69,47,13
5,4,48,9,17
6,6,63,17,1
7,50,41,28,34
8,55,24,50,9
9,33,13,3,14
10,12,67,48,47
11,15,31,4,31
12,41,56,26,4
13,27,44,54,52
14,31,44,42,19
15,20,65,22,29
16,2,57,41,14
17,56,39,59,3
18,39,54,23,51
19,11,34,36,13
20,34,44,68,68
21,63,8,16,37
22,68,8,3,61
23,69,11,6,8
24,1,4,6,32
25,41,59,45,30
26,28,58,27,1
27,8,10,28,18
28,59,36,57,57
29,30,44,61,21
30,12,30,24,38
31,39,11,67,61
32,49,9,56,23
33,46,19,15,9
34,7,10,4,14
35,1,0,21,50
36,12,68,29,54
37,49,37,23,61
38,3,7,36,43
39,33,32,32,54
40,56,15,20,24
41,42,27,2,3
42,3,30,0,46
43,36,13,38,47
44,50,3,32,52
45,24,37,45,23
46,22,4,39,20
47,5,52,68,17
48,29,59,0,65
49,32,50,44,68
50,3,60,66,52
51,2,40,58,27
52,47,30,31,0
53,6,52,50,27
54,3,68,65,65
55,57,66,2,30
56,57,11,54,0
57,8,18,47,9
58,42,32,13,26
59,41,32,35,8
60,30,68,47,55
61,45,45,52,45
62,46,45,11,39
63,32,21,45,64
64,47,43,26,42
