0
Grid:
60,60
.....@...@...@..@....@@..@.@................@@..@......@.@..
...@..@...@...@......@.........@..@@...@.@...............@.@
.@..@@.@..........@.@.....@...@...@.@@.....@.@..@......@....
...@......@....@@..@.@......@.@.@@.@...@......@...@.........
..........@.......@..@.@@...@.......@..@.......@.........@..
...........................@........@....@......@@..@..@@...
@...@.@@.......@..@....@...@.....@@.@.....@.@@...@..........
@@...@..@.................@..@...........@........@.......@.
........@.@@...@...@...@@.@......@.....@.................@@.
@..@.@..........@.@..@.....@....@...@@......@.....@......@.@
@.@...@...........@@...@......@.............@@@...@@........
.....@....@....@.@.@............@.............@.......@@....
.....@@........@.................@..@......@...............@
..@.@..@...............@..@......@..@@@.....@...@....@......
@....@...@.@@....@.@@.....@...@.@.@...@.@@..@.......@@.@.@..
.....@...@@.@.@..@@...@.@...@....@@@.@@......@...@........@.
@@@.........@@..............@..@........@.@@@@.@............
........................@......@......@@@@..@@.@....@.......
.............@.................@@........................@..
...@.@@....@........................@@..@@.....@@.@....@.@..
..@...@....@.....@@...@...@@.....@.......@........@@@.....@.
......@.@.@....@.....@.....@@.@.....@...........@....@..@...
@.@..@..@.....@.....@@@........@...................@....@@..
..@.@.@.@.....@@..@.@.@....@....@....@@..@@....@..@@.....@.@
...............@.@@...@...@..@..........@...@....@@......@..
@........@@@....@@....@...........@.@@..@.....@...@.....@...
@.....@........@..@....@........@...@.@..@@......@......@...
.........@......@@.........@............@..............@....
@..@..@@..@.....@....@.@@..@.@...@.@..........@.....@...@@..
.@.@..@.........@.@.........@...@@......@@.......@.@.....@.@
...@..@.@............@...........@........@@.@..@.@......@@.
@.@............@@@...@@...........@......@@....@............
@...............@@..@@@...@.........@...@@...@....@@.@......
...@@..........@..@@......@@@.....@@...@...@..@......@.....@
....@.....@..@..@.....@.@...@.....@..@@......@............@@
.....@...@@..@...@..@....@.....@........................@...
.@...@..........@..@..@.......@.@.....@.@.........@..@.....@
.@@.......@....@...@@..........@@@.@.........@@..@..........
..............@.................@..@..@.@.@@@@...@.@.@@@....
@............@.@.............@.@...@@...............@......@
..........@...........@.............@.@.@@..................
@@....@...............@.......@@.........@......@......@....
@.............................@...............@.@..........@
.......@...@....@@..............@@@.@.....@......@..@.......
...@.@....@.@@.@..............@...@..@....@.@.@.........@...
...@........@....@....@......@.........@......@...@@...@@@..
@..................@..@.@.@.......@@.......@....@......@....
...........@@.@@.@@..........@............@.@.@@@...@..@@@..
..@.....@...@.......@@@@@..@.........@..@.................@.
@...@.....@.....@....@@..@.....@..@.@...@...............@...
....@@..@@....@............@.@.......@........@..@.@........
@...@.........@..@.@@..@.........@.....@.......@......@.....
...@...............@..@..............@...@......@.@.........
......@...........@.......................@........@...@@@@.
@...@......@..@@...@......@@............@.@@@..@..@...@.....
...@..@.@....@...@......@...@@............@...........@.@@@@
..@.@.............@@.@.....@...@.....@...@@.........@..@....
@.@.....@............@.......@@@......@........@.....@...@.@
..@@..@...@...@.....@........@...@...@@.@....@...@.@.@...@..
@@...........@....@@....@..@..@.@.@..@.....@..@........@....
Agents:
50
0,4,1,50,18
1,22,1,8,13
2,14,13,50,21
3,35,1,55,50
4,44,19,30,25
5,27,10,58,12
6,13,31,5,13
7,21,43,7,47
8,49,12,14,6
9,19,16,24,52
10,55,22,33,2
11,28,49,32,43
12,13,32,22,9
13,50,21,47,59
14,8,52,40,25
15,28,4,57,54
16,19,1,53,13
17,35,12,8,49
18,9,41,58,44
19,4,34,41,38
20,30,22,51,13
21,55,1,34,33
22,24,4,8,25
23,14,48,17,19
24,33,24,16,29
25,19,30,30,12
26,53,52,23,16
27,22,29,4,59
28,14,45,42,10
29,40,42,30,56
30,36,7,56,44
31,45,20,11,43
32,33,50,19,44
33,37,23,10,39
34,50,26,1,40
35,37,40,8,31
36,31,54,18,49
37,41,4,35,15
38,48,5,32,8
39,1,12,52,12
40,11,1,51,57
41,7,9,40,26
42,8,6,40,55
43,23,48,12,39
44,29,9,22,34
45,11,25,19,51
46,39,58,11,7
47,56,57,16,33
48,34,29,42,5
49,42,34,1,1
