0
Grid:
70,70
...@...........@..........@...............@...........@...............
..@@.@@.............@....@.......@.......@.@..........................
................@....@......................@.........@.....@.....@...
.......@..@..@....@.....@....@.........@..@.....@......@..............
...@.......@...@...........@.......@....@@..@.@@.....@............@...
.....@..@......@@.@........@...........@@..@........................@.
......@........@...........@...@.@..@....@.............@....@.........
........@........@....@........@@...............@..........@.......@@.
..........@...............@@..........@.@@...........@@..@.........@..
.....................@............@.......@...@..........@............
....@....@@..@......@...@.@@....@......@.@@...........................
....@.....@....@@@....@@@.....@...............@...................@.@.
...@@.......@...@@...@........@..........@@...........@..@............
.....@...@.@..........................@.@.....@@..........@...........
....................@.......@...@.....@................@.....@........
.......@..@@.@@........@.............................@................
..@@.@...@@...........@....@........@...........@.@..@....@.@...@..@..
.@.@......@....................@.@.............@..@.@..@......@.....@.
.......@.....@.....@@............@.@.@................@...............
...............@.@....@@.@.@.............@@..............@..@....@..@.
............@..........@..............@......@.................@@..@@.
.@.......@..@..@.@@...............@.@..@..@....................@.....@
......@@....@.......@@.......@........@...@.....................@.....
...@....@...@.........@...........@........@@.............@......@....
..@..@....@...@.........@.............@.......@...@.@.........@@......
.......@.....@......@.....................@..@.@............@..@..@...
@........@.....@....@...@.........@.....................@......@@.....
.@.@@.@..@@........@........@....@@.@@@...@.....@....@@.@.....@.......
...................@.@.....................@.@@.............@.@...@...
......@....@.......@..@...@.........@.....@@.....................@....
...@@.@......@@..........@@.....@......@.....@.........@....@...@.@...
.@.........................@.@@..@...@....@@.....@@................@..
......@.............@.....@...@.....@.....@..@.................@@@.@@.
......................@..@.......@............................@.......
.@...@........@.@......@....@.@.........@......@..@....@..@....@......
....@....@......@.....@...........@@.........................@.@..@...
..@..@......@@...........@.@...@.@...............@.........@.@...@....
...@..@....@..@.....@..@.......@.@.@.......@.........@@@....@@..@@....
.......@..@.......@.@.@.@@@............@.........@....@@..@...@.......
........@..@.........................@@.......@.......@...@.....@.....
...@......@@.....@......@............@..@.......@..............@......
..........@.....@..@.......@..@@..@@........@@@.............@....@@...
.@.........@.....@.@@......@..@..............@.@.....@..@@.....@.@@...
.........@....@....@...............@..@...@..........@.@.....@........
.......@............................@....@@..@.....@..................
...................@..@.........................@@.@...@...........@..
..@...@...@.....@....@.@....@@.....@.....@..@@........................
@..............@....@.......@...@@@....@.......@....@.....@.@...@.@...
...........@.@......@...@......@.....@.@...............@.........@..@.
...@...........@@....@...........................@.........@....@@@...
@@....@.....@....@.@.......@@..................@.@...@..@....@@.......
........@......@@......@........@.@.@..........@......@...@...@.@.....
...@.@..@.....@...@...@...................@...@.@@..@@.............@..
..@..............@@.....@........@..@............@@.....@..@......@@@.
@.....@..@...@..@@........@......................@.@..............@...
..@...................@...@..@.............@..........@.......@.....@.
.....@..............@...@.....@.@.........@.......@@@....@...@...@.@..
...........@@...........@..@@.@...@.....@...............@....@.@..@.@.
.......@.@.......@..@..................@................@.........@...
..@..............@@...@@....@......@.@.@.......@...........@@.........
...@@.....@...@@.@.........@.....@.......@@..........@..@....@...@..@@
@.....@.......@...@.............@.....@.............@......@@..@......
..@..@.........@........@.....@..@@........@..@...@..........@.......@
......@...........@...........@.......@...@.............@@...@........
..@.@...........@...........@...@@.....@...@.....@...........@.@......
.........@........................@.@......@..@@..@@.@@............@..
....@@.....@........................@@....@..@...........@....@..@@...
........@.@....@...@@@@....@......@.....@....@.........@...........@.@
..@...........@....@.......@@......@....................@.....@.@.....
.........@.@@@.....@...@...........@....................@.....@.......
Agents:
40
0,46,52,5,57
1,16,68,6,37
2,61,15,25,16
3,24,61,10,38
4,7,66,25,29
5,67,54,62,55
6,48,49,6,28
7,7,37,21,13
8,3,46,53,15
9,8,68,44,44
10,2,7,13,68
11,51,20,2,13
12,66,15,40,4
13,49,0,57,10
14,62,55,14,63
15,58,41,35,21
16,67,38,22,62
17,30,28,4,61
18,33,0,11,49
19,9,67,40,65
20,64,36,11,38
21,14,69,25,10
22,24,12,39,69
23,43,18,43,58
24,66,54,19,10
25,33,42,38,9
26,22,3,37,30
27,54,24,24,3
28,69,21,26,51
29,10,25,5,25
30,65,7,16,18
31,51,39,38,1
32,6,45,49,30
33,13,7,63,39
34,62,44,29,13
35,67,53,31,17
36,26,29,30,30
37,1,49,32,44
38,68,40,23,4
39,44,13,26,21
