2
Grid:
60,60
...........................@@............@.....@....@..@....
.........@......@..........@@.....@@.@.@..@......@......@...
.@@...@.@@@@...@@.@..@@........@@@..@..@.............@.....@
@.....@@@...........@@..@@@@..@......@.@.@.........@@.......
@......@....@@....@.....@.@.@.@...@....@@@@.....@...@..@@.@.
@.@...@....@.@..@.@......@....@.@.@.@@....@..@@.........@..@
.....@.@@@@@.@@...@@..@..@@........@.@..........@....@.@@.@.
......@.....@...@@.@@..@.@........@......@.....@.@.@........
......@........@...@....@@....@.@.@..@..@.@@.......@........
...........@.....@.@..@.@.@@.........@..@.@@.@...@.@..@.@...
.@..@@..@......@.@.........@@.@......@@...@...@@..@@........
.@@.@.......@@..@............@.@...@......@.@....@@.....@.@.
...@.....@...@@@@..@..@.@@..@@...@@...@.........@.@........@
.......@...@.@.@.@....@..@.....@@....@@..@.........@@@....@.
..@...@.@.....@....@@....@....@...@.....@..@....@@......@...
...............@..@.@@@@.......@.@@...........@.....@...@...
...@.@....@@@...@@....@.@...@..@..@.@.@.....@@...@....@.....
......@.....@@..@...@.@..@...@....@@@.@.............@.@@@@..
...@....@...@.......@.....@.@..@@..@....@.....@.....@..@.@@@
.....@@.......@@..@.@...@.@.......@@.@@..........@.@.@.@@...
..@.@@@............@@@...@..........@...@..@...@@...@..@....
..@.....@.@.@@.@....................@.......@@..@@..@.@@...@
....@.....@@@.@......@.......@...@.@......@..@........@..@..
@...@.@@.........@......@@.@.@@@.....@.@...............@....
.......@.@....@@..@...@@......@.@....@@@....@........@@@....
............@..@..@..@..@@@...@...@....@.@@.......@.@.@@....
...@......@...@....@@..@.@....@@..@.........@.......@.@..@.@
@@..@.@....@...@.....@.......@@...............@.@@@..@.@..@@
@.....@.......@.....@@..........................@.....@.@@..
.........@........@......@..@@@....@...@.@@..@@@@...........
..@.@..@.....@....@...@..@@..@.@...@..@.....@@..@....@..@...
.@.....@.......@.....@.@........@.@.....@...@.@..@..........
...@..@...@..@..@@.@@................@@...@.@.@......@....@.
@@.........@....@...@..@.......@...............@....@..@@..@
@....@.....@....@.....@..@..........@........@@@.@@.....@..@
@.@...@......@...@...........@...@.@.......@...@....@...@@.@
....@.....@.@@................@@.@@...........@.@..@....@...
....@......@.....@@@.......@@@@.....@@@.....@..@..@.........
@..@@.@.@@@....@......@.......@@.....@.@@@....@..@.@........
.@...@...............@..@...@@...@@@....@......@.....@..@...
.@..@@@.@@..@..@....@......@@@@.@..@@@.@@.@.@.@.....@@.@.@@.
.@.................@@.@..@.............@..@.@@...@..@@.@....
@@@@.@..@........@.@@@..@@.@@....@...@.@.........@@..@....@.
.......@@.@....@.@....@...@@..@..@..@.....@..@.......@....@.
..........@.@@@...@.......@@....@....@....@@....@....@...@..
.@..@@.@@..@.@..@.@.@@.@@..@..@@.@.@....................@...
..@..@.@.@.@.@.........@@..@..........@.@...................
.....@@.....@...@...@.@...@..........@..........@.......@...
.....@.@...@@.@.@.@@......@.@@@.@@......@....@.@...@...@....
...@......@.....@..@@........@@..@.....@..........@.@...@..@
....@.@..@@@@..@........@...@.@@@...@..........@....@....@..
..............@.......@.@.......@@...@..@.@..@@..@@@........
..@@.@..@@...@.....@........@@.@@.@@.@.......@@.....@@...@..
.@.....@.@@....@.....@.@@@...............@.@.@.....@..@.....
..@..@..@.........@.@..@@@....@.@...@@........@...........@.
........@.......@.@......@......@@...........@..@.....@.@@.@
......@...@@.................@@...............@..@.@.@......
@.......@..@.....@.@@.......@@..@..@@.@..@@......@......@...
.@......@..@...@.@@....@@..@.@.......@.@............@...@...
@@........@@.......@......@.....@.@@...@.@.....@.@..@@@.....
Agents:
75
0,7,54,50,26
1,11,17,54,47
2,44,31,30,50
3,41,37,48,15
4,59,42,37,9
5,33,27,46,29
6,3,56,27,39
7,52,50,4,51
8,52,40,46,3
9,51,31,30,47
10,47,58,23,9
11,30,40,27,45
12,24,21,43,16
13,33,48,56,37
14,58,6,2,3
15,39,46,57,22
16,5,15,40,10
17,26,55,26,55
18,1,32,5,4
19,50,43,15,25
20,29,10,33,32
21,34,4,43,59
22,53,28,47,53
23,52,18,42,57
24,2,42,3,17
25,0,15,59,59
26,50,50,6,46
27,0,4,59,58
28,25,46,44,6
29,43,52,7,54
30,57,58,58,51
31,49,0,32,2
32,11,30,5,20
33,42,34,35,51
34,10,22,19,44
35,13,54,5,27
36,9,20,25,33
37,48,9,50,21
38,13,44,29,16
39,13,24,6,50
40,14,39,35,21
41,3,48,44,2
42,39,25,58,9
43,45,47,27,35
44,21,0,54,26
45,31,54,24,34
46,45,32,57,59
47,59,7,10,34
48,26,38,30,24
49,2,35,1,48
50,41,40,40,50
51,33,58,8,48
52,38,33,29,6
53,26,15,21,22
54,46,31,42,6
55,26,53,26,53
56,37,25,20,41
57,32,12,7,8
58,59,14,17,42
59,24,40,33,43
60,44,6,50,17
61,57,53,46,4
62,32,39,46,50
63,7,44,39,43
64,6,59,49,48
65,8,28,28,22
66,22,58,25,57
67,28,13,20,12
68,10,13,27,13
69,12,40,22,41
70,1,36,57,18
71,2,19,47,8
72,48,24,6,2
73,51,53,44,19
74,14,32,59,16
