0
Grid:
60,60
........@@@.@....@..@.......@.@.@@...@....@..@..@..@.@.@....
.......@@..@...@.............@@...@..............@..@.@...@@
@..@......@.@.@..@.........@..@.......@......@.@....@@..@...
.@@.......@.@..@.@......@...@........@...@@.@.....@..@@.....
@....@...@........@....@.........@..........@.............@.
.......@.........@....@.@...@.........@...........@.@...@@..
@....@@..@.......@.@...@@....@@.........@.......@@..........
.........@@...........@........@..@@...@.@....@.@..@...@@@@.
.@.@....................@.@...@.....@...............@...@...
.@...@.......@...@.@..@........@...@@.@........@@.@...@.....
.@................@..@.@...@.......@..@@.........@..@.......
......@..@......................@.@....@...@.....@..@...@...
............@......@@@@..........@.....@...........@..@.....
..................@...@.@@@.........@.....@...........@...@.
.........@@.....@.....@.............@@....@......@.@.......@
......@...............@.@........@.....@..@...@..@...@.@..@.
...@....@...@..@.......@@....@.........@......@@.@......@@..
........@@..@.....@........@................@..@.........@.@
......@@...@.@@...@...........@..@..@......@.....@.....@....
...@.@..@.@@......@....................@...@.@.@.@..@@.....@
.........@....@.@...@.@@@....@..@@@.@@...@.....@............
......@.@.@@@..@.@...@....@@.@.............@....@@...@......
.......@..@.@...@@@....@.............@@..@.@..@.@....@.....@
@@@..@..@......@@................@.....@.@.......@...@......
..@........@........@.....@..@..........@...@.@......@@.....
@...@.@..@.....@..........@......@.@....@...............@...
.........@.........@....@@...@@@.......@.@......@...@@......
@...@.@@............@..@.....@..........@...@......@....@.@.
@@....@......@...........@.........@..@@..@.@.....@@.@.@....
.@....@....@..@..@........@..........@....@.@.@.@@...@@@.@..
@...@........@..@@....@@....................@.......@....@..
..........@..@..@......@..@...@@...@......@...@@.@....@.....
.......@....@..@...@@........@@...@...............@.........
@@.........@.@......@.............@..@.@........@.........@.
........@...@.....@@....@..@@.......@.........@.....@...@..@
.@.@..@.@.............@@.@........@@........@.........@...@.
........@....@@..@..........@............@..@....@.....@..@.
..@@......@.@@....@.@..@@@..@.....@....@.............@..@..@
@@@@@.@.........@@........@...@.......@...@@..@@............
..@.......@....@..@...@.....@...........................@..@
......@.@...@@@@.......@.............@@..@...............@..
.@@...@@...@@......@@@.@@............@.......@...@....@..@..
........@......@..@.@@@......@.@......@.@.@.....@......@.@..
.......@.@......@....@.............@..@....@...@@...........
..@.@.....@.....@.....@..@.@..@...@..@...@..@.@......@....@.
@@....@........@@....................@@.@.@@......@.....@.@.
..................@@.@@@.@........@@@..@@.....@@............
...@.........@@@@.@.@......@@.@..@....@......@.......@..@...
...@.....@...@@.....@..@.@........@..@.........@......@...@.
..........................@.@.......@.@...@.@@..@.....@..@@.
...........@..........@....@........@............@...@@...@.
@...@..@.@....@.........@....@@...@.......@..@@....@........
...................@@@.......@...@........@........@@...@...
....@.@..@@@..@.....................@@@...@....@..........@.
.......@......@.....@................@.......@.@.@...@....@.
.@.........@@.....@.@.@....@......@....@@.@.@..@...@@....@..
@..@.@@....@.............@....@@..@...@.@...@.@.............
..........@....@@@.....@.......@....@..@....@..........@.@..
...........@.@.........@@.@.......@.@....@.........@....@...
........@..@.....@.@...@.@....@...@.@......@....@..........@
Agents:
30
0,18,35,22,26
1,41,9,51,48
2,28,36,42,2
3,9,59,20,56
4,46,2,30,33
5,15,32,38,58
6,36,48,53,43
7,50,50,36,43
8,34,3,39,48
9,42,54,37,21
10,33,17,50,13
11,25,30,14,50
12,35,52,54,51
13,11,29,32,38
14,29,19,3,29
15,20,3,44,6
16,28,24,44,45
17,14,39,19,48
18,7,50,35,14
19,52,41,50,12
20,35,21,0,35
21,28,40,56,22
22,11,14,10,48
23,52,46,33,49
24,39,19,23,28
25,27,10,16,55
26,33,16,16,44
27,57,4,15,51
28,19,30,52,6
29,30,30,5,10
