0
Grid:
70,70
@........@..........@...@...@...@.....@@...@....@.....................
.@@............@@.@.@@.@..@........@...@@...........@.@.@.....@@.@@...
@@....@....@.....@.....@.............@...@@.@....@@....@......@.......
..........@@@.........@.@....@..@..@.@...@...@@....@.....@...@..@@...@
@...@@....@.@@...............@.....@........@@..@.@.......@..@@...@@..
...@...@..@@.......@@..................@.@....................@.@.....
...@..@....@.....@@.@...@..@..........@..@.@.....@.@........@..@.....@
..@@..@.@.....@.....@@.@..@.....@.@.....@.....@...........@..@......@.
...@....................@.@@..@..........@.....@@@.......@...@@@......
.@@.@.@@............@@..@..........@...@...@@@................@@......
...@@@.@@.@.........@....@......@......@..@@...@..@.@.@..@..@@..@.@@..
@@.@@.....@.@@.@...@..........@.@.@..@....@...@........@..............
@@@.......@@@.@@...@@@..@.@@....@@@....@........@...@.@@..@..@@@.@..@.
...@.....@....@..@....@......@.....@@@@.@...@...@.@..........@........
.@..@@.@..........@.@.@@.@.....@.....@@...@......@@...@@.@.@@..@@.@@..
.......................@.........@...@..@@.@................@@......@.
@@...@.@....@@...@.@...@......@@.....@@@.@....@.@@@..@.@...@..........
.@@......@.....@...@.@.....@@@........@.......@..@....@...........@@..
...@........@@...@...........@@...@..@.....@...@.@@..@@.....@@.@..@...
...@@@..........@@....@@..................@@....@..@...@@..@...@@...@.
..@............@.@@..........@@....@.......@@@..@@@......@@@....@..@..
@.@@@@.@.@....@.....@....@..........@@@...@.....@..@.@..@.......@@..@.
.@...@.@@...@@..@.@@@...........@.....@.@..........@.@.........@....@.
.@...@@.@...@.................@......@..@@........@@..@@..@...@@.@....
..@@.@....@.....@.@.@.@@@@...@.@...@@.......@@............@.@.@...@...
@....@@.@.@.@....@..@......@...@...@.....@@...@@....@@...@@.@.@..@.@..
..@..@..@...@...@@@@...@.@...@@.........@.@..........@..@@..........@.
....@@.@.@@.@.........@@@..@.@...@..........@...@...@.....@..@.@......
...@@@@....@.@.@.....@...@.......@..@........@..@@...@.@@.@@.....@..@@
@.@@...@@..@@@........@..@.@@@.@.@.@@....@...........@....@.@.@@......
...@@.@...@...@....@...@.............@...@..@.@.@....@..@..@.@@...@..@
@.....@........@@..@.@@.@....@....@..@@....@@@@..@..@.@......@@.....@.
..@....@@.....@.....@...................@@.@@@.......@.........@.@....
...@...@@.@..@.@.......@.@.@..@@....@.@.......@......@......@@.....@..
.......@.....@...@.@....@@...........@@................@@.@.....@.....
.@@..........@.....@.@@.@.......@...........@...@....@@@@........@....
.....@....@@@.......@...@.@@...@@@..@@.@.......@@...@.......@.@.@...@@
...@@.....@..@...@@...@.......@....@@@@..@@..@....@...@..@.@@.....@...
...@.@..@@.@........@.....@...@........@..@.....@.....@@@........@.@..
......@....@........@@....@@@@..........@@......@......@...@......@@..
..@.@......@@.@..@.....@....@..@...@.@...@@..@........@......@.@......
....@.@@.@@...@..@@@@.@.@.@.....@....@..@....@....@...@.@@..@......@..
@.@........@.@....@..@.@........@......@.@.@@...@@..@....@...@..@..@..
..@@@....@....@...@....@...@..@@..@.@...@...@@.@...@..@..@.@@.@..@....
.....@....@...@................@..@..@.@.........@..@....@.@..@.@.....
.....@@.....@..............@@....@@@......@.....@.@........@...@......
...@....@@...@@.....@@.@.@..@@.........@...........@.....@..@........@
..@@....@.@...@......@...@@........@...@.....@...@......@...@.@...@..@
@@@..@..@@@..@........@.@@.@@....@@...@...@.......@....@..@......@....
@.............@...........@.................@.....@...........@.......
...@@.......@.@..@..@........@..@............@...@@...@..........@...@
.@...@@.......@..@..............@...@.@.....@....@@..@...@...........@
@..@.....@..@.....@.@@..@@@...@.....@@@@...@@....@..@......@..@@@@..@.
.@....@@@.....@....@.....@.@..@..@@....@.@.@@........@......@@@.......
..@....@.........@@.@@@.......@....@@...@....@@........@@..@@..@..@.@.
.@.....@.@.......@...@.............@.@..@@...@.........@@@..........@.
@..................@...@@.....@....@@@@.@@@@.........@.@......@@.@..@.
.@..........@..........@.........@@.....@.@..@...........@..@..@.@...@
.....@.@....@@..........@@.....@@@...@@@@.@@...@....@...@..@...@@@....
....@...@@................@@..@..@@..@..........@..@.....@.@........@@
.........@.........@.................@......@.....@.@......@.....@....
@...@.......@....@..@.@..@.....@......@.@..@......@@....@......@@@..@.
...@@.@@@.@....@...@@..@............@.@...@....@...@@..@...@....@.....
@.@......@@...@...@..@.........@..@.@...@......@...@@.@...@..@@@@@.@@.
................@.@...@@..@........@..@.....@.@...@@@.@......@....@...
@.....@...@.@.@.@.@.....@@....@@.....@.@...@.@.@@...@.@.......@@......
@@...@..@..@....@@@..@.@..@@@.@................@@.@@....@@.@@..@@@@...
.@.@...@....@.@........@@...@.........@...............@.@....@.@.@...@
@....@......@...@@.@.....@....@@.@....@@.@..@.........@.@.......@.....
.........@.....@........@..@..@........@.@..@....@@..@.....@@....@.@..
Agents:
85
0,14,69,11,47
1,4,40,16,2
2,59,32,10,44
3,65,50,41,3
4,47,24,62,58
5,40,64,0,5
6,24,46,61,13
7,38,7,13,52
8,57,24,69,43
9,59,44,11,7
10,69,52,32,26
11,30,24,13,58
12,37,11,35,63
13,16,69,34,40
14,26,67,60,30
15,67,37,50,27
16,3,19,3,1
17,30,67,26,38
18,32,12,45,67
19,49,39,26,36
20,58,41,16,56
21,11,61,8,46
22,67,60,49,34
23,50,15,22,44
24,32,23,53,49
25,60,41,39,4
26,13,8,49,45
27,7,41,33,42
28,38,27,27,30
29,49,1,49,10
30,3,38,50,66
31,27,28,56,2
32,44,61,24,49
33,11,57,59,6
34,36,65,9,41
35,69,4,54,49
36,9,26,7,22
37,22,26,46,46
38,16,51,49,28
39,29,26,33,12
40,49,21,65,67
41,59,61,66,39
42,4,9,31,33
43,0,31,45,20
44,62,9,18,10
45,57,28,17,41
46,33,19,46,5
47,25,59,34,3
48,3,44,16,58
49,5,18,0,16
50,32,51,50,19
51,67,22,23,20
52,9,0,50,56
53,48,23,39,60
54,53,63,54,4
55,2,59,14,11
56,1,27,43,48
57,48,29,20,47
58,30,30,63,53
59,21,31,31,3
60,12,56,22,64
61,60,58,18,27
62,18,32,45,24
63,41,1,10,18
64,57,52,37,31
65,60,26,12,67
66,7,0,36,45
67,15,19,5,44
68,57,51,9,60
69,58,16,64,11
70,62,48,27,66
71,49,16,2,48
72,10,15,60,66
73,3,2,64,2
74,47,51,22,15
75,31,30,19,15
76,31,69,12,8
77,40,65,51,22
78,38,4,48,41
79,23,20,42,55
80,15,63,17,18
81,68,47,59,43
82,34,43,5,21
83,46,44,55,39
84,42,40,42,40
