0
Grid:
60,60
..@..........@......@..........@@...............@@..@.......
...............@.....@..@.........@.......................@.
.........@..........@..........@@.@...@..@...@.@....@.......
..@...@..@..@....@......................@.....@........@....
@....................@..@.@......@@........@@...........@...
@....@..@@......................@..............@.@.......@.@
......@.........@.....@........@.@...@..@.......@........@..
@@........@........@....@.@..@@......@....@...........@....@
.............@....@..@.............@@.........@.@..@@.@.....
.....@..........@.........@.............................@...
.......@.@....@................@........@...@...............
.......@......@....@.@.....@................@...@...........
................@.............@.......@......@@......@..@...
............@..@.@...@.........@.@..@................@....@.
........@@............@....@....@.......@...@.@.@..@........
.@@@........@@...@..@.@@..@..................@@....@....@...
.@@........@................@@...........@@@...@...@.......@
.@..............@@@..@...............@..........@@@.........
...@...@....@......@..@.@..@.......@@.@.@..................@
....@...@....@.@..@........@@.....@..@......@@...........@..
..........@...@@..@........@..............@.@....@..@.......
@...@.........@.....@..........@..@........@.@@.......@@....
.@....@.@@..@..@..@.................@..........@...@.....@..
..@..........@.....@.........@.@...@....@@..................
@.................@....@..@@...@@.....@.....@...@..@.@......
.....@.@..........@..@.................@..@...............@.
@.@.@..@....................@....@........@...........@.....
..@.@.@........@..@...@............@......@........@@.......
@....@@...@.............@@..................@...........@@@@
....@....@@....@...@@....@............@..............@..@...
@@.....@..........@........@...@..........@...........@.....
.@.......@...................@......@.......@@...@.@@.......
............@..@.....@...@...@@...@.............@..@......@@
................@@...@.........@.........@.....@.........@..
..@.@........@................@..@@..@......................
@....@...............@..@...@@.....@....@....@..............
.........@...@...@..............@.........@...@....@@.......
.....@..@..........@.@@.....@..@....@......@.....@.@@@.....@
..................@@..........@.@........................@..
..@.@.........@..........@...@.@...@..@...................@.
..@@.@..@......@..@.................@.@...@@@...@.....@@....
....@......@..............@...............@@......@@.@......
....@@...................@.@.................@.....@.@@.....
.@.............@........................@......@@.........@.
....@..@.@...............@..........@.......@...@......@....
...@.@......@......@...............@.........@...@.....@@@..
@@.....@...@..@...@...@......@@...@@........@@......@...@...
@.@.........@..@....@.........@..................@..........
.................@....................@@......@........@....
....@...@.........@..@..@.....@.....@.........@@...@@.@.....
....@.@.......@@......@....@.....@.....@.........@@......@..
@.....@.@.@................@..............@........@....@...
.@.......@..........@@.....@..................@...@.........
....@...@.....@..@.@......................................@@
....@....@..........@.....@...................@......@......
..@....@.@..............@............@@..@................@.
..@....@.@@.....................@.@....................@.@..
..@.@..........@.@.....@......@...........@..@.........@...@
.......@.........@.................@........@............@..
@.........@....@.@.........@@.......@......@.@.......@..@@..
Agents:
45
0,7,16,59,49
1,27,14,56,40
2,14,50,4,16
3,14,55,18,46
4,36,1,21,23
5,5,51,33,38
6,8,12,43,49
7,5,42,15,35
8,44,24,19,56
9,52,4,31,13
10,26,14,57,18
11,27,23,22,27
12,45,42,59,39
13,35,18,59,3
14,0,37,16,4
15,36,45,23,53
16,48,4,23,33
17,31,16,53,1
18,17,19,34,55
19,46,36,30,3
20,22,20,42,44
21,12,8,37,54
22,3,19,8,29
23,24,55,36,56
24,34,3,4,59
25,50,12,32,50
26,47,50,44,37
27,19,17,35,1
28,1,32,16,14
29,20,20,19,17
30,27,27,22,16
31,23,0,0,7
32,11,28,25,40
33,6,32,7,27
34,10,36,31,54
35,15,40,1,50
36,12,41,50,45
37,50,35,2,37
38,17,40,46,40
39,11,45,43,3
40,0,29,13,56
41,35,49,4,4
42,40,12,28,38
43,19,2,42,38
44,8,56,32,4
