0
Grid:
60,60
..................................@..........@...@..@.......
..........@......................@..........................
......@............................................@........
.@@........@..................................@.............
........................@@................@.................
@...............@...@....@..................................
................@..@......@.................................
.........@..........@...........@...@.......................
.........@.@..................@.....@.......................
...................@@......................................@
.......@..........................@.@......@...@......@.....
......................@.................................@...
..............@..........@...@..............................
.............@.............................@...........@....
...........................................................@
.....@..........@...........................@@..............
............................................................
....@.......................................................
................@...........................@.......@.......
..........................................@............@....
......@................@............................@@@.....
...@.............@.@....@..................@................
..........@...........................................@..@..
............................................................
....@.........................@......@......................
.............................@@...............@...........@.
................................@...........................
.........@.@............@....@..................@.....@.....
................................................@...........
........@..........@......@.................................
..................................................@@........
....@............@...................@.@...............@.@..
.........@.........................@........................
..........@...............@.................................
............................@....................@@.........
.........................................@@....@..........@.
.....................@@@@...........@.....@.................
.........@........@............@............................
.......................@....................................
...........@...@@.......................@...@..@............
...................................@........................
.................................@..........................
....@..........@@..........@.............@..................
....@....@........@.........@........@......................
........................................@..@................
...............@@...........................................
.....@.....@................@...................@...........
........@...................................@........@...@..
.........@...................@..............................
..........................@@.@..............................
............@...............................................
..........................@..@.....@.........@.....@...@....
......@....@.............@..................................
............................@...@...................@.......
.............@.....................................@........
............................................................
.....@.@....................................................
.............@......@............@@.......@.................
.......................@..@....................@.@..........
...................................@........................
Agents:
35
0,25,25,31,0
1,10,46,23,8
2,14,13,49,5
3,2,26,49,52
4,26,49,36,33
5,20,27,36,38
6,31,52,30,49
7,37,44,33,54
8,0,41,7,35
9,30,47,51,54
10,39,28,15,30
11,11,16,3,19
12,39,17,2,7
13,33,42,15,33
14,42,52,53,19
15,34,25,4,18
16,36,7,56,39
17,17,55,11,8
18,41,49,56,11
19,28,21,6,42
20,26,59,34,30
21,6,31,5,52
22,59,14,52,34
23,33,28,58,27
24,46,49,8,31
25,49,48,12,52
26,56,1,37,36
27,48,56,34,48
28,13,54,4,49
29,6,57,49,18
30,39,19,4,22
31,44,33,8,39
32,14,55,0,19
33,51,23,26,20
34,34,42,26,5
