1
Grid:
70,70
......................................................................
......................................................................
......................................................................
......................................................................
......................................................................
......................................................................
......................................................................
......................................................................
......................................................................
......................................................................
......................................................................
......................................................................
......................................................................
......................................................................
......................................................................
......................................................................
......................................................................
......................................................................
......................................................................
......................................................................
......................................................................
......................................................................
......................................................................
......................................................................
......................................................................
......................................................................
......................................................................
......................................................................
......................................................................
......................................................................
......................................................................
......................................................................
......................................................................
......................................................................
......................................................................
......................................................................
......................................................................
......................................................................
......................................................................
......................................................................
......................................................................
......................................................................
......................................................................
......................................................................
......................................................................
......................................................................
......................................................................
......................................................................
......................................................................
......................................................................
......................................................................
......................................................................
......................................................................
......................................................................
......................................................................
......................................................................
......................................................................
......................................................................
......................................................................
......................................................................
......................................................................
......................................................................
......................................................................
......................................................................
......................................................................
......................................................................
......................................................................
......................................................................
......................................................................
......................................................................
Agents:
55
0,60,16,41,0
1,46,33,29,65
2,11,45,19,22
3,15,68,46,39
4,69,35,33,14
5,33,26,10,35
6,38,40,35,59
7,47,13,4,27
8,55,65,26,24
9,53,20,39,42
10,40,43,10,53
11,10,42,6,36
12,29,65,21,63
13,5,60,4,24
14,68,40,2,54
15,47,54,15,53
16,54,48,68,41
17,9,53,64,17
18,43,4,17,3
19,32,29,33,28
20,18,31,57,22
21,31,61,27,67
22,27,1,24,19
23,26,3,36,35
24,56,57,26,28
25,47,64,29,45
26,58,56,24,33
27,47,16,9,28
28,6,3,1,37
29,3,15,12,9
30,40,25,52,43
31,69,29,5,12
32,57,48,24,13
33,42,60,46,35
34,30,63,51,52
35,40,51,65,43
36,32,23,15,60
37,1,8,63,66
38,12,18,68,59
39,15,28,24,31
40,39,1,44,0
41,4,11,52,58
42,62,52,54,5
43,65,67,33,35
44,0,62,31,66
45,47,39,11,49
46,0,16,41,12
47,58,63,43,37
48,32,2,43,34
49,4,48,6,8
50,28,35,3,59
51,43,62,59,6
52,17,65,38,6
53,32,34,61,2
54,55,39,42,10
