1
Grid:
60,60
..@.@.@.............@....@.........@....@...@........@......
@@...@..............@.@@.@......@....@@@@.......@...........
............@..@@.@.@.......@@.@.@.@....@@.@.@......@@....@.
...@..........@.@@....@.@...@.@.....@......@@..@......@.@@@@
.......@...........@.....@@....@@.@.@........@.......@.@....
.......@...@.@.@...@@..@....@....@@..........@.....@.@..@@@.
@.......@.@..@..@.@.............@@.......@@.@@..@...........
@..@...@.....@....@@.@...@..............@.@@.@....@.@@.@..@.
.@.....@@...@.........@.@..@....@..@..........@.....@.......
..@@.....@@....@...@.......@.@......@..@.@@......@@@......@.
........@@.@@.@.......@.@.............@@@...@...@@.......@@@
..@@.........@@..@........@..@..................@@@@.......@
...@@...@........@.@.@@.....@@....@..@@@............@...@.@.
..........@.....@...@.@.@..@...@...@@.@....@@....@@...@..@..
.@@.@.....@.@..@.....@...@@....@..@...@..@.......@@@...@@..@
@..@@.@@@.........@@@...@...@@@......@.@.................@..
.@...........@.......@.....@...@@..@...........@@@..@.@.....
.@..@@...@.@@.@......@..@@....@@....@@@..@.......@@.........
@.@...@...@.@.....@@@.@@.....@..@@@..@.@.@.@@..@.......@@...
..@@@......@.@@....@...@......@....@....@@.@.@......@....@..
......@.....@.....@..@@.@.@.....@....@.@@..@..@..@.@@@..@...
..@.....@.......@.@..@........@...@...@..@.@.......@@....@..
.@..@@.@.....@...@@.@......@.@.........@....@....@..@@@.@.@.
...@..........@.....@.......@..@@...@......@.....@.@.@@@.@@@
.@..@@..@.@....@........@@.@.......@..@...@@@.........@..@@.
@......@.....@@.........@.......@@.....@...................@
..@...@.@@@..@..@.@...@.@.@..@@...@@..@@@.........@........@
@.@..@@......@....@.@....@....@....@@@@.....@.@@.@..@....@..
@.@....@...@.........@@@@..@....@.@...@.@.@@@@@@......@@..@.
...@..@@.@@.........@....@.@@@....@@.......@......@..@.@..@.
.@.............@@.....@.....@@............@.............@...
@...@@........@.........@...@...@.@..........@..@...@...@@@.
..........@..@.....@........@.@.........@@.......@.@...@@.@.
...@..@.@@.@...@...........@.@@...............@..@@...@@.@..
..@........@@@.@.@............@@..............@.@...........
....@.......@.@@.....@....@@.....@.@@...@@........@.@..@....
........@.@..@.....@.......@...@@@....@@.@@..@....@.@@..@...
@@...@.........@@.@..@@..............@.@.@........@@........
@......@.@.@@....@@@..........@@...@...@....@...........@@.@
....@@..@@.........@.........@.@@..@....@..@....@......@...@
......@....@..@..@..@.@...@....@@@.@...@.....@..@......@@@..
..@@.@......@.@..@@....@.@..@....@.....@....@.@.@..@..@@..@@
....@........@.@....@..@....@.@...............@....@....@...
...@.@..........@...@.......@..@.@.....@...@@..@.....@....@.
.........@.......@.....@.@..@............@..@.....@.@.......
@..........@......@.@@.@..@@.@.@.@.....@...@@@....@@.@....@@
....@.....@.......@@........@..@@@@@..@..@...............@..
.......@@@@....@@.@@...@.@..........@..@...@.....@...@.@...@
..@@......@..@..@...@...@..@@@@....@@...@.....@..@.@@@@.....
.....@....@...@............@..@.@...@......@........@.@....@
...@.@@..........@..@.....@.........................@....@.@
@............@.@....@@@........@...@.....@..........@.....@.
@.@...@......@...@.....@@..@.@@......@.@.@..@.@....@.@@@....
.............@.@.@..@..@...@....@....@.@.....@@.......@....@
..........@...@..@@..@...@.....@........@....@..@@@@.@.@...@
..@...@.@....@@....@.....@.............@@.......@....@@....@
......@....@.@...@.@...@..@@@@@...@@@.@@.....@@....@.@@...@.
.....@@@@...@.......@...@...@..@@.....@@..@.@...............
......@.....@........@@..@.....@@.....@..@@@......@@..@.@..@
.@........@@@.@...........................@...@.....@@..@.@.
Agents:
85
0,30,27,6,5
1,24,28,53,25
2,56,8,16,58
3,12,35,39,46
4,38,26,43,42
5,4,18,19,51
6,1,17,54,23
7,41,42,54,7
8,51,14,47,27
9,26,0,55,45
10,2,55,41,10
11,3,9,35,44
12,43,18,49,17
13,15,35,6,49
14,20,19,39,1
15,44,24,28,49
16,24,17,55,42
17,47,50,54,57
18,5,55,40,38
19,32,21,0,30
20,16,23,37,31
21,16,5,42,43
22,13,32,23,16
23,31,8,5,48
24,13,37,10,15
25,11,5,52,8
26,16,16,14,23
27,50,13,34,54
28,2,27,27,23
29,56,50,58,52
30,57,37,38,55
31,51,45,9,24
32,12,51,18,54
33,1,50,59,3
34,49,22,59,18
35,34,42,55,0
36,55,9,58,7
37,0,30,24,51
38,0,51,30,25
39,53,4,59,35
40,24,26,56,37
41,14,27,11,20
42,46,55,0,12
43,19,37,53,21
44,56,22,44,47
45,36,21,31,44
46,18,16,49,50
47,27,28,21,36
48,31,47,33,10
49,26,25,39,44
50,39,27,56,4
51,43,21,25,11
52,52,20,24,46
53,57,56,38,37
54,25,20,23,40
55,33,10,19,48
56,7,6,9,14
57,56,0,45,3
58,50,45,42,25
59,0,43,58,16
60,3,32,41,20
61,32,37,40,16
62,12,49,6,28
63,48,19,48,21
64,11,57,54,58
65,45,35,25,52
66,24,39,19,9
67,56,57,24,39
68,20,33,3,52
69,57,52,39,15
70,40,37,19,55
71,35,54,17,16
72,23,47,56,59
73,57,18,19,50
74,23,10,15,52
75,49,2,14,16
76,0,46,3,12
77,11,38,38,22
78,11,0,34,26
79,14,54,8,4
80,52,11,10,34
81,38,25,25,17
82,26,1,2,2
83,16,8,24,41
84,0,15,17,33
