0
Grid:
60,60
............................................................
............................................................
............................................................
............................................................
............................................................
............................................................
............................................................
............................................................
............................................................
............................................................
............................................................
............................................................
............................................................
............................................................
............................................................
............................................................
............................................................
............................................................
............................................................
............................................................
............................................................
............................................................
............................................................
............................................................
............................................................
............................................................
............................................................
............................................................
............................................................
............................................................
............................................................
............................................................
............................................................
............................................................
............................................................
............................................................
............................................................
............................................................
............................................................
............................................................
............................................................
............................................................
............................................................
............................................................
............................................................
............................................................
............................................................
............................................................
............................................................
............................................................
............................................................
............................................................
............................................................
............................................................
............................................................
............................................................
............................................................
............................................................
............................................................
............................................................
Agents:
55
0,15,56,49,13
1,21,3,56,25
2,27,27,32,59
3,33,24,9,48
4,53,24,23,25
5,19,57,19,43
6,38,18,51,23
7,24,42,43,55
8,18,59,59,1
9,38,19,34,11
10,43,52,58,58
11,23,36,9,54
12,37,35,50,52
13,46,28,21,33
14,56,42,35,7
15,21,33,47,51
16,15,34,3,3
17,58,47,27,53
18,56,12,16,15
19,57,10,34,25
20,47,21,49,29
21,40,28,55,43
22,3,47,29,40
23,3,55,44,28
24,15,1,46,39
25,52,52,48,20
26,1,20,31,54
27,53,22,23,44
28,32,44,39,27
29,25,51,57,39
30,40,5,12,34
31,28,10,53,53
32,3,45,44,30
33,41,3,28,27
34,19,36,16,11
35,45,5,35,5
36,2,27,37,48
37,32,21,7,32
38,11,55,59,23
39,32,50,54,31
40,32,51,1,54
41,13,55,37,57
42,50,28,47,10
43,32,55,6,14
44,41,35,14,46
45,14,11,39,45
46,46,6,3,1
47,29,42,55,56
48,53,30,52,16
49,24,18,6,3
50,5,0,23,58
51,35,38,7,16
52,15,46,10,12
53,50,33,52,21
54,48,31,53,10
