2
Grid:
70,70
.@..@@@.@.@...@@@........@.............@@...@@..@@......@...@..@....@.
......@.@....@...@@.@.@......@......@.....@@......@.........@..@.@.@@.
@...@....@..@@..@...@.........@@.@..@.@...@.@..@.......@.@..@.........
.@.....@...@.@@@@...@.@@.@@...............@..............@..@@..@....@
.@@..........@........@.....@@@.@..@.@..............@@........@..@....
..........@.@@@.@@.@@..............@...@@@...............@.@..........
@...@@...@@.@@.@..@....@.@@...@@...@..@.@@.........@..@...........@...
......@@.@..@@..@...@@@......@......@..@............@..@@@......@....@
.@.........@.......@......@.......@.@@@@@.@...@.@.........@@..........
.@.......@@@@.@@@...@....@@.............@...@............@.@.@..@.....
.......@@..@.@..@..............@..@.@...@@.......@....@..@............
...@....@....@.....@...@@.@......@....@.....@..@....@...@@@...@.....@.
.@@..@..@.@..@...............@@.....@....@..@.@..@@....@...@....@.....
.@@..@...@.......@@@..........@........@.....@.........@@....@@...@..@
@..........@.@@.....@...@.......@@@.@....@.........@.@@@.@@.@@..@.....
...@@.@.@....@.@.......@...@.@@.@.@.@@.@.....@@..@@.@@@......@.@.....@
@........@@.........@........@...@.@......@@..@.........@.....@.@@.@..
@.@........@@..@@@.......@.......@@@....@@.....@.@..@.@.@...@.@.@..@..
.....@@....@.@..@@.@..@@@..@.@@@.....@.@.@.@........@@..@@...@..@.....
........@.................@.@...........@.@@.....@@@.@....@.@@..@.@...
@.@..@..@.@.@@..@.@.....@...........@@...........@...@....@.@..@.....@
@......@@..@.@................@.....@.@....@@...@.@@.@......@...@.....
....@...@@@...@..@.....@....@....@....@.....@@@....@.....@.@..@..@@...
...@..@..@....@.@..........@...@@....@....@..@.@.@...@.@.@....@...@..@
@.......@@..@@.........@...@...@...@@@....@.@@@.........@...@.......@.
..@.....@........@@......@.@..@......@......@@.....@@....@...@@@@@@...
....@..@.......@...@@.@@..@...@.@..@.@.@.@@@..@.@...@@......@.@..@@@@.
..@@....@...@.......@.@.@@.@.....@@.....@...@.@...@...@..........@....
...@..............@...@......@........@..@.@.@@.............@.........
.............@.@@@...@.@...@@...@@@..@....@.@@.@.@....@@..............
..@@..@..@.@.........@...@.@.....@.....@.@.@......@............@.@...@
@......................@.....@@...........@.@..@.@..........@..@@.....
.....@........@..@....@......@..@@...@...@...@@....@.@......@.........
.@.@@.....@@@....@....@..........@.@...@@.@...@.....@......@....@.....
......@.@.@..@.....@...@.@..@..@@.@@....@...@...@.....@...@.@..@.@@.@.
@..@.@..@...@.@.......@@...@....@@......@.@@......@......@....@....@.@
...@@@.@......@.@...@.........@.@.........@............@.@............
@...@..@@....@.@@.......@.@..........@.......@.@....@@@...@...@@....@@
.........@....@.@@......@......@.....@.....@.@...........@.......@....
@@...@........@.@............@..@@.@.......@.....@.@..........@....@@@
.@..@.....@.@....@......@@@.@.@.......@....@......................@...
.@..@@..@@....@....@........@..........@.@...@.......@.@.@..@....@....
...@.....@...@..........@...@....@......@.@.@......@.....@...@........
...@....@.@@..@......@..@.......@.....@......@.@....@@.@........@.....
....@@@..@..@...@.......@....@.@......................@..@..@@.......@
@.....@@..@.@@.@.....@...@..@.@.@@@.@@@....@.@....@.@.@..........@@...
....@.....@...@....@@.....@.....................@..@.@....@......@...@
@...@.@......................@....@@.@.@....................@..@......
....@.....@.@.@........@........@.@.........@....@.@......@.@..@.@....
..@..@.@.@..@@.@@@.@.@.......@@.@.@.@@....@...@@...........@...@@.....
....@.@..@@..........@@........@..@...@......@@@@@.@@@..@.@@..@@.....@
.........@@.@..@.....@...@......@.@.@@@@...@@@.@@@@@....@.@.........@.
....@.@@@.....@...@..@..@..@.......@...@...@..@..........@..@.@......@
....@@.@.@.@@............@@.....@.@....@@.@@@.@@@................@.@.@
@.......@...@@.@@..@.@..@@........@..@..@....@.@....@......@.@@.@.....
.......@.@@..@....@.......@...@.@..@@..@..@..@@....@..@@..@..@..@@..@.
.......@.....@......@....@..@..@...@......@....@..@@...@@@...@.@.@..@.
@.....@@...@@......@.....@.....@.............@.......@..@@..@.....@@.@
@...............@@..@.@@.........@.......@@@....@.@.....@.......@..@@@
................@.@.......@.@..@@.@@....@.@@.@.@@@@........@......@@..
...@....@.@..@....@........@.@.@......@@....@...@@@...@@.@.@.@@....@..
@.@@.....@@.@.........@.....@.@.....@.@..@..@@........@.....@..@......
..@..@.@@...@.@.....@@........@@@....@@@.......@...@.@@.....@......@@.
.........@@@.........@...........@....@..@@...........@...@@@..@@.@...
...@...@..@@...@@@.@@.@........@............@.@...@.@.@.@...@@.@.@...@
.@@@...@..@.@@..@@...@..@..@.......@@@..@....@....@.@......@..@......@
.........@.@.......@..@..@@........@.@@...........@@.........@..@@...@
......@...@....@..@....@.......@..@.........@.......@.................
....@.@.@.@@@......@@..@.@..@.....@@@......@..........@....@.@........
....@@....@....@@..@@..@.@.@..@....@.@@@....@...@...@.....@.......@.@.
Agents:
80
0,51,23,60,68
1,12,40,9,56
2,18,33,65,20
3,43,43,65,32
4,30,59,64,36
5,55,21,33,31
6,39,66,38,67
7,12,21,12,24
8,45,46,34,56
9,44,52,28,58
10,20,41,64,28
11,20,66,47,42
12,6,49,37,49
13,67,7,63,47
14,62,36,39,25
15,32,55,12,23
16,56,48,34,37
17,49,58,13,54
18,45,60,17,48
19,12,35,45,11
20,19,46,2,49
21,36,51,45,17
22,16,68,31,38
23,21,29,36,61
24,31,26,68,27
25,48,36,15,19
26,58,2,67,1
27,29,51,36,67
28,9,35,13,26
29,15,31,19,48
30,64,53,22,34
31,30,13,33,28
32,5,32,21,31
33,24,11,44,2
34,13,51,19,19
35,39,57,54,27
36,27,6,68,67
37,26,12,63,56
38,42,43,28,55
39,30,40,48,39
40,28,19,17,46
41,35,61,21,1
42,4,38,20,41
43,68,18,59,22
44,21,15,30,35
45,48,40,4,61
46,48,17,11,5
47,38,27,9,33
48,65,68,47,66
49,15,67,44,56
50,60,9,56,22
51,2,21,49,44
52,52,11,25,40
53,58,5,1,39
54,46,22,67,24
55,25,67,31,55
56,53,58,13,50
57,21,9,58,9
58,34,1,32,63
59,64,12,54,69
60,31,31,46,17
61,29,25,24,59
62,39,52,31,34
63,15,9,68,41
64,42,63,32,48
65,32,36,68,62
66,41,15,41,66
67,2,68,20,66
68,14,27,44,22
69,46,50,1,57
70,24,64,52,54
71,48,0,8,4
72,26,9,68,7
73,46,1,13,53
74,49,27,27,19
75,45,20,62,63
76,36,11,21,41
77,28,0,7,44
78,42,11,59,52
79,36,62,39,42
