1
Grid:
60,60
.............@...@...@.....@.........@.......@.@..@...@@.@..
....@....@..........@.@.....@.@.....@........@............@.
............@..............@@..@@.@.......@.................
..........@.............@.....@....@...@.@.@.......@@.....@.
....@..@.@@.............@..............@.@.......@..........
........@.@.@....................@..@.@.....@@.@..@.....@.@.
.@..........@.....@....@....@@@....@.............@..........
.@...........................................@..@.@@..@.@...
........@..@.........@..............@...@.....@.@..@.....@..
@......@.....................@.........@.........@.......@..
.....@...........@...@..@@@@.....@......................@.@.
............@........@.....@.@...@@....@.@.....@@.........@.
....@.@..@........@...@.@.....@.....@.......@...........@...
....................@.@.@.@.......@...@@...................@
.......@..............@.....@........@...........@..@.......
...@@@....@...@..@....@..........@.@........@..@@..@........
........@..@..@........@..@.......@....@@@..........@.@..@..
..@....@.@@@.@.................@@......@@...........@.....@.
@..@.@.......@..@......@.@..@...............................
.@..@...........@@.......................................@..
........@......@.......................@@..........@..@....@
@....@.....@...@@@.@.....@.......@.@.......@......@.........
...........@.@.........@...............@.@.@................
@..@....@.@.@........@.@.@....@...@.@....@....@@...@.....@..
.@.@.@.@............................@..............@@.......
........@..@......@.........@......@..@.@@.........@.@.@....
@..@....@...@............@....@..........@..@...@.....@.....
.............@...@...@@.....@........@..@......@......@.....
..@......@...............@.@............@@.@...@...........@
.....@.........@.......@.@............@...@.................
....@...@..@@............@.............@....@..@.@.....@.@..
......@.............@.........@.........@.@....@.@......@@..
..@......@.....@@@.....................@...@.........@.@@@..
.@......@......................@......@@..@..........@.@....
.........................@.@@.@..@...@.......@..@@@...@..@..
....@...@.......@@...@.@.................@@.@...@.........@.
@..@......@..@...@.....@....@...............................
.....@..........@......@.@@..@..@...@............@..........
..@.......@.@.....@..........@.......@..@@.........@.......@
......@.@....@@.@.@..........@...............@..@@..@@..@...
................@..@.....@............@.....................
.......@.....@@@....@..@...@@....@.............@.........@..
.......@@.@..........@.@.........................@..........
..@..........@...@.....@..@......@...@@@.........@..........
@.........@.......@...........@@@............@.......@..@...
.....@......@..................@......@....@....@..........@
...............@...........@................@...............
.......@@....@...@....@....@...@...........@..@...........@@
...@..@............@...@@...@...........@..@..............@.
..........@....@...@....................................@...
.........@@.@......@........@....@.@.....@.@.@.............@
...@........@....@........@.........@...@..@...@............
..............@...@.@........@.........@............@.......
...@........@........@....................................@.
@.........@@.....@....@...@.@....@.......@....@......@@.....
...@...@..@...@.........@.....@...@....@.@..................
........@.@.....@...@..@................@.@..@.....@......@.
..@.....@@.....@..@....@..........@....@................@@..
.....@......@.........@......@..............@...@......@....
........@.@.@.@@..@..@@.........@...@.................@.@...
Agents:
65
0,5,39,10,52
1,3,29,41,5
2,44,27,44,41
3,3,9,54,20
4,48,8,25,54
5,54,27,33,29
6,24,21,41,11
7,46,49,35,29
8,12,38,13,3
9,23,11,53,46
10,38,20,29,2
11,45,35,30,27
12,25,12,14,1
13,55,54,25,43
14,18,38,20,36
15,10,32,51,42
16,35,54,21,12
17,57,24,25,57
18,51,49,34,19
19,29,43,19,32
20,42,14,0,36
21,46,17,10,20
22,27,27,2,17
23,44,7,35,52
24,21,54,20,37
25,1,42,4,31
26,44,8,5,6
27,1,50,16,49
28,13,54,17,48
29,28,0,22,38
30,1,13,4,45
31,11,46,52,57
32,11,14,57,31
33,14,18,25,16
34,41,58,39,34
35,20,48,55,5
36,51,1,43,55
37,53,11,0,22
38,26,37,0,26
39,9,18,22,16
40,36,27,22,58
41,47,26,33,4
42,52,6,52,21
43,21,28,53,40
44,42,29,41,42
45,3,0,45,0
46,6,13,2,47
47,25,22,46,36
48,34,12,2,10
49,51,42,57,41
50,15,50,49,52
51,24,35,20,45
52,27,15,33,47
53,9,46,20,21
54,9,43,3,14
55,26,47,57,29
56,25,34,23,6
57,47,23,55,15
58,18,24,0,8
59,7,25,30,23
60,31,13,30,59
61,59,42,50,36
62,53,41,49,48
63,50,24,8,27
64,36,5,57,52
