1
Grid:
60,60
................@..............@............................
............@....@..............................@...........
.@...................................@.....@......@..@......
...................@@...........................@.....@.....
............................................................
........@...........@...........................@...........
................@.........@.................................
....@..................@..............@....@..@......@......
.....@......................................................
...............................@.......@...........@....@...
......................@............@........................
............@...............................................
....................@.@..............@.@..............@.....
...@.....@........@..........@..............................
.......@....................................................
......@.....................................................
.........@........................................@.........
...................................@........@...............
......................................@.............@.......
..@.........@.............@....@..........@.......@.........
........@@...@......................................@.......
......@....@..................@@....@..@....................
..............................................@.............
.............@..............................................
...................................@@...........@...........
.............@..............................................
........@...@................@........@.................@...
@..................................................@........
................@...........................@@..............
...............@.........................@......@...........
................................@@@...................@.....
...@...@..................................................@.
.............@@...........................@.................
.@.....@.............@@..................@..........@.......
.......................@....................................
...@...................................@....@......@........
.............................................@..@...........
@...................................................@.......
............................................................
....@.................@...........@...@..................@..
.@..........@.................@...............@.........@@..
..............................................@......@......
.......@....................................................
............@@...........@........................@.........
........................@.............@....@................
............................................................
............................................................
......@......................@.........@.....@..............
.........@..............@........@.@..................@.....
......................................@.....@...@...........
..............................@...........................@.
@................................@.......@..@@..............
......@................................................@...@
.................@......@........@...@......................
...@......@.......@..........@...........@..@......@...@....
.@..........................@..@.@......................@...
............@.@..@.......................................@..
...........@.................@...........@..................
.................@.......@..................................
.....................................................@......
Agents:
35
0,28,29,47,52
1,29,13,42,37
2,31,40,24,11
3,8,49,33,3
4,39,35,58,7
5,52,22,11,15
6,31,12,21,57
7,29,10,55,48
8,22,51,47,16
9,28,5,6,12
10,2,6,4,53
11,31,37,41,8
12,16,54,5,24
13,52,38,46,58
14,43,4,4,59
15,57,14,28,50
16,15,7,41,50
17,3,44,10,58
18,38,15,40,21
19,10,43,33,25
20,26,4,6,15
21,16,45,52,4
22,13,46,37,3
23,0,24,54,47
24,18,44,18,11
25,38,0,10,45
26,12,35,34,3
27,51,21,44,59
28,58,51,52,38
29,57,36,7,25
30,48,30,26,28
31,6,35,47,56
32,38,37,33,9
33,6,24,43,1
34,9,45,36,6
