0
Grid:
70,70
....@..@.............................@................................
...............@......@............................................@..
..............@@...............@......................................
...............@......................................@@...........@..
...................................................@...............@..
.....................................@..................@.............
....@.......@@..@.................................................@...
....................@.............@..@................................
...............................................................@......
.......@....................@.................................@.@.....
......................................@..........................@....
......................@.....................................@.........
........................................@..................@..........
......@.......@........................................@..............
..........@@.................@.....@@.................................
.......................@...................................@@.........
...................@......................@........................@..
.............@...@........@..@...@........@...........................
.......@....................@.........................................
....@.....................@........@..................................
..............................@.......@...............................
.....@................@.....@...............@...@.....................
................................................@.........@........@..
....@....@............@..@........@.....@.............................
......................................................................
...@..................................................................
......................................................................
......................@@....@...........@...@....................@.@..
........@.............@.......@.......@.......@..................@....
..................................@....................@....@.......@.
...................................@...@....@..........@..............
....................................@...........@..@..........@.......
..................@.......................................@...........
.............................................@...@....................
......................@......................@............@...........
.....................@.@........................@...................@.
.............................@.......@...........................@....
................@.......@...........@........@..............@.@.......
@....................................................@................
........@..........@.................................@................
...........@.....................@..............@..........@..........
..............@........@...................@..........................
...........................@......................................@...
....................@..@..............................................
..@........@.....@.....................................@..............
................................@......................@..............
...............@...........@.........@...................@............
...............@.......................@.........................@....
...................@........................@.......................@.
........................@.@..........@.@..............................
.....................................@...........@....................
.........@.......................................@..................@.
.................@...@....@......@..@...@....................@........
.@.............................@...........................@..........
......@...............@......@........@..............@..............@@
..........@.......@.....@..............@..............................
.................@......@..............@....@.....@..@...........@....
..@...@.......@.......@...............................................
..........@....@.................@....................................
...........@.....@...............................@...@..@.............
..........................@......................................@....
........................@.....@....@........@........................@
...@.....@..@...................@....@@.....@.......................@.
............@..............@....................@........@............
.........@..................@..................@@.................@...
.............@...@.....@............@............@....................
.................................@..................@..........@......
...................@...................@.............@................
@........................@.............................@..............
......................................@...............@...........@...
Agents:
35
0,2,69,19,49
1,3,27,32,55
2,19,38,44,29
3,6,2,17,65
4,19,12,42,10
5,39,45,44,25
6,47,4,52,41
7,52,31,11,7
8,35,5,54,52
9,30,68,64,7
10,1,33,47,52
11,33,10,33,11
12,35,29,20,49
13,67,34,9,55
14,58,31,68,18
15,67,49,23,53
16,23,57,46,12
17,50,30,23,60
18,52,64,64,27
19,51,36,21,66
20,34,52,18,55
21,47,55,35,34
22,8,59,33,0
23,45,43,31,33
24,16,23,19,58
25,3,37,41,47
26,35,38,43,32
27,36,63,46,3
28,62,59,31,24
29,41,42,62,29
30,41,53,36,18
31,24,7,62,66
32,48,67,24,22
33,50,65,12,14
34,50,5,32,52
