0
Grid:
60,60
............................................................
............................................................
............................................................
............................................................
............................................................
............................................................
............................................................
............................................................
............................................................
............................................................
............................................................
............................................................
............................................................
............................................................
............................................................
............................................................
............................................................
............................................................
............................................................
............................................................
............................................................
............................................................
............................................................
............................................................
............................................................
............................................................
............................................................
............................................................
............................................................
............................................................
............................................................
............................................................
............................................................
............................................................
............................................................
............................................................
............................................................
............................................................
............................................................
............................................................
............................................................
............................................................
............................................................
............................................................
............................................................
............................................................
............................................................
............................................................
............................................................
............................................................
............................................................
............................................................
............................................................
............................................................
............................................................
............................................................
............................................................
............................................................
............................................................
............................................................
Agents:
30
0,31,15,3,41
1,13,56,10,5
2,45,46,27,39
3,45,55,0,55
4,18,46,53,8
5,35,32,1,2
6,3,40,25,13
7,26,52,54,49
8,33,38,34,0
9,7,3,39,28
10,54,9,47,35
11,7,21,6,51
12,41,59,49,47
13,36,23,57,20
14,26,43,11,2
15,45,6,53,32
16,18,47,51,59
17,6,13,36,39
18,37,12,12,46
19,23,56,47,43
20,14,13,12,54
21,44,13,27,34
22,9,18,35,2
23,15,21,33,15
24,20,53,51,19
25,57,15,38,30
26,18,29,9,0
27,41,22,6,18
28,8,52,7,1
29,14,45,28,22
