0
Grid:
60,60
.@....@....@..@@........@.....@..@...@.@..@........@...@....
.@@...@....@.................@..@@...@.@.......@..........@@
@....@.....@..@@.@.@.@..@...@....@.....@......@@......@...@.
.@......@@..@@......@@......@.@.@.@..@.....@...@.@@..@......
.@@.@..@.@.@.@....@..@@........@.......@@.@......@....@.@@.@
..@...@.....@...@@..@....@...@......@..@.@.......@.@.@...@..
.....@...@@.@.@.@......@..@...........@.@...@.@.@..@......@.
.......@..@.....@...@@.@..@@@..@..@....@..@.....@.......@...
....@...@.@..@.....@......@..@.......@.@.@...@.......@@@@@..
..@@.@@.@.@......@.@@...........@.....@........@..@...@...@.
........@...@.@.@..@.....@..@......@.@.@.....@.@@...........
.@.........@.@@..@.......@...@@................@.@...@.....@
............@@....@...@@..@...@.......@...@...@.@...@..@...@
.@.....@..@@@.@@.......@..@.....@@....@........@..@@.....@..
...@...@........@.@.@.@.@......@..@.......@...@..@@...@.....
...@@@......@....@.......@@.@@....@@....@............@@@....
...@@@......@...@@.@@.....@...@@@@@.@@@......@.@@....@....@.
@....@.@@@.@......@@...@@..................@@......@.@@@...@
@@...@.@...@........@............................@.@...@.@@.
@..@..@...........@@..@@...@..@.@.@@..@.....@.@.@.@.........
..@....@@..@......@..@..@........@.....@.@@@.@......@...@...
@.@..@...........@.@....@......@.@......@......@..........@@
@@.@.@...@........@.....@.....@..@....@..@.@..@..@....@..@..
..@.............@...............@@@...........@@@..........@
@@....@.@@...@@@..@.......@..@.@........@@...@..@...@.....@@
........@.......@..............@@.....@@.@.......@....@.....
..@..@...@....@@..@.@..........@@..@..........@.@@..@@@.....
..............@...@@@.@@..@..@..@......@.@...@...@.@.@...@@.
.....@......@..@..@@.......@..@@...@@....@@..@...........@..
.....@....@@...@..........@@.@@....@..@..........@........@.
.......@....@.@...@@@@...@.@....@.@....@@.@..@...@..@..@..@.
....@.@..@...............@..@.@@...@@.......@.@..@..........
...........@@......@@...@...@...@...@.@@...@....@....@..@..@
.....@..@...@@.....@.@@.............@.....@@....@...........
@..@..@.......@@....@...@@......@@.@...@....@..@...@........
...@...@@@...@....@@.@....@.......@.....@...........@..@....
..@..@@.@@......@.@@....@..@.....@@@@.........@....@...@..@.
...........@........@@..........@@........@.@@..@..@.@..@@..
.@@.@....@....@.....@@.@@...............@...@....@@@.....@..
.........@@..@...@@..@....@@...........@...@@..........@....
@...@..........@.....@@....................@................
@.....@..@.@......@@@@.......@..@..@.@@@......@.............
.@@...@.@@@@.@...@....@...@..@.................@@.......@...
.@@@..@@@...........@.@@...@..@..........@.@.@.@..@.....@...
...@@.........@.@.@.@.@.@.....@..@.@......@...@...@.........
...@..@......@......@.@..@................................@.
@.@@.@@@..@............@@.@@@.@@.....@......@....@@.....@...
.@.@.@.@...............@@....@@..@.....@.@..@...@@..........
..@.@.@......@@..@..@.@@..@...@.@@..@.@@@@.......@@@..@.@@..
...@......@@......@@...@..@.@....@@..@.@@....@.....@...@.@@.
.@.......@.@...@..@......@.....@.@..@...@@.@.@..........@@..
...@@@....@....@.......@....@@@.....@.@@......@..@@.@.......
@.........@@.@@@.@@@....@@.......@..@.....@..@.@......@@....
......@..@....@@....@.@....@.@......................@.......
..@.@...@..@.....@...@.@.....@...@@..@.@@@.@@@@.@.@.....@...
.@@...@....@@.@.@....@......@@....@....@@....@@@.@...@......
@@@@.@.......@....@..@.@@@@@.....@.@..@@..@..@.....@.......@
........@....@.@..@..@...@@..@..@..@@...@.....@...@@.@..@..@
.@...@@.@@..@.....@@..@......@...@...@..........@.@.........
....@..@..@...@...@@..@.....@.....@....@....@.@..@@.......@.
Agents:
35
0,22,35,0,44
1,11,35,23,58
2,15,44,19,31
3,43,46,55,5
4,21,20,42,16
5,55,23,5,8
6,58,38,55,42
7,30,13,0,52
8,27,55,25,28
9,26,37,3,24
10,42,51,49,5
11,53,31,46,42
12,37,25,44,15
13,25,50,8,46
14,3,14,22,27
15,57,30,14,19
16,45,16,51,21
17,46,48,14,6
18,19,29,22,32
19,35,24,35,14
20,24,49,5,23
21,25,37,29,56
22,13,28,33,29
23,28,53,32,1
24,54,5,58,43
25,41,50,0,26
26,47,13,56,44
27,9,37,43,12
28,26,4,33,57
29,6,47,31,58
30,20,28,36,53
31,42,31,45,49
32,48,19,22,7
33,12,15,55,30
34,35,30,5,28
