2
Grid:
70,70
......................................................................
......................................................................
......................................................................
......................................................................
......................................................................
......................................................................
......................................................................
......................................................................
......................................................................
......................................................................
......................................................................
......................................................................
......................................................................
......................................................................
......................................................................
......................................................................
......................................................................
......................................................................
......................................................................
......................................................................
......................................................................
......................................................................
......................................................................
......................................................................
......................................................................
......................................................................
......................................................................
......................................................................
......................................................................
......................................................................
......................................................................
......................................................................
......................................................................
......................................................................
......................................................................
......................................................................
......................................................................
......................................................................
......................................................................
......................................................................
......................................................................
......................................................................
......................................................................
......................................................................
......................................................................
......................................................................
......................................................................
......................................................................
......................................................................
......................................................................
......................................................................
......................................................................
......................................................................
......................................................................
......................................................................
......................................................................
......................................................................
......................................................................
......................................................................
......................................................................
......................................................................
......................................................................
......................................................................
......................................................................
......................................................................
......................................................................
......................................................................
......................................................................
......................................................................
......................................................................
Agents:
60
0,1,21,32,29
1,60,62,29,46
2,21,1,69,24
3,22,1,15,45
4,15,67,42,24
5,28,52,12,16
6,33,62,57,17
7,16,55,61,56
8,43,68,53,63
9,21,28,49,12
10,28,57,28,44
11,60,22,41,68
12,61,0,11,52
13,37,28,4,38
14,69,51,26,41
15,54,44,65,66
16,31,26,59,62
17,46,15,66,15
18,49,52,62,31
19,15,25,33,45
20,40,63,19,25
21,44,13,56,36
22,20,5,16,17
23,31,21,45,49
24,14,30,63,55
25,8,44,14,65
26,35,51,61,47
27,47,14,13,16
28,31,38,67,22
29,0,21,23,30
30,34,64,31,44
31,1,34,13,58
32,12,54,43,38
33,20,7,27,54
34,15,1,8,48
35,6,61,57,23
36,53,65,55,3
37,58,35,48,4
38,13,46,49,2
39,1,56,44,45
40,39,16,43,15
41,14,38,12,13
42,43,10,2,10
43,9,49,14,30
44,48,32,32,14
45,53,11,6,54
46,51,63,66,61
47,61,46,63,63
48,61,9,1,14
49,0,36,49,33
50,54,23,68,28
51,5,12,33,53
52,23,16,45,24
53,60,39,23,41
54,63,12,21,14
55,0,55,23,26
56,36,14,1,25
57,52,18,18,22
58,49,33,59,58
59,60,2,24,9
