0
Grid:
70,70
..@....@...@@......@..@.......@....................@..@...........@...
...@......@..@.@....@@.@@...............@.@.@.......@.@......@.@...@..
....@.......@...@.@..................@@..@.....@...@............@...@.
.@.@@........@..@...@@....@..@...........@.......@@@.......@@@@...@...
.@....@...............@....@........@@...........@...@........@....@.@
@@......@.@.@.@.@.....@..............@.@.....@..@..............@......
..@@......@.@..@.......@.@.@...@......@@.@.......@.@..........@..@....
@..@.@..@...........@..@.@.....@......@...@..............@@.....@.....
.....@..@...@.......@........@..........@....@@....@..@....@....@.....
....@...@...@..............@.....@....@....@..@....@@.....@..@..@@....
..@.@.......@....@.................@.......@.@.....@...@@....@..@.@.@.
@@@....@.................@.......@...@@.@................@@..@.......@
........@@.....@...@.............@........@@.@......@@...@........@...
@.@.......@....@..@..@....@.@@...@.@...@@....@.......@....@......@..@@
.....@...@..@...........@...@...............@..@...@@@.@........@....@
...........@......@....@.@..@.@...@..@@...............................
.@.....@.@.@.......@..@.................@.........@..@............@...
....@.............@....@@...@....@........@@...@@.......@...@.@.......
...........@........@....@.@.@@.........@..@............@......@...@..
@..@..@..@.@...@......@...........................@..........@.@..@..@
@.@.@....@.@..........@...@.........................@..@....@.......@.
@.....@....@..@.@...@.............................@..@...........@....
......@.@...@.....@...........@@..@..@.....@..@.........@..@...@......
.@@@.@......@..@.....@..@........@.@.....@.....@......@.......@....@..
.@..........@..@.@@.....@.....@...@.@.@.............@...............@.
@.@..@@.@.....@...........@.....@.....@..@..........@@@.@.@.@@...@@...
....@.....@@@@.@@..@......@........@.@...................@........@@..
.@.......@@......@....@...@.@....@.....@@......@..@...@.@.....@.......
.@..@@.@..@.........@.@.@.@.@..@.....@.....@@...........@.@...........
@@.......@......@..@@.........@....@.......@@...@..@...........@@....@
@...@@........@@.@.@.@........@@@..@...@.................@..@@...@.@..
...@.@..@....@..@......@@@@............@..@@@..@.@.@.@....@......@....
@......@@.@@@.@...@@........@.....@.@....@@@@...................@.....
..@.@........@..@@.........@...@...........@.....@...@...@@...........
@.@....@..@.........@...@..........@..@...@.....@..@..............@..@
.....@..@...@.....@...@....@...@@................@..........@.....@...
.@..@..............@..@......@...@.@@.....@...@@....@...@.....@.@.....
@..@......................@.@.....@......@....@..@....@.@.........@...
....@..@.....@@........@....@.@.@.............@.@...@.....@...@.@.....
@@.....@.@@...@........@.@.........@........@@@..........@.@...@..@@..
.@...@.@...@........@.........@........@..@......@.....@.....@@.@.@@..
....@.@.@....@.....@...............@.@.......@....@......@.@@....@...@
@.......@..@...@...@....@..@@.@............@@@....@..@.@....@@@.@.@.@.
@.@..@.......@.@@.@@....@....@....@......@.................@....@..@@.
.@.@.@.........@.@..@...@..@@....@@.@...@..............@.........@...@
........@@..................@.......@@....@.@@..@.....@@@..@..........
........@......@........@....@..................@.....@.@..@.......@..
.@.....@..@@.@@@....@............@....@............@..@..@.@........@.
@@.......................@......@..@......@.@..@@.....@......@..@@....
.............@.......@....@.......@.......@@.....@..@...@..........@..
@................@...@.....@....@@..@@..@...@...................@..@..
.@.@....@.@.@@...@.....@.@@..@.....@......@@..@.........@.......@@..@.
....@..@@.....@...@.@.....@...@........................@@......@....@.
.@@.......@.@.@.....@@@..............@....@@............@..@.@.@@.....
.......@.@.@.........@........@....@....@@...@@@...@................@.
......@...@...............@@.@@...............@..@@@....@.@....@@.@...
@.@.@.@..................................@...@............@..@.......@
..@@.@.@....@@.........@.@...@..@.........@@......@...............@.@.
....@.@..........@..............@@.@@...@....@....@.@@................
@....@..@....@...@@....@...@...........@.....@.....@..@.............@.
..@.@..@...@................@.@.....@.@..@@@...@@@@....@...........@..
@..@.........@.@..@.@...@@...@...@.@..@@@..@@.........@..@.@@...@...@.
...@@@...@...@..@@..............@.....@...@..@...@@@@@.......@.@..@...
.....@..@...@.@.@...@...@.......@......@...@......@....@.@.....@@@..@.
.@.....................@.....@....@.....@...@......@.......@.@....@..@
....@....@...................@@...@.@...............@@........@@@.....
....@......@........@@..@.@@.@....@.@....@@..@..............@..@......
.@..@.@.....@....@............@.......@..@.......@....@..@..@.........
@................@@.@....@......@@.......@...@....@..@.......@...@..@.
@.@.....@......@.@..@................@@...@@.@.@@..@..@..@..@......@..
Agents:
50
0,54,18,65,41
1,40,4,49,33
2,59,58,14,22
3,68,8,50,10
4,24,9,3,40
5,48,33,12,22
6,18,66,16,42
7,69,61,9,13
8,67,47,65,55
9,10,57,23,9
10,41,42,69,10
11,56,5,65,18
12,41,40,7,45
13,36,63,37,39
14,4,65,8,69
15,44,7,60,10
16,25,51,52,31
17,2,0,8,49
18,58,12,39,54
19,15,62,53,40
20,36,26,59,21
21,34,25,52,25
22,56,25,3,47
23,64,9,40,63
24,41,12,62,58
25,42,31,28,49
26,4,52,6,58
27,19,64,13,37
28,21,61,22,66
29,35,15,31,68
30,56,19,38,3
31,4,4,63,15
32,22,10,46,57
33,0,4,4,3
34,53,32,17,7
35,45,61,5,26
36,19,42,6,11
37,33,61,29,61
38,28,27,38,65
39,7,33,49,6
40,42,41,23,69
41,4,42,50,57
42,60,40,27,51
43,24,0,43,56
44,44,52,15,45
45,13,22,55,33
46,58,31,22,5
47,24,25,14,42
48,51,14,65,42
49,11,59,0,15
