1
Grid:
60,60
....@.@.@............@@.@.@......@....@......@...........@..
@..@@...@@@.@.@@....@....@..@..@..@@......@@..@.@.....@@....
..@@@@.@@.@.@..@.@.@..@...@...@...@.@@...........@.@@@@@.@..
@...@...@.@.@..@...@..@....@....@.@.....@.....@@@..@.....@@.
@@....@.@.@.@.@@...@.@....@...@...@...@.@.@@...@@.@.@@......
...@.@..@@.@@...@@@.@..@@....@..@@..@..@...@...........@....
..@.@.@@@@...@@..@@...@@.......@@@.@@..@@.....@.@.@@........
........@......@@....@.....@.@.....@@@.@@.@@..@...@@........
@@..@..........@..@@.....@.@@.@..@@...@.@................@..
..@....@.@........@.@@@@..@@.@..@@.@.@..........@@....@..@..
..@...@@....@...@@....@..@.@......@.......@.@......@@@@.@..@
@.@@..@.....@.@@...@..@...@.@@@.@..........@@....@.@.@@..@.@
.@.@@@....@...............@.@....@.....@..@...@@@@@.........
......@.@@@.@...@@..@.@....@..@.@...@..@.@.@.@......@@..@..@
...@......@..@.......@..........@@@@@.........@@............
......@...@....@..@.@..@.......@@..@..@...@.@.....@.......@@
.@.@@...........@...@.@..........@@@..@.@......@...@.....@..
@.@.....@@..@....@....@@.@@.@..@@@@@@....@..@@.@@........@..
@......@@...@@..................@......@.@@@...@.......@..@@
@.@@@.@@@..@.@@.......@.@.....@.@......@..@.@.@@..@.....@...
.@..@@@@.@.....@....@...@........@.@@...@..@.@......@@.@.@@@
..@..@..@..@.....@.@@.@..@@.@@...@@..@.@@@@..@@..@.@.@@...@.
..@.@...@@.@.@...@......@.@@@@@@.@..@...@@.@...@@.....@@....
...@..@...........@.............@..@..@..@..@.@..@...@......
@@@.@...@@@.@@@@..@.....@@......@.@@@........@.@@@.@@.@..@..
.@.......@...@.@.@...@.....@...@...@.@.........@..@@@@...@..
@.....@.@......@.....@..@.@.@...@...@..@@.@@.@...@..@.@.@.@@
.@................@@.....@.....@......@@...@.@...@@..@@.....
.@@...@.@.@...@..@..@@...............@@@....@@@@......@..@..
..@..@.@@.@......@.....@.@..@.@.@.@.....@@@@...@...@..@.....
@..@...@..@@@.......@.@......@....@........@..@.....@.@@@...
.@....@.@.@@@.......@@.@...@..@@..@.@....@...@..@........@..
.@..@.....@.@.....@..@...................@@....@.....@...@@@
@...@...@.@@@.@......@.@.@.............@....@.....@.@.@.....
.....@@.@...@@..@@.@........@...@....@........@@@@...@@@@...
@.@.@...@.....@..@...@@....@.@.....@.......@.@....@@@.@.@@@@
......@....@..........@@..@@........@.........@@.@@.......@.
@.......@@.@....@......@.@..@@..........@...................
..@..@..@....@..@....@@...@.................@@@@....@.@.@..@
.@@@@.@.@@.@@...@...@.............@@@@@...@.@@..@...@@....@.
.@..@....@..@....@...@@@....@...@...@@.......@@..@.....@..@.
..@@.@.@.....@@.@@...@@@.......@....@@@...@@....@.@..@.@@...
..@.@......@@...@.......@@..@@.....@.........@.@.....@...@@.
..@..........@.@.@..@.......@@@@.@....@.@...@@..@.@@........
@.@.@@.@........@@..@.@@@..@..@....@.@.....@...@....@@.@@@.@
@...@@..@.....@..@.....@...@..@............@@..@.....@..@...
@..........@@...@@.....@......@@@.....@..@...@.@.@.@...@..@@
@.@.@@@..@@.............@@@@@.@@...@.....@@.@.@.@@..@@..@..@
@@...@.@@....@......@............@..@...@.@.......@.....@@..
@@@.@@@@....@....@.@......@.@..@..@....@...@@........@@...@.
.@@.....@@@............@....@@@...............@.@.......@...
....@...@.....@@@.@@....@.....@@@.@.......@@@@...@@......@@.
..@.@...@.@..@......@@...@.@...@..@..@...........@@......@..
@...............@...@..@..@@..@@..@.@.@.......@.@.@....@....
.@......@@@@..@@.@....@...@@....@@@....@@@........@...@@@..@
..@@..@..@@@.....@....@.@....@.................@.@....@.@...
@......@@@.......@...@...@.@@.@....@...@...@..@.@...@.......
@....@@..@@.........@.@@@@@...@.@........@@@.@.@.........@@.
..........@@.....@@.....@@.@.@.@...@.@..@.@@..@.@..@.@.@.@..
.........@@@@.....@@..@@..@.@....@.@.@@.@....@@.@.@@....@.@.
Agents:
35
0,18,27,6,0
1,31,7,18,49
2,58,41,38,34
3,8,56,32,26
4,45,20,11,45
5,30,42,12,52
6,19,31,38,36
7,0,43,15,27
8,18,20,50,42
9,36,30,40,15
10,31,24,37,51
11,27,23,39,29
12,5,54,37,50
13,55,28,24,43
14,29,50,48,11
15,49,13,58,4
16,16,37,40,43
17,33,20,38,11
18,55,57,51,59
19,17,58,17,58
20,4,13,1,18
21,7,2,2,50
22,51,1,34,9
23,35,31,14,8
24,59,57,59,57
25,51,48,39,0
26,47,47,9,40
27,14,29,25,46
28,47,16,52,11
29,12,22,35,33
30,18,51,56,19
31,46,27,30,15
32,37,27,49,9
33,14,17,49,13
34,13,19,52,12
