2
Grid:
60,60
...@..@.....@.....@@.@.....@..@.....@@..@.@...@@.@.....@..@.
.........@@.@@...@..@.@....@@..@...@@@.@....@.@.......@@....
.......@@@....@.......@@.@...@@......@..@.@.@.@.@....@.@.@..
...@..@@@....@.........@....@@@......@....@.@...@....@..@...
@..@........@.@@........@@...@@..@.....@..@@.@@....@@@....@.
@..@.@@@...@.......@..@@...@..............@..@..@@...@...@..
.......@.....@......@.......@..@@.....@@...@......@......@..
@..@@..@@@....@.......@.@...........@@............@@..@@@.@.
...@...@.......@.@..@...@...@...@@.@.@..@..@@@..........@...
@@.@..@..@............@..................@...........@@.@@@.
....@@.........@.....@......@@@@@.@..@@..@.@@...@...@.....@@
....@......@@.@@.....@...@@..@..@.@@.......@.@@@.....@..@@@.
@.@@..@@@..@...@.@.@......@..@.....@.@........@.@.....@.@@.@
@.........@@....@............@..@............@@.@@.......@.@
....@.@......@...@...@..@.....................@.@.@@...@....
@......@@..@..........@..................@.........@...@....
....@.......@.......@@.@.@@@@.@....@@.......@@.....@...@..@.
..@@..@@.@..@...@..@........@.@...@.@@.@...@....@..@@.@..@..
@.@.@..@.@..@..@......@.@@.@...............@....@@........@.
.@@....@.....@....@....@@....@.@....@......@.@..@.@........@
...@....@..@.@.............@.............@...@....@...@..@@@
@.@...@.....@...@@@.....@.@........@@.......@.@.@..........@
.....@.@.@@...@........@@....@...@.........@...@.@..@@.@....
.@.......@@....@....@..@...@.........@@.@...@.@.........@@@.
..@......@.......@..@@@...@....@...........@..@..@@.@.......
....@.......@@..@.............@........@@@..@...@...@..@@...
......@.@@......@@...@.@........@.................@@...@...@
.@....@.@..@@@...@..........@.@@.....@...............@@@....
@.@@...........@..@.@...@.....@@....@.@..@.@@............@..
...@@..@..@........@.........@@@....@.....@@.@...@@@.@@@.@@@
@@...@..@....@...@.@.@...@........@.@@.....@@@...@..........
@.@......@..@..@...@..............@......@.....@@.@.@@.@....
.......@@@@@.@@@@..@.@.@@@@..........@.@@@@.@...@.@...@.....
..@.@...@........@.@....@.........@......@.@.@....@.....@.@.
@.............@.@........@...@.....@..............@@.@.@...@
..@.@..@.@....@.@.@..@@......@..........@@............@.....
.......@...@...@@.@@..@.@.@@.........@.@@.@........@.......@
......@...@@..@..@@.......@@.@.@...@....@@.............@.@..
.@.@@..@@@..@@@@....@.@...@.....@.......@...@@..@.....@.@@@@
..@...@...@.....@.....@@...@.@..@..@................@...@@@.
...@.@...@.....@..@.......@....@...@.@...@......@.....@@....
.@.@@@@@...@.....@.........@@..@....@.............@.....@@@.
@@@.@.@@..@@.@....@@..@..@.@...............@...@..@@......@.
@.....@.@@@....@...@....@.@.......@............@..@...@.@...
@..@@.....@..@@...@.........@..........@...@...@.....@...@..
.....@@......@@....@.@.....@..@......@......@@.@@..@@.......
..@.@..........@......@.@..@......@.....@...@@.@..@.@.....@.
.@......@.@...@....@..@...@.......@.@....@.@...@..@..@.@@...
@....@@..@....@.@................@...@..@..@.@...@...@......
......@..@..@....@.......@.......@..........@.@@...@@......@
...........@.....@.@@....@..@..@......@........@@@@@.....@..
........@..@...@.....@......@..@....@@..@@.......@..........
................@....................@......@..@.@@..@......
....@.@.@..@@..@.......@@.........@.@.@..@....@......@.@.@..
.@.@..@..@.........@...@.@@...@@.........@...@@@@.@.@...@..@
.@.@..@..@...@........@@.@.....................@..@...@@..@.
@.@.....@...@....@..@.....@.......@.@........@..@@@...@.....
@.@.........@......@.@...@.....@....................@.@.....
.....@..@@...............@.....@...@...@....@.....@.....@@@@
@@...@........@.@......@..@.@@...@@.@@......@...@@...@@@....
Agents:
45
0,20,29,55,59
1,33,29,32,49
2,59,22,5,30
3,49,16,27,4
4,12,4,56,10
5,57,51,34,27
6,55,35,32,28
7,48,44,37,3
8,24,35,45,41
9,5,4,38,46
10,58,12,46,17
11,20,43,13,21
12,35,19,28,46
13,18,18,42,45
14,46,7,45,11
15,42,21,0,52
16,2,20,28,25
17,38,34,13,5
18,47,20,8,31
19,8,47,6,29
20,7,35,6,36
21,4,55,24,4
22,26,29,24,36
23,16,9,17,33
24,57,36,18,52
25,56,29,29,20
26,29,38,7,19
27,2,3,5,14
28,33,9,16,46
29,5,30,16,54
30,58,10,20,49
31,5,44,45,53
32,34,24,5,9
33,51,17,45,34
34,49,39,34,45
35,23,2,44,40
36,38,55,52,39
37,20,9,12,9
38,47,31,53,27
39,59,27,13,33
40,33,1,30,28
41,22,34,26,25
42,48,56,2,59
43,49,55,3,35
44,30,11,48,18
