0
Grid:
60,60
@@...@..@...@.@..@...@@...@..@.@...@...@.........@.....@@...
.@...@@....@.@..@@@..@@.@...@...@.@..@...@.....@@..@@@.@..@@
@..@..@.......@..@....@.@.........@.......@..@......@....@.@
....@..@..@..@.....@@@.....@......@@@.......@...@...@...@@@@
.@...@....@......@.....@.@...@@..@.........@....@@...@@..@@.
.....@...@....@.......@.@@.........@......@..........@...@..
@....@@..@...@...@..@....@..@..@..@.@....@@@....@.@...@.@.@.
......@@@@.......@@..@.@........@@..@@...@@.@.......@.@.@@..
........@@@...........@....@@.@..@....@....@@......@...@@...
......@.........@.@@............@...@...@@...@.@..@@........
...@.........@........@..@.@......@.@@..@@.@.........@....@.
@..@......@.@.........@.....@@@@.......@....@@.@@....@....@.
.........................@......@...@..@...@...@.......@....
@....@...@...@..@...@.....@@.......@@@.@..@.@........@....@.
@...@...........@..@@.@....@...@..@.....@......@..@@...@..@@
......@@@.@@@.......@..@...@......@........@@...@.@@........
........@..@@...@@...@@...@@.@...@.....@.....@@.@.@.@.@@...@
........@............@....@@...@@.@.@..@.......@.@....@.@@..
......@...@@.@@......@@....@@.....@@...@.................@@@
...@@.........@.@@.....@....@..@..@..@..@....@.@..........@@
@@...@.@@..@.....@..@.......@.....@@@..@.@.@......@.....@...
@.@@.......@..@...........@.@@.@.@..@..@.@......@..@.@......
.@@..@.....@@...@..@@..@.....@...................@.........@
.@...@.@.@.......@...@@....@@.@@@@.@....@@..@.....@......@..
.@@....@.@...@.@.......@.....@...@........@@....@.@...@.....
.......@@.......@@.@..@@.@.@.@..@.@@.@......@..@..@.@@....@.
........@.@@.........@@..@..........@..@@......@@..........@
..@@.@@....@......@......@......@....@....@.@...@.@.........
..@...@......@..@...@@...@......@......@@@.@...@......@@@.@.
.@@@..@.........@....@...@....@@.@.....@.@.@....@...@.......
@@..@@...@.................@..............@.......@...@.....
.@......@@@.............@@@...@@..@.@..@..@@@...@......@....
........@.@.@.......@......@@@....@..@..@.@........@@@@....@
..@...@.@........@....@.....@....@..@....@......@.@@..@..@..
...@@@@.@.@@.......@..@...@.......@@...@...........@@@.@...@
.....@.@........@..............@@@......@.....@@@....@......
..........@....@..@..@...@.....@......@.@..@......@@........
.@....@...@@..@...@.@....@.......@@@...@..@@......@.@@@...@@
@@@....@.....@.@.@.@@@....@...@@@@@..@......@......@@....@..
..@.......@..@@.............@@...@........@.@.....@..@.@.@@.
.@....@.@.......@@@@..@....@@....@...@..............@...@@..
..@.@.@...@@..@.......@@...........@.@..@.........@....@@..@
.@..@.@@..............@........@@.......@...@.....@.@.@.....
..........@..@.@.@@...........@@@.@....@...@...@....@....@.@
.@...@......@.....@@..@@.....@@........@...@...@..@......@@.
........@@......@..@..@...@......@.....@.@.@........@.......
..@@.@.........@....@...@.@...@..@.@.@...@....@....@.@....@.
......@...........@.......@.....@...........@.@@.@...@......
.@@.........@.@.....@.....@...@@@..@...@.......@.@.@..@....@
@....@.......@.@..........@......@@...@.@..@...@.....@......
@@......@.....@...@@@.@.......@@......@....@...........@.@..
...@..@..@.@....@.@...@@.......@...@.....@@.@@..@....@@...@.
@@@...@......@.@.@@........@.@..@.@..@...@@.@.@....@.@....@.
@...@....@.@@@@.....@.@.@..@@@..........@.@.@..@.@....@.@...
.....@..@...@@..@.@..@..@....@............@...@......@@.....
@.....@...@....@...@.............@.......@.@.....@@@........
@......@....@..@.@...@....@@..@@..@......@...@........@.....
@....@@.......@.@@....@....@.@@@............@.....@.....@@.@
@....@@@.@.@...@.....@@......@..................@@......@.@.
@.@.....................@....@.....@@.....@...........@.....
Agents:
40
0,25,57,28,12
1,26,17,48,48
2,25,40,52,12
3,20,23,17,53
4,32,16,16,9
5,31,38,39,17
6,9,49,26,17
7,35,10,55,40
8,13,15,8,49
9,53,26,42,10
10,38,10,9,48
11,59,14,8,41
12,48,27,25,56
13,40,59,2,37
14,15,30,17,14
15,14,15,59,31
16,11,57,52,36
17,29,19,17,5
18,17,13,49,45
19,11,6,9,31
20,32,46,45,38
21,30,41,39,7
22,50,15,39,38
23,17,11,42,34
24,53,46,55,48
25,23,39,27,58
26,55,58,11,11
27,13,34,37,57
28,9,25,6,44
29,59,53,53,18
30,42,59,21,37
31,15,42,49,52
32,48,18,26,23
33,25,56,21,9
34,46,59,42,27
35,3,43,45,5
36,43,11,41,34
37,43,20,32,44
38,10,39,59,6
39,18,23,35,51
