2
Grid:
60,60
....@..@@@@@@....@.......@......@@.@.......@...@@.@......@.@
........@@...@@..@@@..@..@@@@@..@.......@...@@.@..@.....@...
@..@......@@....@...@.@.....@......@@.........@....@...@@@.@
..@......@..@@...@...@.........................@.@...@.@....
.@@....@@@.@.@...@.@.@..@..@.@.............@....@...@....@..
@...@....@......@.@.....@........@@@...@.......@.@.@......@@
.@@@@.@....@@...@........@@..@..@@...@@@...@..@@...@@.@.@@..
.@@.@.@.........@.@..........@@@.@@@@.@@.@..@...@@.@..@@....
...........@.@@.....@@@@@.@....@....@.......@....@.@.......@
@@......@......@@...@@@@.@@....@@@...@@......@.@.@.........@
@@@...@@@@.....@...@....@....@.@.....@@@@@.@@.@..@....@..@..
@@@...@@.@@...@......@@.@.@.@.@..........@.@@..@....@@.@@...
.....@.......@@@@.......@.....@@@@..@..@@...........@@@.@..@
@.@.....@..@.@.@.......@@......@@..@............@.....@...@.
....@.@.@..@.@@......@@......@.@..@@...@@@@......@..........
.@@@@.@@..............@@..@@.......@@...@......@.@..@@..@.@@
@....@.....@......@....@.....@.@.@....@..@@@.@........@..@@@
..@...........@..@@@@.@........@@.......@.......@.....@...@@
....@..@.@.@.@@.@....@.......@...@.......@.@@.....@.@@..@...
....@.@@....@@..@.@@.@.@..@.@..@....@@@......@.@.....@@.@.@@
.........@@.@...@..@............@........@@.@.@..@@@@@@..@.@
.@@@.@..@..@@..@.@....@........@.@.@.@.@.....@....@...@@@@..
.@@.......@..@@..@.......@.@..@...@.@.@..............@......
.@..@@@@......@.@.@.....@@@.@@.....@..........@@@.@@....@..@
.@.@..@..@..@.@....@......................@...@@..@....@@@..
@@....@.@..@....@...@@.@......@.....@....@.@.@@.@..@.@@@....
...@...........@@.....@...@.....@..@.......@....@..........@
.@....@@.@@....@............@.@.@...@..@@.@.....@...@...@...
@...@........@..@@@@......@@.@.@@.......@.@.@....@........@.
@.......@...@@.........@..@.@.......@@@......@......@...@@..
.@@..............@@...@.........@.@.............@@...@@.....
.@....@.......@@@..@....@@................@.....@@..@@@.....
..@..@.@.@..@.@...@.@..@@@.@.......@.@.....@@..@@@@.@.@@....
...@....@.@..@@...@.@@.@@.....@.@@.@@@.@.@@..@@.....@@...@..
@@..@@@..@..@@..@.@@.@...@.@.@.......@.@@...........@.@..@@.
..@..@.@.@@..@.@...@.......@@@......@...@.....@.........@@..
...@.........@.....@@@.@..@.@..@.@@@.@@.............@.......
....@.@.@@..@....@...@...@.....@@...@.@.@@...@@@....@.@@..@.
..@...@.@..@.@.@..@...........@......@.@.@@@.@..@@.@..@@@..@
.@.@..@........@@@@@@........@@@@.@.....@.@..@@@..@@.@@.....
.@.@.....@......@@......@@@................@@...@..@........
..@@.....@@..............@......@..@....@@..@.....@@...@.@..
.@.....@.@.........@@.@@.....@@....@@...@...@@..@.@.@.@@.@..
........@.@..@.@@....@@@.@@@.@..@.@.@.@....@.@@.@.@...@..@@@
...@...@..@.........@.@..@@.........@...@@...@@.@...@@.@....
.@.....@...@...@.@....@..@@@....@..@............@.......@...
.@.....@@......@..@.....@.@...@....@....@...........@.@..@@.
@.@@..@.@@......@........@.@@...@.......@.....@...@@.@.@@...
...@....@....@@.@@@@@....@...@.......@...@..@.......@..@@@.@
@.@....@@....@@@...@..@.....@....@.@.@..@............@@..@..
..@..@....@....@@@@.@@@..@.....@@...@...@@@..@..@.@@@....@..
.@@...@.......@@.....@........@..@@@...@...@.@@@..@.....@...
@..@......@...@.@.........@.@.@..@.@.@...........@@.@.@..@@.
.@@.@.@..@.@@..@@@@........@@..@@.@..@@....@@...@.....@@@..@
@.......@.@@......@.@...@@@@..@@@@...@@.@@...@..@...@....@@@
..@@....@.@@.@.@.@@...@@.....@..@.@@.@.......@@@......@.@...
.@.@@....@@@...@.....@@@.@@@.@......@....@@.................
..@..@...@...@.@@..@.....@.@@@.@....@........@.@@..@@..@..@.
....@.@...........@......................@..@........@.@@@.@
.@.@.......@@.@.@.....@.@..@@..@..@@@.@@....@@@.@..@.....@..
Agents:
60
0,28,51,41,19
1,19,55,41,24
2,39,13,8,53
3,54,34,42,39
4,40,22,38,35
5,48,5,46,12
6,0,44,0,46
7,41,1,45,54
8,22,21,46,49
9,44,56,39,52
10,58,40,58,2
11,28,20,44,2
12,19,29,36,47
13,38,58,11,8
14,10,55,36,41
15,18,25,10,35
16,41,53,7,27
17,10,45,4,36
18,13,14,13,14
19,57,34,27,18
20,16,55,22,59
21,31,39,39,4
22,41,31,33,29
23,58,50,18,6
24,15,17,7,21
25,44,50,59,2
26,54,1,15,33
27,20,38,18,54
28,45,12,52,42
29,27,14,23,49
30,19,24,12,58
31,9,48,49,23
32,10,23,38,22
33,1,52,19,0
34,34,53,31,35
35,56,44,30,13
36,50,55,42,43
37,12,45,46,6
38,22,50,56,53
39,13,45,57,11
40,33,16,33,1
41,52,44,26,18
42,47,45,18,45
43,40,59,34,10
44,46,17,58,13
45,12,47,49,46
46,11,4,35,50
47,55,27,35,55
48,49,4,18,35
49,2,32,5,13
50,47,13,4,45
51,35,51,50,11
52,33,54,14,50
53,45,16,0,26
54,49,3,18,28
55,3,16,52,19
56,13,57,15,43
57,57,33,42,17
58,42,25,48,35
59,54,43,44,38
