0
Grid:
70,70
....@....@....@.....@@@@...@.......@....@.@....@..@..........@..@@....
....@.........@....@...@............@...@.@....@..@.....@.@..@@.....@.
@..@.........@....@....@@@......@.@.@..@..........@@........@..@......
................@........@..@..@....@..........@.........@........@...
.........................@.....................@........@.@@.@.@......
.....................@@......@....@.......@@................@@........
@..@...............@.@..@....@...@..@.............@@........@..@......
@....@.......................................@..................@..@.@
..@.......@..............@....@.....@....@..@.....@.@@...@............
...............@..@.@......@..@.@@.@@@...........@...@......@...@@...@
.................@@..........@.....@@@..@.@.....@.@...@.@@...........@
....@..@...@..........@.@.......@...............@................@.@..
...@@.......@........@...........@...@.@..@.@..........@.....@........
.......@................@...............@..@.@@....@..................
....@...............@@@..............................@@.@.............
...@....@@...........@......@................@@........@......@.....@.
.@@.@...........@..............@@....@.@@...@.......@.........@.......
....@...@@.@....................@..@...@.......@.....@.@.@@...........
...................@@............@..@.......@......@..........@....@..
.....................@.....@......@......@....@...@..@...............@
..@@....................@......@................@@....@@..............
...@.........@.@......@.@..........@.@@.@..........@..@.....@..@......
.....@......@...........@....@.......@@.@@....@.........@..........@..
............@@...@............................@........@......@.......
...@..@...@...@...@.....@........@..@@...@.......@.......@.....@......
......@..@......................@...@.....@..@..@.......@.......@....@
@......@..@..@........@..@........@...@......@@..@....@@.@..@.........
...............@........@.........@...............@.@.......@.....@...
@............@...............@............@@.......@@..@.@........@.@.
.@@.......@.....@...@..@.@.....@......................@@.....@.@......
..@@..@.@@.........@..........@........@.......@@........@........@..@
......@@.......@.@..........@...@................@.....@.........@..@.
@....@...........@.............@........@...@..@.@.......@.........@..
...........................@.@..........@...@......@.@.@........@.....
......@.......@@........@@......@...@.@...........@..............@...@
.@@....@.@...@................@....@....@..@@.....@.....@...@.........
.@@.@..@.....@.@...@...@.@.........@......@..@......@............@@..@
@.@.........@........@.........@...@........@.@...@....@..............
.......................@..............@.@@.......@.@........@.......@@
..@..@@..........@............@...........@@....@@.....@.@..@...@....@
@@...@.....@........@..@................@@@................@........@.
@...@.......@.....................@....@.....@.@.............@..@.....
...@........@..............@..........@...@...........@...........@...
......@......@......@...................@...@......@........@..@..@...
.........@@@..@.....@...................@..@.@..@@..@........@.......@
..........@.........@..@@.........@.........@..........@...@........@@
.@.@...................@...........@...............@@...........@.....
.....@..@.....@.@...................@@.......@...................@....
..........@@....@........@.........@.......@@.@@.............@.......@
@.@@..@...@......@.......@....@...........@.@@.......@....@....@......
@........@.@.....@......@...@..................@........@.............
....@.@...........@.....@@........@@....@.@.@@@............@.@........
...........@...@@....@..@...@...@.....@@.................@..........@.
...@....@..............................@.........@........@...........
.@.........@........................@....@.......@...........@........
...@...........................@@.@......@......@........@@.@..@..@@.@
...@.@...@.....@......@..@.....@@..............@.@......@.@...........
............@..@@............@........@...................@...........
........@........@...........@.................@.@......@@..@....@....
.......@.@..@.....@.....@..@.......@......@....@.....................@
@.....@@@.@.....@........@@....@...@..@..@.@...............@..........
..................@.......@.....@...@............@@..@@..@........@..@
....@...@......@........@@........@..@........@.@.........@...@......@
....@........@.....@@.............@........@@.@............@...@@.....
..................@@......@............@....................@.....@.@.
.@..@............@.@........@.@@....@..@....@@......@..@.....@........
........@@.@......@.@..@.........@............@...@.......@@..........
@@...@.....@.....@...........@...@..@.....@..................@........
..................@...............@...@@.....@.......@...@.........@.@
.@..........@....................@....@.....@.@..@.@@........@@.@.....
Agents:
85
0,69,27,24,21
1,44,26,66,43
2,45,6,20,66
3,60,46,59,0
4,54,69,15,14
5,34,8,48,36
6,63,10,61,30
7,9,31,5,4
8,60,32,34,68
9,3,0,9,13
10,44,38,20,10
11,10,0,40,39
12,35,57,13,14
13,43,46,42,15
14,60,51,38,45
15,59,28,44,41
16,67,8,0,59
17,20,56,59,67
18,17,51,22,57
19,19,59,26,20
20,29,27,28,50
21,18,10,7,16
22,16,69,55,9
23,53,6,39,59
24,33,13,29,58
25,18,34,67,60
26,45,28,50,33
27,34,52,53,62
28,12,17,2,31
29,52,63,24,50
30,38,14,22,4
31,49,56,63,21
32,38,54,58,14
33,17,56,2,52
34,35,49,30,51
35,34,60,19,45
36,1,24,56,61
37,23,4,55,50
38,18,0,22,13
39,56,38,35,38
40,30,54,11,57
41,13,0,50,57
42,63,36,9,9
43,16,60,68,52
44,38,34,6,37
45,63,5,67,58
46,19,49,7,65
47,35,29,38,9
48,18,28,6,27
49,59,17,10,7
50,27,10,6,26
51,64,48,57,55
52,45,38,44,16
53,27,11,50,3
54,25,53,1,35
55,40,17,38,11
56,63,68,60,2
57,43,55,18,59
58,60,37,49,67
59,30,11,24,59
60,34,27,18,2
61,19,1,29,15
62,64,65,63,61
63,43,53,13,13
64,0,19,69,8
65,4,38,56,17
66,15,69,30,41
67,49,35,45,39
68,8,48,24,34
69,53,37,60,13
70,48,52,62,66
71,55,4,51,53
72,27,59,53,2
73,49,24,52,40
74,36,20,16,22
75,40,3,34,10
76,3,69,32,58
77,62,23,28,14
78,59,44,15,12
79,68,31,41,17
80,30,4,19,55
81,31,47,46,21
82,58,67,4,12
83,49,36,50,20
84,38,53,43,65
