2
Grid:
70,70
.@..@....@....@..@@.@.@.@.....@..@...@.@.@.....@.........@.....@...@..
......@....@@@....@.@.@......@.....@..@@@@.@@.@....@....@.@..@.......@
@@.......@...@.@@.......@@...@..@@..@...@.@....@.............@..@@.@..
@.@.@@@......@@..@....@@@...@...@@@.@..@@@@...@@...@..@.....@.@@...@..
.@.@.@....@.@@..@.@.....@@...@@...@.....@@......@@...@..@.@@..@..@...@
..@.@.....@@......@...@.............@.@..@.@@.....@.@...........@..@.@
......@...@..@@@.....@@...@....@.....@...@....@@...@...@@...@.@.@@...@
.@.@....@..@.@@.@@.@@..@..@@@....@@@.@@..@@.@...@.@...@..@@@..........
..@......@...@..@.@@.......@..@@.@.@.@@.@@@..@......@.@@@.....@@......
....@..@.....@.........@.@..@...@.@.@@@....@..@...@.@.....@@...@...@@@
@....@.@.@..@@............@@@..@@.......@.......@@@@.......@@.@..@@...
...@@....@...@@.@@@...@..@.......@@@.@.......@..@..@....@@@...@@@.....
.@..@@.....@@.@@@..@.......@.@...@@..@....@.@@..@..@........@@..@....@
.@@...@.@..@..@...............@.@......@@@....@.@....@.@......@@...@..
......@......@......@.....@.....@.@@.@.@...@..@.@.@@.@.@..@.@.@@.....@
..@...@.@.@..........@......@..@@@...........@@@....@@.@....@.@..@.@@@
@.@......@@@.@.....@@@..@...@@.........@....@...............@.......@.
@..@.........@.....@.......@..@.@@..@..@..@.......@.@.@.......@@@....@
...@@.@@....@.@@.......@.@..@.@...@.@....@.......@@..@..........@@....
..@@...@@@..@.........@..@....@.@@.@...@..@@@..@@...@@..............@@
..@.@.@.....@@..@......@..@.....@.@....@..@.@.........@...@...@..@@...
.......@...@........@.@@@..@..@.....@....@@...@@..........@.@..@.@@@..
@..@..@........@@...@@....@@@.@....@..@.......@..@...@@....@.....@....
@........@.......@@.@.@..@.@.@@..@@.@..@@.......@.@@.@.....@...@..@.@@
@.@.....@@..@@.@..@@.@...@..@@...@.@......@@...@.@.......@.@.@..@@....
..@.@@@@...@.@..@@...@@...@.@...@.@..@@@@..@@..@@.@....@...@..@.@@....
...@@.@....@..@.@......@..@@........@..@@...@.............@.....@..@@.
....@@@@...@.@@@........@.............@.....@..@.@@@...@.@.@..@..@..@.
....@...@...@.....@..@@@.@.@.....@...@@.@@....@@.@..@..@@.....@@.@..@.
.@..@@@...@..@.....@.....@..@@.@......@............@....@@.@.@@..@....
....@@.@...........@...@.@..@.@@.@..@@@@..@.....@.@.....@.......@@...@
@......@.@.....@.@..@...@@..@....@@........@.@...@.@@.@..@.@...@..@.@.
@.@@.@.@.@..............@..@@@.....@@.......@@..@@.@@..@@.@.@@...@@..@
.@...@.@.......@@.@..@......@..@..@......@..@.......@@@.@.@@..@.@....@
@@@........@.@@....@.@.@..@.@..@....@...@@.@.@.@@@.@@......@..@@.@..@.
.......@...@....@@.................@@@.@.@........@@.....@....@..@.@..
@....@.....@@@@...@....@..@.@...@....@.@@@@@.@@........@.@.....@.@@.@@
.@......@.@.@......@.@.@@.@...@...@.@.@.......@.....@.....@@.@..@..@.@
..@...@....@...@.....@...@@.....@.@@.@.........@.........@.@@@.@..@..@
..@..@...@.@.@...@....@@.....@.....@@..@....@..@.@@@..........@@..@...
.@@..@..@......@.@@@@@..@@...@@...@.@..@...@.......@.@.@.@.@.@.....@.@
...@@.@...@....@...@@..@.......@@..@...@@....@@@@..@.@.......@..@.....
@......@.@.@......@.....@....@....@.@.@...@@....@..@.@..@.@.@@..@.@@@.
@@.@@@.@...@.@@@......@...@....@...@....@...............@..@.....@....
............@...@.....@@.@.......@...@.........@.....@..@...@...@.@.@@
..@.@..........@.....@@@.@.@...@@..........@.@@@.....@.......@.......@
.@@.@..@@......................@.@@@.....@...@.......@@@...@..@@.@..@.
.......@..@......@......@..@.....@...@@..@..@@.....@...@.@......@..@.@
...@@@.@..@.@.@@@..@.@.....@....@..@@@@..@@.@....@.@@......@..........
...@@@.......@..@@.@...........@......@.@@.@...@.@@........@.@@...@..@
..........@.@.@@@......@.............@..@...@.......@@@.@@....@..@....
@....@@.....@..@....@..@....@....@......@.@.......@.......@...........
@@.@......@..@.@@...@..@.@..@.@.@@@...@@.@@..@...@@@...@.@.@...@...@..
.....@.@..@@.@@@.@..@..@@@...@..@@..@.@.@...@...@@....@..@@@.....@.@.@
.@....@.@@@.......@....@@....@@.........@@@..@...@.@.......@@.....@..@
@...@..@..@..@.......@.....@..........@@.@.....@........@..@@...@@....
...@.....@...@..@.......@@.@@.......@.@..@@@..@...@..@..@.....@...@@..
...@....@@.....@@@.@.@.....@....@..........@.....@..@..@....@..@.@.@.@
......@....@@............@..@@....@@....@@...@...@@..@@.@........@....
@...@.@@.@.....@@@.@..@@.@@..........@.@@..@@......@..@.....@...@..@@@
...@@@.@@............@@@....@....@@.@.@@....@.@@...@@@.....@..@.@.@@..
..@@.@@@@@..@@.@.......@...@..........@.@.@....@...........@.@@.@.@@.@
...@..@.........@@.......@..@@.@..@@.....@.@@....@@....@..@..@...@@@.@
....@..@...@@@...@....@....@...@@.....@...@.......@.@.@@....@..@.@..@.
@@.@@...@.@@.@.@.....@@..@..@.@..@...........@...@.@..@@.@@....@..@@@.
.......@..@...@....@....@....@........@.....@.@@..@.........@@@....@@.
........@..@.@.@@.@...@...@......@..@.....@@..@.....@.@...@.@.@.@@.@@.
.@@.....@.....@...@@.@.@..@@@...@..@..........@.@..@.@.....@....@.@.@.
.@@...@....@.......@...@.......@......@...@@...@..@.@@.@..@.@......@@.
@..@...@...@.@.......@...@.....@@..@..@@.@@@..@..@...@.@@@............
Agents:
60
0,66,31,6,17
1,31,58,27,1
2,55,57,5,68
3,65,28,42,1
4,31,46,68,63
5,12,9,22,67
6,5,15,62,33
7,26,62,66,27
8,39,53,27,8
9,35,53,43,46
10,50,55,17,23
11,18,16,43,18
12,58,58,53,60
13,44,10,44,10
14,36,15,60,10
15,45,57,59,47
16,24,10,22,19
17,43,12,46,56
18,66,38,34,16
19,35,12,3,48
20,66,48,5,8
21,8,69,44,8
22,63,19,50,1
23,9,15,30,27
24,58,23,56,44
25,40,33,15,4
26,10,2,11,39
27,29,24,34,35
28,10,37,34,55
29,36,49,45,24
30,48,50,14,8
31,26,32,16,17
32,19,67,50,19
33,36,8,1,54
34,22,19,56,60
35,48,26,25,51
36,51,7,69,30
37,68,26,11,66
38,15,4,56,49
39,13,42,68,39
40,53,41,25,30
41,37,41,46,0
42,33,13,52,65
43,41,0,19,57
44,40,42,65,63
45,54,63,3,18
46,2,60,60,26
47,58,9,2,53
48,67,41,50,47
49,16,47,45,49
50,40,47,9,9
51,52,17,17,21
52,5,7,68,48
53,19,66,41,42
54,48,47,54,39
55,10,41,1,25
56,37,25,10,22
57,41,21,36,7
58,33,63,52,21
59,16,31,7,64
