1
Grid:
70,70
.@...........@...@@.@..@......@@..@.@@..@..@....@..@.@@.@..@@...@@....
@@.....@............@@.....@..@@..@..@..@...@..@@.@..@..@.@.....@...@.
....@..@@@.@...@....@@...@....@.@.@.@.@.@...@....@.......@.@......@...
..@.....@...@@....@.....@..@.@..@@.@@..@..@.@@.@...@......@.@@.......@
@..@..........@..@@..@....@.....@@........@.@.@....@.@.......@@.....@@
.@..@.@@.@.....@....@..@...........@...@.@@@.@@.......@.@...@...@.....
..@@.@@@...@..@..@.....@.@....@@@@@.....@.......@........@..@@..@..@@.
..@@..@........@...@...........@...........@@@.@......@.@@.....@@@.@@@
.@..@.@.......@......@.....@@.....@.@....@..@..@.@.@.@.......@........
@....@...@...@.........@..@@......@..@@.@@.@...@.....@.....@........@@
@.@.@@.........@......@.@.@@@..@.@.@...@..@.@....@@.@..@@..@.......@.@
....@.....@.@..@@@....@....@..............@@.........@@.@.........@@@.
...@@.@@.@@..@.@@.@@......@.@@...@......@...@@@..@@.@@..@.@....@@.....
..@@@..@@..@....@............@@...@....@@@.........@@....@.@@....@@@..
....@@.......@@.......@..@......@@@@@.@.@....@.@.@...@..@.@@.@.@....@.
.........@...@...@@....@..@....@@....@....@@@.@@...@...@........@@....
..@@.@.@@.......@.@..@@.....@..@...@.........@.@.@@..@.....@.@........
@.....@@@.@...@...@.......@..@.......@..@.@@....@..@@@...@....@......@
....@@..@...@.@@....@...@...@...@.....@...@.......@.@.@@@@...@........
..@..@..@....@......@.@.@.@......@..@........@@@@..@..@..@......@@..@@
...@@@@.....@.@@........@.@.@.....@@...@....@.@..@..@@@..@.@@.@@.....@
...@...@..@........@..@.....@......@.@......@.@@@...@...@..@.@@..@..@.
......@...@..@..@........@@..@....@.@..@......@.@..@@@@......@@..@....
.@@.@.@...@@...@.@....@...@..@......@...@@.@.......@.....@.@@@@.......
...........@..@...@....@....@.....@@.@@....@@@..@.@....@@.....@.@..@.@
@@...@..@@...@@@.@.@....@@....@@@...@@...@............@..@..@@......@@
..@@...@...@@......@..@@..@.@..@.@@..@..@@.@.@@..@....@@..@@..@@...@..
@.@@..@.@.....@@....@....@.@.....@.....@......@..@.@........@@.@...@.@
....@.......@@@@..@...@....@.@.....@.@..@.@@.@@@@......@..@....@@.@.@.
@.@@.@.....@.@....@..@@.........@.@.@......@....@..@..@..@@@..@@......
....@.@..@.@.@.......@...@@@....@..@@.@.@@.@........@..@.......@....@.
@..@..@..@@..@...@.@.........@.@..........@.@....@..........@...@@.@@.
@..@@@@..@.@.......@.@.@@......@@....@....@.@..@@..@....@.....@@..@...
.@...@@@.@..@...@.....@.@@.@@..@......@.@......@@@....@....@.@........
.@......@....@.@..........@.@@.............@......@............@@.@...
..@..@....@@......@.@..@..@.@........@..@@.@@...@.@.@......@.....@....
@..@.........@@@@..@@....@....@@..@...@.@@..@...@.@......@@@....@@....
.....@....@......@...@@.@......@..@.......@..@.............@@......@.@
..@@....@.....@..@...@.........@...@..@@..........@@@.@...@@.@.@@...@.
......@..@@.....@@.@........@@.@@@....@..@@@@..@@...@..@@@@....@@@@..@
.@.......@@@@....@..@.@@@..@....@...@..@@......@@...@@...@...@.......@
@@@@@.....@......@@..@......@.@....@....@.....@@.@.@@.@.....@....@.@.@
..@@.@@@@.@@@@.......@.@.@@.@...@@.@.@..@@.@@..........@..@.@@....@...
@.......@....@.....@..@.....@@....@@...............@@.@..@.......@....
...@@............@.......@.....@@@@.@..@.@..@..@@....@@..@...@......@.
..@.@@@@......@.@@....@...@@@....@....@.@@.....@.@@@.@...@.@.@......@.
@....@.@..@.....@....@@@..@..@@...@.@@.....@..@.@.@....@.......@.@@@@@
@.@.@...@@..@.......@......@...@....@..@@..@............@.@...@..@...@
.@..@..@.@@.@..@@..@.....@@...@.@@..@.@@...@...@...@.@.......@....@.@@
.@.@..@..@@@......@.@..@@@.@.......@.@.@..@.@...@.....@@@@.@.....@@.@.
...@@@...@...@@.@..@...........@@@..@.@.........@...@.@.@@@........@@.
.@.@..@.@.@.@@@@.@@......@.@@.@....@.....@@....@..@........@.......@@@
@....@..@@.@..............@@..@@@@@.@@..@@@@@@@...@@@.@...............
.......@..@..........@.@.........@.......@....@.@.@@@..@.......@......
....@@..@.@..@.......@.@.....@.....@@...@.@.@..@@...@....@......@.@.@.
......@@.@.....@...@.@..@.@...@@...@.@..@..@@...@..@@......@..@..@.@.@
......@@.@.@.@..@.....@..@.....@.@...@@....@...@@..@.@..@@...@@..@..@@
....@@....@@..@.@..@..@.....@@......@@@.@...@.@.@@@.@.....@....@@.@.@.
@..@.@@@......@..@..@....@..........@.@....@@.@..@@.@.@....@....@.@.@@
....@....@@..@@..@....@.@...@..@..@..@...@@@......@@.....@....@.......
.......@.@@.@..@@.@@.@@@.......@.@...........@@.....@@.@@.@@.@.......@
@...........@..........@.@..@@..@.@.@.....@@....@@@.@..@....@.@.@@@@..
.@..@...........@.@.@...@.....@@@..@@.@.@...........@.@@..@.@......@..
........@.@@....@@.@.....@..@@@.@...@.@.@@@.@.@@....@...@...@......@..
.@.......@@@.....@..@@.@.@@@.@.....@.........@.@..@...@....@.@@@@.@.@@
.@.....@@@..@...@..@..@.......@@@.....@.@..@....@...@.....@.@..@@.....
@........@.@...@..@@.@.@.@...@.@.................@.@..@.@..@.......@@.
@@.........@.@...@.........@.......@.@...@.@....@@@...........@.@@.@..
.@......@....@....@@@...@.@.........@@.@........@..@...@.....@.@......
......@@.@..@@.@@....@@.........@@....@.@@.@..@.....@@.....@...@.@...@
Agents:
65
0,22,9,54,62
1,69,24,46,32
2,8,46,12,60
3,16,20,29,42
4,16,41,4,12
5,12,67,50,18
6,15,22,63,7
7,3,30,45,20
8,53,14,4,27
9,40,62,53,20
10,13,56,21,16
11,64,22,51,39
12,60,17,37,50
13,16,10,48,24
14,60,50,31,46
15,39,34,53,64
16,46,8,62,12
17,50,25,18,46
18,40,31,42,19
19,11,21,7,14
20,3,19,40,14
21,69,58,58,63
22,22,42,61,47
23,31,53,25,27
24,38,6,38,12
25,11,8,11,33
26,43,55,19,31
27,3,5,39,49
28,45,56,69,17
29,53,38,39,20
30,33,18,10,66
31,51,61,34,38
32,35,36,44,10
33,19,41,1,28
34,18,27,17,12
35,57,18,35,46
36,19,39,55,58
37,60,32,29,65
38,22,37,2,28
39,27,5,1,60
40,40,59,3,64
41,52,17,31,66
42,35,30,34,44
43,4,47,63,69
44,8,12,45,55
45,50,46,43,37
46,65,20,54,1
47,9,39,0,27
48,53,1,14,7
49,5,57,1,46
50,23,9,3,49
51,10,6,3,66
52,54,31,56,63
53,28,24,61,41
54,60,51,2,62
55,57,8,23,67
56,47,46,13,23
57,21,14,60,49
58,14,57,24,26
59,33,26,19,12
60,46,49,14,44
61,68,66,30,7
62,23,34,8,45
63,9,62,63,3
64,22,8,29,23
