0
Grid:
60,60
...@......@@........@....................................@..
................................................@...........
.......@....................................................
............@..................@.....@.@...................@
.........................@..........................@.....@.
......................@.....................................
...@...........................................@..........@.
............................@.................@......@......
..........@.......@................@@......................@
.....@................@....@...............................@
........@.@........................@.............@..........
.........@................................................@.
..............@..................@..........@.......@.@.....
............@..........................................@.@..
@.@.........@...@......@......@..@..........................
.........................................@..................
..........................@...........................@@....
.....................@.@................................@...
.............@..............................@...............
............................@.....................@.....@...
.................................@...............@..........
.....@............................@...@.................@...
............................................................
...................@...............@............@......@....
..............................................@.....@.......
.....@...........@...................@......................
........................................@.................@.
..............................................@...........@.
...@................@@..........................@...........
.......................................................@....
..................@...........@.@.............@.............
..@.......................@............@...................@
...................@..........@.............................
.........................@......@...........@...........@...
.........@...........................@...........@..........
............................................................
......................@............@........................
..............................@...@........@..............@.
................................@...........................
..................................@.....@..........@........
......@...........................................@@........
.............................@..............................
.......@..........@...........................@.............
....................................@@......................
.....@.............@..................................@.....
..@...............@...........@.......................@.....
.....@...........................................@........@.
..................@.............@..........................@
.......................@.............@......................
@.......@......@..........@@.@.........................@@...
................@...........................................
...@@............................@.............@............
....................@...@.........@....................@....
...@.....@.........@..........@........................@....
...............@...............@@....@......................
..............@...........@..@.@.......@..................@.
.......................@....................................
....@.......................@............................@@.
....@.@.....................................................
..................................@.....................@...
Agents:
50
0,39,42,25,44
1,53,44,33,18
2,16,31,58,44
3,50,19,36,7
4,27,35,39,5
5,17,15,21,35
6,9,18,13,22
7,9,0,33,31
8,47,35,28,24
9,49,58,48,27
10,22,30,41,44
11,26,48,7,7
12,31,18,43,20
13,43,35,21,52
14,47,51,28,34
15,48,44,31,38
16,15,5,29,25
17,43,46,20,17
18,15,37,52,52
19,13,36,33,20
20,20,40,29,40
21,2,31,6,1
22,9,41,41,19
23,1,41,5,36
24,19,43,31,51
25,54,41,15,44
26,20,23,43,39
27,17,28,29,13
28,0,33,23,44
29,40,15,3,26
30,32,35,9,14
31,46,32,39,13
32,0,4,12,24
33,34,22,20,55
34,45,9,52,59
35,21,13,45,51
36,37,42,43,2
37,59,8,47,7
38,46,59,3,6
39,9,2,48,5
40,33,5,33,38
41,32,4,8,3
42,50,33,48,56
43,45,20,23,51
44,29,47,41,47
45,37,39,27,44
46,55,4,8,34
47,8,55,49,32
48,31,30,59,51
49,30,5,47,53
