0
Grid:
70,70
@..@.@@...@..@............@....@.@@.........@..@..@......@.......@...@
.@...@@@..@@.......@.........@@.....@.....@.....@@..@...@...@@...@..@.
.......@@.........@.@.@....@@..@......@..@.@............@.....@..@..@.
......@........@@.@.@..........@...@...@.......@....@...@......@......
@@@.....@...@@.......@..........@....@..@@..@@.........@..@.@@........
..@@..@...........@..@............@..@........@................@@.@...
....@.@.......@....@.@..@............@.......@@.@@...................@
..........@...@@....@................@...........@......@..@..@...@..@
.@.@.@.@...@.@...@.@@.@...@...............@..@.@.............@........
@....@.....@..@.....@...@.....@.@.@...............@.....@@......@.....
..........@...@.@..@.........@@@....@.@.........@@@...@.......@..@.@@.
@......@@.....@....@......@.......@..........@.........@@......@......
....@...@...@...@.....@....@..@.................@@@@........@.....@@..
.@...@..@..@....@.@.@...@......@.....@..@...@......@.....@........@..@
@.@@..@..@....@@...@.......@.@.........@@.................@...........
...............@@...........@...@..............................@...@.@
....@.@.@...@.......@.................@@.......@.@.....@..@...........
@@.@..@....@.@...@..@.......@........@....@...@@...@.......@.....@..@.
....@.......@...@@...@.......@@.......@.@.....@.@.....@.@.......@...@.
@....@.....@..@....@@....@@.@........@.............@.@.@.....@...@....
.................@.@..@.@.....@..@...@.@......@@@..@@.....@.........@@
.....@@@.................@......@..@.......@..............@...........
@@.......@...@...........@....@.@@.@@..@.@....@............@....@.@@..
................@..@@.....@..........@.......@........@@@......@@.@...
...@.@..@@@..@..@@...@.@@..@...@...@.@..@....@@...............@.@@.@@.
...@...@.@...@..@.@..................@......@......@...@@......@......
..@.@@.......@@......@.....@.@.@.....@...@@@....................@.....
....@.....@...@@.@.@..@..@...@.@@@..@....@....@.@.............@..@.@..
@.@@........@...@..............@.@.....................@...@..@.......
.@...............@..@....@...@@@.@..@.............@.@@..@..@......@@..
........@....@...@....@........@.@.......@....@..@.....@......@..@...@
..@..@........@....@.....@....@...@.........@@..........@...@...@.@..@
............@......@.@.....@..@@......@...@@.@.......@..............@@
@.@........@.@@.@@....@........@.......@..........@@................@@
....@...@............@..........@...@...@..............@.......@......
..@...@....@@.@.........@....@@@@......@......@............@.@...@...@
.......@...@.@...@.....@....@....@........@....@..........@@.@..@.....
...@........@.@...@....@....@................@@@.@...@.@...@........@.
@..@.@........@.....@..@.....@..@...@.....@@..@..@...@@.@@.......@....
...@......@.....@...@@@......@@..@...@....@....@...@..@......@....@@@@
...@.@@...@@....@.@.@...@.@@.@.......@......@.............@@......@@..
.....@..@...@.....@..................@......@..........@.........@@..@
@.........@.....@...@............@@@...@...@......@.......@...@.@@@...
.........@.@.@.@......................@...@..........@......@.....@...
...@@.@.@.....@...@@....@....@..........@..@........@.@.@....@......@.
.@@..@...........@.@....@..@...@.@.@@@@.....@...........@.........@...
..@....@@.@......@........@@..@.@....@..@@......@....@....@..@@.......
...@......@@.........@.....@.@..........@@......@.....@...@@@......@..
..@.........@.@.@...................@..............@@.......@.@.......
...........@@..........@.@.@@@.@.............@.@.....@.........@@.....
...@.....@.@...@...@@.@..@...@.......@.........@@.@......@.@.@........
@...@@@.....@...@......@..............@@...........@..@.@...@@..@.....
....................@..@................@@..@.@@.@.@....@....@..@...@.
.....@.@.@.......@....@............................@.........@@.......
@.@@.....@...@.......@..@..@..@..................@@..@......@......@..
..@.........@@.....@........@@............@...@@......@..............@
@...@......@....@@..@...@.@........@...........@.@.@.....@.@......@@@.
.............@@..@.......@........@.@.@.@....@.........@.@...@....@...
....@..@@....@.......@@....@@@....@.@.@@..........@.......@...........
.@.@...@.@...@...........@.....@..@..@.....@...@@@...@...@.@..........
......@@.@........@.@..@....@.@......@..@.......@........@...@..@@....
......@.........@......@....@...@.@@.@......@.@@....@.......@.@.......
......@.@.@.@........@...............@@..@....@.......@...@...........
@..@@......@.@..@.@.........@...@......@......@@.....@.......@@.......
@............@.......@.@.....@...@........@...@@.@..@.@.@...@.@......@
@..@.................@....@..........@@@...........@..@..@........@..@
...@..@.@@......@....@...........@...@......@@....@............@....@.
@@............@@...@.@.........@..@....@...@.......@@.....@..@@....@.@
....@.@....@.....@.@.@..@..@...............@.@.@..@...@@..@..........@
..........@......@.@...........@.@@........@.............@@.........@.
Agents:
65
0,68,60,46,11
1,54,66,67,26
2,48,27,67,18
3,33,49,63,27
4,66,14,32,25
5,69,69,69,69
6,12,41,27,54
7,35,28,30,27
8,50,54,49,51
9,18,67,40,1
10,54,64,31,53
11,0,1,63,43
12,8,16,45,4
13,27,6,13,62
14,40,8,53,28
15,62,32,33,65
16,29,5,54,41
17,58,0,4,50
18,23,13,8,51
19,35,53,68,52
20,0,67,14,13
21,41,20,69,14
22,21,60,8,38
23,66,47,5,22
24,19,16,44,26
25,7,23,17,54
26,29,48,2,9
27,53,49,18,35
28,21,30,22,17
29,69,45,20,23
30,65,17,6,54
31,43,19,4,57
32,35,25,6,67
33,16,30,19,34
34,18,42,36,39
35,14,26,5,20
36,37,42,7,22
37,10,28,13,15
38,8,51,38,2
39,56,42,28,29
40,48,33,45,21
41,21,56,28,50
42,69,20,18,41
43,35,56,35,34
44,18,24,9,43
45,45,51,5,43
46,16,46,65,1
47,11,64,60,45
48,0,61,64,2
49,40,34,67,47
50,9,3,42,30
51,11,10,55,24
52,38,63,4,17
53,21,17,11,23
54,38,11,32,62
55,34,47,17,24
56,67,48,49,67
57,25,65,0,51
58,54,61,57,3
59,7,28,19,43
60,7,13,26,6
61,66,29,13,58
62,12,31,16,29
63,40,62,6,36
64,42,56,42,40
