2
Grid:
70,70
....@.@.@@@@....@...@@.........@.@@...........@.........@..@..........
@@....@.@@.@@....@.@@.....@.......@@..@.@..@@.@.....@.@.....@......@..
@.@.@@..@.@........@.@.@.........@@..........@@..@@..@..@...@....@....
@@......@.......@.@....@...@...@..@...@....@@...@@.@@...@.@.......@..@
..@...@@..@...@@.....@.@......@.@@....@@.....@..@@@...@@....@.@..@...@
..@.@...@.@@@....@.@...@.....@@@@.@.@.......@.@......@@..@.....@.@..@@
@.@...@....@.@@.@@..@.@@.@....@@@@...@@@.@..@.@...@.@@....@.@.........
....@..@.......@....@.........@..@....@....@@....@@@@.@..@@@@..@..@@@.
.@...@....@@.@..@.@....@.......@..@@.@@.@....@@......@@...........@@..
@...@..@.@@@@...@....@.....@..@..@@.@@..@..@@....@....@.@.....@..@....
.@@.@@...@........@..@.@@...@@@@...@.@.@......@.@...@.@......@.@@.....
.@.@...@@.@....@@@.@@@......@..@..........@.@@........@.@..........@.@
...@@...@..........@..@...@.@@.....@@@..@...@.@@...@.........@@@@@@..@
......@.@@@..@....@@@.@.......@..@.@...@@.@@@...@...@....@@..@.....@..
........@........@...@..@......@@.....@@...@@...@@.@@....@.@......@..@
...@@..@@@.@@...@.@.........@@@..@@.@.@.....@@...@.@..@.@...@@.......@
...@...@@.@..@.....@..@...@@@@.@...@.@@..@........@..@@@.........@.@.@
....@......@....@.........@....@@......@.@....@..@.@..@@...@.@@.@@@...
@....@@@.....@@.@@.@.@...@....@........@.@...........@@@.@...@....@@@@
..@...@...@.@......@..@............@.@.@@....@@.@...@@..@@.....@.@..@.
@.@..@.@..............@..@@@.@.@@.@@@....@@...@@.........@@.@.@..@@@.@
.@.@.@..@..@...@@@.....@.@@......@.@@.@..@@.....@......@.@............
.@.@....@.@.@@@@...@@....@@.@....@..@..@.@.@@.@.@.....@.....@.@.@.....
.@.@.@.......@............@.@..@............@.@.@.@@....@@....@@@@....
..@.......@.@....@.......@....@@.@@@.....@@@........@@...@@@@@...@.@..
...@@@..@........@......@@.@@.@...@.....@.@..@..@@@..@@..@....@@.@....
....@....@..@..@@..........@@.@..@....@..@@...@......@.@.@@...........
@@@.@...@.....@.@.@......@.@.......@@..........@..........@...@.....@.
@.@@.@....@.@.....@.....@@@.....@....@.@.......@....@@....@..@.......@
......@..@@.....@@.@......@.....@.....@...@@.@....@.@..........@...@..
...@.......@@......@..@..@..@@@...@@@.@@@.@.@....@.@..@@......@.@.@..@
...@@.@...@...@.@......@.........@..@@........@@@.@@@...@@..@........@
@...@......@.............@.....@.@......@.@@@....@...@...@@..@@@......
...@@.@@..@......@@.@.@.@...@@@..@..@@..@..@@@......@.@......@........
.....@@..@.@..@..@.@@..........@.....@@...@..@.@......@.@.....@..@....
...@...@.@..@..@.@.....@........@..@.@.....@..@@........@.@.....@@..@@
.....@.@.....@....@..@.@..@....@.....@@..@@...@...@....@..@@.@.....@.@
@@...@....@.....@.@..@@...@.@.....@..@@..@@....@@.@..@........@@..@..@
.@......@...@@.@.........@@.@.@..@.@.....@........@..@....@...........
@..@@.@...@......@.@.@..@..@...@@.....@@.@..@.....@.......@.@....@.@..
.@.....@.....@..@.....@@...@...@.@..@...@.......@.@..@@@@...@.@.....@.
.@....@@..@..@@@....@......@.@...@.@......@..@....@.@.....@...@.@@@..@
.@..@..@.......@@....@....@@.@..@..@....@.@.....@..@@@..@.@@.@@..@....
@.@@....@.....@....@@.@@.....@..@....@.@.@@@.....@.......@..@@@@@@..@.
..@...@.....@..@@@.@.@.@..@......@......@@.......@.@.@.@@....@@...@...
.@@..@@..@.....@@..@@.........@........@......@.@@.....@@@.@.@@....@.@
..@...@.......@.@@.@..@...@.....@@.@@....@@@@.@...@.@@@........@.@.@.@
...@...........@......@....@@...@........@.............@..@....@...@..
...@.@@..@@..@.@@@...@....@.@@.....@.....@@...@...@...@@....@..@...@..
.....@..@...@.......@.@...@.....@..@@..@...@.@.@@.......@.@........@@@
...@@...@.@.........@@.......@.@@.....@..@...@@@......@@@..@..........
.@.@...@..@..@..@.@.@.@@.@@............@.@@....@.@........@..@..@.....
.......@@.....@..@@.......@..@......@.@@....@..@..@@@.@@.@@..@@@..@@..
@.@......@@@....@...@@..@.@..@@@@.@.@....@@@....@@..@....@..@@.@...@..
...@.@@....@.@@..@.....@.@...@@@.@..@....@.@..@..@...@........@...@.@.
@.....@.....@@.@@....@..@@@.@@.@@.@@...@..@..@@...@..@@@.........@.@@.
.............@.....@..@@.@@.@...@@.@.@@.@...@@.@.@...@@..@....@..@....
@@@......@.@........@@..@.@.@...@.....@.@..@........@...@.@@@@.@@@.@@.
..........@....@..@@@....@@..@..@.@@...@..@@..@@..@..@......@........@
....@.@.@@@.....@@.@@@.@......@...@.@@..@..@@.@......@.......@.@.@...@
@....@....@.@...@.@.....@.@.....@@...@.@..@..@....@...@.@.@@..@.......
@.@@..@..@@.@..@..@.....@..@.....@.@..@@.@@...@..@.@.@........@@....@.
..@......@....@@....@..@.....@...@..@..@.@.@.@.@.@.@.@...........@@..@
...@..@.@.@....@.....@........@@.........@......@....@.@@.....@.@..@@@
..@.@.@...........@.....@.....@.@...@@@..@...@...@..@.....@..@@...@...
...@..@.@....@@.@@@....@@@....@@...@..@@...@@..@@.@@@..........@...@..
.@.@..@@.@..@@@....@@@..........@@..@@.......................@@....@@.
@@......@@..........@@.@.@.....@..@@.@.@.@.@.@.@......................
...@.@...@@.@@@...@@.....@.@.@.@.@.@......@.@.@....................@.@
........@..@...@...@..........@.@@...@..@...@..........@....@..@....@.
Agents:
50
0,26,7,17,57
1,61,25,35,54
2,8,25,51,53
3,45,10,62,32
4,4,16,55,20
5,59,38,15,0
6,26,11,24,23
7,11,48,67,53
8,3,46,5,18
9,62,4,31,30
10,17,45,69,39
11,5,35,1,64
12,25,47,44,25
13,17,42,28,31
14,36,1,57,27
15,46,49,19,17
16,8,0,43,69
17,37,65,52,68
18,11,18,58,33
19,18,9,49,16
20,62,56,52,49
21,3,42,11,55
22,19,21,51,5
23,69,61,20,28
24,29,69,47,59
25,0,47,53,68
26,29,25,37,7
27,31,7,39,63
28,53,39,54,59
29,34,60,20,19
30,46,11,44,35
31,20,56,22,7
32,50,53,26,51
33,24,45,58,61
34,36,62,0,58
35,12,33,59,12
36,64,29,58,58
37,60,63,36,28
38,37,8,45,29
39,44,54,7,14
40,30,24,51,32
41,20,51,44,31
42,13,12,10,3
43,59,52,26,39
44,8,59,65,29
45,42,43,8,48
46,7,9,52,25
47,3,28,54,51
48,62,68,59,49
49,12,2,0,26
