0
Grid:
60,60
............................@..........@....................
...@.......@.@.....@...............................@..@@....
....@...............@..............@.................@......
.@.....@.....................@.@........@....@.......@.@.@..
..................@@.....@...........@......................
.............................................@.@......@.....
.@....@.............................@..........@...@....@..@
.@...@...................@....@..@..........................
...........@.....@...........................@..............
..@..............@...........@...@.................@......@.
..........@.@@...........@@.................................
..@..................@....@@..@........................@....
................@.................@............@....@......@
......@......@.@......@@....@....@.......@......@.@........@
.......@.@..............@..@..............@..........@...@..
.@....@@..@..@............@.@.....@........@.....@..........
.....@...@..@@......@.@..................@.....@............
....@....@.........@@..@..........@..........@@...@.........
................................@@@...@....................@
..........@....@....@.......@.......@..@.@............@.....
.....@..@..............@....................................
......@....................@................................
...@..@............@.......................@..............@.
@..........@...............@..............@...@.............
......@.@.@....@...........@...........@.....@..............
.................@.@.............@....@..@...@..............
.@.......@.@....@...@.@.............@@....@..@@.....@@.@....
................................@@....@............@...@..@.
@...@...@@........@.............@.........@.................
......@.......@........@..............................@.....
.@.......@...@..................................@...........
@...........@.@............................@................
.................@............@@.@.@@.....@..@..............
.........@........@....@...@..........@..........@..........
...................@...@..@......@.....................@....
....@........@.....@.@..........@.........@....@...........@
...@......@.........@..........@...@.....@....@@............
......@@..@..@........@...............@.@....@...@......@...
.......@.....@.............@.@..............@.@...@..@....@.
......@..@...@...........@...@.@@@..........................
...@...@.........................@......@..@........@....@..
.....@........................@.............................
.@@..@......@..............@.@..............................
........@...@.@.....@.....................@....@......@.@...
............................................@...............
........@..................@....@...........................
.........................................@.........@.@@.....
..............@...@........@.@@...............@.@...@.......
.......@..............@..........@.............@..@.....@...
..@@.........@.....@................................@.......
.......@.@..@.............@..........@..@..@.........@.....@
.........@.........................@....@....@...@.........@
......................@..........@....@.....@...............
..........@....@.......@.......@.....@.............@@......@
....@...............@...@...@......................@........
.........@....................@..@@.......@......@.@...@....
.........@.....@..@............@............................
..@...........@...@........@...@............................
............@.@....@...............@..........@...........@.
@.............................................@.............
Agents:
35
0,7,9,20,21
1,58,29,32,21
2,18,7,33,12
3,21,25,11,24
4,44,6,6,32
5,39,40,44,41
6,1,8,42,7
7,15,16,48,12
8,55,8,43,53
9,1,29,45,42
10,59,48,16,6
11,14,45,56,55
12,4,22,44,33
13,54,18,3,21
14,45,20,8,6
15,0,13,12,2
16,27,29,25,35
17,5,40,56,33
18,8,2,42,3
19,55,50,54,9
20,52,43,11,40
21,33,41,42,21
22,50,20,16,40
23,16,10,4,1
24,56,7,5,40
25,9,13,30,12
26,29,18,12,14
27,55,13,49,20
28,25,56,22,54
29,13,3,49,36
30,39,23,5,26
31,5,25,54,53
32,12,31,27,27
33,3,35,47,8
34,8,53,48,44
