1
Grid:
60,60
....@...@@...@....@........@@@.@......@.............@......@
....@............@...@.........@@@@.....@....@..@.@..@......
..@....@@.........@..@...@@.......@......@............@.....
.@@..@......@...........@@.........@.....@.....@....@.@..@@.
..........................@.....@...................@.@.....
.....@................@@..@@.@....................@......@..
....@..........@@.........@.@@...@@.........................
@.........@..................@...........@.@...@@.@.........
.@@......................................@..@.............@@
...........................@....................@.@...@.....
.....@.@...@...........@.....@...@.......................@..
.@..@@..............@..@..........@..@..@......@.@..@......@
................@@@...@........@......@..@................@.
..@....@@.@........@..........@.....@...........@.@......@..
........@@...@..@.....@..@.............@@...................
.........@..@......@........@................@.@.....@@.....
..@..@.....@......@....@...@......@.@...........@@....@.....
..@.............@..@......@@...@.....@.............@..@.@...
..........@.....@..............@@.@..@.............@@....@..
...................@@..@.........@..@@.........@...@........
.........@..........@........@........@.@@...@..............
................@........@.@....@....@.@.................@..
.......@................@@.......@..........@..@............
@.....@@..@.......@...@........@..@.@.........@@.@@........@
...@.......................@...@.......................@@...
.@...@@........@...@.@..........@......@@..@.@.@............
.....@@....@........@..@@...@..@....@.............@@@...@@..
..@@............@.@...........@................@@...........
.....@......@......@@....@................@.....@...........
.........@..@......@..@...@.....@.@............@............
..........@@@..@.......@..............@.......@.........@...
....................@.............@.....@@@..@..........@...
....@.......@.......@....@..........@....@..........@@@.....
@..........@.......@...@..@......@@.@.........@.....@.......
...............@....@........@........@..............@.@..@.
.....@..........@......@......@.....@@......@@..............
.......@.@.@..@@@..............@.@@...@.@...@.........@.....
...@..@....@@..@....@..............@..........@@....@...@...
...@...........@.....@@...@..@............@...@....@....@..@
.....@@@..@.........@..@.@.@.........@...@@.@....@.@@.......
..@.........@@....@@................@.@@.........@.@..@.....
......................@.@..@...@..@.....@..@...........@...@
....@........@.@.......@.@..........@.@..........@@.....@...
.......@....@..@.@..........@..@...@@.....@...@.@@..........
.......@.....@................@...........@..........@..@..@
@....@@.@..........@........................@...@.......@...
..........@........@...@..@.........@......@......@@..@.@...
.@..@...@..................................@.@...@@.......@.
@.@.@......@.......................@....................@...
.....@..@....@..@......@............@..@.....@..@..@.@.@....
@.@..@@.@.......@@.@@@............@.......@.@.......@@......
.............@...................@.....@......@............@
@..@............@....@..@...........@@..@........@...@......
........@@.......@..@............@@.........................
.....................@..@..@@....................@..........
@@.....@........@..........@..@.........@....@..............
.........@..@.........@...@.....@...@.@..@@.................
@.@..@.....@.......@........................@........@......
...........@.@.....@......@...@..@.............@@..@........
.......@....@.......@.@...@......@@.................@..@.@@.
Agents:
70
0,14,32,19,14
1,47,23,50,37
2,16,58,9,52
3,6,30,39,13
4,27,38,19,53
5,9,1,53,36
6,35,21,57,39
7,36,46,13,17
8,1,39,31,5
9,6,7,25,41
10,20,35,34,33
11,16,17,4,49
12,54,52,25,42
13,51,48,57,16
14,9,42,1,36
15,53,37,11,8
16,7,26,28,17
17,23,23,48,49
18,28,34,52,26
19,6,41,29,27
20,48,14,34,2
21,8,56,10,32
22,10,48,5,19
23,58,29,56,11
24,35,39,0,56
25,16,29,4,56
26,28,23,53,54
27,6,17,17,29
28,21,44,17,43
29,45,31,43,58
30,22,37,4,7
31,10,32,57,14
32,58,4,57,30
33,10,13,15,57
34,3,37,31,55
35,31,4,29,40
36,39,8,46,27
37,27,28,48,8
38,10,53,18,13
39,55,4,57,52
40,8,51,56,52
41,26,35,53,13
42,17,17,47,44
43,1,58,25,46
44,28,44,47,0
45,40,11,53,18
46,19,15,13,26
47,37,8,40,29
48,13,40,55,51
49,51,15,4,44
50,4,44,32,15
51,42,5,26,43
52,4,13,55,10
53,42,6,8,48
54,55,46,30,58
55,36,41,30,4
56,39,58,54,5
57,26,13,4,59
58,34,39,58,23
59,44,58,4,16
60,10,59,28,37
61,38,45,7,28
62,44,2,3,56
63,50,32,17,39
64,21,15,0,51
65,33,43,31,47
66,53,55,5,37
67,29,14,31,48
68,14,38,58,46
69,57,1,19,22
