1
Grid:
60,60
....@..@.@..@...@...@@.@....@.@.@..@@@@....@.@.....@@@.@..@.
......@...@.@.@........@@.@..@@........@.....@@...@@@.......
........@......@......@@@.@....@..@@@.....@................@
@.@....@@@..@@....@.@@@@@...@@..@....@.@.@............@..@@.
.....@@.@....@@..@@..@@@..@@.@.@.@.@.@.@@@...@...@.@...@..@@
@......@.@@......@@...@.@@@....@@.@.....@........@.@.@.@....
...@..@@..@.....@@.......@@..@@..@...@..@.@..@.@.....@@...@.
@@.@...@.........@@.....@.......@..@@...@.@.@.@@......@.@@.@
@@..@.@....@.@..@......@@@@@.@.@.@..@.@..@.@@.....@.@.@.....
...@@.@...@.........@.@@.@...@.@@...@...@.....@........@....
.......@...@.@.@..@....@@@...@.@.....@@@..@@@....@.@.@...@@.
@@.@...@...@.........@@@......@....@.@@.@...@..........@@...
@...@.......@@....@......@.@@@......@@.@..@..@.@.@@..@..@...
@..@....@@...@@@......@@@.@@..@.........@@..@...@..@@.@.@..@
...@...@@.@....@...@..@@...@.@.@...@..@.....@@@..@.@@@..@...
....@...@.@...@.....@@@@@.@......@....@.@..@.@@....@.@@..@.@
@.@........@@.@..@@.@..@@................@........@@@@@.....
....@....@@....@@.@.@.....@@@..@@.@@....@@...@.@......@.....
.@..@@......@@....@...@...@....@..@@.@.@@.@.....@.@@........
....@@.@.@.@@.......@...@.@..@@@@...@.@.....@@@..@.@@..@@@@@
........@.@@.@.@.........@.....@@.@...@.....@...@....@@....@
.@.@....@@.........@@..@.....@.@.@@..@@@.@.@@.@.@..@...@..@@
@.....@.@..@@.@@...@..@.@.....@@.@.@@.@...@@........@....@.@
@..@.@@....@.@@.@.@..@..@.@@..@..@.......@....@..@@.@.@.@@@.
......@@.@@.@@..@...@@..@.@..........@.......@......@.@.@.@.
...@....@@......@....@@.....@...@@....@@..@....@...@..@....@
@..@.@.@.....@..@.@...@....@@.@@....@@@....@.@.....@@@.@....
@...@.@...@.@.@....@...@@..@....@........@..............@...
..@.......@...@..@.@..@@......@.@...@@...@....@@....@.....@.
...@.@..@..@@@@.@...@...@.......@.@.@.@..@...@.......@....@.
...@..@...@..@@..@..@@....@@.......@..@...........@.@.@.@.@@
@........@......@@...@..@.........@@............@.........@@
...........@@.......@.........@.@@......@.@...@.@.@@.......@
@.......@.@@.....@@.....@.....@.......@@.@@....@@...@@.@..@@
...@.@@@.................@.@....@@.@@@..@......@.@..@.@...@.
@@..@.@.......@.....@@.@@..@....@..@@..@..@.@....@...@.@....
...@....@...@@........@..@...@@..@@...@...@...@@..........@@
..@@..@@.@....@..@.@.....@.@.@.......@......@...@......@@..@
...@.@.....@@....@@.@....@@.@@.@..@...@....@@.....@....@....
.@.......@..@@..@@...@...@.......@@.@....@........@@@.@.....
..@....@..@@..@........@.@@...@..@...@@..@@...@@..@..@..@...
.@.@..@@@.@.@...@....@.@@.@......@.@..@.@....@......@@..@@..
.........@.@...@...........@..@.......@@..@@.@@@@..@....@...
........@..@@......@.......@.@.@.@.@..............@.@..@@...
..@......@@....@..@.....@...@...@...@..@@....@....@@.@@@....
.@...@@@@@.@.@@....@@.........@@@.@.......@..@@..@...@.@.@..
..@...@...@@......@@@...@......@....@....@.......@.@.......@
@.@@..@@@....@..@...@..............@...@......@@....@......@
@@..@@.....@.@.@@..@..@.....@...@..@....@.......@@........@@
..@..@........@.......@.........@@..@@......@@@@..@....@@..@
.@.....@.@....@...@...@....@...@....@....@...@@...@.....@...
@..@...@@@@.@.@..@..@@....@@@@...@@...@.@..@.@..@.@...@..@..
.@......@@..............@@....@@.@...@.@@@.....@@..........@
.........@@@.@....@@........@@@.@..@..@.@..@..@....@........
.......@.......@..@.@.@...@@...@...@@.....@...@...@......@.@
@@.@...............@@..@.....@.@@...@.@.@@.@@@.@.@.@.@..@.@@
...@@.....@..@....@@...@@@.@@....@.@......@.....@...........
...@..@.@.@.@@........@......@.@@.@.....@..........@.@..@.@@
.@...@@@..@@@..@.....@......@..@@..@@.........@@@.@.@.......
.....@.@.....@.....@......@..@.@........@...@@..@..@@.......
Agents:
55
0,10,36,1,4
1,31,42,44,33
2,44,27,6,1
3,15,28,39,4
4,9,59,28,55
5,42,1,25,10
6,4,30,26,34
7,32,47,40,43
8,8,17,16,15
9,26,6,50,47
10,27,40,45,39
11,7,30,59,56
12,37,33,32,58
13,42,17,27,48
14,38,24,46,16
15,59,57,30,23
16,41,4,1,34
17,28,42,54,55
18,38,8,37,50
19,0,29,0,29
20,47,45,23,2
21,53,33,48,2
22,7,39,35,9
23,42,35,45,26
24,35,9,42,41
25,4,56,2,19
26,27,3,46,15
27,41,14,37,10
28,58,23,15,2
29,28,25,35,30
30,13,28,50,29
31,32,13,1,33
32,29,35,22,28
33,7,8,40,5
34,37,5,12,2
35,17,19,12,32
36,12,22,19,8
37,22,53,40,32
38,1,22,18,24
39,47,33,6,36
40,20,2,2,6
41,24,51,1,1
42,6,13,16,9
43,2,21,54,51
44,45,21,55,15
45,1,36,43,46
46,1,34,3,3
47,17,3,31,5
48,3,51,16,43
49,48,55,29,42
50,25,55,44,4
51,44,14,1,42
52,51,46,17,24
53,58,19,16,56
54,11,25,31,36
