2
Grid:
60,60
............................................................
............................................................
............................................................
............................................................
............................................................
............................................................
............................................................
............................................................
............................................................
............................................................
............................................................
............................................................
............................................................
............................................................
............................................................
............................................................
............................................................
............................................................
............................................................
............................................................
............................................................
............................................................
............................................................
............................................................
............................................................
............................................................
............................................................
............................................................
............................................................
............................................................
............................................................
............................................................
............................................................
............................................................
............................................................
............................................................
............................................................
............................................................
............................................................
............................................................
............................................................
............................................................
............................................................
............................................................
............................................................
............................................................
............................................................
............................................................
............................................................
............................................................
............................................................
............................................................
............................................................
............................................................
............................................................
............................................................
............................................................
............................................................
............................................................
............................................................
Agents:
85
0,59,8,6,41
1,33,24,26,11
2,55,12,6,9
3,8,23,34,10
4,15,5,56,43
5,42,4,50,10
6,53,31,1,53
7,16,45,42,41
8,57,7,55,27
9,46,50,47,52
10,34,55,7,22
11,52,3,5,8
12,46,34,50,32
13,53,19,32,19
14,53,25,57,16
15,27,16,19,56
16,48,9,27,10
17,14,22,55,32
18,25,44,29,38
19,31,42,41,36
20,30,25,5,12
21,36,19,40,45
22,9,38,46,24
23,23,6,46,48
24,10,44,28,53
25,6,8,43,25
26,34,38,54,57
27,32,52,6,33
28,26,33,38,48
29,30,56,33,41
30,11,29,30,17
31,45,25,22,24
32,15,43,24,54
33,16,53,5,4
34,19,12,15,53
35,32,50,11,19
36,18,51,11,15
37,24,27,31,24
38,27,27,15,35
39,24,14,3,57
40,55,47,43,59
41,14,42,19,13
42,9,39,33,32
43,34,35,38,33
44,49,33,39,56
45,18,0,19,20
46,25,35,50,45
47,31,0,24,37
48,39,10,32,25
49,3,26,31,48
50,21,29,22,42
51,46,58,19,50
52,11,16,11,35
53,50,43,3,8
54,13,4,14,9
55,25,58,35,27
56,9,15,13,48
57,0,23,54,25
58,15,2,47,21
59,15,35,44,41
60,8,40,10,17
61,4,46,49,20
62,54,32,37,42
63,25,43,56,53
64,19,23,30,52
65,47,16,40,4
66,23,58,59,50
67,53,26,54,35
68,1,16,8,54
69,31,53,49,47
70,49,51,28,8
71,22,44,39,34
72,8,20,46,18
73,51,9,31,0
74,34,7,28,28
75,45,36,51,9
76,55,28,45,17
77,17,40,8,42
78,25,0,9,29
79,4,39,28,6
80,51,7,51,18
81,23,49,7,16
82,16,9,29,10
83,35,10,19,36
84,22,34,50,47
