1
Grid:
60,60
.....................@..............@.@...@.................
....@.@....................@................@........@......
...........................................@..@.......@@....
.................@........@.....................@.....@.....
.....................@..........................@......@....
.....@...@...@............@.................................
..@........................@................................
....................................@............@..........
................@..........................................@
............@...............................................
........@....@..@.......................@...................
...............................................@@........@..
............@@...@.........@................@...............
...................................@........................
............................................................
......@.....@........@........@.....@..@........@...........
........................@..........................@....@@..
..................................@.........................
.@.................................@........................
..@.....@............................@.....................@
.....@..................................@........@@.........
............................................................
.................................@..@.......................
...........@..............@....@.......@....................
..................@..........@..............................
........@...................................................
.....@........@.....................................@.......
..........................................@.................
...................@..........@....@.......................@
.........@..................................................
............................................................
........................................@..@................
.....@...@@......@.@........................................
@.................@.......................................@.
............@..@............................................
.................@@.@..@............................@.......
...@.@..........................@..........@.........@......
..............@..................@..............@....@......
.....@...@..................................................
@....................@.......@....@.............@.@.........
............................@......@..............@.........
............................................@...............
.........@...................@......................@.......
.............................@...............@...@..........
................@..@................@.....@................@
.......................@.................@...............@@@
..........@.....................@..................@@.......
.................@............................@.....@.......
.............@......@...........@................@..........
.............................@..............................
.@...................@....@@................................
@..........@........................@.......................
.....................................@......................
..............................@......@......................
.............@@............................................@
..@..............@..@.......................................
............................@.................@.............
.....@.......@..........@.......@...........................
.......@..........@......@...@....................@.........
.............@..............@........@......................
Agents:
85
0,1,50,39,17
1,53,28,6,34
2,47,31,23,55
3,22,15,35,47
4,45,34,29,56
5,36,22,28,56
6,9,8,52,27
7,7,12,47,42
8,15,11,45,17
9,3,28,57,27
10,54,46,40,9
11,16,37,33,9
12,50,13,8,30
13,11,36,45,52
14,23,25,28,58
15,19,45,45,29
16,29,33,58,43
17,6,41,19,33
18,10,11,45,9
19,20,33,18,16
20,44,56,8,34
21,3,13,2,59
22,7,15,40,52
23,18,24,15,26
24,18,36,23,34
25,22,9,52,20
26,46,25,53,44
27,34,0,2,50
28,14,38,38,47
29,0,9,44,12
30,3,8,12,28
31,11,11,47,8
32,2,24,14,54
33,38,34,10,37
34,6,33,5,29
35,1,15,47,48
36,31,29,7,38
37,43,57,7,0
38,42,3,56,50
39,30,35,41,13
40,17,47,34,4
41,3,9,37,6
42,58,4,29,26
43,59,5,41,35
44,26,31,48,3
45,29,36,22,5
46,45,52,55,41
47,10,42,58,14
48,36,44,52,10
49,17,44,49,28
50,34,6,20,18
51,38,17,49,8
52,41,36,14,43
53,18,11,52,1
54,8,24,4,14
55,14,17,56,18
56,51,23,53,40
57,7,52,7,44
58,25,34,18,50
59,34,1,39,49
60,7,29,48,47
61,5,19,13,11
62,59,7,37,7
63,11,50,32,43
64,52,47,49,42
65,59,10,28,20
66,28,32,19,27
67,12,56,47,2
68,31,41,34,16
69,22,23,4,6
70,47,15,57,47
71,23,45,41,12
72,56,12,0,28
73,44,22,34,44
74,44,18,43,24
75,17,2,18,15
76,9,16,31,8
77,37,5,17,17
78,1,18,46,27
79,17,33,56,59
80,24,27,1,10
81,18,20,24,45
82,25,4,34,26
83,48,18,3,24
84,21,43,18,38
