1
Grid:
70,70
@..@....@@@@.................@@..@@..@..@....@.....@.....@.@.........@
........@...@.@.@..........@....@.......@...@....@.....@...@@.@..@@.@.
.@...........@@........@.@..@...............@@..@...@............@@...
@@..@...@.......@@@@...@....@......@......@.@.@......@........@...@...
........@...@..@...@......@.@....@@...@.@....@......@.@...........@@@.
..............@@..@@........@..@...@....@...................@.@@....@.
@...@..@.........@.@.......@@........@@...@......@..@.........@....@..
.........@.....@.@.@......@.@.........@................@...@..........
.....@..@@@...@@..@.@.....@..@..@.@.@@...............@.@...@..........
....@@.@...@.......@.........@......@...@@.....@.........@....@.@..@..
.....@@.@..@@@.........@...@.......@@....@@@..............@...........
..@........@........@..........@....@...........@.......@.@........@..
.@....@.....@@.@.....@@@.............@....@.....@....@@...@...@.@....@
..........@........@.....@@....@@.@....@..@...@@..@...@..........@@...
.@@.@.@@.....@.@@.....@.......@.@@................@@...@....@.....@.@@
..@......@...@@......@.....@.@..@........@.......@.....@@..@..@..@....
..@......@@.@.......@.@.....@..@....@.............@.@...........@.....
...@...@..@..@.....@.@.@@.....@.......@...............@..@...@@...@...
@..@..........@.....@.@.....@@....@.....@....@.........@.@..@@.....@..
.@.........@....@..@....................@......@.@..@.@.@....@@.....@.
.........@@...........@..@.@.............@.@.........@...@@...........
@@.....@@...@@@...................@.@...@@.@@@.......@........@.@.@...
..........@@...@..............@.......@..@...@.@@.@......@.@@.........
.....@.@............@@@@.@.......@.......@..@..@............@..@.@.@..
@@@.@.@....@.@....@.......@.@..@@@@......@..........@..............@..
.....@........@.@.......@........@@.@..@@.....@........@...@..@.....@.
@..@........@..@.@@......@..@.@..@.....@......@............@..........
...@.....@......@....@.....@@@@.@.@.@.................@...@........@..
..@........@@........@..........@..................@@.....@@@.@..@....
.@..@.@..@.........@.@.@...@.@..@@.@...........@@....@.@.....@..@....@
.....@.......................@.@.@.@....@.@....@..@..@................
..@....@....@....................@......@......@.........@@..@........
..@.@.....@@@..@....@.@......@....@@..@@....@...@@..@......@....@.@@..
..............@.@..@.@..@@.............@........@..@...@@@.........@..
@.........@.....@..@.@..........@..@............@...@.....@..........@
.....@..............@...@.@@......@.@.@..@...........@....@....@...@..
@.@.@.........@..@@.......@.....@..@@............@......@..@.@........
....@..@.....@..@...@....@..........@....@.......@..............@....@
.@..@.....@.@...@@@@.@.@........@.....@....@..@@.....@..@....@.....@..
.@@@@...........@@....@...@.....@@........@..@...@..@.........@@......
.........@...@.@...@...@.......@@@....@..@......@.@........@.@.@@...@.
...............@..@@.@@.............@....@@..@......@.......@..@......
...@.@...@...@............@..@...........@@.@.@.................@.@..@
...@.............@..........@....@....@.....@...................@.....
....@.............@....@...@......@.@@.....@........@....@.@.....@@...
........@.@..@.....@.@.@.....@.....@..........@.....@.................
....@..........@.@.@.@......@.....@.@@......@.........@@.@..@..@@@.@@@
@..@.........@.............@..@@.@....@@..........@..@@..@...@..@.@.@.
@...@......@.@............@.....@.....@....@.............@.....@.....@
...@@@..............@.........@....@................@@........@.@..@@@
..@.........@..@@.@@.....@...@..@.@@....@....@@..@....................
.....@..@.@.....@.@.....@.........@..@...@@.@..........@....@@....@@..
.@.@.@...@@.@..........@@...@...@.........@....@.@...........@........
.......@...@@....@...@....@..@..@..........@.......@......@......@....
....@..@@.....................@.........@.@.......@...@...@.@.@.......
......@...@..@.@@.@.......@@..@.@.........@.......@......@....@@......
..............@...................@.....@@@..@...@......@@..@.........
....@.....@.........@..@........@.......@..@.@....@...@.@@@....@..@...
.....@.@...................@..@....@.@.......@@.......................
.........@......@........@@@@..@....@......@@....@.@.@....@.@.....@...
....@................@....@...@....@...@....@@..@..@@...@..@.........@
@...@.........@.@...@....@@...@.......@...@..........................@
.........@.....@.@.....@..@@..@...@............@@....@...@.@.....@@...
....@.......@@...@@..@.@@................@..@..@.@.@...@....@@@.@@@...
.@.@.@@........@.........................@.@...@.....@...........@....
@@.@@...@.....@.@@@....@@@@@..@............@........@.@..@..@.........
.....@...........@@.................@..@...........@........@..@..@...
..........@..@..@...@@.@.@............@@........@@....@..@.@..@...@.@.
...@..........@@...............@...........@...@...@....@@...@@@....@.
.@@.@...@@.@@@..........@@..@........@..@.........@....@.@............
Agents:
40
0,38,44,61,10
1,57,8,16,58
2,44,19,64,26
3,41,32,4,13
4,9,21,52,7
5,65,33,12,59
6,27,25,22,33
7,23,45,17,14
8,54,27,45,42
9,50,28,40,57
10,67,42,42,34
11,42,14,22,34
12,58,31,49,11
13,42,11,45,66
14,62,2,69,32
15,54,26,37,60
16,43,69,26,48
17,27,68,62,32
18,52,40,47,15
19,31,28,68,11
20,16,60,50,27
21,16,69,60,28
22,60,55,15,42
23,66,13,16,53
24,49,14,29,66
25,35,29,34,29
26,31,53,13,12
27,39,7,33,69
28,36,38,32,54
29,67,24,33,5
30,43,19,23,19
31,25,52,65,34
32,68,58,32,18
33,64,23,57,24
34,11,69,11,16
35,30,30,26,19
36,20,13,25,27
37,32,23,22,8
38,9,0,66,9
39,16,1,45,43
