2
Grid:
60,60
......@.....@@.@.@..@..@.......@.@....@...@..@.@@....@.....@
..@....@...@.@..@.@.....@@..@@..@..@.@@............@..@.@...
@.@....@....@.........@.....@@....@..@.....@.@.@....@.......
..@.@...@.....@.@..@.@...@@...@............@....@...........
..........@@..@........@...@...........@.@@...@..@....@@....
.@...@...@@.@........@.@.........@@.@.....@......@...@..@@.@
@.@........@....@.....@.@....@...@.@.......@....@..........@
..@....@.@@...@....@@...........@@.......@@....@........@..@
.@.@.....@.@..@........@.....@.............@......@.....@@..
..@.........@@.@@@..@@.......@............@@@...@...........
..@.@.....@.@......@...@...@...........@....@........@...@..
....@.......@.....@...@..@@@.......@@...........@.@..@..@..@
....@.......@@...@@..........@...@@@....@.......@@.....@....
....@...@.@......@..@.@.....@.......@.......@......@........
.....@......@..@..@@............@...@...@...@.....@.....@@..
@@..@.@...@.@...@.....@.......@@...@.@....@...@.......@.....
.@..@........@.....@@@...@......@..@...@...............@.@@.
@..@...@......@....@...@.@.....@.@@.@.@....@....@...@@..@...
..@.@.......@@@....@.....@......@..@.@..@@..@@@..@@.@...@...
.@....@..@@........@@........@.@...@..@.@....@.....@.@....@.
......@...@..........@@...@@...@@.....@..@...@........@...@@
@...@............@...@@...@.....@.....@@.@.@...@.@....@.@.@.
......@....@@@@@....@@.....@...@..@......@@@.@....@..@..@...
..@....@.....@@.....@...@..........@....@..@@..............@
...@....@..@.@........@...@.....@........@@..@.@......@@@...
....@.....@.@.....@@.....@.@....@..............@@@....@@..@.
................@..@...@......@.@..............@....@@@..@..
@@...@...@......@....@..@..@...@....@.@...@@..@.......@..@@.
.@.@@...@...@.@@..@.....@.@.@....@....@........@.@....@..@@.
.@.@..@..@............@@.@..@@@.@.....@@...@...@...@@@...@@.
..@......@..........@.@.@@..@........@.@...@@....@.@.@....@.
..@@.@....@.@.....@.....@@@@..@@@.@...@@@@...@@@......@.....
......@@...@........@.....@@..@@....@@.@@@@.....@..@@.....@.
.@@..@........@@.@@..@@...@.@@@.@.@.@......@....@..@.....@..
............@......@.@..........@.@.@..@@@.@.@..@......@..@.
.@.....@..@.....@@..@.....@.@.....@................@.@.@....
..@..@@...@@..@.........@.@..............@........@.........
@.@........@..@...@.@.@.@@@.......@.@...@@..@@.....@......@@
......@.@.@@.@....@.@.@....@.@.........@@@....@....@@.@@.@.@
.@@............@...@@@.@.@...@@....@@....@.......@@.@..@.@..
@.........@.@@.@...@............@@......@..@..@@@....@@.@..@
@.@@...@..@@@.@.@..@@@.....@............@.@...@@...@.@.@....
..........@.@.@..@..@..@.....@..@..@....@....@@.@..........@
....@......@@@..@..@...@@.@..@..@.@.@...@.@.@@@....@@@..@..@
.@.@.@@.....@@....@@...@@...@......@.@.@....@..@@.@.@.......
......@.@..@@@........@.@@....@@@..@..@.@.@.@....@.@.@@...@.
....................@@@................................@....
.@.@@@......@.........@.@............@.@.@.......@...@@@.@@.
.....@@@...@....@.@@......@.@..@..@.@.....@..@.......@.@.@..
.@@..@@@.@....@......@.....@@.@.@.........@.@..@@...........
.......@.@.@@..@........................@.@..@..@..@.....@..
@@......@..@.@.....@@...@.@@.@@..@@@.......@..@@@@...@..@...
@.@....@@....@.....@....@..@........@....@....@..@...@......
......@......@....@@..@@..@.@..@@......@.@@.@.@..@...@.....@
.@@.....@...@..@..@..........@.@...@..@.@...@@.@@...........
@...@....@..............@..........@....@.......@.........@.
......@@.....@........@...@..@......@.@@....@.......@.......
.@.@@@.@........@....@...@.......@....@....@......@.....@...
..@....@.....@@@..@@....@............@...........@.@.@@..@..
@......@.@..@@...@....@.....@.@...@........@............@.@.
Agents:
40
0,34,28,19,13
1,4,0,13,43
2,57,11,28,45
3,56,37,23,18
4,58,38,32,1
5,15,39,19,8
6,25,7,9,4
7,26,20,5,27
8,58,9,35,29
9,33,56,24,24
10,54,52,17,40
11,59,15,9,18
12,24,0,33,58
13,24,39,47,19
14,47,32,36,38
15,16,47,38,3
16,25,24,50,13
17,41,44,9,46
18,58,36,13,26
19,39,58,47,29
20,12,58,35,45
21,30,55,38,17
22,32,44,7,53
23,39,0,22,25
24,52,37,25,38
25,42,5,51,32
26,38,0,12,8
27,14,59,54,27
28,4,19,3,5
29,38,35,12,37
30,43,2,52,44
31,25,51,36,46
32,20,18,59,49
33,13,1,22,26
34,2,25,29,45
35,30,29,53,5
36,6,3,32,57
37,52,15,2,16
38,55,19,34,49
39,40,20,20,40
