0
Grid:
70,70
.......@.........@.@......@...@...@....@.....@............@..@........
.....@.@...........@@.@@@....@.......@..@@.@@..@.@..@......@@..@@.....
.....@...@..@..@@......@..@..@...@.............@..........@....@@.@...
...@...............@.......@.............@.....@...@.....@..........@.
....@@.@.@........@....@......@@@....@...@@........@.....@.@@.........
@.......@.......@...@..@.@.............@...@......@.....@....@........
.@....@..@.@.......@....@.......@...@......@..@.......@..@..@....@...@
........@.@..................@...@@@..@......@.........@......@.@.....
.......@.....@..@....@...........@@.............@@.@...@..@....@......
......@@.@.@................@.@@.@...@....@@...............@....@.....
.......@........@.@.@..............................@...@@.......@.@...
....@..@..........@.@@....@..@....@@.@....@....@..@@@.@..@......@.@.@.
.@..@...........@..@.....@......@..........@.................@@..@.@..
.@..@.@....@.........@@@@..........@................@.@...@..@........
..@@.@@..@@..@@@.@@.........@@.@............@..@@...@@..@.....@@......
....@.@...@.........@.@.@@@...@...@.........@.@.......@........@..@...
..@...@....@.............@.....@......@...........@..@.....@...@@...@.
.@...@@..........@.....@.....@...@....@.@.........@..@......@..@.@....
@......@.......@.......@...@........@@.....@.@.............@.....@...@
@.@..........@..........@...............@.....@...@...@@.@@.....@..@..
...........@@......@...@@.......@........@.........@.@..@.@......@.@..
..........@...............@@....@.....@.@@.@...@.........@.@..@...@..@
...@..@........@........@...@......@.@...@...@.........@.@@.....@...@@
..@@...@...@....@.....@........@@....@...@.@.@.....@...@.....@.......@
...@.@....@@..@@..........@@@......@@..@..@.....@.......@..@..@..@.@.@
@......@.........@....@.........@..@....@@......@......@...@....@..@..
........@@..@@......@.@.@...........@.....@....@....@.......@.@.@.....
..........@.....@.@.....@..@....@.....@@..@@....@@...@....@@..........
..@.@.@.@..@...........@.@.......@.........@..@.@@...@.....@..@.......
@..@.@..@..@....@..@....@...........@.....@...@.....@.@@.....@@...@...
@...@.........@..........@...@..@@@..........@...@..@@@...@.......@..@
..@....@.@......@..@.@@......@..@.@....@.@@@.......@..@......@......@@
@........@@.......@........@..@.......@.......................@@@.....
@..@...@.@....@...@@...............@@.@..........@............@.@..@.@
.......@...........@..............@.@@@...........@@@.@@.@..@.@..@...@
..@@.........@........@.@....@@....@......@@..@.......@........@....@@
..@.........@....@@.......@.@@.....................................@..
@.@@@...@..................@......@........@......@@......@......@..@.
..@@....@.@...@..@..@.....@..@.@....@@.....@.@......@.@.....@...@....@
@.@..@@...@....@.....@.@@.@...@..@..............@@...@..@..@@.@.......
.....@.........@......@............@.@..@..@...........@@.@@...@.@....
.@.@...@...........@.@.@.@@...@...........@..@......@.@@@.........@..@
....@.@..@................@.@...@@@.............@@@.@..........@......
....@.....@.....@.@.@.......@.....@..@...............@.........@.@....
.....@..@..@@.@............@.........@@@....@....@...@.........@@@.@.@
.......@.....................@@..@.......@.........@....@.......@.@...
@........@........@.@..@@......@...........@.@...........@...@........
..@...@....@.........................@.@.@...@@..............@@.......
......@............@....@.@.@........@...@.@..@.....@.......@...@.@@..
@...............@.......@.......@.@@.@@..@.....@.@@..............@@.@.
.@..........@.@..............@@........@@........@@@.@....@...........
@..@.@@.@...@..@.....@....@.@.@@......@..@...@........@@@@.@..........
@.@.@.@..@........@...@......@..@.@@.....@..@@............@...........
..@.@@......@@..@......@......@....@.............@@..@.....@@.@..@....
@..@....@.@...........@............@.....@...@..@.............@...@...
.......@....@@.@..@....@....@.........................@@.@........@@@.
@................@.@@....@..@..@..................@.@....@@.@.@.....@.
.........@...@@@..@..@..........@@@.....@..@..@.@..@.@...@@.......@..@
@.......@..@.........@.....@.....@..@...@.......@..@.@........@..@....
..@..@.....@.@........@..@.......@...@......@@...........@.@.@........
......@..@.@@....@....@.....@..........@....@..........@@.............
...@......@.@@.@@.......@..@...........@@.........@.......@.......@..@
....@.@...@.....@.@..@.................@..@.............@.....@...@@..
.@@....@.@.@@.....@..@.......@........@........@.@.....@..@.@.@.......
..@....@...@...............@......@.....@.@..............@@...........
.@.............@@......@@..............@.@@.........@@@..@.....@......
......@.............@..@.@.........@....@.@@...@@@.........@..........
....@.........@............@.......@..@..@..@.......@@....@...@...@...
@.....@..................@.@.@@............@..@....@.@.@.@....@..@..@@
..@.....@......@.@....@...@.@.@....@....@...@@..@.@.....@..@..........
Agents:
45
0,60,66,59,51
1,28,50,56,24
2,68,63,45,1
3,63,40,28,57
4,27,21,52,16
5,61,6,36,48
6,11,40,16,22
7,40,46,27,60
8,55,50,60,19
9,30,36,16,9
10,16,21,2,46
11,62,27,18,14
12,32,26,24,51
13,38,47,28,65
14,60,42,42,21
15,32,69,13,14
16,12,37,27,54
17,23,60,46,13
18,67,50,56,1
19,0,5,63,39
20,47,5,55,20
21,40,21,56,8
22,19,31,8,69
23,47,48,15,3
24,46,39,17,62
25,4,1,6,66
26,17,41,19,11
27,12,21,65,21
28,2,49,9,15
29,30,19,62,40
30,43,12,54,40
31,23,65,23,63
32,7,67,4,43
33,39,35,23,20
34,49,27,61,34
35,3,59,0,15
36,27,28,30,35
37,64,54,52,51
38,22,43,2,52
39,33,21,25,62
40,42,1,69,21
41,20,45,52,25
42,48,21,27,40
43,45,27,69,32
44,31,11,53,26
