1
Grid:
70,70
......@@@...@........@.@......@...........@........@.@.......@....@@..
@@..@..@@.@........@.....@...@....@..@........@...@..@..@@....@.@@....
.....@....@.............@@.@...@.....@@@@.......@@..@@.@.......@.@.@.@
.@....@.....@@..@@...@....................@@@....@@..@......@@@@..@..@
....@...@..@..@....@..@.@......@@....@...........@..@.@.@@.@........@.
.@...@.@@...@........@@..@.......@.@@@..@...@....@.@..@.@..@....@...@.
@.......@...@.@........@...@.....@.@..@..@.....@@@@....@..@.@..@....@.
..@....@....@......@.@...@.@.@@...@....@..........@...........@@..@...
...@@..@..........@.......@.@.@....@...@....@..@..@@..................
.....@..@.@..@....@.@@......@@.....@@@@........@..@..@....@.....@.....
..@@..@....@.@.....@......@@@.@...........@.@....@@@...@@..@.@.....@.@
..@@..@...........@..@.@@.@.....@....................@....@@..@.@@.@@.
@@@@@..@@.@.@@..@.@@..@@....@.@..@@@@.@....@@.....@....@@..@.@......@@
.@.@..@.@.@.@.@..@....@...@@........@..@.....@@..@@.......@..@........
...@..@..@@@...........@..@@.@......@....@....................@.@.@...
...@...@..........@.@.........@....@@....@.....@.@...@@@..............
..@@@.....@..@..........@..........@@.@@.....@.......@@..@@@@..@..@@.@
.@.....@.....@..@@.@@...@@...........@@@.@..@.....@.@...@..@.@..@.....
..@....@@@..@.@@@...@@..@...........@.@.....@.......@..@.......@@.@...
..@....@...@.....@..@..@....@@@...@....@...@@.@.@...@.@@@...@.@....@.@
@@..@@.@...@.@@@.@.....@@.....@...@.@.@.@.@..@..@.@@.......@.@.@@.....
.@..@.....@.@.......@..@.@..@...@....@..@................@......@.....
...@...@...@@.........@@....@.@@.@.@@.@........@@.@@.@...@...@.@..@@.@
..@.@....@@...@.@.@@@..@..@...@....@.....@...@............@@@@@.......
.@.@....@...@..@.@.@......@.@...@.@...@@.@....@.@..@...@..@....@...@..
...........@.@................@................@.@...@..@..@@..@@@....
......@..@......@..@.......@@.......@@@@.@....@...@.@@@....@.......@..
.......@.@..@.@..@@.@..@..@......@@.......@...@....@@...@..@@@@@.@...@
@...@....@....@.......@.@....@.........@..@@..@..@...........@.@@.@@..
.....@.....@.....@...................@..............@@....@...........
.@.....@...@........@.@@@........@@@.@.....@@..@.....@.....@..@@......
.@@@..@@..@.@.....@........@...@@@..@............@....@@....@.........
.@.........@@@....@................@@@...@.....@...@....@....@.@@.....
@..@.@........@@..@..........@.@...........@.@...@.................@..
.@@@.@............@.....@....@.......@.......@@..@...@@...@..@.@@.@@..
..@@@.@..@@...@@........@@.@.@....@....@@....@...@.........@@@........
@@.@.....@....@@.....@.@...@...@@@.@.@.@.......@...@@....@@...........
.@.......@.....@.............@..@..@....@.......@.@..@......@@...@..@.
@@@..@@.....@.......@@.@@.@..@................@.........@......@.@@...
.@.....@@..@.....@@...@.....@.@.@..@....@...@..@@@.....@.@.......@..@.
............@....@.@........@..........@@..............@...@@..@@@...@
@...@@@.....@..@..@@.@@.........@@@.............@.....@.......@@..@@@.
.....@...@.@@@.@...@........@...@@...@.@.@...@...@..@..@@@.@..@...@...
@.............@@...........@@.@.@..@.....@@@..........@.........@.....
@@.....@@....@........@......@@..............@..@....@@.....@....@....
..@....@.......@.@.............@..........@..@....@@.@..@@.@.@.@......
.........@@@...............@....@...@@....@..@@....@..@........@@....@
.............@@@@...................@..........@..@.......@..@..@.....
@..@@..@...@..........@..@...@......@@.@.@.@.@@.........@..........@..
.@@.....@.....@..@@..@...........@....@..@..@....@..@@...@.....@..@...
............@.@..@.@......@@@@..@@.@..@@...@.....@.@.....@@..@@@..@@..
...@...@.@..@@.@...........@......@.......@....................@@@@..@
.@......@@.......@...@.@.......@..@.....@..@..@....@...@@...@@..@..@..
@.@.........................@............@....@.@@@@.....@.......@...@
..@.@................@...@....@@...@.@.@.......@.....@.@.............@
@...........@@....@..@@..@...........@..........@...@@....@....@@.....
..@@.@.........@..@..@..@@.@.....@.....@......@.@.@..@.@..@@@...@..@..
...@@@@@..@@@.@@..@@............@.@..@@.@........@@.@@..........@...@.
@....@@...@...@@@.....@...@..@.......@.........@.....@.@@.............
..@@@@....@@..........@.@.....@@..@....@.................@.....@...@@.
@.@.....@......@.....@...@.....@@@....................@@@...@...@...@@
.@@@.@..@..@.@.@..@..@@..@.@.........@....@...@@...@.@..........@.....
.................@.@...@@....@@..@.@@@..........@@.@..@..@@.@.@@@.@...
...........@@.@.......@@@...@............@........@.......@@...@@.@@..
@.......@..@.@@.@..@@...@.....@.......@...@@.@....@@.@........@.@....@
.....@.......@@........@......@........@....@.....@@..@@.@...@....@@..
..@...@.........@@.....@......@@.......@@.@.@......@.@......@@..@@....
...@..@@.....@..@...@..@........@..@@.............@.@...@.....@.....@.
@.@....@...@....@.......@@..@..@.@..@@......@...@@.@..............@@..
.@..@......@...@@@..@@..@..@........@@@............@..@..@@.....@.@...
Agents:
55
0,50,45,28,55
1,66,59,24,59
2,27,66,1,59
3,39,45,52,63
4,55,45,13,42
5,1,42,5,41
6,67,29,18,48
7,66,20,55,42
8,37,67,63,36
9,7,37,8,38
10,67,55,5,31
11,25,21,4,9
12,24,30,5,61
13,27,44,4,28
14,19,35,42,10
15,29,15,37,6
16,35,62,30,13
17,55,68,43,48
18,21,24,33,58
19,5,15,59,50
20,47,10,22,16
21,15,32,55,5
22,20,25,56,47
23,62,11,31,48
24,1,22,62,27
25,0,2,63,4
26,69,0,69,0
27,8,52,33,25
28,19,50,32,45
29,9,26,35,54
30,69,3,16,26
31,4,9,1,3
32,60,4,41,50
33,42,16,19,22
34,29,56,49,0
35,39,69,10,45
36,65,10,44,49
37,0,43,57,51
38,42,44,40,20
39,14,39,36,46
40,15,69,55,15
41,4,65,17,65
42,60,34,4,21
43,23,54,40,0
44,6,34,66,68
45,24,11,41,69
46,37,25,33,22
47,21,21,36,11
48,5,55,52,57
49,62,14,8,61
50,48,8,62,50
51,31,8,1,14
52,56,9,13,65
53,53,25,47,17
54,50,21,50,69
