2
Grid:
60,60
.@@..@@@..@...@@.@...@.@..@@...@.@@..@...@.@@@@...@.......@.
@........@@@.@..@..@@@...@.........@@.@.@.@.@.@.@@@@...@@..@
...@........@.........@....@.@..@.@......@@@........@.@@@...
..@@..@..@...@@@@..@@....@.....@.............@@...........@.
.@.....@@...@.......@.....@.@@...@@@..@....@.....@....@.@@..
@@@@@.....@...@@@..@.@.....@.@@@@@@@........@...@..@.@@.....
.....@@@....@..@@@@.@@...@...@................@..@.@@.@.....
....@..@@@........@@..@@@@.....@....@............@@...@..@..
@.@.......@.@..@.....@.@.@......@@....@@..@..@.@....@@..@.@.
@...@.@.......@.@....@@..@.@..@@@..@...@.......@@...@@.....@
..@@..@....@@..@..@@........@......@@..@@.....@....@.....@@.
....@........@....@..@@...@.@..@.@.@..@..@.@@...@.......@...
.@@@..@@@..@.@.....@.@@@..........@@@...............@..@@...
....@@..@@@..@.@..@.....@@.@........@...@...@..@...@.@....@@
......@.@@@.......@@@..@............@.@..@@..@.......@...@.@
.@@@....@...@....@@@@.@....@..@..@....@@....@..@....@..@@...
@..@..@....@@...@@.@...@@.....@..@.@@......@.@......@@@@@...
......@.@@......@..@...@@......@.........@@......@@.@.....@@
@@...@..@.@....@..@....@....@...@@....@.@....@.@.@@...@.....
..@.@..@.@.....@.@.@.@.@@@..@....@@@@....@.@..@@.@..@.....@@
..@..@..@....@@...@@......@..@@..@@@.@@.@.@...@....@@...@@.@
.@@.@.@..@..@.@.....@.@@..@@....@@@@@..@@@@@....@...@@....@@
.@@........@.@@@.@.......@........@@@......@@.......@.@@@...
...........@.@.@@@......@.@....@..@@@..@.@....@..@.@........
@..@.@....@.....@................@..@........@....@.....@@..
..@....@.......@.@.......@..@@..@.@.@.@...@@........@...@@..
....@@@....@.........@......@@.@...@@@@....@...@.@...@.....@
.@@.....@....@@..@.@.........@@@@@@....@....@.@.............
.@.@...@.....@..@.@.@....@.@....@.@...@.@@...@....@......@..
..@@....@@..@..@....@..@......@@.@......@...@..........@.@..
@.......@..@......@.........@.@@...@.@.....@...@@...@...@@@.
....@.@..@@...@......@.@...@..@.@...@....@@@...@@.......@..@
.@..@.@.@.....@....@@.....@......@.@.........@@@..@...@...@.
@...@....@@.......@....@...@@..@@@......@@.........@........
@.@.......@..@...@.@...@.....@..@...@@.....@..@@...@....@@@.
@@..@.@.@...@....@..@.....@.@...@..@@@@..@......@....@.....@
@.@@@.@...@.@..@.@...@...@.......@.....@.......@.@.@........
.....@..@.....@....@@.@..@..@..@......@@.@.@.............@..
@.......@...@..@....@.......@..@..@@...@..@.@@@@.@....@..@.@
@.@..@@.....@@..@@...@..@..@.@.@@...@@@........@......@.@@@.
...@@@........@.@.....@@@@@@.........@.@@...@.@.....@..@.@@.
..@@@...@.@@...@@@...@@......@.@@@....@@....@..@...........@
.@.@..@....@@.........@..@@....@...........@@...@..@.@.@@.@@
.@.@@.@..@...@...@..@@.@..........@....@...@..@@@@.@...@....
...........@@.@....@.@..@....@..@@@.......@@@.@.@.@..@@.....
@...............@.@.@.....@@.@@@............@.......@.@..@..
@.@@@.....@.@....@..@..@..@...@..........@....@@@...@@@.@@@@
......@..@..@....@@....@.@..@....@.@...@...@.....@..@@....@@
....@...@....@......@....@..@.......@..@........@..@@....@@.
..@@@.@.@@...@.@.@@.@...@@.@.@@........@@@..@@.......@.@....
..@...@....@...@.@.@@.........@.@@.@@.@@.....@@@.@.@.....@.@
.....@@......@...........@.......@@......@.@..........@@@.@.
.@.@.@.........@............@@@@..@@@@........@@.@.....@@...
.@.@...@@......@@@..@..................@...@....@@.@...@@...
@..@.@@@.@...@........@@@@....@....@...@@..@@.@.@@...@......
....@@......@..@.....@....@...@@......@......@@@.@.@.@.@.@..
...@@.@....@.@@...@.@@@....@.@.@....@.@...@@....@..@@......@
.@..@@...@...@@.@@.@.....@@@..@@.....@.@...........@....@...
@.....@@...@@....@....@.@@.....@......@....@.......@.......@
..........@@..@..@@@@...@..@.@@......@.@....@@@.@.@@.@.....@
Agents:
50
0,10,32,2,18
1,58,32,5,50
2,40,11,52,27
3,1,37,57,58
4,46,35,14,14
5,5,55,30,4
6,37,16,53,35
7,53,52,52,39
8,24,43,13,42
9,28,56,32,52
10,54,20,52,7
11,16,14,22,23
12,22,38,1,28
13,52,9,46,24
14,46,55,57,45
15,46,24,31,17
16,25,47,10,10
17,34,26,11,19
18,11,12,6,55
19,55,52,47,20
20,54,47,26,8
21,16,48,26,25
22,42,8,58,27
23,11,8,38,37
24,2,28,10,0
25,19,26,54,11
26,58,30,40,43
27,4,44,26,42
28,54,29,16,50
29,27,11,32,0
30,29,38,18,3
31,17,12,42,28
32,8,9,56,8
33,24,52,23,28
34,44,6,4,2
35,4,45,51,51
36,15,23,36,35
37,25,24,39,22
38,7,21,39,30
39,6,44,45,3
40,38,23,4,17
41,40,6,41,23
42,22,57,27,3
43,55,48,55,48
44,5,11,45,6
45,45,37,56,50
46,45,33,29,45
47,57,59,6,35
48,53,41,3,49
49,22,48,54,16
