1
Grid:
60,60
.....@@.@..@@..........@....@..@@..@.....@..@.....@....@...@
...@@@...@.@...@.....@@@.......@...@......@.......@@........
.......@..........................@.@@.@..@@..........@@....
..@.@.....@.............@@..@@..........@..@......@@@@....@.
....@.@...@....@@...@...........@.@...........@..@..@.....@@
@@......@..@.........@..@.@...@...........@.......@@.....@@@
......@@.......@.......@.@.@...@.@.....@....@.@..........@..
.......@.@......@..@@..@@@..@@.......@@..@...........@..@.@.
...............@.@.@.....@.@...@....@..@.......@.@@..@....@.
@..@.......@.@.@@.@...@.@..@..@......@......@@......@@......
......@..@....@.@..........@@.@@..@..........@......@....@..
....@...@...@...@.....................@@@....@@.@@........@.
@........@........@.............@...........................
@........@.@.......@.........@.@.@................@.@.@..@@.
@....@....@....@..@..@............@...@.@...@.@..@..........
...@..@..@@..@..@..@..@.....@@.......@...@.@.........@..@...
@...@@@...@.@.@........@...@...@...@@.........@.....@.....@.
@...@@.@........@......@........@.......@@.........@@.......
..@..@............@...............@...@.@.........@....@...@
....@@...@..@.@@@..@.@........@@....@.........@.@....@......
....@..@......@....@.............@.......@...@........@.....
.@.@......@....@........@......................@....@.......
.....@....@...@.............@@....@.......@..........@....@.
.@......@.@.@.@...@.....@.@....@.@..@......@.....@...@....@@
...@...@.....@......@......@@@@.....@@@.......@.@.....@...@.
.......@......@@.....@@@..........@...@......@.............@
.@.............@.@.@...@........................@..@...@....
....@@.@.....@.........@@..@@...@.@.@@.@...@..@...@.@.......
.................@...@.@@.......@..@....@.....@.............
.@.....@................@..@..@.........@......@......@.@@..
......@..@.......@...@.....@@..@..@@@....@.............@....
..@.@.......@.......@...@..@@...@.........@..@........@..@..
@...@..@@...........@........@...@@...@@.@@....@............
...........@@.@@.@.....@......@..@@@..........@...@..@.@...@
...........@..@@@@..............@@@.........@.@..@.@........
@@....................@.@.@.............@....@@@............
.@@..@.@......@.......@.............@@@...@..@@...@@.@.....@
@.....@.........@.....@...@.@.....@@...........@.....@......
@...............@..@@................@.@@......@.@@....@...@
@........@..@@....@....@.........@@.....@............@@.@...
....@..@.............@..@...........@....@@........@..@.....
........@..@..@..@...................@....@...@@....@...@...
...@.@@....@......@........@...........@........@.@.@....@..
...@...........@@...@...@........@.....@......@.........@.@.
.....@..............@......@......@.@....@.....@..@@.@@.....
...@@...@@@.........@........@..@...@@.......@......@@....@.
...@.....@@..........@@.@..@....@...........@.......@@@.....
....@.......@.@.......@..@....@.@........@........@..@@.....
.@.@..........@...@...@@.....@....@..@...@.....@.......@@...
..................@.......@.@..............@................
@.@.@.............@@.@..@@..@@....@.......@...@.@.......@...
@@......@....@@.@..@........@..@......@...........@@.@....@@
.......@.@...@.....@.........@.@.........@...@@@.......@...@
......@...@@....@..@...@.....@.......@@.......@......@......
.@....@.@.@......@...................@.@...@.@..@.....@.....
@..@.@.....@@@.......@@........@.@@.....@........@...@.@...@
..@...@..@@@.@.......@..@.........@@.......@.@.@@.....@.....
.@@............@@.@....@.........@..@@..@@....@.@...........
..@..@.@@..................@............@.@@.@....@......@..
@@..........@......@@.@.@..@.@...@...@.....................@
Agents:
75
0,47,19,39,28
1,17,49,27,55
2,24,16,6,13
3,20,53,7,0
4,44,19,25,24
5,37,30,49,7
6,8,11,36,24
7,12,6,3,27
8,30,44,48,38
9,41,7,8,28
10,13,10,59,58
11,11,33,39,25
12,31,50,12,21
13,6,43,5,31
14,49,41,58,58
15,28,45,1,14
16,54,57,45,6
17,49,38,49,54
18,1,49,9,56
19,10,8,8,20
20,15,36,51,39
21,2,2,46,16
22,37,9,21,50
23,57,38,23,23
24,42,46,15,48
25,48,52,23,51
26,18,42,44,17
27,4,28,55,2
28,17,25,23,21
29,39,45,38,9
30,49,44,43,47
31,18,13,49,23
32,45,44,20,8
33,22,56,53,5
34,55,35,41,13
35,12,56,12,37
36,59,41,24,52
37,51,22,38,56
38,51,52,39,42
39,3,49,53,31
40,37,49,11,23
41,56,17,41,30
42,12,53,40,45
43,51,43,56,38
44,52,58,9,41
45,24,52,57,49
46,17,48,3,19
47,32,43,33,47
48,11,28,49,50
49,5,7,27,15
50,26,57,34,45
51,53,55,6,50
52,53,26,54,27
53,52,30,3,57
54,52,44,2,52
55,40,5,46,55
56,38,13,43,26
57,5,2,39,44
58,18,0,30,26
59,17,3,6,17
60,45,2,44,59
61,50,36,1,48
62,8,22,40,59
63,47,55,42,30
64,7,31,4,13
65,22,59,22,40
66,28,25,0,51
67,5,54,12,10
68,8,26,18,16
69,4,57,31,16
70,13,45,0,37
71,48,26,26,12
72,40,45,57,26
73,2,50,44,46
74,5,17,21,12
