1
Grid:
70,70
............@..................@.@................................@...
..@...................@.....@........................@.........@......
.@........@.................@..@.................................@....
..........@.........................@..............@..............@...
......................................................@..........@....
.................@........@......................................@....
.........@.............................@.................@..........@.
...................@....@@............................................
................@.....................................................
.@.@............@....................@...............@................
@.............................................@.....@.................
......................@.............................@.@...........@@..
...@....................................@.............................
..........@.......@..........@........................................
...........................@............@.........@@.........@........
............................................@......@......@........@..
....@.............@....@........@.........@.............@.....@.......
..............@...................................@...................
...@....................@.................@....@...................@.@
........................@........................................@....
.....@..............................@.............@...................
@................................@...........@...........@.....@......
......@...........@............................@....@.................
...............@....@.......@@........................................
@.............@...................................@...................
..@..@..................................................@.............
...................................@.......@......@...@.........@.....
........................@............................@................
...............................@...........@..........................
...............@........................@.............@.....@.@.@.....
................@.........@................................@.@........
...............................................................@......
@....................................@..............@.................
..@.......@..................@@..........@.....@...@..@@........@.....
...........@..@......@...............@................................
...@..........@@......................................................
..................@...............................@............@......
..................@...................................................
......................@...............................................
.........@.................................................@...@......
...........................................................@..@.......
.............................................@......@...@.............
.........@.........@.........................@..........@.............
..........................@............@...........@..................
.............@.................................................@......
...................................................@..................
......@................@...............@.........@....@..@............
...............................@......................................
.........................@................................@...........
........@.@....................@........................@............@
............................@.......@................................@
............@...........@.....@...@........@..........................
.........................................@............................
................................@.....................@...............
..........................@...........................................
....@.....................@...........................................
...@....................................@........@....................
............@....@......@...@....................................@....
..............@..@........................@..........@.............@..
...........................@......@...@....@...........@..............
.......@....................@.....@.........@........@........@......@
.......@..@.........................@............................@....
.........@.......@.....@.................@........@...................
..@..................@..@.......@..@..................................
..@....@.............................................@................
............................@....@....................................
..........@..@...................................@.................@..
........@...............@.........@.............................@.....
....@........................................@@.......................
.................@.........................@..........................
Agents:
35
0,55,31,15,30
1,3,64,32,36
2,21,19,41,24
3,39,29,1,4
4,27,39,25,39
5,15,59,46,0
6,19,9,32,57
7,36,61,11,11
8,54,40,24,20
9,5,14,26,16
10,7,8,32,6
11,52,14,39,26
12,4,23,46,62
13,52,9,2,23
14,35,27,45,25
15,59,26,32,34
16,16,68,36,43
17,13,45,21,28
18,37,34,68,25
19,56,19,20,45
20,50,40,2,64
21,36,4,41,54
22,15,45,63,40
23,18,44,68,34
24,34,7,16,44
25,68,47,55,8
26,49,58,15,41
27,60,67,33,38
28,37,29,52,63
29,64,0,0,51
30,69,56,63,22
31,69,63,15,6
32,63,37,37,36
33,48,8,55,60
34,2,41,27,21
