0
Grid:
60,60
.@...........@.@...@..@..@@..@..............................
...........@........@.@....@............@....@..@@.@.@@.@...
..@..@.@.@...@..................@......@.@............@.....
............@...@.....@...............@..@@..@..@@.@...@@...
...@...@@...........@....@@..@...........@...@..............
........@..................@................@........@....@.
.@.........@..@.@.............@...@.@.@.@.@.................
......@.........@.........@.@..@......@..........@......@...
...@...............@.....@.@............@.@..@.@@....@...@..
@...@....@................@..@.@@.........................@.
..@............@@.@.........@.....@..........@..............
....@@@......................................@........@.@.@.
.........@..@...@..........@.....@..............@.@.........
@..................@............@..............@..@..@..@..@
.@@.@..@......@@..............@............@..........@.....
.....@.....@..@.@......@.....@.@....@....................@..
.@.....@.....@................@.@@..........@........@....@.
@..................@..@@@@............@....@@.@.....@.@....@
.@............@........@....@.@......@...........@...@...@..
....................@@............................@.@.......
.....@................@@......................@@.....@.@@...
.............@..@@.@......@....@...@.@.........@@..@.@....@@
................@...............@...@............@.........@
.@.@@@...............@.@..@................@.@........@..@..
.................................@........@@..@..........@.@
@...@.......@.........@@.....@.@......@.......@@@.@......@..
..@...@..@....@@@...............@.........@............@....
@..........@....@...........@......@.......@@..@...@.@.@..@@
.......@..@.@........@@.............@....@.@..@.............
@@.........@.................@...@@.........@@..@..@@.......
..@..............@.....@@............@...@.........@........
......@....@....@.....@...@......................@@@........
@............@.......@......@....@@........@..@.......@.....
..........@...............@@.@.@.@..@.....@....@...........@
................@.@..........@@.........@@...@........@.....
..@......@..............@.......@.........................@.
...@................@..@..@..................@..@.@.@......@
.@....@......@....@..@@............@..........@.@.......@.@.
......@....@........@.@.................@.......@.......@@..
.@....................@...@@...@.@...@@...@................@
....@...@.......@.........@.............@..........@........
..............@@..@@....@.@@.........@......................
................@....@.....@..@...@@.....@@.@....@.........@
...........@...@@......@..............@...@....@.......@....
...@.......@@@......@@.....................@...@....@@.@....
...@.....@..............................@....@...@..........
@........@.....@...@......@......@.......@..@.....@...@.....
....@...@@............@.........@@......@....@@.@...........
.....@.@..@.@..@......@.....@.@@...@.@@..............@@@....
............@.........@...@.................................
..@..@.....@@..@.....@..@.....@.............................
....................@......@.@...............@...@..........
............@...@..........@.@.....@......@..@.......@......
.@.@....................@.@.@..@........@...@@........@.@...
.@.........@............@@.........@....@.....@.@......@....
.......@..@.@.@...@@@.@.@@.@.@..@...............@@.....@....
.........@.@........@..@.@..................@...@.@....@...@
.@..............@..............@.......@...@@..........@@..@
.......@@..@...............@@....@.................@...@@...
.@....................@.....@....@@.@....@@.@........@......
Agents:
70
0,4,23,5,34
1,0,56,34,56
2,44,19,49,1
3,31,52,14,28
4,41,38,17,12
5,45,34,35,40
6,9,3,48,42
7,45,48,38,29
8,26,38,10,17
9,8,11,15,27
10,35,13,4,13
11,7,50,57,51
12,24,50,52,51
13,18,5,54,3
14,10,11,39,50
15,18,8,38,54
16,41,56,54,32
17,40,19,52,8
18,31,35,37,15
19,55,31,52,58
20,29,3,4,2
21,50,59,14,10
22,43,17,41,12
23,49,45,34,3
24,30,54,28,57
25,44,39,49,40
26,38,15,38,36
27,27,12,27,27
28,30,12,7,43
29,2,44,57,28
30,53,0,23,35
31,18,32,5,56
32,26,4,2,24
33,33,40,13,9
34,32,26,38,7
35,7,55,31,7
36,49,3,45,16
37,1,12,27,13
38,51,15,23,28
39,53,14,19,40
40,42,24,53,5
41,16,5,21,49
42,22,37,5,5
43,56,15,41,2
44,25,42,57,18
45,59,16,22,24
46,19,26,30,55
47,21,29,17,17
48,45,18,5,41
49,24,27,19,3
50,27,4,40,52
51,5,35,1,52
52,23,58,39,32
53,43,40,40,38
54,38,12,26,59
55,22,8,42,8
56,23,27,21,3
57,3,37,15,52
58,14,56,19,35
59,32,42,26,10
60,35,23,13,2
61,42,31,4,40
62,26,33,1,0
63,51,26,9,36
64,10,19,40,48
65,59,46,39,56
66,13,58,23,47
67,32,44,39,44
68,33,55,57,52
69,38,7,53,14
