1
Grid:
60,60
.....@......@.....@@..@@...@@.@..........@........@...@@....
@.@..@..........@.....@...............@...@..@.@@........@.@
.......@..@.@@..@@..@.......@.........@.....@@...@.......@..
..@....@................@....@.....@...........@....@@......
....@@..@.@....@.......@...@@.@...@.......@...@......@..@..@
.......@.@@...............@........@.....@.@.....@..........
.....@.......@.....@.........@@...@@......@.........@@@@....
...@.......@........@@......@..@@@.........@..@.@.@@.@...@..
@..........@@.......@.@.@.........@....@.@@.................
@..........@...@.@...@...@.......@..@.....@@@..@.@......@..@
..@.......@@.....@@.@.@.....@...@.@...@......@@.............
.....@@@@....@......@...........@.....@..@..@.........@...@.
.@...@....@@....@.@......@..@..........@......@.......@..@@.
......@..@.....@.@.......@.@.@.@.@...@......@@...@........@.
.@@......@@@.....................@@@..@.@.@@..@...@.........
..@@...@.@@.@@..@..@.@.....@...................@..@@........
...@@@.......@@.........@..@...............@.@..@...........
@.@@..........@....@..@....@......@.@@..........@.@......@..
...@.@.........@.........@.@..@.@..@........@...@@......@...
.@...@...@......@.............@............@....@@..........
.......@...@.@...@..@........@.....@.@@@...@@.@..@......@.@.
..........@....@..@.....@....@..........@......@.....@@.....
....@.@.@@....@..@@....@...@...@.@..@...............@@..@@..
.............@......@@.@..@.....@......@.@..@....@.@..@@....
...@@...........@......@..@.@.@@....@.@@..@....@...@..@.....
...@..............@.@@...............@..........@@..........
@....@.@@@@@@.....@.@@.@.@......@.@......@.........@@.....@.
...@....@.......@..@@...@.@.@.............@...@...@........@
...............@.........@..@@..@..@.@@@.......@.@...@@.@@..
..............@@..@......@....@@....@...@..@@..............@
.........@...@@......@............@.....@.....@....@.@......
....@@..@...@......@@@....@...............@.@@.@.....@.@.@@.
@..@..@...........@..@.........@........@@.@@.@.....@@......
......@.@..@.....@...@.....@...........@..@....@...@.....@.@
...@...@....@......@.................@@............@........
.......@@..@@......@...@.@.@......@@.......@@.............@.
....@.@.@.....@.@@@......@@@............@.......@....@@.....
.....@.........@..@@..@.@@..........@.@..@.............@....
@.@@.......@....@@..@......@.....@....@..........@.@...@@..@
.@.@..@..........@..@.....@...........@..@@@.....@...@.....@
.@.............@..@...@@............@.@.....@@..............
.@.........@.@..............@..@...............@.......@.@..
.....@....@@...@..@.@...@......@.........@....@@@..@@.......
..................@@....@..@.........@.@.......@.@...@...@..
.....@@.............@@..@@....@@@@.........@....@........@@.
.@................@@@.....@............@.@.......@.........@
........@.@.@..........@.@.@..@.........................@...
@.@.@.........@.@........@.@@..@....@.......@.@.@...@.......
@.................@...@.@...@@...@@......@...@.....@..@.....
....@..................@......@.@.@.....@.@.@......@..@.....
.............@.........@@..@....@.@.@...@.@....@@@..@@......
.@......@.....@.........@.@....@....@..............@........
..@............@....@.......@...........@................@..
.@...@.@..@....@@...................@....@.......@..@..@...@
..........@.@...@........@...@....@@...@..@...@.@...@..@@...
.@...@@......@....@.@.@@....@@.....@.....@..@.@@..@..@....@.
...@..@@...@..@.@.@................@...@...@@.@.@...@.@.@...
....@......@..@...@.@..............@....@..@...........@....
.........@..@...@.........@@................@.............@.
.....@......................@@.........@..........@.@...@..@
Agents:
35
0,26,1,50,15
1,13,3,24,12
2,25,5,15,18
3,58,6,5,16
4,0,45,33,30
5,34,16,50,20
6,50,17,55,9
7,58,3,22,19
8,12,4,32,54
9,31,40,55,3
10,16,22,37,30
11,39,36,18,54
12,19,51,35,6
13,50,58,55,42
14,33,33,16,33
15,5,47,29,28
16,18,23,7,29
17,54,21,55,11
18,21,25,35,2
19,42,53,39,30
20,51,7,19,50
21,10,40,23,46
22,24,5,14,36
23,14,0,37,39
24,15,32,32,25
25,21,33,13,40
26,25,27,11,49
27,33,28,45,8
28,18,59,54,32
29,33,26,15,52
30,40,46,38,8
31,57,27,55,14
32,22,37,15,31
33,21,38,50,50
34,48,8,59,13
