2
Grid:
70,70
......................................................................
......................................................................
......................................................................
......................................................................
......................................................................
......................................................................
......................................................................
......................................................................
......................................................................
......................................................................
......................................................................
......................................................................
......................................................................
......................................................................
......................................................................
......................................................................
......................................................................
......................................................................
......................................................................
......................................................................
......................................................................
......................................................................
......................................................................
......................................................................
......................................................................
......................................................................
......................................................................
......................................................................
......................................................................
......................................................................
......................................................................
......................................................................
......................................................................
......................................................................
......................................................................
......................................................................
......................................................................
......................................................................
......................................................................
......................................................................
......................................................................
......................................................................
......................................................................
......................................................................
......................................................................
......................................................................
......................................................................
......................................................................
......................................................................
......................................................................
......................................................................
......................................................................
......................................................................
......................................................................
......................................................................
......................................................................
......................................................................
......................................................................
......................................................................
......................................................................
......................................................................
......................................................................
......................................................................
......................................................................
......................................................................
......................................................................
......................................................................
......................................................................
......................................................................
......................................................................
Agents:
65
0,45,7,69,63
1,12,40,45,65
2,49,18,33,39
3,66,15,31,47
4,4,60,0,51
5,11,19,17,9
6,21,25,60,17
7,39,54,58,66
8,40,64,51,7
9,64,10,9,53
10,41,47,54,27
11,23,36,43,63
12,28,9,39,29
13,21,0,29,7
14,57,57,14,65
15,5,38,51,4
16,17,58,32,27
17,19,4,12,1
18,64,46,58,24
19,8,47,21,42
20,4,27,24,54
21,33,33,60,42
22,4,55,4,32
23,37,42,51,32
24,36,57,15,12
25,19,60,52,27
26,3,60,7,57
27,22,68,33,0
28,53,46,16,26
29,11,40,68,43
30,67,66,54,37
31,27,16,34,59
32,54,43,17,42
33,1,32,28,3
34,6,34,31,19
35,60,64,68,55
36,55,17,4,57
37,5,14,22,53
38,14,60,67,58
39,31,42,65,64
40,41,48,46,0
41,33,0,5,68
42,38,15,24,30
43,34,27,43,64
44,36,20,3,8
45,21,17,5,36
46,34,37,36,57
47,50,8,42,62
48,0,16,27,9
49,48,31,26,42
50,53,5,34,2
51,36,1,33,6
52,67,24,32,38
53,4,56,45,29
54,54,8,64,18
55,53,62,68,25
56,15,39,64,60
57,69,18,40,55
58,32,26,37,61
59,48,39,16,37
60,8,44,18,16
61,65,56,28,1
62,13,42,69,55
63,30,17,21,56
64,36,67,6,61
