1
Grid:
60,60
.......@.@.@@...@.@........@............@...@..........@....
........@@..@......@...@...........@@....@...@.@@@@.@..@.@@.
.@@...@@.........@@......@...@@..@@..@.....@..@.@..@..@.....
..@..@@....@@...@.@@@.......@@@@...@.@........@.........@@..
@......@......@.....@......@@......@.@...@.@@.@..@....@..@..
....@@.....@..@....@@@.....@..@.....@@..@@..@.@....@...@.@..
...@@@........@..@@@..@.....@.....@.@..@.@@@..@@....@@@.....
@@...@.@.....@@.@..@..@@...@...@....@@@@.@@.....@@......@..@
...@@.@..@..@.@.....@...@....@.@.@..@...@.....@...@@@.@.@@..
.@..@.@..@.@.@.....@@.........@@........@@...@.......@..@...
...@@@.....@.@....@...@.@@.......@.......@@@@.......@....@@.
@..............@@.@.@.@@......@..@@.....@.@.@....@......@..@
........@....@@....@@....@@....@@@@...@.@..@..@.@@....@..@..
......@.@@@..@..@...@@.@.@.@.@@........@..@@@.@@..@..@..@...
..@..@...@@@@@..@.....@@.@..@.....@......@@..@...@.@@@..@.@@
@.@@.@...@.@...@......@@....@....@.@@......@..@..@..@....@..
.@...@...@@...@.@@@...@.@.@@......@@..@......@@..@@....@@@@.
........@@.@.@@.@...@..@.@@.@..@....@.@..@..@..@........@@@.
....@.@@.....@@@@..@.......@.......@.@...........@....@...@.
..@....@.@.@.@.@.@.@..@.@@...@.......@.@@.....@.@.....@..@..
@..@@.@........@.@.@@..@.@@..@.@@.@.@......@@.@..@..........
.@.@@..@..@........@@......@@...@.@.@..@@@.@..@@@..........@
@.@...@.@.........@.@...@..@.@@......@.@....@...@.@........@
..@...@@@........@..@.@...............@..@@..@@.....@.....@.
.@@.......@...@......@@...@.@.@..@.@.....@....@...@@........
@....@..@..@...........@..@@...@...@.@.@@@@..@......@@.@.@..
.@@...@...@...@@@...@......@.@.@@..@@...@......@.@..@.......
...@...@.@.@@@@@...@@@...@..@...@......@.@...@......@.@..@.@
.@.@@...@@.....@..@......@.@.@@..@@....@.@.@@....@.@@.......
...@@@@...@@@.....@@.........@..@@..@.@.@..@....@...@@@@@...
@...........@.@.@...@....@@.@@...@.@....@@@@@.@@.@.....@@...
...@...@@...........@......@..@...@@.@..@.@.@......@.@....@.
.@@@.@...@@@.@@...@...@@.@......@...........@@..@.@..@.@.@..
.@.@@@....@@@...@..@.@....@.@@.@@.@@.@...@...@@....@@.@..@@@
...@.@.@..@.....@@.@.@..@.@..@@...@@@@...@.@..@.@@..@@@.....
@..@........@..@.....@.......@....@..@......@.........@.@@.@
.....@@.....@..@.@....@@.@.@.@@@@.@....@@.@..@..@...@.....@.
........@@.@..@.@@..........@@..@...@.........@@.@@.@...@...
..........@...@@........@....@@..@.@..@........@.@.@.....@..
@@.........@......@@...........@.@.@.@@..@.....@.@.....@.@@.
@...@.@@.@..@@.@.@.@@....@.@...........@@..@.@@.@..@@.......
.....@.........@@.@...@.........@.@...@....@@...@...@.@...@.
..@..@@..@..@......@..@@@.......@.....@...@....@....@..@@...
@.....@@@@@@.@@@.....@.@@.@.@....@..@@.@.@@........@........
@.@@@....@......@.@..@...@@..@.@.@..@@@...@...@......@..@..@
..@....@.....@....@.@...@.....@@.....@@...@..@@...@...@...@@
@..........@...@....@..@.@.....@....@@@@...@.....@.@@@@....@
@..@.........@@.....@...@.@..@@.@.@...........@@..@......@..
...............@@..@@@..@..@......@..........@.@.@@@.....@..
....@.@..@@.....@........@.@.....@....@..........@....@.....
....@...@@.........@@@.@.@@.@..@...@.@...@......@..........@
......@@..@..@@....@...@@@...@....@.@...@.@.@.......@..@@..@
@@@..@.....@....@....@@.............@@.......@...@.@..@@@..@
.@.@.@....@.@.@.@..........@......@.....@.....@..@@....@....
..@...@@..@.@...@....@@..@.....@......@@@...@......@...@..@.
......@@.........@.@.@...@@.....@.@..@...@.@...@@@@.@@.@.@..
.......@.......@...@@@...@..@@@....@..@..@.@....@@....@@@...
@..........@..@@..@.@@@.........@.@..@..@......@@.......@.@@
..@@.@....@.@...@................@..@........@..@@..@@@@@.@@
@@................@@@....@....@.@..@@....@@.@.@...@@..@@.@@.
Agents:
75
0,30,54,41,21
1,29,34,59,4
2,1,44,2,53
3,49,29,25,17
4,30,53,2,55
5,59,16,7,24
6,9,8,44,17
7,57,49,56,53
8,10,6,59,38
9,43,59,18,1
10,53,39,20,22
11,43,5,27,17
12,38,3,25,22
13,34,13,34,22
14,7,24,35,13
15,36,21,38,16
16,48,59,5,45
17,53,36,8,21
18,12,0,39,39
19,50,29,24,39
20,32,28,46,19
21,13,7,10,21
22,14,48,30,57
23,22,45,55,12
24,57,10,59,11
25,23,54,5,49
26,59,6,36,28
27,46,22,56,24
28,23,39,48,32
29,7,20,26,45
30,15,8,34,31
31,31,6,34,15
32,54,53,16,37
33,22,58,23,9
34,7,26,49,58
35,28,59,36,8
36,22,23,32,26
37,37,58,23,13
38,28,13,56,10
39,27,8,34,56
40,59,13,9,28
41,22,7,22,7
42,54,29,47,36
43,20,1,42,41
44,24,47,12,50
45,0,59,41,56
46,54,34,43,54
47,3,54,46,8
48,38,40,41,33
49,25,14,21,23
50,57,6,30,54
51,36,14,20,11
52,29,8,49,35
53,34,23,57,24
54,49,55,52,13
55,53,25,22,40
56,6,31,9,17
57,32,49,41,46
58,18,28,47,4
59,29,13,19,28
60,3,8,25,13
61,31,13,26,53
62,5,47,50,0
63,4,18,51,32
64,10,46,6,45
65,34,28,20,7
66,0,39,23,49
67,4,42,48,56
68,51,38,10,51
69,1,37,59,2
70,14,43,30,21
71,48,8,40,1
72,44,15,35,47
73,4,26,24,59
74,50,5,49,29
