1
Grid:
70,70
......................................................................
......................................................................
......................................................................
......................................................................
......................................................................
......................................................................
......................................................................
......................................................................
......................................................................
......................................................................
......................................................................
......................................................................
......................................................................
......................................................................
......................................................................
......................................................................
......................................................................
......................................................................
......................................................................
......................................................................
......................................................................
......................................................................
......................................................................
......................................................................
......................................................................
......................................................................
......................................................................
......................................................................
......................................................................
......................................................................
......................................................................
......................................................................
......................................................................
......................................................................
......................................................................
......................................................................
......................................................................
......................................................................
......................................................................
......................................................................
......................................................................
......................................................................
......................................................................
......................................................................
......................................................................
......................................................................
......................................................................
......................................................................
......................................................................
......................................................................
......................................................................
......................................................................
......................................................................
......................................................................
......................................................................
......................................................................
......................................................................
......................................................................
......................................................................
......................................................................
......................................................................
......................................................................
......................................................................
......................................................................
......................................................................
......................................................................
......................................................................
......................................................................
......................................................................
......................................................................
Agents:
35
0,41,0,15,52
1,64,16,51,36
2,14,49,21,23
3,65,46,6,35
4,40,0,65,68
5,0,23,62,11
6,48,13,69,54
7,47,36,64,5
8,15,32,6,38
9,31,17,40,28
10,61,36,48,31
11,11,46,57,27
12,49,0,19,46
13,47,38,12,17
14,17,16,68,16
15,38,40,21,44
16,59,37,65,22
17,47,12,51,16
18,19,31,53,45
19,8,66,0,67
20,22,62,40,44
21,6,53,34,15
22,66,18,51,67
23,30,37,2,30
24,16,40,0,19
25,52,26,21,5
26,66,68,21,31
27,3,5,0,37
28,59,18,1,37
29,37,13,4,27
30,1,27,45,32
31,28,24,63,60
32,31,29,45,63
33,33,10,33,3
34,36,34,13,38
