0
Grid:
70,70
....................@.........@@........@....@..@..@........@.......@.
....@@.........@@..........@@@@....@.@.@.@.@...@.............@....@@..
.@...@.@.@.@.@@..@..@..@...@..@@.....@@..@@...@.@@.@.@.@@.@@...@.@.@.@
@.........@...........@@@..............................@.....@...@..@@
@......@@..........@@.........@..@.@.@@@..@@....@@.@.....@...@....@.@@
@....@@.@@.@......@.@....@....@@....@.@.@......@.@.@.......@...@......
@...@..@.........@.@.@@.@@@.@..@@@.@@.........@....@@...@.@.@..@@@.@..
...@...@@.@.@@....@@.@...........@.@..@..@@....@........@...@@..@@@...
@....@..@.@.@.@.@.@....@.@.........@@...@@...................@@@@@....
@..@@@..@@..@....@......@@...........@.....@.....@@@...@....@.@.......
@@@.@..@@.......@..@....@...@......@...@.........@@...@...@...........
..@...@@@.@.....@....@.@@..@.@.@@@.@..@.........@...@.@....@....@..@..
@....@....@.@....@@....@@@....................@..@.@@@@@@@.@........@.
@......@...@....@@.@......@.@@@.........@.@@..@......@.@@@@@@@...@..@.
.@..@...@@.@@@@.....@...@@@..@..@@.......@...@...@@.....@@..@.........
.....@@@...@@......@.@..........@.......@...@.@..@......@..@......@...
@.....@...@...@......@.....@@@...@......@.@.@.......@......@.@@.......
@.@........@.@...@.......@@@@..@..@@..@@.........@..@@@.@..@.@@...@@..
@..@...............@.@...........@...@.@.@.....@@@...@..@@..@..@.@....
...@..@....@@...@@.@.........@@..@..@.@..@.@.@@.@@@....@@...@.@..@.@@.
..@@........@..........@@@.....@.@....@...@.@@....@.......@.@@@...@@..
..@.@....@@.........@.....@..@..........@...@@.@@.@@...@...@..@..@....
@..@...@.@.@.......@.@@....@@..........@@......@...@.@@.......@.@..@@.
..@..@@.....@.@@@..........@.........@@................@.@@.....@...@@
.@@.@@....@..........@@@...@@................@.@@.@...@@.@@....@.@...@
@.@@@...@@@....@..@.......@@@......@...@...@@@@...@@.....@..@.@@@.@@..
....@..@..@.@@...@..@@...@.....@@.@@.........@.@......@@..@.@.....@..@
..@...@.@..@........@............@@@@...@....@........@.....@..@@...@.
@.@@@.........@....@.@...@....@.@@@..@..@@.@@.@....@..@...@..@..@.@...
.@@@.@.@@.@.@....@......@.@@@@@@@..@.@.@..@..@@@@..@..@...@@@@@....@@.
.@.@@@@...@@@.....@@...@..@@....@...@@.....@.......@@@@.@@.........@.@
....@.@@@.@.@..@.....@.@.@......@......@@....@.......@..@.@@..@...@@@.
...@....@@@@...@..@.@@@.@.@...@.@.....@.@@..@@.....@@@@.......@...@@@.
.@.@@@....@@..@.....@@.@.@.@...@..@....@..@..@@.@...@.@..@....@...@.@.
.@.....@@...@@...@.@.@.@...@@.@@.@.@..@@.@...@.@@....@..@@@.@@.@.@..@@
@.@..@..@...@..@@....@@..@...@@......@@..@....@.@.@..@@@.@....@.....@.
..@.@...@....@@@@......@@..........@@...@@...@...@@...@..@@@.......@..
.....@@.........@....@@..@......@........@........@@@....@..@..@..@...
...@.@..........@.@@.@.@.@...@.@@@.@..........@.....@.......@.@..@....
...@...@@...@.@..@.@@.@@.@@.....@.@...@.@..@..@..@..@@..@.@....@......
....@@@.@@@.@...........@.@.....@@@..@@@...@........@.....@@....@@....
.@@..@...@@..@@......@.@.@..@.@@....@..@.....@..@@...@.@.....@..@@...@
...@....@@.@@....@...........@....@..@....@@.......@....@.......@.@..@
.@...@....@.@.@.....@..@@..@....@@.......@..@@..@.....@.@........@.@..
...@.....@@@@.@@@..@..@...........@..@......@...@@.@.......@..@.....@.
.....@...@@.....@..@.@..@.....@.@..@...@......@@..@.......@...@..@@@..
@.@..@......@@@.....@.....@@...@......@..@.@.@@@......@.@@@.@.@@@..@@.
@..@@.@@@.....@...@@....@.@..@...@......@.@..@..@@...@@...@..@.....@.@
@....@.@...@..@......@....@..@...@@.@....@.@..@...@.@..@......@.@.@...
@.@.@.@..@@.@..@@@.@.@..@..@.@..@@.....@.@@@..@..@...@@@.....@@@.@@@..
....@@..@..........@.@................@...@.........@.....@.@.@.@@.@@.
..........@@....@.@.@@@.@.....@@@@....@........@@..@..@@.....@@.@@..@.
.@......@..@.@...@..@....@.@..@....@....@@@.........@.@@.@.@..@@@..@..
@...@@...@@@..@....@........@..@.....@..@@....@....@.@........@@...@@.
.@@.@@.....@..@.@...@.@.@@.@.@@.........@....@.....@.....@@.....@.@...
....@.@@@.@.@..@..@......@.@.....@......@@..@........@...@..@.........
.....@@.@.@....@..@@@..@@@...@..@....@.@...@@@@....@.......@.@@....@..
@.@......@..@..@...@.@...........@...@.@@...@@....@.@@.@..@...@@.....@
.@.@@@..@@@@.@@@@...@@@.@@.......@@@.@@.@..@.@@.@.@.@.@..@@..@......@.
..@@@...@@.@.@..@................@.@@..@.....@.@.@@..@...@..@...@.....
@..@..@@@..@...........@.@..@....@@@.@.@@..@.@.@...@.@...@.....@@.@..@
.....@.............@.@.....@.....@.....@.......@.@......@.......@.....
.@.@@@..@...@..@@@..................@..@...@.@.@...@....@......@......
...@@.@..@..........................@....@....@@...@@@@.....@......@.@
...@.....@.......@.....@.@..@.@.@.@@....@@.@.@@@....@@.@.@..@.........
.@.@.@.@..@............@.@@.@.@...@.@@.@@....@@.@..@....@..@.......@.@
....@@.........@@.@@....@@@..@.........@@@.......@@...@.@@.@..@.@....@
@...@.......@.@@...@....@......@@@@..@.....@@.@..@.....@@@.@@..@..@...
............@.....@@...@..@.@.......@......@@@.....@@.@@......@@...@..
......@.......@@...@..@.@@@..@..@@...........@...@...@.@....@.@@@...@.
Agents:
45
0,26,61,13,64
1,0,27,11,12
2,37,40,51,45
3,39,61,37,38
4,24,56,37,47
5,24,30,4,67
6,34,18,51,66
7,38,4,44,67
8,23,20,35,24
9,48,13,18,55
10,54,67,33,56
11,13,48,0,19
12,4,28,23,9
13,1,65,11,36
14,41,11,1,55
15,56,12,16,25
16,54,34,68,65
17,61,41,56,50
18,50,28,59,21
19,20,47,63,39
20,31,28,30,28
21,22,55,17,19
22,26,6,30,50
23,47,51,55,68
24,13,66,40,48
25,55,28,37,9
26,55,22,61,66
27,34,4,0,56
28,40,19,26,59
29,63,48,6,27
30,49,59,67,52
31,36,55,37,48
32,5,16,3,27
33,68,69,50,7
34,11,37,9,58
35,48,19,68,17
36,63,68,13,49
37,15,23,27,24
38,62,13,19,40
39,42,39,4,12
40,51,17,8,19
41,42,45,68,38
42,36,64,52,9
43,63,22,31,33
44,5,61,46,10
