1
Grid:
70,70
......................................................................
......................................................................
......................................................................
......................................................................
......................................................................
......................................................................
......................................................................
......................................................................
......................................................................
......................................................................
......................................................................
......................................................................
......................................................................
......................................................................
......................................................................
......................................................................
......................................................................
......................................................................
......................................................................
......................................................................
......................................................................
......................................................................
......................................................................
......................................................................
......................................................................
......................................................................
......................................................................
......................................................................
......................................................................
......................................................................
......................................................................
......................................................................
......................................................................
......................................................................
......................................................................
......................................................................
......................................................................
......................................................................
......................................................................
......................................................................
......................................................................
......................................................................
......................................................................
......................................................................
......................................................................
......................................................................
......................................................................
......................................................................
......................................................................
......................................................................
......................................................................
......................................................................
......................................................................
......................................................................
......................................................................
......................................................................
......................................................................
......................................................................
......................................................................
......................................................................
......................................................................
......................................................................
......................................................................
......................................................................
......................................................................
......................................................................
......................................................................
......................................................................
......................................................................
......................................................................
Agents:
75
0,15,46,42,6
1,8,66,43,20
2,40,28,27,48
3,52,43,40,46
4,25,32,58,42
5,54,32,57,64
6,33,17,13,15
7,42,57,39,24
8,41,26,12,17
9,6,14,30,27
10,58,59,33,61
11,18,2,14,42
12,58,15,48,68
13,30,20,56,64
14,7,28,17,62
15,26,12,44,23
16,25,64,43,46
17,0,10,20,50
18,46,54,34,17
19,55,69,11,10
20,19,18,1,41
21,41,29,33,9
22,43,20,1,38
23,66,17,44,54
24,9,64,21,22
25,13,14,5,13
26,32,18,19,8
27,44,26,0,11
28,27,6,1,49
29,7,25,31,1
30,67,31,24,28
31,35,67,9,57
32,6,42,13,33
33,7,39,31,59
34,17,31,65,60
35,10,56,4,64
36,40,7,41,52
37,65,39,19,0
38,17,59,6,45
39,28,38,63,11
40,19,13,11,59
41,10,12,6,62
42,15,11,12,5
43,50,7,62,51
44,20,44,10,14
45,52,40,41,35
46,47,29,47,23
47,1,57,17,56
48,52,44,65,0
49,22,1,21,52
50,13,27,47,62
51,0,48,54,26
52,53,26,61,32
53,43,25,2,16
54,22,4,13,58
55,8,38,15,62
56,47,39,37,23
57,6,54,13,69
58,21,23,38,65
59,51,64,22,63
60,61,69,9,5
61,18,43,48,51
62,48,39,22,39
63,8,10,36,54
64,5,8,15,39
65,56,43,47,39
66,36,27,49,10
67,24,62,13,42
68,12,31,6,50
69,28,58,49,29
70,38,24,67,57
71,54,15,27,2
72,35,13,30,31
73,63,8,57,37
74,23,17,5,53
