2
Grid:
70,70
@.....@.@......@.@@@.@.@..@@......@.@......@....@.....@.@@...........@
.@@........@@@......@...@..@@......@..@@.....@@...@.@...@..@.......@..
@....@.........@@..@.......@...@..@@...@...@.@....@.@@...@@......@..@.
..@....@..@@.@@@...@......@.......@@.@....@@.......@.....@@....@..@@..
..@..............@.@.@..@...........@..@.@..@..@...@..@.@.@@...@@@@...
.@..@@...@...@........@@...@...@@.@.@.@....@..@......@..@...@@@@.@...@
@@.@.@......@..@@....@@@@.@@.@.........@...@@@...@.@...@..@..@@@.....@
..@..@.@.@@..@..@........@.@.@.@.....@.@.@......@...........@@...@.@..
@@....@..@...@@.@..@.......@....@@@@@@...@@.@@@....@..@@.@@....@..@...
....@.......@.@@..@....@..........@.@....@.@..@............@.@.@.@@...
..@....@@@....@.....@.@.@.@@.@...@...@....@.@.@..@@@.@@.@.@...@...@@..
@.@.@.@@.@@@....@@..@..@@..........@...............@.@@.@@.@..@......@
.@..@.@...@.@...@..@@@......@...@..........@@..@..@...@.@.@.@...@....@
.............@.......@@..@@.............@@...@@@.@.........@@...@.@@..
..@@@.@..@.@.@.@@..@.@..@.....@@@...@@......@.@@@.@.@..@@....@..@..@..
@.....@...........@.@.@......@...@.......@@..@...@@@.@@.....@@..@.@...
@...@@@@@.@@...@@@.@.......@.@....@@.@@.@...@@...@@@@....@..@@@.....@.
.@.........@..@..@.....@@@@............@@.@........@...@@@..@......@..
@......@......@..@.......@@....@.@.@.....@@...@......@.@..@.@@.@@.....
.@.@...@@.@.@........@@@...@..@@.....................@.@.@@...@..@@@.@
@....@....@...@.@..@@.@.....@.......@...............@.......@@....@@.@
.@.@@...@.@....@.@....@....@...@......@.@..@.@..@@@..@....@@@....@...@
@.@@..@..........@.........@.@@..@.@@@...@.@@..@.....@...@@...@.@..@@.
..@.@@.........@@.@@@....@...@.@..@...@.....@.....@............@...@..
..@@.@.@...@.....@.@.......@@..@@........@...@....@...@@@..@.@........
.@........@...@...@...@.@......@...@...@.@@...@....@....@...@.@......@
@@......@.@.@.@...@..@..........@..@@....@@...@...........@.@...@.@..@
.......@.......@..@...@@..@...@@.@@@@@@@.@.@......@.......@....@......
.@...@.@...@.@.@.......@...@.................@...@.@..@@...@.@....@..@
.@......@.....@.@@@.@..........@.@@..@.@..@@..@...@@..@......@@.@@....
.@.@.@.@.@..@@.@................@..@........@.@....@..@.@...@@........
..@..@.@@.@....@.@.@.......@.@...@.@@.@.......@@.@...@..@....@.@@@@@..
..@@.@@.@.@.@@.............@...@.@@@@....@@@......@@.@@.@@.@@@.....@..
.@.@.....@...@@..@....@@@.@...@....@.@@@.@@@@.@.@@.@....@@@...@@@.....
@@@@@@...@...@@..@@..@@...@@.@.@...@.@....@.....@....@.@@.@.@@....@...
.....@...@...@...@......@..@..@@.....@..@....@..@..@.......@.@.@..@...
@......@@@@....@....@......@.@.@.......@..@....@.......@@.@@@.....@@.@
.@..@@......@@...@..@@......@.@.............@.@@..............@.......
.@..@@..@@@.@.....@...@@..@..@@.@...@@.@.@......@...@..@..@..@...@.@@.
...@.@.@.@@@..........@@.@@@....@.@@@.@....@...@.@...@....@@@......@.@
@@..@.@@@.@........@........@.@.@...@....@@.@@.....@................@@
@.@@.@.@.........@.@..@@@@.@@..@.@..@.@@@@@@...@...@..@..@.@.....@@...
..@.@..........@........@..@...@...@.@@..@.@.@@@..@.@.@@@..@..@....@.@
.....@.....@.@@..@..@...@....@...@...@..@.@@...@.@....@...@@..........
..........@.....@@..@@.@.@......@..@@..@.....@.@@..........@...@......
.@@......@@@@.@@.......@....@..@.@@.@..@.....@..@..@..............@..@
@.......@@...........@@............@@......@.@@..@..@@@....@@.........
...@.....@.....@@.@.@.@.....@.....@.@..@.....@..@........@....@.@..@@@
.@.....@.@...@......@..@.....@......@.@@..@.@.@....@.....@........@@@@
.@.......@...@...@.@@@@@...@@...@.@..@.@.@..@@@@..........@.@.......@@
@......@.@@@....@@....@@..@.@.@@.............@.@.@...@.@....@...@@.@.@
@@...@@...@..@@...@@@.@.@........@....@.@@@.......@.@..@@...@@.......@
..@......@@.....@.@...@.@..@..........@@....@...@@@.@.@.@...@..@@.....
...@@.@@@.....@...@@........@@@.@.@...@..........@..................@.
...@.@@@.@.@..@.......@@........@@..@@..@..@.@...@..@.@...........@..@
@...@..@@...@.@..@.@...@..@@........@..@@.....@.....@@..@.@.....@.@@..
.@@@..@@@.@@..@@.@..@.@@.@.@@.@.......@@....@@@@.@....@@.........@.@.@
@@@.@@.@...@.......@.....@@.........@.@.@..@.....@..@......@.@..@..@..
@@.@......@..@......@.@.@..........@.@..@.......@@@@@@.@...@..@......@
............@@..@@.....@..@@@.@.......@....@.....@@..@.@.......@......
...@.@......@@..@@....@.@.@.@...@@....@....@....@.@..@@...@........@@@
...@@.....@@.........@.@.@.....@@.....@@..@@..@.....@........@@@....@@
@..@@@..@....@.@..@@...@...@.@....@....@...@@............@.@..@@......
.@......@.@.@.@..@....@.....@.......@....@@..@.@.@.....@@@....@@..@..@
.@.@...@.@..@@...@...@@......@....@@@....@@....@@@@@@...@.@..@@.......
...@@....@.@....@..@.@..@.@@..@..@....@@........@..@.@@..@@@...@.@..@@
.@.@.....@......@@.@@.......@........@....@@....@.@..@@.@@..@..@.@..@.
..@@...@..@.....@.............@.....@.@..@.........@.....@..@.@.......
@.....@............@..@...@....@..@..@...@@@.@@@........@@@@@@....@.@.
..@.@.@..@@...@@..@....@..@....@.......@........@...@....@.....@...@..
Agents:
65
0,3,3,15,14
1,31,24,57,34
2,46,62,13,27
3,63,65,58,44
4,10,3,61,24
5,28,9,53,52
6,57,18,19,61
7,20,3,53,37
8,66,2,14,34
9,41,21,64,24
10,56,53,38,33
11,0,47,62,1
12,17,21,21,55
13,7,43,39,30
14,46,47,67,63
15,48,10,68,44
16,3,45,39,57
17,20,35,25,26
18,58,32,24,62
19,49,0,15,21
20,53,60,25,32
21,27,48,46,64
22,21,41,18,18
23,1,32,53,10
24,1,14,9,30
25,52,58,23,26
26,27,42,50,41
27,13,56,23,56
28,68,4,60,52
29,47,5,42,60
30,3,0,53,56
31,63,27,40,57
32,2,11,25,23
33,51,44,62,46
34,4,68,0,42
35,26,7,12,41
36,1,7,14,8
37,44,2,1,25
38,49,61,8,22
39,46,33,68,53
40,7,55,69,1
41,62,1,46,38
42,39,28,27,19
43,54,28,26,51
44,55,60,12,39
45,30,0,21,63
46,4,34,6,37
47,44,12,19,45
48,27,52,32,29
49,50,38,67,1
50,55,18,11,29
51,67,11,54,31
52,69,16,8,2
53,15,43,16,48
54,11,41,17,10
55,7,14,61,51
56,65,40,30,58
57,47,6,29,36
58,50,35,63,15
59,43,18,21,13
60,43,56,5,51
61,44,38,11,60
62,23,35,35,28
63,31,4,36,33
64,45,57,29,9
