1
Grid:
70,70
...........@@..................@........@...@.........@.............@.
......@@..@@...@...........@@.........@@..@.....@...................@@
.....@......@.@@......................@.@@.@...@......@.....@.........
.....@...............@..@.....@.........@.@...@...................@...
......@@.....@.............@...@@........@@....@........@@@..........@
.@........@......................@..@....@............@.............@.
....@@@........@....@....@@..........................@.........@@....@
..@.@@@......@...@.................@@.@...@....@.....@.....@@...@@.@..
.........@......@..@..............@...@.......@..@.........@.@.@...@..
..@..@..@.....@.......@....@.....@....@.@.................@.....@...@.
.....@...............@......@.............................@...@.....@.
.@..@.@..........@.@......@..@...........................@....@@......
......@.......@............@.............@.........@.....@@.........@.
.......@.@...@......@@........@....@...................@....@@.@......
.....@@.@........@@.@.........@..@......@@....@.@........@@....@...@..
..@.......@...........@...........@.......@...@...........@.......@.@.
.@.@....@....................@@.......@...@@...@....@..@.......@.@....
..@.....@...@...@@@...............@........@.........@@..@............
.....@.............@.@..........................@...........@..@.@....
......@@.@..@@........@...........@..........@..............@..@.....@
.............@@......................@...............@@.@.....@.@.@...
.....................@..@....@.@@.....@.@..@.........@................
.....@@...........@...@...@.@.@@.......@@.....@.....@..........@....@.
...@....@...........@........@...@...@..@...............@.............
...........@....@............@.......@.@.......@...@.....@...@........
@.@......@....@.@.@.@.......................@.......@...........@.....
@@...@...............@...........@......@....@.........@......@.......
...@...@..@........@....@.@.........@@......@.........@.......@@.@.@..
.@..@.@.........@.@............@..............@......@.....@.@@...@.@.
.@....................@...@...........@..@@....@.....@...@@...@@......
....@...@.......@..@@.@............@@...@...........@..............@..
@@..@...............@..................@..@............@...........@.@
.@@...@.@...........@.......@.........@@..@...........@@..@....@...@..
..@....................@@...@..@.............@.................@@..@..
........@@......@.@......@.@@@....@........@.@..........@.............
..@..........@..........@..@@@....@........@.........@....@........@..
...............@@...@........@................................@.......
@...........@........@@........@.@..@........................@........
..@.@..............@.@..........@...........@.@.........@.............
.@...............@@...@.......@..@@..@......@..........@.....@.@......
....@........@.......@.@.@@@..@.........@@...........@................
........@.........@.................@...................@..@..@.......
.......@@...........................@...@........@.....@...@.@........
.@....@.....................@..@..........@.@@.....@@...........@.....
............@..@.....@...@.@.@@.@.........................@...........
..@.....@.............@.@@.@...............@....@.@...............@...
........@........................................@........@...@.@.@.@.
..@..@.@@.......@..........................@.......@....@@@.....@@@...
@.....@..................@..........@........@@....@...@...........@.@
.....@....................@...@....@..........@.....@................@
...........@.@.@...@....@.............@..................@@.....@...@.
@........@@...................@...@..@............@...@....@...@..@...
..@@.......@.@.@..@............@.@@...........@....@@.....@...@.....@.
......@..@.@......@.......@....@.............@@..@..@......@@.........
.@..@.......@...@......@........@.......@.@@...@......@..........@..@.
@.@..........@.@.......@.@.@.............@....@..............@.......@
...@.....@@.......................@@........@..@@..@@......@...@..@...
..............@.....@....@............@.@........@..@...@......@......
.......@......@.@.@......@.......@......@....@.@...........@...@.@@..@
@.....@.....@...........@....@..@.......@.........@..@...@...@@....@..
@..@@.......@.........@@..................@....@.@@...@............@..
....................@@...@@.........@...........@.@...@...@....@......
..........@@@......@...........@............@.........................
........@.....@..@......@@.......@....@.@.....@...@..@.......@.......@
........@..@.........@.@...@....@..@........@....@................@...
.@........@.....@.....@......@....@.....@.......@....@@........@@.....
..@@..@....@@............@.................@..@...@.........@..@.@@...
...@@.......@................@@...@@........@@......@.........@.......
....@@...@..@........................@........@@..............@.......
.............@.....@....@.....................@.....@...@@.@....@..@..
Agents:
80
0,33,47,32,21
1,33,54,35,55
2,67,21,15,23
3,69,27,29,0
4,62,25,8,44
5,37,37,43,41
6,54,21,68,57
7,7,34,23,9
8,46,17,10,23
9,42,68,56,25
10,19,4,23,48
11,26,47,36,12
12,65,31,40,38
13,16,36,56,8
14,55,32,34,44
15,42,39,53,30
16,20,23,10,67
17,7,3,51,15
18,52,59,45,49
19,21,30,22,43
20,42,2,16,41
21,24,6,9,7
22,57,62,33,5
23,25,41,21,67
24,49,9,6,50
25,28,34,51,20
26,28,29,28,2
27,32,36,37,3
28,58,26,46,67
29,39,5,25,3
30,64,15,15,56
31,27,43,21,46
32,34,52,10,17
33,47,59,21,3
34,33,20,0,38
35,60,2,17,4
36,5,44,34,5
37,56,46,69,34
38,10,61,42,58
39,14,68,46,11
40,8,31,18,64
41,41,16,11,2
42,32,19,45,65
43,11,42,57,33
44,61,41,38,1
45,44,45,27,66
46,67,37,58,9
47,45,44,12,29
48,31,29,50,29
49,31,13,1,45
50,0,57,26,67
51,4,9,25,28
52,40,28,24,26
53,34,3,64,31
54,25,62,22,15
55,17,15,67,21
56,9,13,26,36
57,9,18,57,42
58,10,34,15,33
59,30,50,31,64
60,2,29,13,37
61,20,42,33,13
62,23,34,68,38
63,23,28,60,7
64,46,39,37,6
65,18,24,22,47
66,37,52,35,31
67,1,55,60,37
68,41,40,18,52
69,20,65,56,69
70,21,51,49,22
71,27,31,67,33
72,19,67,6,61
73,60,41,48,32
74,37,32,44,69
75,15,63,61,55
76,5,0,56,30
77,38,58,39,42
78,39,39,11,31
79,64,55,1,3
