1
Grid:
60,60
...@.@.@@.@....@..@...@..........@....@.@....@...@@.@.......
...@............@...@...@..@@...@.@....@@......@.@....@.@@..
..@........@@...@...@@.@.@@...@..@.........@.@.........@.@..
........@.....@.@..@.@.@.@@..........@...@...@@.@@...@@.@...
.......@....@..@...@........@.@.....@@....@@..@....@.@....@.
.@@@...@..@@.........@.@@@.@......@@.@..@.........@..@...@..
......@.@...@.@..@.@.@@...@..........@.....@.@@....@......@@
...@@..@@....@......@@.......@.......@....@..@.@@...@@....@.
...@@@@.........@...@@@.....@@....@.........@....@..@...@..@
...@@@...........@@.@.@@@..@...@..........@@..@....@...@...@
.....@@....@...@.@...@.....@.@....@....@...@..@.......@@@...
.@@....@@.@@@...@@....@.@@.@...@.............@.@...@.@...@.@
..@.@..@@.@@...@..@..@............@@@..@........@......@.@..
@......@@......@...@@............@.@..@@.@..@@.@..@.......@.
@...@.@@.@..@............@.......@@...@.@....@...@.@....@@@@
.....@.....@@.@....@.@.....@....@......@...........@@.@..@..
..@........@.....@@..@..@@..@.......@@...@............@@@...
@......@@@..@@...@..@....@....@.@................@@..@@@.@..
..@...@.......@..@............@.....@..@......@..@@.@.@.....
.............@....@.....@@...@@..@...........@@@.@.@.@@.@.@.
...@@..@..@@@......@.@..@.@.@....@..........................
@@...@.....@@.@@...........@@.@...@...@.@.............@.....
.....@...@...@......@...@............@@.....@@.....@...@..@.
....@@....@...@@....@...@..@.......@..@.@@.@.@..@...........
@..@..........@..........@..@.....@...@...@........@@.@..@.@
..@...@....@@.@....@...@.@..@...........@.@.@....@........@.
@@.@..@........@.@@....@.@..............@.@.......@..@.@@..@
..@.....@@@..........@........@....@@@.@.@........@...@...@.
.......@.......@....@@...@..@@....@.@.@..@@@.@.@....@..@...@
.@..@.@...@....@@@.....@@...@...@......@...@..@....@.....@..
........@.@@..@..@...@@@..@..@..........@@..@.@@..@.@....@..
.@.@.@.@@.....@......@........@......@.....@.@.@....@@..@..@
..@..@@.@...@..@..@................@......@.@@.@@.@....@...@
@.@@....@.....@@@@....@..@@.@....@.......@....@@@.....@@.@..
.@.....@..@@@@@...@@........@....@.......@....@...@..@..@...
.........@.@@@...@...@...@@..@@.@...@...@..@.....@.@...@.@.@
@...@.@.@@@...@.........@...@.@......@.@.@...@@.@@..........
@..@..@.....@..........@...@.......@.....@....@.@..@...@....
...@@.........@...@@..@.....................@..@......@...@@
...@@...@.........@..@......@...@..@@...@.@.@.....@..@..@...
..@.@.@...@@.....@...............@..@..@..........@.........
.....@.@@...@.....@.@.@........@....@...@........@@.....@...
....@..@.....@@......@.@.@....@..@.......@@........@.@......
@@.@.....@.......@..@...@....@...@.........@...@...@........
....@..........@@......@.....@.....@@.......@.....@@....@..@
@....@@.@@.........@@......@...@....@@@@.@...@.......@......
.@.@...@.........@....@.@.@..@..@..@@....@.............@@...
@@.@.@..@@@@.@.............@@@@......@.@@..@@@.....@..@.....
.@.....@@...@..........@....@......@@...................@..@
....@.@...........@....@.@....@...@.@@.......@...........@..
........@....@@..@.....@@..@..@@.....@..@.......@.....@.@...
...@..@@.@....@......@...@@.@@........@@@@...@@@..@.@.@.....
.@@...@@.@..@.@..@..@.....@.......@.............@......@.@..
........@..@@............@......@................@..@@....@.
....@..........@.........@..@....@@@.@...@........@...@..@..
@....@......@@..@.@.........@@@..@........@...@.@.....@..@.@
....@.@...@..@...@@.....@......@.@@@...@@..@...@..@.......@@
.......@...@@....@.@.@.....@@...@..@.............@@..@.....@
@..@.........@.......@....@@......@....@.@@........@@@....@.
@..@.......@@.@.@...@..@...@..@.@..@....@......@......@@...@
Agents:
55
0,12,59,2,42
1,43,8,41,47
2,54,39,54,8
3,54,47,36,53
4,23,18,9,2
5,32,24,44,33
6,3,29,1,22
7,31,42,10,23
8,49,24,47,2
9,58,49,35,20
10,28,6,36,58
11,58,57,53,5
12,6,30,44,42
13,47,7,38,30
14,32,56,48,17
15,55,11,21,36
16,39,47,43,2
17,31,26,31,15
18,29,50,4,25
19,17,47,30,1
20,1,53,56,56
21,40,57,9,38
22,41,53,44,14
23,29,8,23,25
24,52,4,56,44
25,57,14,24,40
26,13,53,7,40
27,29,47,7,1
28,9,41,39,14
29,35,27,58,7
30,8,51,40,38
31,27,15,24,56
32,2,7,40,47
33,5,44,22,22
34,28,57,58,43
35,44,28,1,25
36,16,57,10,24
37,17,22,5,29
38,34,37,2,47
39,25,5,10,50
40,53,13,42,27
41,27,24,37,34
42,18,13,8,7
43,44,57,36,35
44,56,49,41,38
45,29,25,24,39
46,50,21,53,47
47,5,48,34,36
48,29,45,20,54
49,37,31,56,46
50,17,23,17,45
51,23,12,42,40
52,53,31,4,6
53,25,22,27,7
54,21,48,16,16
