2
Grid:
70,70
....@..@...@...........@....@..@......@.@.@.................@.........
.........@.@....@...................@.....@..............@...@.@@....@
......@....@......@........@@..@@....................@.@.......@.@....
.......@...@.@.....@.........@@...@.........@......@..@.@.@..@..@...@.
...........@....@@..@....@.@...@.....@..............@.@...............
........@......@@......@@.....@..........@.@..@...@..@...............@
.......@..@....@.....@@.........@.......@..@@....@.@@...@....@@.......
...............@.@.@...@.....@...........@...@@.@.....................
....................@.....@.....@........@..@..@....@......@@....@.@@@
.@@...@..@.............@..........@..........................@.@......
........@............@@@.@..............@@....@...@...@.@.............
..@........@..........@..................@.@@.........................
.@.@..@@.....@........@...@.........@.....@.....@.....................
........@.....@..@...@.@.@...........@......................@..@......
@.@@@@..@.@........@.......@.@.....@@.@@......@@..............@@@@....
..@@.....@........................@......@@..........@@@............@.
@@...@@...@......@..............@.......@..@......@...@....@.......@..
@................@..@.....@..@...............@@...@..................@
....@......@....@.....@.....@.........@.....@@@...@..@..@.@...........
@........@.@.....@.@.@........@....@@.........@....@........@.@....@..
.......................@.....@.....@.@....@.......@@.@........@..@....
..........@...@...............@....@@...@.@.......@...@.........@.....
...@.........@......@.....@...@...........................@.....@.@...
.....@..............@...@...@..@.......@..@........@....@.............
....................@.@............@.@.@@........@....@@.......@......
.........@....@@.............................@.@.@....................
....@..@.@.@..........................@....@...@.....@.@...@.@...@.@..
....@..@.@...@....@...@.@..........@......@.@....@...@.....@.....@.@..
....@...@............................@......@..............@........@.
........@.........@...@.........@....@..............@...@...@......@..
.@@@....@......@..@.@..@...@.......@.@@..@.@...@........@@............
..@...@......@.@.................................@...@..........@.....
.....@..@@.@..............@@@.......@........@..............@....@....
....@......@...........@....@.......@....@..@.@@.@....@...@...........
..@...@@.....@..@....@........@.................@........@...@..@@....
.............@.@.............................@...@.@.....@............
..@@..@.........@.@.....@.........@.........@...........@.....@...@...
............@@@.@.......@....@...@..@..@.@@....@.....@...............@
@.@@....@...@@...@..........@...@.@@.....................@...@..@.....
.@..@.......@........@..............@.........@....@....@@............
@.@.@........@.@..........@...@...@..@....@.@...@.....@..............@
.....@...........@....................@.@..@..@.....@.................
@........................@......@.....................................
..................@..@...@@@.......@......@@@..............@..........
@...............@...@.......@...@.......................@.............
.....@...@..................@........@.........@.@......@........@..@.
.@...@..@....@@....@.@@...@.@....@............@..@...............@..@.
.......@...........@@.@.....@@......@@...............@...@.....@....@.
................@....@...@..@.................@.....@@....@........@..
..............@............................@....@.@@..........@@......
...............@....@....@@.....@.@@.......@.@................@.......
...............@@.@..@......@@@.@....@....@..........@................
..........@.....@.....@.....@...........@..@...@......@.......@.......
...@@........@...@.@........@@.@.@@@...@.......@.........@...@.@...@@.
@...@...@.......@@.....@.....@@.......................................
.@.@............@..@...@.......@.@........@......@@...................
.....@.@@....@......@......@.@....@...............@.@..............@@.
.@..@...................@........@......@@@...@...@......@@...........
..@......@...@.............@........@....@............@..@..@..@......
....@......@.......@.@............@.@@....@.......@.@@.@.@....@.......
....@.@..................@.....@.@...@...................@...@@.......
......@..@................@....@...@@...........@.....................
................@............@...............@.........@@........@....
...@@...@..@.......@.@@.........@..@..................................
............@.@.....@@............@@.......@...............@..@..@.@..
@.........@@.@...@...@.............@........@...........@.............
.@..@.@@.@....@@....@..@........@.@............@.@....@.............@.
@...@....@.............@....@@..@@@.....@............@.@@.@.@.........
.......@@..............................@.....@@........@.....@........
.................@..@........................@.......@...@............
Agents:
50
0,3,10,48,8
1,29,15,10,26
2,31,57,24,13
3,32,39,46,55
4,55,55,13,35
5,6,26,59,15
6,66,56,1,12
7,23,67,18,52
8,48,45,60,27
9,35,35,54,65
10,49,5,47,41
11,32,43,61,30
12,50,48,41,44
13,3,31,1,34
14,33,57,5,48
15,21,8,35,34
16,8,31,5,44
17,55,4,19,26
18,27,12,33,43
19,7,22,23,53
20,23,21,58,7
21,14,40,11,36
22,12,67,44,68
23,47,55,38,50
24,34,53,29,11
25,43,55,45,34
26,35,43,13,1
27,51,45,62,13
28,62,8,67,21
29,34,15,59,61
30,68,63,11,16
31,36,4,44,67
32,46,11,54,42
33,19,27,37,57
34,16,38,34,60
35,41,61,12,65
36,41,3,9,41
37,16,62,25,68
38,45,23,21,66
39,30,13,41,12
40,21,25,59,10
41,57,3,42,22
42,1,12,52,15
43,23,52,28,12
44,19,68,39,65
45,58,8,67,36
46,22,46,55,43
47,34,9,54,63
48,64,1,9,42
49,39,65,56,64
