1
Grid:
70,70
.@.....@.....@.............@.@.@.@......@.@...@@@@.......@.@...@...@.@
@.@..@.@..@@.@..@....@....@@@......@.@......@.@......@@.@..@.@.@.@.@..
.........@@............@@@@......@@..@..@.....@@..@..@.@...@@@..@....@
@..........@@.@....@........@..@@@..@@.@.@......@.@.@@@@.@..@.........
........@.@..@@.....@..@....@........@.....@.....@....@.@.@@..@@..@...
.@@@...............@..@....@..@....@.@..@..@...@.@@..@..@@..@...@@....
..........@@@.......@.@@@@..@.....................@.@@.@@.@.@.@@......
@..@.@..@..@.@..@...@...@.@...@......@...@@...@.@...@@...@..@@..@@@..@
@....@@..........@.....@......@....@...@.....@..............@...@@....
..@@..@.......................@....@......@.....@.@.@@@@.......@..@@..
@@@...@.@..@@...@@.....@.........@.........@..@.....@@...@........@..@
@...@......@@.@..@..@.......@....@.@@@.@@..@....@....@.@....@.@.@@@..@
......@......@.@@...@........@@.....@..@......@.........@.....@.....@@
........@........@@...@...@.....@@....@@....@....@.@@@...@.@......@.@.
@@..@@...@....@@........@......@.@.............@........@.......@...@.
..@...............@.....@..@.....@@@..@@@@............@@@@.......@..@@
@.@...@....@.@@.@@.@@.@.@@..@..........@.@.@........@.....@@...@..@@..
...@@...@.........@.@.....@..@..@@@...........@..@....@..@.....@@.....
@@.@......@@.@..@@@.......@..........@..@...........@......@.........@
........@@.@....@...@.@........@@...@@......@..@.@...........@.@......
@....@..@........@...@@.@.....@.............@@...@@.....@..@.@........
@....@.@.......@@@@........@...@@.@.................@..@............@.
......@...@...@..@.@.@...@.......@.@..@@...@@@@...........@.@....@...@
@.@@.@.@.......@@...@@.@...@......@......@.......@@.....@......@...@..
.@....@........@.................@@.@.@..@@@......@.@@.@@.........@..@
@@.@.@@@..@..@...@.......@..@....@@....@..@.@@........@.......@.@.....
.........@....@...@......@@......@.........@.@.............@.@@.......
...@......................@..........@@.@@........@...@............@..
..@.@@..@.@.....@@@..@............@...@@.@@@..@@.@..@.............@...
.@@.....@.@.@..@..@.............@@.........@....@@@.@@.@.@..@...@.@..@
....@..........@.....@...@..@..........@...@@.@..@.@...@@......@@...@.
..@..@....@........@.@@@....@....@..@........@...@@@@.....@@...@.....@
@@......@@..@......@@.........@.........@...@.@...@.........@.....@..@
...@....@@@..@.........@@@........@.@....@..@@.@...........@....@...@.
.@.......@...@.@...@@...@..........@.@@.@@.@....@.@...@....@.....@.@@.
.....@..@.@@..@.@@.@.@...@..@...@@@@....@.@.@.@.@.....@@@@@......@..@.
...@.@...@@......@...........@@........@@.....@@@...@...@@..@@........
@....@........@.....@@..@@.......@..@@....@@@.@.@............@....@.@.
......@@.......@.......@......@.......@..@.@...@@@..@..@..........@...
..@...@.......@.@.....@.@....@...@......@@....@...@...@.......@.@.....
@....@..............@......@@@......@..@...@......@.............@.....
....@.@@.@.@.@...@..................@@.............@....@...@.@...@.@@
...@@..@..@.....@.....@@...@....@....@.@.....@....@@..@..@.@@......@..
.@.@.@..@....@.....@.........@.....@.@.@....@@@@@....@.@..@.@@@..@....
....@@...@..@..@.....@.@..@@..@..@.....@..........@........@@.@.......
....@...@.@..@@......@.....@...@.@.@.@....@@.......@@.....@...........
@....@....@...@..........@...@@@@....@..@...@....@.@..@...@@..@....@..
......@...............@.........@.........@@.@....@@.@...@@.......@@@.
......@...@...@.@@...@...........@.@@..@.@...@..@....@..@..@@..@...@..
....@.....@..........@@.@......@@@.....@@@....@@..@........@@..@....@.
@@..@.@...........@.........@..@....@........@........@........@@@....
...@.@.@.@.......@......@..@...@.......@.@.@.@.@@@.....@......@.....@.
.....@@....@.......@...............@.....@..@...@.@.@.@.....@...@....@
.........@.@@........@@...@.@............@..@........@..@..@.@....@@..
@@@..@.......@.....@........@@.@.@..@..@......@......@..@@.@.@.@......
...@.........@..@.@......@....@.......@......@...@@.....@.@.....@@.@..
...@..@.....@.@.@......@@......@.....@.@.@....@..@...@......@..@.....@
.....@..@....@.@.....@.@..@@@.@....@.@.......@.@.....@.....@@.@@@@@@..
@....@.......@@.@.....@.....@..@..@@@...@.......@.....................
@.......@.@..@.@@.@.......@.....@@..@@@.@..@.@.@@....@.@.........@...@
@@.@@..@@@..@@@@....@..@.@...@...@....@.@.......@.............@.@@..@.
..@......@.@..........@........@@@..............@..@@........@.@.@...@
@....@..@.@...@....@...@...@...@@@@@.........@@@@...@.@..@....@.....@.
.....@@..@...@@.....@.@........@..@.@........@@...@....@@.@..@..@..@..
..@.....@..@@...@.......@.........@........@@@...@@@@.....@..@........
..@.@@.....@.@.@...@......@.@..@..@...@@..@@..@.........@...@@...@....
.......@@@...@..@@@......@...@.......@...@..........................@@
.....@.......@@.@..@.....@@@.@@..............@..@@.@.@........@..@..@@
@.@....@....@...@..@....@......@.@.@.@@@.@..@.....@@.....@...........@
.......@.....@@@..........@......@........@..........@.@..@....@@.@@..
Agents:
65
0,32,43,4,64
1,17,31,65,51
2,68,46,34,53
3,19,0,50,50
4,39,68,20,12
5,19,23,29,25
6,0,15,3,6
7,37,15,2,0
8,68,30,66,43
9,11,56,43,52
10,30,34,44,1
11,31,56,14,19
12,67,24,21,36
13,46,2,42,48
14,53,25,32,2
15,23,68,49,12
16,3,69,10,14
17,51,67,40,34
18,66,35,53,43
19,48,51,30,47
20,31,55,23,61
21,31,30,58,52
22,1,33,47,9
23,14,60,57,17
24,53,64,61,17
25,23,59,69,32
26,38,13,36,26
27,44,20,39,56
28,59,23,58,19
29,31,1,27,0
30,45,65,62,21
31,27,11,34,21
32,4,33,22,26
33,31,68,21,11
34,40,67,68,23
35,66,21,57,10
36,37,2,41,40
37,46,20,21,4
38,21,48,6,2
39,28,53,66,54
40,9,25,68,22
41,9,33,18,21
42,44,19,32,31
43,26,38,37,28
44,65,18,24,20
45,18,28,27,55
46,18,41,51,34
47,17,22,50,26
48,53,57,42,58
49,49,67,21,67
50,46,19,13,5
51,35,12,4,11
52,58,20,31,17
53,57,32,27,52
54,47,17,65,22
55,46,8,34,18
56,25,2,34,28
57,19,33,48,12
58,43,57,24,14
59,36,37,20,58
60,49,9,26,16
61,50,12,11,13
62,12,1,27,22
63,53,8,13,13
64,54,54,67,36
