2
Grid:
60,60
....@..........@..............@....................@........
.....................@.....@.....@..@.....................@.
.@....@....@...........@.@..@.............@...@...........@.
.....................................@.@.@..@.......@.....@.
.......................@................@..@................
@..............@.............@..............................
......@..........@..@................@......@.....@.........
........@.@................@.@.@.........@............@.@@..
.......@...............@....................................
..........@...........@....@.........@......................
..........@@..@.....@@...@...@...........@..@...........@.@.
....@.@..........@.@.......@...................@.@..@...@.@.
...................@................@............@..@....@..
.......................@.........@...................@......
....................@....@..............@.@.................
......@@........@....@......@.@...............@........@.@..
.....@......@.........@@.........@@@.@.....@........@...@..@
..........@..@..........@.............................@@....
..@@.........@..................@.@..@...........@..........
@............@.......@.............@........@...............
.........@...@...........................@........@.........
.....@............@.................@.....@.......@.........
...@.......@...........................................@..@.
..@.@...@.@....@....@..@...@..........@...@.................
.....@.............@...........@....@............@........@.
.................@.......................................@..
..........@......@........@...@.......................@.....
............@.@..@..........@..............................@
@......................................@.........@.@......@@
........@....................@..@.....@....@................
.........@@..@..@........................@.................@
........@..@.....................@......@..@...............@
...............@...@........................................
.@.@@...@.............@.@....@...@..@........@........@.@...
..........................@@...@..................@..@......
.........@...@....................@.........@...............
........@@....@..........@....@..................@..........
...........@.@......@.@....................@.@@......@......
.......@..@..@............@.............@...@@.@..@.........
....@..................................@..@...@..@..........
.........................@.................@..........@.....
................@..........................................@
............@..........@...............................@....
.....@....@.....@@.............@............@...@.....@@....
.........@.....@..@....@@@...@..@...@.......................
..........@............@.......@...........@...............@
...@........@........@...............@......@.........@.....
...@......@@........@......@....@.@.........@.......@.......
............@@.........@....@......@@..@......@.............
...@........@@.@..............@.@......@....................
..................@.............@............@..............
.......@......................@.............@...@@@.........
....@.@...@..@@..@..................@............@..........
...............@.......@........@...@.........@.@@..@.....@@
.....@..........@..@...@.@................@....@............
.@@.....@...................@..........@..@.................
@..........@..................@..............@.@...@.@......
..@...........@@.@...............@..........................
.............@...@..........@......@..@@..........@@........
.....@.@....................................................
Agents:
60
0,42,34,11,31
1,36,37,32,17
2,34,12,40,47
3,38,24,3,38
4,23,33,44,14
5,18,24,39,25
6,8,49,38,57
7,57,40,29,31
8,37,1,58,55
9,48,21,8,36
10,5,27,58,15
11,37,41,36,50
12,30,20,8,1
13,1,11,32,48
14,16,1,52,8
15,34,43,20,6
16,6,16,25,34
17,0,41,29,45
18,23,51,56,27
19,53,5,46,57
20,31,37,38,5
21,37,40,57,28
22,44,50,25,1
23,34,46,39,8
24,8,14,57,10
25,56,54,50,27
26,6,13,54,10
27,10,26,36,54
28,7,21,42,0
29,59,34,42,39
30,18,52,46,47
31,21,57,49,37
32,40,55,25,20
33,59,42,26,18
34,57,13,24,21
35,34,32,54,34
36,10,53,56,33
37,42,21,49,49
38,27,26,12,27
39,27,48,42,58
40,7,13,5,20
41,2,5,36,21
42,35,48,39,12
43,56,56,23,5
44,44,31,34,56
45,6,56,21,8
46,18,45,43,6
47,19,46,47,23
48,10,38,56,6
49,47,42,0,42
50,40,24,28,1
51,44,13,6,36
52,30,49,5,2
53,59,40,47,43
54,53,10,37,32
55,15,17,51,12
56,44,7,43,39
57,55,35,50,31
58,20,10,47,41
59,46,1,8,46
