2
Grid:
60,60
.........@...@............@.....@@.............@@.......@@..
...........@..........@@...@.......@.....@.@.......@...@....
......@...@........@...@.@..@.......@...@...@...........@...
.......@...............@.@......@.....@.....@..@...@........
....@.........@@.....@..@...@.........@...............@.....
...@.........@...@...@.@.....@......@............@.@.....@..
........@..................@........@.....@.@......@....@...
.....@...........................@...........@.........@..@.
@....@..................@.....@@....@........@@.@.@@.@......
..@.........................@@@..@.............@.....@@.....
.....@..@.@.@.......@.......@..........@.......@..@....@....
@.@..@.......@...@..........@..@.@@..@.......@..............
.@@.@.....@...@.......@.......@..............@..@...........
..@.......@.......@...@@.....@..@..@@.@.......@...@......@..
..@...........@..@@..............@.@...................@...@
........@...........@...@@................@.@.@..........@..
...@...@....@.@.@..........@....@......@............@......@
@......@.....@...@.................@@.....@..@..@....@......
...@.........@.@....@@..@...........@@.....@........@....@.@
....@......@..@@...@........@@........@................@.@.@
......@..@.......@.....@......@......@.....@..@...........@@
...........@....@...@..........................@...@.@....@.
...@....@.....@.@.........@...@@.@.@........................
.............................@@..@...@@.....................
@.....@.................@.....@.@.@...@...............@@.@..
........@.@@....@..@.@............@.........................
.....@...@..............@@...............@...@...@...@...@@.
.......@.....@..@................@@.........@@@..........@..
.......................@......................@.............
.@..........@.......@@..@...........................@....@..
............@...@.....@.......@@.........@..................
...@@@..@.............@.....................@.@......@...@..
.@....@.........@@......@......@................@....@......
.@.........@.@..@..@....@........................@..........
.................@....@........@.......@...@..@..@........@.
..@@.@.........................@.......@....................
.@.....@.......@..@...@.....@..@...................@...@....
@.....@.@@@@..@.........@@...@.......@..@.@......@..........
@.............@....@.....@.@....@.@....@......@@.@...@......
...@....@..@....................@.......@.@.............@...
..........@....@.....@@......@@..@@.............@@.@@.....@.
....@..@.....@..@.@...@@..@.....@.@...@@...................@
....@.......@.....@.....@....................@...........@..
....@........@.@....@@.....@....@...........@.....@@.....@..
.@.@..@.@.......@..@@.@...........@....@.@.....@.......@....
....@.....@.....@......@..........@...............@.@@......
......@....@...@...........@................@...............
.@.@........@@..........@..@...@....@........@..@@..........
....@...........@.@@.......@...........@..@......@..@.....@.
.@.@.........@.........@.@....@......@............@@.....@..
......@....@....@@@@...........@...........@...........@....
.............@.@@..@....@.@@.............@@..@@....@..@@....
..........@............@.........@.....@@..@...............@
..................@@.@.........@......@.@.....@@@......@....
...............@............@..@.................@...@......
.@@.@.....@..........@....@....@....@....@...@..........@...
.@..@..@...............................@..@......@..@..@..@@
.............@@...@.....@..........@.@.@@...@............@..
...........@.....@..@..........@@....@.....................@
.....@...@................@......@....@.........@.@@........
Agents:
70
0,10,6,22,55
1,44,27,45,1
2,47,40,53,20
3,47,19,55,43
4,34,34,34,4
5,28,15,39,9
6,54,3,27,5
7,39,9,34,1
8,16,38,25,4
9,17,5,22,56
10,33,15,41,12
11,56,41,36,32
12,37,57,48,2
13,9,32,13,15
14,58,21,4,43
15,38,37,23,22
16,2,37,47,19
17,50,36,43,58
18,3,3,28,58
19,57,26,24,13
20,9,10,34,29
21,29,43,33,31
22,54,4,6,6
23,32,37,2,14
24,37,3,37,27
25,40,2,11,9
26,3,50,2,45
27,35,6,30,14
28,36,16,33,3
29,0,1,23,7
30,19,39,3,59
31,35,13,50,23
32,46,12,58,28
33,19,52,39,43
34,34,27,12,43
35,2,15,23,16
36,5,25,5,46
37,0,46,12,59
38,55,0,46,35
39,59,28,31,7
40,11,53,56,30
41,28,50,36,56
42,49,53,49,21
43,9,21,50,5
44,18,49,59,31
45,7,40,32,34
46,19,20,26,11
47,28,36,33,14
48,15,38,4,49
49,59,19,47,40
50,11,35,38,2
51,1,32,54,11
52,1,25,56,37
53,23,53,7,11
54,13,13,34,20
55,7,46,59,7
56,15,45,49,22
57,7,14,38,44
58,27,35,57,6
59,32,23,46,1
60,13,33,12,11
61,54,9,6,39
62,10,46,54,20
63,41,33,42,5
64,19,46,23,42
65,5,33,4,42
66,26,59,6,31
67,18,51,35,17
68,49,46,29,42
69,17,1,28,22
