1
Grid:
70,70
...@.......@@..@...........@.....@.@...............@..@@.........@.@..
...@.......@..........@....@..@...@@@@...@.@.......@...@.@.@......@...
.@...@.....@...@@.@.....@..@.....@........@@.@@...@.......@....@....@.
@.................@.@....@....@.@..@..@....@..@...........@...........
........@..@..@...@......@@.@@......@....@@.....@....@.@.......@.@..@.
..@.@..@@....@.@.................@@.@@....@.....@...@.@.............@.
@.........................@@.....@@.........@.....@....@.@...@........
............@.....@...@...@.....@....@@@....@.......@@....@..@...@....
.@..@.......@.@...@@.@......@....@...@..@.@.@....@..@...@..@@.....@@..
...........................@@..@@....@........@......@..........@.@..@
.........@........@@..@@....@@.....@@.....@.@@.@@@@@......@......@..@@
....@......@............@.........@.....@.............................
.....@......@@@..@........@@...@..@.....@........@.@..@@.@.@....@...@@
..@@.........@@.........@@....@...@.......@.............@.@...........
.......@..@...@.........@.@.@@.....@.......@....@.....@.....@..@.@..@.
...@...@..............@....@....@@.........................@..........
....@.@....@.@......@.@@......@.......@............@............@.....
....@@@...........@.....@..@@@...@.......@.......@..@@..@..@@........@
.@@@@..........@@...@.@..@..@@@@@.........@..........@.......@..@.@...
...@.........@..@.......@.@@@.@....@@........@.@....@............@...@
..@.@........@..@@@....@@@@..@...............@.@......@.....@..@......
........@................@..@..............@...@...@....@....@........
@..............@...@.....@..@..@.@....@......@.....@.@.@..@@...@@.....
...........@.....................@@.......@...@....@.@..@@.........@@@
...@.....@@.......@@........................@...@......@..@...........
...........@...@.@..@....@..@.@.@................@....@@..@.......@...
.@..@@...@@.....@...@.@@@....@..........@......@.....@..@......@@.....
..@.....@.....@.........@..@.........@.......@.@.@..@.@....@.@......@.
..@.....@..@.@......@@..................@.@..@.@.@.@..............@.@.
......@...........@..@....@....................@..@......@.@......@..@
....@@..@...@.....@@...@.@.@@...@@....@...@.........................@@
...@@@@.....@.@.@@..@.@..................@......@@............@@......
...@@..@..@@..@@@@.......@@..........@..@......@@.@..@.@.@.....@.@....
@...........@.............@.....@@..................@.@..@..@@.@.@@@..
........@..@....@.@...@........@.......@.@....@....@..@.@.....@.....@@
..........................@..@.@.....@.......@..........@.@...........
........@@..@...@..@...........@.@........@....@....@.@........@..@..@
..@..@.........@...@...@.@...................@...@...................@
@.........@.@..@........@....@..@..@@@.....@........@@..@....@...@..@.
.......@.@.........@.@....@......@..@@....@......@....@.@....@.@...@..
.......@.........@.......@@.....@@..@..@..............@.......@..@.@..
........@..@..@@......@....@......@.@@.........@....@@.........@.....@
..@.....@.@..@..........@.......@.@.......@@.......@...@........@..@..
..@..@@..@.@@@@...@............@.....@@@......@......@....@...@.......
.@.........@@.......@..@.@...@.....@.......@....@...@....@....@.@...@.
@................@.....@............@...@..................@.@.@..@@..
@@..@...@@..@..@..@.@.@.........@@@...@@......@..@......@.........@@..
............@.......@.@.........@..@.........@.@.................@@...
..@@.....@@.........@...@@.@@.@.....@.........@......@.........@......
......@.........@...@@.........@..........@........@.@.@..@@...@...@.@
.@...@.......@............@...........@@@....@@@.......@.@..@.@.......
@....@.@.........@.@........@.@@.@@@...@@....@...@........@.@..@......
@........@.....@......@.@..@@.....@.........@...@.@..@.....@..@@@...@.
@....@...........@...@@....@@.....@.......@..@@.........@@............
.....@.........@.@@@.@@..@........@..@......@.....@.@..@.@............
...@..@........@.....@@..@..@.@...................@.....@....@.....@..
@.@..@......@.....................@..............................@@.@@
.......@....@@.@@..@........@...@@..........@@...@..@.......@@.@.@....
.@@@....@........@..........@@....................@@.........@.@.....@
..@@..@@@@.........@......@.....@..@....@...@...@.....................
@@.......@..@@.........@...........@...@@@@@.@....@......@..........@.
.....@....@......@@.........@..@.......@.....@.@.@....@........@@...@.
.......@..@.@@...........@.......@......@.....@....@...........@...@..
@@.@.....@@...@..@................@........@@.@.@..............@@.....
@...@........@.....@....@......@@..@...@.....@.........@.@............
..@@.@.....@.....@....@..@@@@.......@...@@@....@.@.@@...@..@..........
@.@...@..@.....@@@...@.........@.@@..@....@......@........@@..@@.....@
......@.@.........@....@........@@.......@.............@..@....@....@.
@...@@@@..@............@.....@.....@..@..............@..@....@....@...
...@....@...@.......@.@.@...@@.....@@.........@....@@..@.@@........@..
Agents:
45
0,36,22,29,44
1,54,51,49,9
2,4,56,49,57
3,12,66,23,36
4,63,23,41,17
5,3,61,38,40
6,12,56,42,0
7,3,22,23,19
8,11,60,59,49
9,53,26,24,32
10,45,43,53,10
11,34,5,46,29
12,61,56,27,20
13,14,36,63,35
14,58,66,6,19
15,30,16,14,32
16,43,23,33,30
17,64,38,49,49
18,36,67,17,15
19,38,8,26,33
20,55,16,10,33
21,40,21,58,54
22,50,42,54,66
23,69,10,8,31
24,13,15,52,45
25,62,11,53,29
26,17,68,63,39
27,51,26,55,65
28,35,6,9,16
29,30,65,42,63
30,60,11,64,52
31,38,58,32,41
32,16,63,9,4
33,67,20,38,1
34,3,15,58,56
35,0,31,27,21
36,5,65,23,0
37,43,10,51,43
38,15,64,7,56
39,21,31,55,51
40,48,59,57,21
41,61,29,48,26
42,42,62,46,64
43,46,54,29,29
44,20,1,65,60
