2
Grid:
70,70
@@..........@..@.@..@......@.....@....@..@..@..@..@.....@.@.@.........
@..@...@..@......@.@.@@......@..@@...@.@....@@@..@..@..@..@@..@.@....@
...@@.....@@@.@.@.....@...@......@...@@@..@.@@........@.@.@..........@
.@..@.@@...........@..@...@@........@......@.@...@@....@@@....@@@.@.@.
@..@.....@.....@@..@...@.......@...@@...@..@.@.........@.@.@.@...@....
..@@..@@@..@@..............@.....@..@@..@...@..@.@@@....@........@@...
@.@@....@@.............@...@.@@.@@.....@@....@.@.@.@@@.@@....@........
.@.@..@.....@.@..@@.@.@@.@@......@......@...@@...@.......@.@.@..@....@
@......@..@@..@.@@...@.@..@...@@..@..@....@..@.@@..........@..@.@@@...
.....@@@.@@...@@@@.@@.@.@..@...@@.@....@..@....@....@..@..@.@@@@@@.@@@
@@.@@@@..@@@.@..@...@.@.@.....@...@..@......@@....@@..@...@@..@@@@@..@
...@...@@....@...........@.....@..@..@..@.@@...@.@@........@@....@..@.
......@@@@@@@..@@.@@@..@....@@.@.......@..@@.@.@....@@@..@.@@.........
.@@@@...@...@@@.@@.@@....@@@...@.....@..@@..@..@..@...@.@...@@@..@....
@....@......@.@...@...@@...@.........@......@@@.@..@@.@....@@@...@...@
@........@@..@....@.@@..@...........@..............@...@..@...@@.....@
.@@@.............@..@......@@.@...@@@@......@@...@.....@...@........@.
......@@........@..........@..@@@..@.........@.@@@.@..@.@.@.......@..@
@...@.@..@@....@.@.@..@@....@.@..@@@....@@.........@.....@.@..@..@.@.@
...@@..@...@.@.@.........@@@@...@....@@.........@.@............@@.@@..
...@......@@.....@...@@@@.@@..@.@..@.@@......@...@........@.@.@.....@.
@..@..@...@....@@.@.@@.@..@.@.....@.@@..@...@..@@.@.....@.@.@@.@..@..@
.@.@........@...@.@...@.@......@@..@.@@.@@...@.@...@....@@@...@@.@....
...@....@....@....@@....@..@....@@.........@........@.....@..@.@......
..@...@.@.@.......@..@....@.@.@@.....@...@@.....@..@...@@@@.......@..@
......@.......@@@...@.@.........@..@..@..@@......@..@.......@.........
..@@..@.....@..@@.@..@..@.@@.@@@@...@@@@@.@@...@.@@@.@...@@...@.@@....
@....@.......@...@.@...@....@@.@..........@..@....@.@.......@....@....
@.@..@.@......@@.@.@.@@...@@@.@.@..@.....@@...@..@@.@.@.@@.@..@@@@....
@.@..@.@@....@...@......@..@..@...@...@..@@.........@....@........@.@.
@@@@@@@@.@@..@@.@@..@....@....@..@.@@.@@....@.@......@......@.....@..@
...@@.....@........@.@.@..@.@.@.....@........@...@..@@.@......@.@@.@.@
.@.@@@..@@..@.@@...@.@............@.@@..........@.......@.@.......@...
.....@@@..@.@...@.@@.@@@...@@@@@.@...@.@@@@....@...@.....@.@@.@....@..
.@@@@..@....@..@@..........@..@...@..@....@.@@..............@.@.@@.@@.
....@@@.....@.@@.........@@.@....@....@@...@@......@..@...@.@@...@..@.
....@@@.@.@...@.@...@@....@.@....@.....@...........@.....@@...@..@....
......@.@@.@@..@@...@@....@.....@..@.......@......@@@..@..@@@.@....@..
...@.@..@..@@......@.@@@....@@..@........@...@....@@.@.@@..@@....@....
@..@@@...@..@..........@..@.@........@@@@.....@.......@...@@.....@.@..
.@..@@......@..@.....@.@@...@..........@@@.@@.....@..@@@.......@..@.@.
@@...@.........@.............@..@.....@.@.....@@.@...@@.@..@..@.......
..@....@@....@@..@....@@@.@...@..@......@...@.@.@........@.....@....@.
...@..@@...@.@@@......@.@.@..@..@.....@.@@..@...@......@.@.....@......
.@.@.@....@@@.....@....@....@...@@...@...@.......@@.@@@@..@...........
..@..@..@..@@......@@...@....@...@@....@@@....@.....@....@.@@.......@@
..@..@.@........@..@.....@@.....@@@..@@.@.@................@...@@@.@..
...@..@....@.@...@.@@.@...@.....@@....@..@@.@......@.....@....@@......
@.@.@..@..@....@@........@@.....@@.@.....@..@@...............@.@..@.@.
....@.@..@....@..........@..@..@.@.@@......@..@..@.....@......@@@.....
.....@..@..@.@@@...@..@@@.@..@@@@..@.......@....@..@.@.......@@.....@.
..@.....@@@..@....@@...@....@.@......@...@@........@..@.@.....@@..@.@@
.@....@@.@.....@@...@@..@@.....@....@@@.@.@.....@.@@.@@..@@....@......
.@......@@.@@.....@@@.@...............@.....@..@.....@..@.............
@.@..@@@.@@...@..@...@@..@...@........@@.@..@.@....@.@@@......@.@..@@.
.@..@@@..@.......@..@..@..@..@@@.@.@...@....@@..@...@....@.@@...@....@
....@.@.@@.@.@...@..@@....@.@.@.......@@@.@@.@...@@.....@@.........@@.
......@@..@.@.@.......@......@..@@.....@..@@@..@.....@.@.......@@...@.
..@...@.@@...@@.......@........@........@@.........@.@....@@@.....@..@
....@..@.@@.@...@.......@.@.@.@@@@..@........@....@@.@@.@....@.....@..
...@@.@..@@......@.@.@.@@.....@.....@@....@@...@..@....@............@.
@....@..@.....@..@...@.@...@..@.....@@.@.@...@@@....@...@.....@.@.....
.....@@.........@.........@@....@@@.@..@@.@.@..@@........@.@@.......@@
@......@..@...................@.@.........@.@@.@.@...@@.@@@...@@.@@...
......@@...@.@.....@.@.@@.....@@..@.@@..@.@@@..@@.@.....@@.@....@@..@@
....@..@.....@.@....@...@..@......@@@.......@@..@.@.@..@..@.......@@..
.@....@.@...@@@..@.@@@@..@@..@@@..@....@.@..@.@......@.........@@.@..@
.....@..@..@..@..@.@.....@.....@@..@.........@..@@...@.@@..@.@...@....
..@..@...@@.....@@@@..........@@@.......@@.@.@@...@......@............
@@.....@.....@.................@.@....@......................@....@...
Agents:
55
0,23,22,25,2
1,1,56,1,57
2,64,51,42,56
3,41,30,48,60
4,30,45,9,40
5,22,13,4,21
6,13,43,5,30
7,39,13,36,0
8,3,3,48,34
9,1,41,57,2
10,10,57,7,15
11,63,21,62,35
12,55,53,60,38
13,47,24,45,10
14,58,55,52,0
15,42,28,27,34
16,8,8,29,49
17,0,9,37,66
18,19,22,24,44
19,20,46,7,67
20,68,60,22,9
21,40,62,28,44
22,9,23,2,50
23,47,18,27,38
24,11,57,40,36
25,12,34,52,65
26,24,49,46,21
27,48,34,51,46
28,57,36,24,46
29,41,55,6,63
30,34,31,21,12
31,13,63,19,42
32,54,49,68,28
33,48,60,34,52
34,15,44,41,52
35,18,3,64,2
36,67,34,17,21
37,21,24,2,25
38,58,16,39,14
39,5,18,5,14
40,30,48,65,49
41,46,22,40,22
42,68,8,6,44
43,36,50,54,45
44,39,15,20,66
45,49,56,25,23
46,58,50,30,67
47,39,60,47,2
48,31,17,3,48
49,36,23,24,23
50,68,47,66,43
51,41,20,33,15
52,27,36,46,15
53,67,21,41,8
54,29,37,11,21
