0
Grid:
60,60
@.......................@.@.@...........@@...........@.@..@.
........@..@....@..@.....@...........@@....@.......@@......@
......@......@....@..............@@..@..@............@...@@.
.....@..@..@.........@@.@.@....................@..@.....@@..
..@..................@.................@........@...........
@....@@..@@...............@@.@.@..@...........@........@..@.
...@....@....@@..@..@...@...@...@....@...............@..@...
.@@.@.........@@.........@...........@...........@...@@.....
@................@.......@...........@..............@......@
..@....@...@......@........@..@..@..............@.@.........
....@....@..@.@.........@@............................@..@..
.....@...@..@.......@.@..@@.........@.........@..@..........
.......@.@@@...........@.@@..........@@.......@@...@...@....
@...@.@..@..@@.....@.....................@.....@............
..............................@.....@............@..........
.........@.......@............@@.......@....@.@.....@.......
.@..@.@.....@@.@..@....@.@..............@@.......@.@...@@...
....@......@..........@.........@.............@@.....@...@..
..@...@..@..@.....@...@..@@........................@@.......
.......@@.................@.......@...@......@...@....@..@..
.@@.@...@.....@.@......@.@..@...@...@...@@@......@..........
...@..@...........@..........@........@.@...................
..@.........@............@..@....@...............@..@..@@@.@
.....@................@...................................@.
......@.....@......@.......@....@...@....@.............@....
...........@......@....@.......@........@.......@......@....
......@............@...@............@..@.@....@.......@....@
@.......@.....@.........@...@..@...@.@@.@....@.@..........@.
..........@.....@.@.@.......@.....@....@................@...
.................@@.......@@@...@....@.............@.@......
...............@......@.....@..@..........@..@......@...@...
...........@..............@..............@.@.........@......
@@.@........@...@.........................@....@@...........
...@...@.@.........@..@..............@.@@....@...@...@......
.....@.........@.@.@...@........@............@..............
@.@.......@......@.@@.@.@.......@....@...@...............@..
.......@@..@.@...........@....@...........@.....@..........@
@....@.........@................@............@@..@.@@.@.....
.@......@.@@..@..........@.......@...@..@..@.@@..@@.........
............................@...............................
...@....@......@..@.@@.@................@.............@.....
........@.....@..@.@@@...@..................@...@.....@...@.
.................@.@@.......@...........@...@.........@.....
.@......@@....@......@.........@...@...........@......@.....
........@......@@...............@....@........@.........@.@.
...@..............@......@@......@..@.......@.....@@....@...
...@....@............@..@....@@.@...@.....@.....@...@......@
.................@....@.......@....@@...@......@@...........
...........@.@.........@........@..............@......@.....
.@......@.............@........@...........@.....@......@...
.....@..@..............@................@...@....@.....@....
@.....@@.......................@.@...........@.@.....@......
.....@..........@.@@.........@......@................@@.@..@
........@@....@...@.@.....................@..........@@.@...
.....@.....@@...@...@........@@......@.@@@..@.@.............
...@....@@.............@.@.@...........................@..@.
.........@.........@.....@.............................@....
@....@@......@@...@.........@...@@........@...@..@..........
..........@@.@@@......@................@..@.......@........@
@..@...............@@.............@..@..@..@..........@..@..
Agents:
35
0,8,47,41,33
1,8,10,47,25
2,49,2,41,24
3,34,27,39,8
4,13,3,36,4
5,59,22,20,19
6,34,9,52,57
7,10,33,57,30
8,47,51,13,28
9,46,19,23,36
10,33,28,7,58
11,39,26,20,44
12,3,43,22,31
13,37,16,21,37
14,58,25,40,17
15,28,0,19,43
16,38,15,31,10
17,13,21,58,3
18,57,26,24,42
19,3,16,53,29
20,33,26,15,2
21,38,22,34,13
22,23,27,20,20
23,48,34,22,0
24,14,15,27,30
25,28,48,51,59
26,14,39,27,11
27,31,22,31,52
28,17,17,21,11
29,29,47,33,35
30,35,58,31,2
31,43,19,6,50
32,56,49,43,11
33,4,29,37,7
34,16,16,14,40
