0
Grid:
60,60
..................@..@...........@......................@...
..................@....................................@....
...@.......................................@..@......@...@.@
.......@..............................@....@....@..@........
@......@........................@.........@.................
..........@..........................@...............@.....@
...@..........@@.......@.........................@@........@
.............@.@........@...............@.........@.........
......@.........@........@..........@@............@........@
........@........@..........@.@....@......@.................
.......@@.........@........@..........@@......@.............
......@................@.........@....................@.@@..
..@.......@......@.@.......@...............................@
......@...................@...@...........@@@.....@..@....@.
........@.@..........@......................@...............
............@............................@...........@.@....
............................@.............@..@.........@....
@......@.........@...................@.......@..............
..@.@.........................@....@....@....@....@...@...@.
.......................@...@...@............@..@........@...
.@......@......................@.....@......................
...........@.@..@@........................@........@........
.......@..@........................@........@..@.....@..@.@.
.@......@.......................@..@...@.@...........@.@....
.@...@..@.................@....@...@.....@.@................
......@.....@....................@@...@.....................
@@...@...........@.@.............@@.......@...@.............
@....................@..@...@...@......@............@.......
........................................................@@..
........................@...@...@...........................
...@........................@...........................@...
.........@......@.......@.....@...........@....@..@......@..
...................@..............@.........@....@..........
.......................@............@...............@@.@....
..........................@...@..@..@@...........@....@.....
.............................@@.............@..@............
..........@........@.......@......@.@.......................
@@......................@.................@..........@@....@
........................@...........@..........@........@...
..@...............@..................@.........@@.@.......@.
............@...@.......@@.@.........@.@............@.......
...........................................@.@..............
.@.......@.....@.......@.@@........@.............@@...@..@..
.............@@.....@.....@..................@..............
............@@..@..@@..@...........@...@..@.@@......@...@...
.@.@..@............@..............@.........@..@...@........
......@....................@...............................@
..........@......@..@@.@..@...............................@.
@............@@........@.@.......@.......@.@..@@........@...
.....................@...................@.......@.........@
@.............@.........@.@............@.@.......@...@.@....
@......@@..........@.........@..@..@.....@..................
..@...@.......@...@.@@...............................@.....@
......@..........................@........@...........@....@
.......@..@.@................................@........@.....
...........@...............@@............@..................
.....@...............@.............................@........
..@.........@.....................@...............@..@......
.@@...@..........@.@...@.@...............@.@................
.@.....@@@.....@......................@......@@.............
Agents:
65
0,49,24,21,2
1,18,3,47,5
2,14,58,32,54
3,6,7,19,36
4,58,45,23,37
5,23,26,26,52
6,10,17,31,21
7,28,30,13,56
8,37,10,38,22
9,1,0,49,22
10,42,22,20,41
11,26,40,42,21
12,50,48,24,33
13,36,52,26,50
14,41,44,1,5
15,55,21,19,46
16,41,35,52,32
17,23,33,19,1
18,43,10,11,16
19,53,3,45,0
20,18,16,57,28
21,8,44,31,53
22,18,34,40,33
23,17,11,50,45
24,41,26,11,0
25,58,38,52,48
26,12,25,31,5
27,32,46,1,25
28,31,5,52,57
29,4,39,16,39
30,31,49,34,13
31,48,1,17,18
32,47,27,56,47
33,17,31,48,54
34,40,50,11,32
35,47,47,48,11
36,30,9,46,56
37,11,51,30,34
38,34,7,30,32
39,26,44,46,10
40,39,0,21,19
41,41,3,30,49
42,23,57,9,29
43,1,56,55,33
44,39,36,40,7
45,31,14,53,43
46,31,28,0,41
47,25,18,46,31
48,55,17,8,10
49,46,49,4,34
50,46,7,35,2
51,50,25,29,38
52,55,22,6,57
53,35,39,48,37
54,12,46,45,36
55,9,49,30,44
56,8,45,28,24
57,38,50,32,22
58,26,20,50,57
59,51,3,39,39
60,19,32,59,10
61,15,1,0,14
62,43,52,3,52
63,56,16,23,49
64,49,29,15,47
