2
Grid:
60,60
@..........@....@.....@..................@....@...@.......@.
..................@.............@....@......................
...................@....@.................@..............@..
..........@.................@......@........................
..............@........@.......@.....@...@@.@.............@.
.@.....................@...@.....................@..........
.......@...@........@..@...@...@.....@....@.................
....@................................@@......@........@.@@..
....@.@...............@......@@.@...@................@......
............@.......@.@.@...........................@.......
...@...........................@............................
.......................@....@...........@@.......@..@@......
.........@.......@.........@@.@....@...................@....
..........@......@.@.......@..@....@...........@.....@......
.....................@.....@...@...@...........@............
.................@.........................@..@........@...@
....................@...................@.........@........@
.......@...............@@...@......@......@........@........
@.@...........@............@..................@...@.........
.@@......@.................................@.....@....@...@.
.@........@.@.@.....@...@.......@......................@..@@
...............@..@........@............@...........@.......
.....@.....@...@...................@....@...................
........@........................................@.........@
...............@@......@..............@..............@...@..
........................@........@..@.......................
..@.....@..@.@..@.....@.......@.........@...............@...
...@....@...@.......@...@@..........@.@...@...@..@....@@...@
.....................@.....................................@
.......@........@....@....@...@...@...........@.@...........
@............@.@.@..@............@.................@........
..@....@....@.........@@....................@...@.........@.
...........................@@...@..............@............
......@...@...................@....................@.......@
..@@@.......................@..............@@....@......@...
...@.............@....@...........@..........@...@..........
....................@.....@...........@.........@....@.@....
.@.........@.........@.@..@.................................
..@.....................@...@.@@....@.@.@........@..........
.......@.....@................................@.............
.........................@@.@..........................@....
.......@......@......@..@.......................@....@..@.@.
.........@...@.....................@....@...........@...@...
..........@...@....@@.........@.............................
.........@..@......@.....@....................@..........@..
................@................................@@........@
...........@..@.......................@@........@...........
.....@@@.@...@.....@.............@..@.....@..@..@...@.......
........@.....@............................................@
......@@......@@.....@......@...@...........................
...........@..@@.......@..........@...@.....@.....@.......@.
@....................@@.........@.......@.@..@..............
@..@....@.....@...@.........................................
.@@......@..................................................
....@....................................................@@.
......@..................@..................................
@@...@.............@............@@.........@..............@.
.@.......@......................................@........@..
.........@............@...........@.....@...@...........@.@.
@.@.@.@..........@..............@@.....@....@....@..........
Agents:
50
0,36,41,31,25
1,31,41,46,50
2,12,41,42,31
3,59,37,40,2
4,44,3,6,26
5,22,42,30,8
6,35,53,33,7
7,46,5,40,19
8,6,2,3,43
9,29,58,0,34
10,29,0,5,12
11,37,40,54,3
12,7,30,6,6
13,21,36,19,32
14,29,23,0,2
15,9,8,4,40
16,46,53,10,38
17,32,35,20,47
18,11,51,10,37
19,31,43,58,52
20,33,9,40,39
21,55,42,23,10
22,57,18,6,58
23,55,8,4,55
24,25,4,44,6
25,58,32,45,48
26,48,50,37,37
27,11,30,17,32
28,4,32,21,23
29,33,29,58,0
30,16,8,12,6
31,33,58,19,31
32,33,26,34,8
33,6,53,50,51
34,33,31,52,29
35,50,37,0,30
36,26,43,23,29
37,12,19,41,16
38,5,54,36,10
39,42,49,25,35
40,34,12,28,43
41,11,25,57,6
42,25,37,56,9
43,20,56,4,54
44,41,1,3,18
45,30,39,0,52
46,26,25,50,43
47,36,56,52,49
48,9,31,29,24
49,11,1,29,51
