1
Grid:
70,70
......................@....@...@.................@......@..@@@.@....@@
@........@....@.....@...@..@.@@...@.....@...............@..@.@........
..........@@.@@..@.......@........@....@.@..@@@.........@...@@.....@.@
@..@....@...........@..........@.@.@..@..........@.....@@..........@..
....@.....@...@....@..@...................@@...@........@..@.@..@@....
@.....@...............@..........@.........@........@.........@...@...
@.@......................@.....@......@................@....@.@..@@...
@.@....@..@..............@.....@.........@@............@...........@..
...@..@......@...............@..@......@..@.....@..........@@.......@.
..................@.....@..@.........@........@..@..........@.........
......@................@.........................@...@......@.......@.
.@..@.@...@...............@.@.@..............@....@..@.@..@.........@.
...@.......................@..@..............@................@...@...
...................@@...@.@.....@@..@.........@..@.......@...@@.......
.@...@...@@....@....@..........@..@..@.......@....@.....@.@.@.........
.....@...............@..@....@............@.....@.....................
@.@...........@@@.@.@.@.......@.........@...........@.....@...........
..................@..@................@.................@..@...@......
...........@.@.....@..@...@..............@...@@..@@......@............
.............@@.@@......@.@.@@.....@.@.........@.@....@..@.@..@.....@.
.........@...@..........@..@.....@..@..........@.......@......@.....@.
.................@.@.................@.....@.@...@..........@@.....@..
..............@......@.......@............@...........@@..............
............@@.@............@........@.......@@..@....@.........@.....
..............@.....@@......@..@.....@.@.........@.@..@...............
...@@.............@.............@..@.......@.@.......@...@.@..........
.................@.......@.......@.@.....@.@...............@..........
...@..............@.....@...@..@........@@......@...@.@@...@@@...@..@.
....................................@..@...@..........................
....@.@@...@..........@...@...............@@..@.@...@.................
....@...@@.................@..@....@....@................@.@......@...
@....................@.@........@.....@...........@...@...@@..........
.@@......@.....@......@..........@.............@................@@....
.@.....@.....@@.................@@......@.............@........@....@.
...............................@@.......@.....@.@...@.@...............
.@@@................@...............@......................@..........
@......@.......@.....@....@.@.........@..@.@@@@@....@.@...@.....@@..@.
.@....@..@.@......@.........@.............@.........@...@...@......@..
.....@@@@.@....@..@.........@.........@..@...@.......@...@@...........
...@.@..................@...@..@@.@..@....@@..@...........@.@....@...@
.....@.@....................@.......@...@.@............@......@.......
....@.@.........@@................@..@........@...@@.......@..........
........@..@..........@...@...............@.............@@..@....@....
....@..........@@..@....................@.......@...@.......@@.......@
.@@..@...@......@........@.@...@.......@..@.........@.....@@@@........
...........@@.........@........................@...............@....@.
@....@...............@....@..@......@.....@@.......@.......@........@.
.........@.@.@.......@....@........@@......@...@...@@..@..............
.@...@.......@.........@.....@....@......@........@....@.....@........
....@..@...@...@@......@.@....@...@.@.@........@..@@.@.......@...@.@..
............@...................................@.....................
............@@.@.@..@.........@....@.....@............................
@...@....@.........@...@.....@......@.....@.@...............@.........
......@..@............@...@........@......@.......@...............@...
.............@@...........@.@......................@...@..............
@@.......@.@.@.@@..@....@.............@.....@...........@.@....@.@..@@
....@........@@..@@....@.........@@.....@.................@..@.@.....@
@...@.....@@@.............@@................@......@..@@..@...........
....@...@.@.@...@..@...@......@.....@..@@..........@@.................
@.....@...@.....@@.@......@.........@@...............@..........@....@
..@............@.........@@..@..@@@......@.@.............@....@.....@.
.@...............................@........@..@....@...@........@......
...@..............@...@.@.@.@...........@.......@.........@.@...@.....
.............@..................@@...................@...@............
................@....@@.@.......@.....@.@.............@....@@.......@.
...........@..@.........@...@..@...@..@@.@......@.@..@...@...@..@.....
..@..@......@...@.............@..........@.@......@..@....@....@.....@
......@..@.......@...@......@.....@........@....@.....@....@...@..@...
@..............@..@.@.....@@.....@@...@..................@.....@...@..
.....@@.@..........@..@......@..........@...............@.@.......@...
Agents:
45
0,1,6,14,28
1,8,4,69,2
2,19,56,31,36
3,15,19,26,5
4,0,41,22,28
5,67,0,66,19
6,58,37,68,49
7,48,56,6,17
8,26,34,18,15
9,14,4,48,7
10,29,36,21,13
11,69,33,58,24
12,30,56,20,40
13,56,45,46,66
14,63,43,68,24
15,39,62,16,8
16,17,64,38,47
17,33,21,44,36
18,62,34,66,21
19,32,10,23,57
20,33,67,26,45
21,46,41,21,47
22,5,56,22,5
23,40,32,17,31
24,47,49,40,2
25,43,14,33,25
26,54,22,55,4
27,7,14,63,10
28,68,55,58,3
29,9,43,37,17
30,17,19,36,11
31,9,31,45,53
32,3,47,3,21
33,40,51,7,66
34,19,12,42,63
35,11,66,19,50
36,67,68,26,15
37,57,61,36,19
38,12,54,20,28
39,17,14,8,33
40,24,19,41,19
41,36,40,41,48
42,26,69,40,63
43,1,62,2,28
44,26,14,48,37
