2
Grid:
60,60
........@..@....@@...........@.@@...@....@@.@@.@............
.@..@........@.....@..@................@......@............@
.@...........@..@.............@..........@......@...........
........@.@@..........@..@..@...@.@...@..........@......@...
....@.............@...@...........@..@........@....@@....@..
...@@.....@...@.....@......@.@........@.@...............@.@.
.@..........@....@@.....@@@.............@...@@........@@....
@...@......@..@.....@@..@.........@...@...@@..............@.
...@@.....................@.@.@.....@..@...@....@....@.@....
.......@..@.....@.@.....@...@.........................@...@.
.@@..........@....@.@.@@..@......@..@@.@@.@............@....
.@@...@.....................@..............@.....@.........@
...@......@....@@..@.@...@@@...@........@@@..@@.............
..............@......@.....................@..@........@@...
.........@...........@@@...@.@@.@....@...@.@............@...
.@...@........@.@.@...@.......@.....@....@.@@@...@...@.....@
..@.......@...............@..@...@.@..........@...@..@...@@.
@..@..@@.......@.@..@..............@@@...........@.@........
....@@............@..@....@@@....@......@@..@......@.....@.@
.@.....@@..@.......@.@..@......@...........@.@..@......@@.@.
..........@...@....@.....@.@...@@.........@.................
........@@@.@@.@.@.@......@.....@..........@.@...@@........@
.@.........@@@....@.....@....@....@........@...@....@...@...
...............@...@@.@..@@.@......@...@.............@......
...@.........@@......@..@@.@..@@.....@...@.......@..........
....@.@@.@@...........@......@..@..@.....@@@......@..@....@.
...@.....@..@.@.............................@@@.....@.......
@.@.....@.@...@@@..@@@@...@@@@........@.@.....@...@..@...@..
.@.......@..@..@........@..@@.@........@............@.......
@..@....@..@@......@@..@.@@@.@@..@@@...@..@.@@....@.........
@..@...@..@@....@....@@................@.....@.......@@...@@
..@.@.......@.......@.@........@....@@..................@...
@@......@..@.................@............@..........@......
...@...@.@.@...@@.@..@...@@..@.....@.........@@.@...@.......
@@@.@........@....@...............@.@.@.@..@..........@@....
@...@...@..@...@.@..........@..@@..@.@..@@.......@..........
..@@........@.@........@@...@...........@@....@.@...@......@
.....@...@..@.............@....@.@..........@@.@.@.....@@@@.
....@...@..@..@....@...@.....@..................@.........@.
.............@.@...@...........@.@@...@@.@.......@.@....@...
.......@...............@................@.@@.....@..........
@@@.@@@...@.@@@............@@....@....@..@..@...@..@.@......
.@..@@....@...@.....@.@@.@........@.......@..........@......
..@@.....@@.......@...@@.@@.@...........@@...@.@.......@....
....@@@@@....@.......@.....@.@......@.......@@.........@.@.@
.@@..............@@....@.@........................@@.@......
.@...@...@@...@...@........@.@...@...........@@@..@@........
..@..............@.@@........@..@..@......................@.
..@..@........@@.@.@...@...@.@.@..@..@...@.............@@@..
..@.@@..................@.@..........@..@@..................
..@.@.............@......@.@.@.@..........@.....@.@.@..@.@..
....@..@...@......@.@..@.......@.@............@...@@...@....
@@.@@....@......@...@........@..@..@..@.@....@..........@...
......@...@..@.@......@.......@.......@.........@.@..@......
................@....@.@..........@..@..@........@.@........
.................@.....@@..@...@..@...@.@@...@...@@...@@...@
...@....@..@@.....@.@.......@..@.@..@.....@.@.@.........@@.@
..@...@................@@@.@....@.@........@@@..@.@.........
@.....@.....@............@......@...........@......@.....@..
@@..........@@..@@@.......@@...@..@@.............@@.........
Agents:
55
0,26,29,55,42
1,0,26,47,14
2,40,6,57,19
3,12,22,24,34
4,10,0,26,43
5,7,30,0,7
6,57,18,49,49
7,38,6,29,40
8,44,2,46,26
9,43,11,20,37
10,0,33,7,59
11,0,13,44,12
12,35,14,29,21
13,3,44,56,9
14,36,55,42,32
15,40,56,6,3
16,1,6,53,19
17,6,13,19,38
18,10,46,23,31
19,20,59,2,6
20,17,32,25,45
21,42,3,19,40
22,6,39,35,6
23,22,57,30,32
24,25,2,13,57
25,40,5,43,58
26,2,35,57,54
27,40,17,31,11
28,47,48,36,13
29,0,37,39,1
30,53,35,58,15
31,21,53,20,16
32,27,56,58,8
33,1,33,36,38
34,50,35,8,29
35,28,57,8,32
36,35,44,7,31
37,12,56,55,2
38,6,14,28,11
39,57,17,34,23
40,2,6,29,31
41,24,19,37,41
42,16,9,51,24
43,4,49,27,1
44,41,37,24,51
45,55,4,39,44
46,12,6,8,41
47,14,26,45,46
48,6,43,31,28
49,17,2,29,18
50,1,20,51,53
51,6,38,36,58
52,37,4,17,13
53,10,8,2,22
54,31,44,29,13
