1
Grid:
60,60
....@....@@..@......@......@........@.@.........@.....@..@..
@@...@.................@..........@..@..@@.....@.....@..@.@.
..@.@....@.@@...@.@......@..@@...@..........@.........@@@..@
....@@........@@.@@.@.@.........@.....@@......@@.@..........
...@@.......@...@........@.@@...................@..@.@@...@@
................@....@@......@@.@.............@@......@@....
....@..@...@@...@...@@......@.@.@..@..@...@@.....@@.@.......
..@....@@.....@...@..@..@@...@@.................@.@@..@..@..
.@...@.............@...@..@.@.@..@..@....................@.@
..@.@.......@@........@@@@.....@.........@.........@@...@...
..............@@@...@..@.....@.....@......@..@.@@.@.@....@.@
......@@.........@.@........@@...........@.......@.@.@......
@.....@@...@@..@......@......@@..@.........@..@@....@...@...
.@..@@........................@....@..@..@..@...@...@...@@.@
.....@@.@......@....@.........@...@.@.@@.....@@@@.@...@..@.@
@@.......@.@............@....@.......@...@........@......@..
...@..............@......@.....@........@..@@@.....@.@...@..
.@....@.@@..@....@.@....@@.@.@......@.@.@......@@.@...@.@@..
..@..@........@..@..@....@...@.@......@.......@@.@.@...@..@.
@.@...@......@..@@........@....@........@....@...@....@.....
@..@.@@@.........@..@.......@...@.@@@.....@@.@......@.......
.@......@@....@...............@...@.@@.....@.@.@@......@@...
@@.@..@..@@@@..@.@...@.....@............@..........@@@..@.@@
.@.@..@...@.........@...@...@..@...@..@............@.@....@.
.........@@..@.@...@..@..@....@..@....@@.........@......@...
......@@@..........@@.@....@..@........@@...@...@...@.......
....@.@.......@@....@@......@@...@@@.....@.........@..@.....
..@@.....@@.@.....@.....@..........@@.....@...@.............
...@.........@@...................@.@@..@..@.@.....@.@..@@..
..@.@.....@....@.@..@@@.@........@.............@@.@.....@...
@.@....@.......@@@............@..@.@@@.....@......@.....@.@.
....@@.....@@....@.@...@..@.@...@...........@..@..@...@@@..@
...@@@.@......@@@@....@...@@..@@..@.....@............@@..@.@
......@@...@....@@....@....@...@@....@.@.@.@.....@.....@.@..
....@...@.@..@.@.....@..@......@..@@@..@@@..@.....@.....@@@@
@...@...........@..@....@........@@..@...@...@......@.@.....
..@@......@@..@.....@@......@.....@@..............@@....@...
..@@...@...@@@.@@..@..@.@.....@@@.@@......@...@@......@....@
..@.....@....@.@...@@........@@....@....@...@..@@.......@...
....@.@......@@@........@...@.....@....@........@@...@.@@.@.
@.@@...@..........@..@..@...@....@@.@....@......@...@....@..
@@..@.....@..@..@.@..@....@.......@@.@..@@..@.@..........@..
...@......@..@........@@..@.....@@@.@.@.........@....@.@....
@..@.@................@..@.....@@@.....@@.@@.....@.@.@@@@...
.......@.@....@@@.@..@@@@....@...@..@.@.......@.@....@.@....
.@.....@....@....@...@@.@.@@..@@...........@..............@.
@.@...@.@@.....@....@@@.@@..@...@..@@..@..@.@..............@
@.@.....@@@..@....@.@....@....@@.@....@..@....@.@@@@....@@..
.......@.@@@.@@..@@..@...@....@.....@@.@..@......@..@@....@@
...@....@..@.@........@@....@.........@.....@@...@..@...@.@.
...@..@@..@..........@@...@@@@.@.......@..@..@......@.....@.
........@.@....@.....@...@.@.@.......@...@...@.@@@.@...@.@..
.@..@.@@.@.@..@.....@.....@.......@...@..@....@........@....
...@@......@.....@.@......@..@.@...........@......@.......@.
.@...@........@@.........@@.........@.@...@.....@...@@......
.......@......@@.@.......@..@@.@..@...@...@...@......@.@...@
..@@@@..@..@.....@...@@@...@@@....@.....@.......@@..........
.@.@....@..@....@.@.....@..@.@..@...@..@.....@....@@@@.@....
.@.@..@@.....@@.@.....@@.@@.@..@.@.@@...@...@@@.............
@.@..@.@@@........@@.@......@..@@......@.....@.....@..@@.@@.
Agents:
40
0,46,17,52,12
1,22,45,29,41
2,24,23,28,48
3,23,33,41,47
4,29,35,40,54
5,19,5,12,10
6,29,58,8,51
7,34,27,54,12
8,45,8,30,21
9,27,30,35,40
10,12,39,28,32
11,10,7,58,53
12,17,7,26,59
13,59,13,36,23
14,26,24,8,3
15,34,52,26,18
16,46,14,20,49
17,56,9,4,20
18,17,18,9,26
19,31,13,44,30
20,17,11,23,16
21,22,16,5,2
22,0,14,57,20
23,6,15,38,5
24,29,37,21,31
25,8,50,24,48
26,56,20,27,0
27,12,3,50,14
28,35,5,14,51
29,40,47,49,5
30,51,12,40,9
31,43,12,7,15
32,34,22,36,27
33,35,35,21,5
34,2,36,45,40
35,26,39,6,45
36,10,41,57,30
37,30,14,41,54
38,15,2,34,26
39,55,52,3,31
