1
Grid:
60,60
@@...@.@..@.............@...@.....@....@.@....@@....@...@@..
....@.@.@...........@..@.........@.........@...@...@........
.......@...@..@..@...@@.@.@@..@......@@@..@....@...@.@@.@@..
.....@.@.@...@..@...@.@.@....@..........@.................@.
@.@........@@@..................@.....@.@...@...@.@........@
....@...............@...@@.@...........@...@@....@.@........
@@....@...@.....@@.@.@@.@...@.@@..@@.....@.@..@@....@....@.@
.@...@.@@.@@......@........@.......@@@.........@@.@.@.......
...@...........@..@@@....@@.........@..@@.................@@
.@..@.@...@.@..@......@.@@.@..@@...@@.@...@.@....@....@.....
@@@.........@@.....@@...@@....@.....@...@......@@.....@@@...
.@...........@..@@..........@............@...@@@.@.@......@.
....@.....@...@.@.......@@.@@.............@.@......@@..@.@.@
..@.......@@..@@.@.........@........@....@@..@@@@@.@@..@....
....@..@..@@.@.@..@@......@..@..@@.@...@....@...........@...
...@.@...@@.@..@.....@.....@....@...........@.@....@...@..@@
.......@..@@.@....@...@...@..@.........@@........@@....@@...
......@.@...........@.@..@..@@...@....@.......@...@.@@....@.
........@...@.@.....@...@@...@.@@......@.@........@@...@...@
..@@.....@......@.@@..@....@.@.@..@..@@.@.....@@..@.........
.......@@..............@..@..@......@@................@.....
@.@.@.@@....@..@@....@@.@...@.@..@.......@.@...@..@@@.......
...@@@..@..@@...@...........@@@.@.@.@..@......@..@.@..@@..@.
.......@.....@.............@....@...@@.@.....@..@@..........
@@.@.@...........@@......@....@..@.@...@........@...@...@...
......@@...@@.@@.@..@@@.@.@@.......@.......@........@.......
@....@@@.@.......@@...@@..@............@@@@@@.........@.....
@...@@@@...@.@@...@@..@@................@...@..@............
........@@.@....@@.@@...........@@.@@@..@..@..@...@....@....
@.....@@.@...@.@........@.@.......@.@...@..@.@.@@...@..@..@.
..@@..@..@@..@....@@.@........@.@....@.@..@.........@@..@..@
..@..........@...........@......@@....@...@..@..@..@.@..@...
@@@...@..............@......@...........@.@@........@....@..
..@....@..@...@..@......@...@@...@.@.......@@@.......@......
@...@@.@......@.@..@.@@..@...@..@@........@..@...@.@.@.@..@.
.@.@@@...@....@...@......@...@.....@........@@.@@..@........
.......@@.@.@.@......@..@@..@...@@...@@.@..@..@....@.@.@..@.
.@..@.....@.....@@.....@.......@......@.@...@.@.@..@........
.@.......@.@...@..........@@.@.@.@@.............@..@..@...@.
..@...@.....@@............@@...@@@...@@@..@..@..@.@@.....@..
..@..@..@.@.@...............@@.@...@.........@.....@....@...
..@.....@..@@.@..@...............@..@@..@@....@..@@.......@@
..@@...@............@....@....@.......@.@.@........@........
....@........@.@.@@....@@..@@.....@..@..@@...@@@.....@@@@...
@......@@@@.@..@....@...............@.@..............@.....@
@.......@..@........@..@.....@.......@.....@...@....@.......
.@@....@@...@..@....@.....@..@....@.@....@.........@..@..@@.
.@.....@.@@.@.....@...@......@.@....@@@........@......@@@...
@......@@@.@@...@...@...@....@@...@....@..@..@....@.......@@
..............@.@.............@.@....@@.....@..@...@........
.................@.@@.........@@.@@@.@......@..@.@..@@@.@.@@
........@.....@@.@.................................@@@...@..
..@...@.@...@@.@...@....@......@..@.@...@.@....@@.......@.@.
@@.@@.@....@..@......@....@.........@@@@@@...@...@.......@..
@....@..@.@@....@....@..@.@..........@....@..........@..@...
.@@.@......@.@....@...@@@...@....@..@@.........@@....@@@..@.
...@.@..@.....................@..@.@....@.@..@@...........@.
@@...@...@..@..@..@.@...@@@.....@.@.@.....@.@........@@@@...
.@.......@....@....@@@..@..@.............@..@.@.@.@@@...@.@@
@.@@...@..@@.........@..@...........@.@....@................
Agents:
60
0,1,52,33,12
1,29,35,4,18
2,31,47,24,46
3,58,25,13,43
4,34,1,16,27
5,45,58,16,17
6,37,37,54,58
7,29,57,1,22
8,11,39,50,22
9,38,8,46,13
10,13,19,30,47
11,56,39,49,36
12,29,33,26,15
13,57,46,45,3
14,44,35,44,58
15,5,46,33,22
16,10,42,42,16
17,10,33,20,35
18,57,4,57,22
19,43,5,31,10
20,23,42,52,5
21,5,23,52,33
22,23,31,22,23
23,23,51,24,19
24,9,50,51,3
25,4,54,18,46
26,30,1,30,26
27,33,1,22,57
28,14,58,44,41
29,13,13,41,30
30,40,50,43,48
31,46,28,40,19
32,29,4,53,30
33,11,8,25,58
34,16,47,54,17
35,22,25,44,28
36,22,53,12,5
37,26,15,47,58
38,47,16,3,31
39,11,9,25,49
40,0,55,17,15
41,50,45,56,56
42,52,9,28,3
43,1,15,29,17
44,16,46,19,49
45,44,54,49,10
46,38,2,42,1
47,38,43,58,37
48,36,20,14,57
49,47,25,4,37
50,15,16,47,33
51,16,19,8,21
52,4,15,39,40
53,59,6,42,29
54,41,28,58,29
55,47,34,24,42
56,37,28,3,34
57,35,31,37,8
58,17,1,53,48
59,56,14,48,49
