1
Grid:
70,70
..@@@.........@@..................@.@.............@.@.@...@........@..
........@..@@....@@.....@.........@...........@.....@.@...@@..........
@.@@...@@.......@..@.............@@@......@......@........@@@@.....@@@
.....@..@@.............@.......@............@@...@.........@..@..@.@@.
........@@.....@....@.@................@......@@...@@.....@.@.........
.....@....@..@.@.@...@.........@.@..@@@......@@..............@@....@.@
@...@..@...............@@........@@......@......@...........@.@......@
.....@.........@...@................@@..@.@.@....@....@...............
.........@...@.@..@.@....@....@.@...@..........@.@..@..@.@.@..@.......
.@@...@.....@.@...@....@....@....@@.@@........@.........@........@@@..
.@...@..@...@.......@@@...@....@@@........@....@.@.@...@.@...@@..@...@
.@@@..........@..........@.....@@.@............@....@.@.......@@...@..
...@.....@.....@........@....@....@......@.......@@.....@.@.@..@......
....@..........@@@.@.....@....@.@@...@.....@....@.@....@@.@....@.....@
@.......@.@...@....@...@.......@................@@.@...@........@.@.@.
..@............@..@...@..@.@@@.@....@........@@@.@........@..@..@.@...
..@......@.........@@........@..........@...@...@......@...@..@@..@...
..@..............@@....@.........@.......@...@.@.@...@.....@..@.......
.................................@.....@.@..@.....@.@.........@.......
@....@..@.@.......@.@..@.@@@.@.........@.@.@.........@...@.@..@@......
..@.......@...................@....@@...@.....@@.@...........@@...@...
..@..........@...@......@...@@.......@..@@..@.......@.....@...@@......
..........@.@@...@..@.....@........@......@........@.@...@@..@..@.....
.......@@.....@.@.....@....@@....@....@....@@.....@..@@..@.........@..
@@@....@.........@..@@..@@....@.@........@...@@..........@....@@@..@..
...@@..@@......@......@.@@@......@...@...........@...@...@.@.........@
.@...@.......@.@.....@.......@..@..............@@.....@......@....@..@
........@......@..@....@...@..@...@....@....@.@..@..@....@.....@...@..
...@...@@..@.........@@.........@@.@..........@....@..............@@@.
......@@.@...@....@....@..@.........@....@@........@.@.@....@.........
..@..@@...........@@.........@.....@.......@@.....@...............@...
....@@.@.@......@...@....@............................@@...@...@@...@.
...@@..@...@.@..@......@.@....@..................@.......@.@.@..@.....
........@.......@......@.......@.@.@.@...@..@........@@@..............
..@.........@....@........................@@.....@.........@.........@
@..@.......@.............@..@.@....@...@..@.@..@...@...@...@.@........
...@..@........@...@.@.....@@.@.......@..........@.@........@...@.....
.@@...........@.....@@...@.@.@@@..@......@..........@.................
..@...@@....@.....@.@.@...@..@.........@....@@...@..@...@.............
...@@..@.@......@............@...@@@..........@.@...................@.
........@.@.@..@.......@............@......@@...........@.@........@@@
.....@..@@...............@......@@........@@....@@.@.@................
@..@....@....@..............@..@.@.@@@.......@...@........@@....@@.@..
...................@....@.@...@..@..@.@@.....@..@....@..@@@.@.........
...@@.@@.........@....@@...@.................@..@@....@...............
....@@@......@...@.@....@.....@..@....@...........@................@..
.@..@.....@.@.@.....@.@....................@.................@@.......
..@..@.......@....@........@.@.......@@@....@........@....@..@@.......
.........@........@...@@...@.....@..@.....@...@...@................@..
@.@@@.....@@....@.........@....@@.@........@..@@.@.@...@...@.......@..
@..@..@..@.@..............@...@......@.............@..@....@...@......
..@@.@..@.@....@.@....@.@......@@@.........@..........@..@....@@......
......@..........@...@@@@......@............@@...........@.....@.@@...
....@....@@@@...........@...@@..@..................@.....@............
@....@.@..@....@..@.@..........@..@....@........@.......@....@.@..@.@.
@@.@@@@@..................@......@.......@....................@.......
.@...@@...@......................@@@..@.....@......@.....@.@.@...@...@
....@.@.@.@...@.@.@....@.....@..@..@...@..@...........@.@.....@....@.@
.....@..@@..@.......@@..@@@..@@....@.......@............@.....@.......
.....@@...@@@...........@........@..@@...@....@......@.@..@@...@..@..@
.@...@.@.@..@@@.......@...@@@@@...@@@....@@@@......@@.@......@...@.@..
....@@.@.......@..@@...@@..@@..........@.............@..............@.
........@...........@..........@...........@.....@.......@@....@.@.@..
@......@@.........@....@..@.@................@...@.@......@@.@.@....@.
@.@.............@.@.@...@@...........@.......@....@..@........@.......
........@........@....@..@....@...@...@...................@.......@...
......@..@@...@@@@..@..@...@...@@...........@...@....@.....@.@........
.......@...@.@.........@.......@...@..............@@.@..............@.
.........@........@@..@...@..@.........@.....@@................@@..@..
@.....@.........@@..@..@.@..@@@.@.................@...............@...
Agents:
75
0,27,35,16,17
1,37,9,12,52
2,47,46,14,9
3,69,44,53,42
4,66,45,7,25
5,19,21,62,10
6,69,19,69,18
7,47,45,2,55
8,43,51,66,57
9,12,62,5,0
10,34,26,23,9
11,62,23,57,66
12,33,60,62,45
13,11,24,64,42
14,52,42,48,57
15,24,10,11,21
16,29,63,38,15
17,53,62,27,38
18,34,7,24,50
19,58,47,18,30
20,67,55,58,48
21,32,28,11,45
22,46,64,47,46
23,1,22,68,58
24,40,1,28,63
25,11,5,45,10
26,64,56,25,14
27,9,44,15,57
28,23,17,29,54
29,62,0,2,37
30,27,2,21,43
31,32,20,48,34
32,16,41,68,21
33,2,29,21,1
34,59,64,17,13
35,9,55,18,1
36,46,65,31,24
37,35,26,64,38
38,62,37,15,63
39,53,58,40,38
40,41,1,26,26
41,39,27,12,69
42,51,47,43,49
43,68,37,5,53
44,23,59,56,63
45,53,40,34,8
46,54,12,5,23
47,27,65,48,19
48,22,11,24,51
49,11,4,7,28
50,62,41,59,27
51,33,46,48,58
52,62,26,55,30
53,28,69,31,43
54,52,56,40,1
55,33,4,31,12
56,39,39,59,64
57,43,34,14,60
58,10,39,1,4
59,0,33,36,26
60,37,39,31,40
61,3,50,14,4
62,65,69,55,27
63,38,62,32,50
64,18,69,48,45
65,6,67,42,51
66,7,50,21,55
67,53,1,42,62
68,32,18,67,47
69,42,42,63,52
70,31,28,31,58
71,36,33,48,29
72,35,23,36,58
73,25,65,15,1
74,31,51,64,8
