1
Grid:
70,70
.....................@@....................................@..........
.............@..........@.............................................
..................@......@............@................@...@..........
@.............................................@.......................
......................@.......................................@.......
........................@...........@...........................@.....
.......................................................@.......@.@....
.....@.............................@................@.................
..........................................@@..........................
.......................@......................@.......................
...@..................................................................
.@.........@.........@.............@......@.........@....@.......@....
.................................@.........@.@...............@........
.................@...........@..@..@..................................
...............@......@...............................................
.@......@.....................@.......................................
................................................................@..@.@
..........@@.@....................@..............................@....
............@......@............@...............@.....................
.....................................@.............@..@...............
......@@.....@...@...@......@.................................@.......
.......@...................@............................@............@
.@.................................@..................................
..........................................................@...........
............@.....@.................@.@..@..........@.....@...........
........@..@....................@..@........@.......................@.
............@@........................................................
.......................@.....................................@........
.........@....................................................@.......
..............................................@.......................
...@......@..................@..............@.@.......................
.....@@...............................................................
........@.@.@............@.....@...........@..........................
.....@.................@..............................................
..................@..................@........@..................@....
.....................@.....................@.....@..................@.
............................@.............@@..............@...........
..........................................................@...........
..........................................@..........................@
.................@@..@....@....@...............................@..@...
..............................@....@@..........................@......
..@..............@......@.............................................
....................................@...@.............................
.........................@.@....@......@..............................
..@.....@...............@........................@....................
@.@....................@.......@.................@.@........@.........
@@..........@.................................@.....................@.
.....................................................@................
....@...............@....@..@.........@..@....@........@.@............
...............................@...........................@..........
......................................@...............@@............@.
@.........@...........................................@.......@.......
.................@.............................................@......
......@...............................................................
...@..@.............................@...........@.........@@..........
......................................................................
.....@.........@........@..........................@..................
....@@.........................@....@....................@............
.................................................................@....
.......@...@..............@...................................@.......
..@...........@...@........................@...........@..@...........
@..@.........@.....@................@....@.........@........@.........
....................@....................................@.........@..
............@..@.....................................@.@..............
.......................................@.........@......@.............
..............@........@..............@...............................
......................................................................
............@..........................@@..........@.@................
..........................................@.....@.....................
..............@.....@..............@..........@.......................
Agents:
80
0,50,21,60,3
1,0,19,46,13
2,6,29,19,4
3,40,2,5,45
4,33,4,22,32
5,61,43,55,67
6,22,66,69,9
7,9,19,12,49
8,31,21,28,2
9,26,16,63,20
10,0,39,55,34
11,62,58,53,43
12,44,13,65,42
13,33,43,37,52
14,41,4,69,58
15,65,67,29,49
16,41,29,61,58
17,7,42,55,2
18,61,7,45,5
19,58,48,6,67
20,29,8,27,3
21,44,40,14,59
22,10,42,15,36
23,9,69,65,3
24,57,18,29,50
25,9,17,7,12
26,65,11,1,51
27,28,11,41,41
28,44,63,8,37
29,65,66,16,44
30,31,28,35,40
31,8,63,59,13
32,1,62,41,5
33,59,36,24,10
34,50,5,6,37
35,30,19,1,17
36,28,21,10,0
37,9,54,42,18
38,14,4,30,69
39,2,61,20,44
40,34,42,14,32
41,17,47,62,34
42,58,24,57,35
43,14,27,30,22
44,51,67,60,25
45,11,61,4,56
46,16,1,26,27
47,69,50,48,61
48,53,42,52,59
49,18,52,52,57
50,58,59,19,1
51,59,43,53,40
52,2,43,63,59
53,32,59,14,48
54,11,31,66,41
55,5,46,64,34
56,28,64,45,34
57,21,23,36,19
58,23,32,30,11
59,7,36,60,63
60,4,8,8,53
61,54,33,40,57
62,34,55,60,7
63,8,61,27,41
64,23,34,62,32
65,58,68,34,12
66,35,60,28,21
67,62,40,50,23
68,29,11,61,48
69,6,7,46,24
70,29,27,3,60
71,60,38,18,14
72,44,62,29,27
73,59,59,57,66
74,20,65,18,62
75,29,25,43,66
76,51,22,12,41
77,38,64,32,67
78,59,33,34,8
79,5,5,44,22
