1
Grid:
60,60
............................................................
............................................................
............................................................
............................................................
............................................................
............................................................
............................................................
............................................................
............................................................
............................................................
............................................................
............................................................
............................................................
............................................................
............................................................
............................................................
............................................................
............................................................
............................................................
............................................................
............................................................
............................................................
............................................................
............................................................
............................................................
............................................................
............................................................
............................................................
............................................................
............................................................
............................................................
............................................................
............................................................
............................................................
............................................................
............................................................
............................................................
............................................................
............................................................
............................................................
............................................................
............................................................
............................................................
............................................................
............................................................
............................................................
............................................................
............................................................
............................................................
............................................................
............................................................
............................................................
............................................................
............................................................
............................................................
............................................................
............................................................
............................................................
............................................................
............................................................
Agents:
55
0,1,32,1,19
1,51,4,18,1
2,24,38,37,30
3,36,53,20,43
4,10,11,48,23
5,19,14,53,48
6,27,34,55,44
7,17,10,35,55
8,26,41,38,23
9,6,54,3,5
10,13,52,10,7
11,50,49,27,38
12,32,38,15,1
13,23,13,39,43
14,38,44,46,5
15,18,43,16,16
16,19,52,2,17
17,40,27,36,27
18,46,9,25,34
19,16,49,52,0
20,38,46,43,57
21,0,43,25,48
22,14,20,32,55
23,20,9,2,8
24,46,57,37,3
25,36,21,39,22
26,46,22,57,35
27,36,9,47,38
28,42,2,25,1
29,32,46,38,24
30,15,23,53,31
31,15,25,3,39
32,53,36,52,32
33,55,35,51,17
34,53,49,30,37
35,23,17,17,27
36,24,16,9,29
37,15,26,59,20
38,51,7,26,4
39,34,12,47,9
40,18,14,27,42
41,27,40,56,43
42,8,57,59,18
43,56,56,1,56
44,15,31,44,16
45,45,44,54,33
46,36,30,23,10
47,34,15,24,48
48,30,35,55,4
49,49,37,20,36
50,25,45,55,0
51,15,56,22,14
52,34,19,11,57
53,56,30,34,14
54,6,10,54,40
