2
Grid:
60,60
............................................................
............................................................
............................................................
............................................................
............................................................
............................................................
............................................................
............................................................
............................................................
............................................................
............................................................
............................................................
............................................................
............................................................
............................................................
............................................................
............................................................
............................................................
............................................................
............................................................
............................................................
............................................................
............................................................
............................................................
............................................................
............................................................
............................................................
............................................................
............................................................
............................................................
............................................................
............................................................
............................................................
............................................................
............................................................
............................................................
............................................................
............................................................
............................................................
............................................................
............................................................
............................................................
............................................................
............................................................
............................................................
............................................................
............................................................
............................................................
............................................................
............................................................
............................................................
............................................................
............................................................
............................................................
............................................................
............................................................
............................................................
............................................................
............................................................
............................................................
Agents:
60
0,18,54,44,24
1,50,40,47,25
2,16,37,4,45
3,0,57,10,1
4,24,19,2,21
5,3,22,10,6
6,11,16,31,53
7,36,30,44,29
8,0,11,27,37
9,43,49,59,5
10,34,55,12,8
11,33,27,0,30
12,48,34,38,6
13,17,9,32,57
14,52,39,21,52
15,23,24,35,52
16,18,19,26,46
17,29,37,24,33
18,58,19,57,50
19,26,23,21,51
20,3,2,11,28
21,16,1,14,54
22,27,21,56,17
23,26,13,46,41
24,26,12,17,45
25,36,46,8,48
26,15,55,21,6
27,23,23,42,43
28,20,22,37,43
29,52,42,30,35
30,20,50,1,19
31,4,45,22,52
32,55,38,35,32
33,4,52,26,4
34,46,59,24,27
35,32,41,41,49
36,44,20,2,1
37,45,32,0,37
38,39,32,35,50
39,59,27,56,14
40,8,3,21,10
41,43,40,45,52
42,2,37,50,49
43,8,22,28,30
44,56,6,3,20
45,16,35,35,54
46,26,44,45,43
47,2,13,53,28
48,57,30,53,59
49,5,49,57,24
50,17,33,48,36
51,26,27,52,50
52,39,55,44,50
53,1,55,0,0
54,9,51,12,24
55,44,48,16,37
56,22,25,59,45
57,34,16,34,17
58,7,24,54,14
59,43,18,39,8
