2
Grid:
70,70
.......@................@..................@......................@...
........@.@......................@................................@...
.................................................@@.............@.....
.......................@........@............................@@....@..
....................................................@.......@.@.......
.@............@...........................................@........@..
...........@........@.@.............................@.................
....@....@..............@...............@.............................
..............@@....................@...@.............................
.......................................@..............................
....@..@......................................@.......................
.........@..@.........................@......................@........
........@...........................@.................................
...............@..@..........@@..............@........@@..............
................@@...@..@..........................@.......@..........
......@................................@..............................
...@..............................@...@........@..@...................
....@..................................@..............................
........................@........@....................................
.........................................@................@...........
.....@........@..............@...@......@..@....@.....................
..............@.....@.................................................
...........................@................................@......@..
............@.........................................................
...........@............@........@..............@.....................
..@..............................@......@..................@..........
....@................@.................................@..............
.....@..............................@.................................
@...................................................@......@.@........
..............@..........@.@...@......................................
.........@........@.........@.........................................
.............@@..@......@..@...........@........................@.....
.........................................@.............@..............
..................@.................@...............................@.
..@@.........................@....@.................................@.
.....@..............@......@....................@...@.@...............
............@......................................................@..
......@..........@....@.........................@.....................
..............................@....................@..................
.................................................@....................
...................@.@......................@..........@..............
......................@..........@....@.............@.................
.....@............................@.......................@...........
.@................@..................................@............@...
................................@..@..................................
.....................................@..........................@..@..
....@.....................................@..................@........
.@...........................@...........@..........@...@......@......
...........................................................@..........
................@......................@............@.................
.@.@......@...........@..............@.@......@..@..........@......@..
.............@....@.....@............................@................
.............@.......@.........@......................................
@@................@.............................................@.@...
.................@................................@...................
............@..@..........................@..............@............
.......................@..................@...........................
..@..............@.............@...................@.@@...............
.......................@..............................................
..........@......@..............................@.......@@........@...
.......................@........@......................@..............
..............................@...@...@...............@...............
..............................@.....................@..........@......
......................................................................
..................................@.............................@.....
...................@..................................................
.@..............................@...........@.........@...............
......................................................................
.........@..@@...........................@..........@..@.@.@.....@@...
...@..........@.......................................................
Agents:
75
0,11,53,21,0
1,1,32,20,68
2,58,68,59,29
3,59,26,62,47
4,23,65,50,7
5,9,47,43,4
6,50,68,65,59
7,0,61,25,54
8,61,46,22,19
9,44,49,60,13
10,48,27,55,30
11,0,35,10,58
12,39,12,36,28
13,40,58,43,65
14,14,4,12,30
15,58,3,38,4
16,49,50,52,49
17,66,4,66,7
18,42,20,5,20
19,29,38,38,2
20,63,31,36,61
21,34,43,28,31
22,33,55,28,38
23,1,57,27,12
24,32,20,60,44
25,5,32,52,38
26,4,44,10,8
27,32,22,14,37
28,28,47,45,4
29,11,5,45,35
30,25,20,12,68
31,32,46,31,67
32,9,66,35,10
33,12,10,63,49
34,49,31,0,57
35,10,23,40,49
36,20,10,28,51
37,33,38,4,50
38,48,28,64,4
39,15,52,7,62
40,26,64,5,33
41,69,25,23,40
42,69,4,18,50
43,18,43,52,33
44,45,65,6,49
45,8,23,16,40
46,13,42,22,12
47,68,58,40,29
48,33,37,30,34
49,43,61,69,62
50,7,1,24,50
51,9,51,60,42
52,12,63,36,26
53,11,63,34,32
54,22,32,67,58
55,68,53,66,17
56,59,42,6,26
57,64,38,43,36
58,47,53,49,54
59,66,8,17,30
60,61,6,48,14
61,14,66,11,53
62,66,60,62,28
63,40,12,51,47
64,32,11,18,40
65,55,24,40,13
66,44,24,46,28
67,13,5,11,32
68,63,25,10,63
69,21,12,68,30
70,66,25,19,25
71,33,40,19,33
72,48,30,4,56
73,11,49,10,22
74,41,35,60,51
