0
Grid:
60,60
....@...@.........@.......@@...@......@@..............@..@..
.@....@@..@.@....@....@@.......@...@..@..........@.....@....
@..@@.....@...@.@...........@...@........@@..@@@@..........@
.@.........@@@..@...@....@.@.@..@......@..@........@........
..................@.@@......@@.............@.@...@......@..@
@...@.....@.@.....@..........@@...............@@..@.........
..@.....@@.@...@..@@@...@.....@........@...@......@@.@......
..@..@..@@.@.......@........@..@.....@...@@.......@..@......
.....@...@@..@@.@..................@..@...@......@@...@.....
.....@....@@@..............@..........@....@.....@.....@..@.
................@@.............@...@...........@...@@.@.....
@@....@......@@....@@.@..@..@....@@.@@...........@@..@@.....
..@.@.....@......@...@........@.......@@.@@........@........
@.....@.@........@@....@......@..........@..@..............@
...@...@.....@@........@@@.....@.......@.....@@..@.........@
@.......@........@..............@.@......@.........@........
..@......@........@.@@..@...........@........@......@.......
..@.@.................@..@.....@@..@.@...@..........@...@..@
@.@....@@.@............@.@@@....@..@..@........@............
.....@..@.....@.....@..@...@..@..@@.....@...@...@......@...@
................@@......@......@.@@.@@.@......@@....@.@....@
@@.................@.@.........@..@.@....@@......@@....@....
@..@...@..@.@.@...........@.....@.@..@.........@@....@@@....
.........@@.@.@.@.@...@......@@...@..@@............@.....@..
@.....@.@...................@....@.......@........@.@.......
.....@..............@.......@.....@@.@.......@.....@..@.@...
...@...........@......@@.....@...@........@.......@.@.......
...@..........@..@...@.............@..@...@..........@.@@.@@
.@.@@.....@.@........@...@.@.@.@......@@..@.....@......@....
...@.....@.......@.@@..@.......@.............@.......@......
...........@...@...@......@@..@..@@......................@@.
......@......@.@...@..@..@@..@.@...@...@....@...@..@.@...@.@
.@.@.....@...@...@@..@...@..@...@.........@..@.@.@.@.@......
.@....@.....@.@@...@.......@..........@@.....@.@..@.@@....@.
.....@.....@....@...@.....@.............@..@@...@..@@.......
...............@.....@..@..........@.....@@........@.@......
.@..............@....@......@.@....................@.@@@....
......@@@....@@..@@.......@.@.........@..........@.@.@......
.@.@.@............@@.....@@........@........@.............@.
....@.@..@....@@.@..@......@@.......@@@........@....@.@....@
....@@.....@@.....@.@@.@....@....@@.....@.........@........@
..@..........@......@..@............@...@.................@@
........@...@.@.....@..@@..............@@....@@....@.@.@....
..@@@........@.........@@.......@.........@.@.....@@@..@....
..@...@...@..@....@.....@........@......................@...
........@....@...@.............@.......@..@......@......@...
@.........@...@@........@.....@...@.@....@@..@...@....@...@.
.....@......@.........@....@@@@...@....@....@..@@@@@........
...@.@.@..@......@..@@......@@......@.@...@...........@....@
@.@....@.......@..@....@.....@.@.@.@..@...@...@.......@.....
..@......@...............@....@.@@........@...@...@@......@@
.@.......@@..@.....@@..@@.............@.....@......@......@.
..@.@@...@......@..............@...@.@@.........@.......@@..
..........@@...@..@@......@@...@...@...@.........@.....@@...
.....@................@......@.....@..@@.@...@.@.@@..@...@..
........@...............@..@.....@...@.@..@.@.......@....@..
@.@..........@..@.....@..@.....@.@@.....@@@...........@.....
@.....@.........@......@.......@.................@.@@..@....
......@....@.....@.@................@......@@...@.......@...
....@.....@@...@......@@..@@..@..@...@..@...@@.....@..@@....
Agents:
65
0,53,9,6,0
1,10,39,38,22
2,5,40,21,39
3,55,21,17,55
4,43,47,14,18
5,18,52,27,19
6,24,34,31,5
7,1,36,25,39
8,48,18,41,7
9,56,15,36,33
10,53,4,15,15
11,4,15,7,15
12,4,37,20,5
13,25,16,52,12
14,35,49,20,15
15,17,55,49,3
16,21,48,8,39
17,36,47,57,2
18,25,26,13,25
19,45,35,2,1
20,14,37,21,44
21,46,1,57,48
22,16,28,10,14
23,26,7,53,20
24,3,17,38,2
25,57,8,33,36
26,47,42,39,8
27,23,6,15,26
28,22,56,38,10
29,58,50,49,45
30,52,50,13,10
31,2,58,46,23
32,53,16,0,7
33,31,0,4,3
34,56,56,49,47
35,21,35,31,1
36,14,27,20,29
37,10,7,48,56
38,49,52,54,24
39,38,6,27,46
40,49,6,17,54
41,46,40,26,13
42,38,4,48,39
43,48,35,41,28
44,5,59,29,57
45,10,41,1,18
46,24,20,23,40
47,30,53,57,28
48,36,46,5,52
49,45,27,22,21
50,44,47,22,31
51,42,30,42,18
52,39,42,19,39
53,12,56,23,23
54,8,55,6,26
55,35,13,5,21
56,37,46,39,57
57,45,4,25,22
58,22,52,8,12
59,7,45,43,57
60,29,14,51,12
61,17,29,30,38
62,43,28,40,26
63,21,44,25,9
64,54,48,14,4
