1
Grid:
60,60
..............@..@....@.....@................@........@.@@..
.@............@@..........@@...@...@@.....@....@......@.....
...@..@@.@..@....@.@...@...@..@@......@.....@..........@....
.@...@.................@.@..........@.@@..@@@@...@@..@.@.@..
...@@....@..@@....@........................@@.@.........@...
@.@.@@@@.............@.....@........@....@...@...........@.@
...@.....@....@....@.@....@.....@@.@......@.@........@......
......@.....@@..@.....@.......@........@.....@..@@..........
.......@............................@......@...@@..@.@......
@........@...@........@..@@.@.@......@.................@@...
..........@.@..@..@@..@.@...@...@.....@.....@..@@...........
@@......@@..........@...@@.....@.@@@..........@......@....@.
........@..........@@.@@....@......@@......@.............@..
.@....@..@........@@..@.@..@...........@......@..@.@.@.@@..@
.@@.....@....@.@........@...@...@......@@@@...@@......@.....
@.........@....@...........@.@.....@.....@........@..@...@@@
....@....@..@@...@@...@@..@...@.@.....@....@...@@.........@.
.....@..@@.@.@..@...@@...@............................@..@@.
@..............@@@.........@..@..@.@.........@@.@...@.......
..@........@................@..@@.............@.........@...
.@.....@.......@.@@..@......@...@@...@...@...........@@...@.
..@..@........@.@@..@.@@...@.....@....@..@@@@...........@...
..@@.@..@.@@...@..........@......@.@......@...@..........@@.
@....@.....@.....@....@...@@...@.....@@...@...............@.
@....@.....@.............@...........@..........@....@...@..
....@..@.....@@........@...............@....@.@..@.........@
....@.@...@@..@....@......@@@@..@.@..@..........@@..@@......
...@....@@...@@..........@..@...@.....@.....@.@...@....@..@.
.....@.@...@..@...@....@.............@@.@@.....@........@@@.
@..@@..@...@..................@................@...........@
.@...........@.......@.@....@@......@..@..@..@@......@..@...
@........@@....@@...........@@.@....@@.@..@.@..@@...@.......
..............@..@@...@.....@...@@..@...........@@@.@.@.....
@........@...........@@@..@.@..@.@...@....@.......@.@.@@@..@
...@...@...@....@@...@@@@..@@.....@@............@...@..@.@@.
.....@.@.....@...@.@...@.................@.........@@.......
...........@....@...@............@@@.@.....@.....@.@@.@.....
........@@.....................@...........@....@...........
....@......@.............@.....@@.@..@...@.....@..@......@..
...........@.@....@@............@.@..@@@.@...........@......
..@..@.@@....@@@..........@......@.......@.........@.....@@@
.@......@...@...@.....@@.................@..@........@@...@.
.................@............@@...@...@...............@....
.@....@..........@........@.@...........@....@..............
...@.....@..@...@.@..@.........@.................@...@......
@....@@.........@.....@.........@.....@..................@@.
@....@.@.....................@@.@@..........@.@...@@....@@..
...@....@....@...........@.@@.........@..@......@......@....
.@...@@..@..@..@....@@........@@....@.@..@...@...@.@@@....@.
.....@..@.......@@@............@...@....@...@.@@...@........
.@....@.@.@...............@......@..@.@......@@.....@...@@@.
.@.@....@..@.@.@.............@.......@......@..............@
..@.@...................@@...@......@.@............@.@@...@.
..............@........@@.........@.....@.@.@@..........@.@.
.@...@...@...@......@.....@.......@.....@..@..@.............
.@...........@@...@.@..........@........@@.@........@@....@.
........@@.@..@..@....@.......@....@..@......@.....@........
..@.@.@....@.......@@.@@.....@...@..@.....@........@........
@...@.....@.@.....@@.@.@@..@...@...@...@.........@.........@
..........@@..@....@.@...@.........@......@....@@@.....@...@
Agents:
40
0,48,22,34,41
1,18,49,3,32
2,30,43,34,8
3,47,35,0,18
4,38,46,12,2
5,24,40,1,46
6,20,10,25,12
7,42,28,8,15
8,2,35,48,33
9,50,7,25,34
10,56,28,19,3
11,7,29,28,33
12,26,20,30,47
13,41,14,4,30
14,44,59,4,7
15,11,59,1,18
16,40,50,17,42
17,46,55,12,51
18,36,19,6,56
19,28,2,7,38
20,2,16,51,22
21,27,36,42,20
22,54,2,8,26
23,26,42,12,40
24,33,47,55,12
25,54,17,45,7
26,56,56,48,54
27,53,43,54,50
28,28,10,17,50
29,48,54,56,26
30,1,51,2,11
31,28,17,7,24
32,15,56,18,25
33,41,25,49,48
34,30,15,56,23
35,54,24,52,0
36,56,25,33,46
37,21,28,52,27
38,11,57,9,31
39,0,35,29,13
