1
Grid:
70,70
@.@....@......@@.@.....@............@.....................@..........@
.............@...@...@..................@..................@..........
...............@.@..................................@.......@........@
..............@.........@...............................@.........@...
.......................@..@.......................@........@..........
....@@@...@...................@.....................@@@..........@@...
.....@......................@.....@.......@...........................
........................@@.....@..@.@..........@@........@............
...............................................@...............@......
.@..@@...@......@.....@.................@...................@.......@.
........@...@@@..@....................................................
......@@..................@.......@.....@.............@...............
...........@....@....@..@..@.................@........................
.................@.@...@@........@.........@...@.................@....
.......................@......@........@.........@..............@...@@
.......@.......@..@....@....@...@@.....................@............@.
........@...........@...@.............@....@.......@@@.@......@.......
....@..........@..............@.....@...............@......@....@.....
.....@.......@......@.........@.........@................@.......@....
..........................@...................@.....@.................
...@...........@..@.............................@..................@@.
.....................@...............@......@.....................@...
........@@.....@.....@@.......@..................@...............@....
...................@........@................@@@........@.@...........
...@...............@............@...............@...........@.....@...
@..........................@..............@..............@.@..@@..@...
...............@...@.....@...@....@.............@.....................
................@......@.....@......@..@............@..@........@.....
........@..@.................@.....@.......@..................@.......
..@.............................@..........@............@..@......@...
.....@.........@......@...@...@.....@...................@@............
....@@..................................@@...........@......@.....@.@.
..........@.@..........@.................@..@......................@..
...............@...@......@.@...@...................@.@.....@....@....
............@...@........................@.....@..................@...
.......................@..........@..........................@..@.....
..@.......@...@..@.....@....................................@@........
..@...@.@.@........@.........................@.@....@..............@..
......@..@.@.@.............................@....@.@......@..@........@
...@..........@....@.........@..@.@..........@.................@.@.@..
............@.@.......@...........@@@@.........@@.....................
................@..............@......@......@............@...........
.@..@.........@.........@..@.........@........@.......@.@.......@.....
....@.....@.....................@...........@.........@@..............
.....@............@.........@....@.................@...@........@.....
..@...........@..@...............@.......@@...........@..........@....
....................@..........@.@.....................@@...@....@@...
.@..@...@........@....@...............................@.@.@.@.....@...
........@..........@.......@..@.@......@@..................@..........
.................................................@....................
....@@................@........@.......@........@..@......@....@.....@
@@...........................@........@..........@@..@................
....@...........................@...............@..@..@....@...@.....@
....@.....@................@..................@.....@.........@...@...
.................@....@.......@..@.....................@........@.....
..@...@.@.....@......................................@................
.......@..............@........@...@......@.......@.........@...@.....
.....@...@.....@......@.@.............@@......................@.......
@..........@....@...@...@...@...........@@@...........@...............
@@....@.@..@....@...@....@.@..............@.........@...@.....@....@.@
@............@................@....................@@......@..........
@..@...............@.................@................................
...........@.............@.@......@.@.....@...........................
..................@@....................................@......@..@...
..........@...@....@.......@.........@......@..............@.....@@...
...........@..............@.@......@@.................................
..@...@.................@........@...@@............@.@...@............
....@..................@@........@...............@@@..................
............................@@.@@@.....@............@...........@.....
.........@......@..@..........................@...@...................
Agents:
55
0,56,21,31,45
1,65,22,10,69
2,31,39,18,61
3,34,38,66,13
4,50,41,41,41
5,14,0,65,1
6,51,22,67,25
7,41,3,48,50
8,43,48,58,13
9,17,29,32,46
10,68,6,3,42
11,13,8,64,51
12,2,56,39,30
13,52,41,45,11
14,17,43,48,17
15,65,42,22,7
16,54,5,19,39
17,22,48,24,5
18,4,69,44,17
19,35,69,25,53
20,32,64,58,62
21,37,42,25,43
22,46,16,67,42
23,10,62,29,46
24,8,57,35,3
25,20,45,0,54
26,56,62,7,7
27,20,7,19,20
28,46,42,45,28
29,15,45,39,8
30,0,62,53,34
31,69,44,4,7
32,1,65,24,46
33,63,69,49,26
34,12,17,30,62
35,5,12,61,54
36,24,58,2,57
37,3,44,11,25
38,66,48,62,37
39,32,62,42,55
40,24,42,11,20
41,39,16,22,13
42,49,1,27,58
43,35,42,55,42
44,48,57,3,25
45,19,30,12,62
46,44,56,47,13
47,63,44,38,27
48,43,2,63,48
49,15,14,8,2
50,51,7,8,32
51,21,68,2,20
52,58,46,35,19
53,10,67,60,24
54,9,23,46,26
