2
Grid:
70,70
......................................................................
......................................................................
......................................................................
......................................................................
......................................................................
......................................................................
......................................................................
......................................................................
......................................................................
......................................................................
......................................................................
......................................................................
......................................................................
......................................................................
......................................................................
......................................................................
......................................................................
......................................................................
......................................................................
......................................................................
......................................................................
......................................................................
......................................................................
......................................................................
......................................................................
......................................................................
......................................................................
......................................................................
......................................................................
......................................................................
......................................................................
......................................................................
......................................................................
......................................................................
......................................................................
......................................................................
......................................................................
......................................................................
......................................................................
......................................................................
......................................................................
......................................................................
......................................................................
......................................................................
......................................................................
......................................................................
......................................................................
......................................................................
......................................................................
......................................................................
......................................................................
......................................................................
......................................................................
......................................................................
......................................................................
......................................................................
......................................................................
......................................................................
......................................................................
......................................................................
......................................................................
......................................................................
......................................................................
......................................................................
......................................................................
......................................................................
......................................................................
......................................................................
......................................................................
......................................................................
Agents:
80
0,7,19,52,3
1,26,20,30,3
2,12,11,25,5
3,35,58,59,25
4,26,13,29,24
5,25,68,24,58
6,29,8,32,12
7,35,44,36,53
8,20,29,10,62
9,17,7,21,2
10,3,22,39,45
11,26,25,26,35
12,56,54,62,66
13,25,59,54,48
14,45,6,35,40
15,43,40,44,62
16,5,47,28,25
17,49,10,8,60
18,61,40,65,2
19,12,60,47,9
20,67,41,36,15
21,34,42,48,32
22,0,50,4,10
23,23,22,54,30
24,29,26,2,36
25,8,46,24,11
26,52,36,19,53
27,31,54,3,28
28,62,1,51,14
29,33,27,32,67
30,55,46,29,63
31,12,19,47,47
32,39,54,20,54
33,62,51,22,36
34,29,24,8,45
35,53,50,36,54
36,16,27,11,49
37,9,31,13,56
38,57,53,44,56
39,25,6,56,25
40,30,3,63,42
41,29,19,12,58
42,68,66,10,68
43,57,38,64,56
44,16,65,32,24
45,17,59,62,19
46,6,54,26,39
47,4,21,31,11
48,29,15,64,17
49,2,15,15,65
50,57,42,25,48
51,62,4,19,7
52,43,27,56,53
53,29,25,65,55
54,27,69,50,15
55,66,9,35,31
56,46,27,60,29
57,66,51,19,31
58,16,62,45,67
59,21,43,46,51
60,67,23,12,29
61,35,34,55,14
62,6,63,30,29
63,43,31,28,68
64,22,57,31,25
65,2,42,44,59
66,50,10,50,35
67,18,58,39,17
68,10,25,14,26
69,46,40,54,53
70,37,32,25,27
71,11,16,47,59
72,68,8,40,34
73,13,49,48,0
74,58,22,23,7
75,5,36,2,14
76,63,29,56,48
77,17,34,53,11
78,7,28,10,36
79,67,50,65,50
