0
Grid:
70,70
@...@..@@...@..@..@..@....@....@@............@...@.@..@....@..@.......
..@.............@..@.......@@.@.....@...@...@....@.....@..@....@......
........@............@@.........@.....@@..............@.....@..@......
............@.............@@.@.@..@.@.....@@.........@....@....@.@....
.......@@..@.@.@..@.@.@.......@......@.........@@.....@....@.@...@.@@.
.....@.......@......@..@..............................@.......@..@....
..................@....@@.....@.......@............@@.........@......@
.........@.........................@.........@..........@.........@...
..@..............................@...@.@...@...@..............@.......
..........@....@...@...@..........@...@.@..........@.....@.....@......
@...@.@...........@......@.@........@..@.....@.@..........@........@..
....@........@................@..@....@...........@...@@..........@..@
@........@...@.................@..@......@..@@......@.....@....@......
...@......@............@.@@.@................@..........@.....@..@....
@@.....@.......@..@.@...................@@.....@.........@@@...@......
...@@..........@@....@@@............@.............@@......@.....@.....
...............@....@@.@..........@..@.....@@..@.....@...............@
.................@.........@..@..@@.......@@............@...@........@
..@....@...@@@.....@.......................@.....@@@.....@..........@.
.@@....@.....@......@.......@.@.@.....@.......@....@.@......@.........
@...........................@@..................@......@..@...@......@
.......@@......@..@.......................@..@............@...........
@..@..........@@........@@..................@..@...@...@.@.......@...@
..@....@....@.@..@.................@@..........@......@...............
......@@..@@........@.@..@..@...@@.....@.@.....@..@.....@....@......@.
..............@.................@.......@.....@@.@.....@.....@.@.@....
.@.@@...@..................................@@..@.@......@......@......
.@......@...@.@...........@..@.......@@...@...@.......................
....@................@.....@..........................@.......@.....@.
.@..@......................................@.......@.@.......@.....@..
@..@...@.....@...............@@........@..@.................@@.....@..
.@....@.@...........@......................@@.......@@.............@..
@.......@...@@.......@.@...@..@..@...@.............@.....@...........@
...@.........................@..@.....@...........@.....@.@....@.@....
.......@@.@................@@......@......@....@.@..@......@...@.@@...
...........@....@.........@.....@...........@..........@............@.
.@..............@.....@............@..@@...@......@.......@...........
..................@........@...........@.@...@.........@.........@....
.@......@@....@.@...@@@.@........@.......................@@.@.........
......@....@..................@....@....@......@...@.....@.........@.@
...@.@..............@..@....@@.@......@......@....@.....@............@
.@...@....................@..@.@....@.@.......................@.......
.@..@@...................@.............@..........@.@.@........@..@@@@
..........@...@...............@.@..@..@...@.@.................@...@@..
...............@...@.................@@.............@.........@.......
........................@..@...@.....@...........@......@.......@....@
.@...@.................@@.....@.@@..................@@..........@.....
...@...........@...@.........@...................@...@..@.............
.....................@....@.@..@.....@@.@..@......@@.@....@.@.........
.....@......@.....................@..@..............@@.....@..@......@
.....@........@...............@...@..@.........@@.@@.@.............@..
@...@............@.....................@@................@.@...@......
.............@..........@.....@..............@.@...@..@...@.@....@.@..
..............@......@...@@@@.........@@.@......@.......@...@....@....
.@......@....@.....@....@.@...@...............@.....@..........@@.@...
...@@....@.......@........................@......@.............@......
....@..@..@.....@.................@..@....@..@...@@.@....@..@....@....
..@........@...........@.....@.@.@....@.......@@....@@................
...........@.@.....@.@.@..@.........@.........@..@..........@.@.......
......@@......@......@...@...@..................@...@..........@@@....
.........@@...@............@@@.@@........@..........@.....@.@.........
......@.@.....@@..@......@.....@...................@..................
@....@..@...............@.......@..........@.............@...@...@....
@.@....@.....@...@.....@...................@.................@........
....@.@..@@.................@.....@......@@..@..@@.@..@@..............
@.......@............................@@...@...@@@...........@......@..
...@....@..@@@@............@...@....@..........@@...@....@....@..@....
.........@@.@.........@..@.@..@...@................@@......@........@.
..........@@.......@..................@.........@.@.@@........@.@..@..
.........@....@...@...................@@...@.......@..@...@...........
Agents:
80
0,69,33,18,17
1,9,26,13,52
2,69,7,59,15
3,60,2,24,46
4,21,67,0,43
5,43,17,45,36
6,52,8,12,49
7,57,55,44,9
8,43,52,10,29
9,2,41,66,38
10,39,32,35,47
11,59,62,37,58
12,8,64,40,11
13,8,4,61,46
14,39,39,31,68
15,21,43,62,69
16,14,12,64,36
17,58,17,23,51
18,14,67,35,8
19,5,63,40,63
20,9,6,61,39
21,61,67,12,60
22,5,9,69,24
23,63,47,45,45
24,36,7,30,9
25,69,66,15,6
26,64,16,59,8
27,45,39,5,40
28,38,17,50,15
29,33,0,17,62
30,37,59,41,34
31,53,34,46,69
32,33,25,6,8
33,43,41,42,35
34,48,10,25,26
35,59,15,26,48
36,65,16,64,69
37,12,27,28,2
38,15,30,66,66
39,45,43,52,15
40,6,6,24,59
41,13,61,57,65
42,58,10,55,43
43,39,18,51,61
44,24,51,30,68
45,28,57,45,9
46,30,9,2,33
47,13,40,54,10
48,46,38,33,23
49,4,64,1,4
50,29,58,19,33
51,7,48,16,57
52,21,28,63,27
53,27,35,21,49
54,17,8,22,40
55,41,59,27,63
56,63,31,18,64
57,46,61,15,49
58,45,22,56,59
59,55,25,6,17
60,17,66,3,22
61,51,1,63,37
62,54,55,0,65
63,47,10,37,1
64,13,44,30,48
65,54,6,4,32
66,47,24,34,5
67,54,9,12,30
68,59,10,26,61
69,34,20,69,22
70,16,40,7,27
71,16,7,38,11
72,25,21,67,57
73,65,23,40,60
74,47,33,48,44
75,7,5,23,29
76,64,35,55,25
77,23,34,10,34
78,54,21,32,18
79,32,45,40,59
