0
Grid:
60,60
............................................................
............................................................
............................................................
............................................................
............................................................
............................................................
............................................................
............................................................
............................................................
............................................................
............................................................
............................................................
............................................................
............................................................
............................................................
............................................................
............................................................
............................................................
............................................................
............................................................
............................................................
............................................................
............................................................
............................................................
............................................................
............................................................
............................................................
............................................................
............................................................
............................................................
............................................................
............................................................
............................................................
............................................................
............................................................
............................................................
............................................................
............................................................
............................................................
............................................................
............................................................
............................................................
............................................................
............................................................
............................................................
............................................................
............................................................
............................................................
............................................................
............................................................
............................................................
............................................................
............................................................
............................................................
............................................................
............................................................
............................................................
............................................................
............................................................
............................................................
Agents:
40
0,22,35,51,15
1,0,56,12,48
2,10,48,15,50
3,49,31,9,50
4,25,8,47,13
5,37,10,57,15
6,21,50,28,46
7,40,9,19,12
8,45,47,27,3
9,21,20,32,2
10,36,16,48,10
11,36,28,3,12
12,7,44,52,51
13,2,3,55,25
14,14,14,17,51
15,12,42,23,50
16,14,33,15,26
17,34,38,50,56
18,5,25,4,19
19,43,9,52,8
20,9,38,2,8
21,54,19,30,18
22,28,37,38,5
23,32,8,20,39
24,19,17,7,23
25,49,40,48,43
26,44,47,54,33
27,12,5,21,52
28,59,32,51,52
29,49,25,27,15
30,45,45,0,40
31,17,10,33,7
32,56,55,35,50
33,56,48,40,20
34,16,2,47,38
35,3,20,37,21
36,3,11,6,13
37,10,57,42,13
38,21,16,15,46
39,0,29,19,14
