2
Grid:
60,60
.@@.@..@@..@@@@.@.....@.@@......@@@....@.@....@.@.....@@....
@@..@.@@..@.@..@........@@@..@@@.....@....@@..@...@...@@@...
.......@....@@@..@..@....@..@@...@.@@......@......@...@.....
..@..@@@......@.....................@@.......@.....@@.......
......@@.@....@...........@...@...@.@........@....@..@@...@.
..@......@....@..@@...@..@.......@.....@..@....@@@....@@@@.@
........@@.@@@...@@..@..@.@...@..@..@.@.@.@.@@.@...@.....@..
......@@..@@.@..@...........@.@...@@@......@....@.@@.@...@..
.@...@@@.@......@@@.@....@...@......@@.@.@...@.@...@........
....@.@@@...@.@..@...@.......@.@..@...@.@....@..@...@..@...@
..@..@...@..@......@.@.@@..@...@.@..@...@.@...@@@@@.......@.
......@..@@@..@.@.@..@..@.....@.@.....@@...@@.@@......@...@.
..@.@.......@...@@.@..@.@.@.@.@.@.@.@......@@@@@....@..@...@
@....@.......@.@...@...@..@........@......@...@.@@@.@@@...@.
..@...@...@..........@.@@....@@..@@@.@...@...@..@@@...@@.@..
..@@@.........@.@.......@.......@...@.@@....@.....@.........
....@............@..@.@.@.@@.@@....@@...@.@.@@....@.@.@@.@..
@.@..@....@..@.......@..@......@.@..@......@.......@@....@@.
.@@@..@@..@.......@@@......@........@.@....@@@...@@.@.....@@
@.........@..@.@@.@..@..........@.@@@...@.@@.......@.@...@.@
.@.@.@....@@...@@@..@@..@..@.....@...@@.@..@@.@.@@...@......
..@@@@@@.@@..@.@.......@...@@@@@...@@..@@@.@..@.@..@.@..@@@.
......@@..@......@...@...@..@@.@.......@..@@...@@.....@@..@.
...@...@..@.@...@.....@@.@..@@@@@....@.@@..@.@........@....@
.......@.@.......@.@@........@.....@.@@@.............@..@...
.@..@@.@...@.....@....@..@@.@@.@...........@@..@.....@@.@...
...@.......@........@...@..@...........@...............@..@.
@@...@..@..@...@.@..@@..@.@....@.@@@...@.@@@..@.@.....@....@
...@........@@.@@@..@@.@@@.@.......@......@.@..@.@..@....@..
........@.....@@@....@.@@..@@......@..@@...@........@....@@.
@@@..@....@..@.....@..@@.@..@@...@@@.@..........@.@.@......@
..@.@@.....@..@@@.@.......@@@.......@@@.....@.@@......@@@...
.@@@@.....@.@..@....@.......@...@.@.@....@.....@..@.....@@.@
......@..@.@@..@@.@........@.@..@@.@.........@@.@@@....@....
@.@.....@.@..@....@@@.....@..@....@@@....@.@......@..@.@.@@.
......@@....@@.....@.........@.........@......@@......@.....
..@............@..@..@.....@....@..@@..@.@..@.@...@..@...@.@
@@.@@.....@@.@..@.@@@..@...@@......@@.....@...@@@@.....@.@@@
..........@.....@@@.....@.....@....@@@@............@.@@@.@@.
...@...@..@......@....@..@....@.@.@.........@........@.....@
.....@..@.@@@.....@..@......@@@...@..@@@..@...@..@....@.@@..
..@@@@.......@@.@@@..@...@...@@@@..@...@..@..@@...@...@....@
@.@....@.....@.........@..@...@...@.@..@.@@.@@....@...@....@
@..@..@@...@........@.@@...@.@.@..........@..@...@....@.....
@@.@@...@@...@.@.......@...@.@.@...@......@@..@...@@...@.@..
.@......@...@...@...@...@......@..@.....@...@.....@...@.@...
@.....@..@@..@@...@..@........@......@@...@@.@.@.@.......@..
....@...@....@.@@...@...@@....@@...@@.@....@.@.....@.@.....@
...@...@...@........@....@@@.@...@@@.@...@....@@@.......@@.@
.@@@@..@@...@.@..@......@@@@@....@@..@..@..@........@@..@@.@
......@..@.@..@......@.......@....@@.@.........@@.@@...@....
@.@......@...@.@@.@.....@..@....@..@.......@.@.............@
@...............@.@@.@..@@@.@....@@..@.@.....@.@............
..@...@.....@......@.@..@.@..@@..@@@....@@.....@............
....@.......@....@@@@...@@....@@.@...@.@....@@.@..@@....@@.@
..@@....@@@...@@@...@@@.....@.@....@@.@...@........@@.@.@@.@
.......@........@...@.......@..@..@.@@..@.@@.....@.@@@@.@@.@
...@....@.@.....@........@...@....@.@..@...@@.....@.....@..@
......@....@...@.....@@@.@....@.@@@@.......@@@.....@.@......
@@.@..@@..@..@....@...@.@@@@@......@.@....@..@@@.@@.@..@.@@.
Agents:
80
0,53,46,4,1
1,47,0,0,31
2,6,35,4,43
3,11,13,26,35
4,40,50,9,19
5,0,36,8,0
6,8,46,52,29
7,4,57,34,49
8,32,24,5,8
9,26,45,42,10
10,50,1,20,34
11,45,35,48,23
12,12,11,46,23
13,56,8,52,53
14,11,3,10,10
15,24,11,25,33
16,50,53,11,26
17,19,52,43,2
18,22,16,26,14
19,18,29,3,13
20,8,52,18,55
21,45,10,55,31
22,25,37,25,19
23,34,52,49,50
24,0,47,2,18
25,51,49,27,37
26,12,42,52,4
27,59,14,19,46
28,55,58,1,21
29,44,52,21,18
30,42,55,38,23
31,51,55,2,27
32,24,47,51,30
33,0,51,8,34
34,23,26,26,56
35,52,35,11,4
36,24,6,39,36
37,56,35,57,35
38,5,10,47,28
39,28,29,48,53
40,24,51,48,22
41,1,5,14,27
42,47,33,47,18
43,31,10,1,52
44,17,12,36,14
45,8,31,39,31
46,57,53,40,2
47,3,33,31,21
48,37,37,24,28
49,49,48,12,1
50,9,26,29,30
51,38,42,47,21
52,25,46,19,28
53,34,46,35,51
54,18,17,55,27
55,12,14,18,31
56,23,13,41,19
57,25,50,4,22
58,33,13,32,14
59,40,47,53,10
60,39,15,21,22
61,15,58,11,52
62,23,4,2,58
63,21,38,5,0
64,53,15,6,5
65,26,57,44,7
66,50,16,4,44
67,18,12,35,4
68,58,50,50,28
69,18,54,18,53
70,48,15,31,51
71,3,21,38,26
72,29,59,9,22
73,56,24,50,1
74,1,40,39,33
75,52,10,55,34
76,10,57,6,52
77,56,18,27,2
78,41,57,22,9
79,22,8,0,20
