0
Grid:
60,60
.......@@...@...@..@.@.@@.....@@@@.@@.@.....@.@...@......@@.
@@...@....@.@@@........@............@..........@@.@..@.@....
@.@@......@..@@@..@@..@@.....@@...@..@..............@@......
@........@......@....@..@....@.......@......@...@...@.....@.
@.@@....@.........@.@.......@.....@.@...@......@@..@@....@..
....@..@.@.@.@..@......@.@@...@..........@.@............@...
@.@@@..........@.@@.@....@@@@............@@..@..........@...
@.@...........@.@..............@...@....@..@.@@.@@@..@......
@@@....@...@...@...@.....@....@..@@............@....@@......
..@@...@...........@..@..@......@................@...@...@..
..@..@....@.@@....@@...@....@..@@@....@...@...@.@..........@
........@.@.@.......@.......@@...@@@.......@....@@......@@..
@...@......@....@......@......@..@...@....@.@.......@......@
.....@.....@......@........@..@@........@...............@@..
...@..@........@..@.@......@.....@@...@....@.....@..........
@.@@..@....@....@...@..@.@......@@@..@@...............@.....
..@.@.......@.....@..........@.....@.@.....@.....@.@.@@..@..
.@@...@..@........@@...............@.......@@.@@@......@....
....@@...@.......@..@@.@.....@.....@..@...@..@@.@....@......
.@@@@@@@@...@..@.@.@....@..@.........@@.........@.........@.
.@...@@...@@..@@...@.@...@.@.@@...@....@........@..@...@.@.@
..@@.............@@@.@@...@.....@@.....@@........@..@...@.@@
....@@.@.@@...@..@.........@...@@.@@.@@...@..@.@@.......@...
.@....@@.............@..@.@...@@.....@.@..@@..@@.....@..@@..
...............@.........@@...@....@.@.@.@@.@@.@@....@......
......@.......@.@...@...@......@.....@...@@.@.@..@..@.......
..@.....@...................@@@..@...@.............@@.......
@@@...@@@.@.@....@....@@...@......@.@..@@..@......@..@.@.@.@
....@..@.....@.......@@....@.@.@.@...@@.........@.....@@...@
.@..@.@@@...@@.@@.@@@....@@.@.@@....@@....@@.@..@@..........
.................@@.....@......@@.....@..........@.@@@@.@.@@
@..@.@.@.@.....@...@@@.......@.....@.....@@@@..@...@@.......
..........@@..@..@...@@@..@..@@....@.....@....@@.@.@@.....@.
.....@....@.......@@....@...@........@.....@.@.@.@.@....@.@.
@....@..........@.@@.....@@.@..................@@@@@@@..@.@.
..@....@......@........@...@.@@...........@.....@.......@@..
.@.@..@@....@...............@........@...@..@.@....@....@@.@
.@@.@..@.......@@.@@..@.@.@@........@...@@...@.@............
...@..@@..........@@..@...........@......@@@...@@.@.....@..@
@...@............@.....@.@......@......@........@...........
...@..@.@.........@...@..@..@..@.@..@@@.@..@...@....@..@....
.@.......@@.....@@......@...@.@.@@.......@.......@.......@..
..@......@@..@.............@@@.....@@....@@@.......@.@@....@
.....@.@......@...............@..@..@@@....@@@..@@@......@..
..@.@@@@...@@.....@@.@.@.....@....@@...........@......@@..@@
.@...@@...@....@......@....@...@@....@......@....@..........
.@.....@.....@.@.@.@.......@@@.@........@......@....@......@
..@..............@.............@...@.@....@...@@....@..@.@@.
......@.............@@...@...........@..@...@@@@@.@@@@@....@
..@.@......@@@....@.........@...@..............@..@.........
.@@@..@....@..@..@..@......@...@......@...@.............@@.@
@@.@..@.....@....@...........@..@@@...@.@........@...@@@....
.@....@@....@.@...@....@@.@..@@@@....@...@.@..@@..@.@@....@.
..@@@.@@.@..@.@@.@.@...@.........@...@.........@..@......@..
.@@...........@.@..@@..@...@.........@..@..@.@..@@..@....@@@
......@...@...@@..@@..@@........@..@........@...@..@....@@..
.@.@......@@...@...@.....@........@.......@......@..@.......
.@.@..@.@@..@...@........@.@@..@.....@@@.....@.......@@@....
.........@.@@....@..@...@.@@.......@........@...@@...@...@..
..@@@.@.....@.........@..@.@.................@@.....@......@
Agents:
80
0,39,29,38,55
1,45,38,5,12
2,17,27,15,52
3,58,56,20,42
4,14,53,18,30
5,1,25,14,17
6,4,4,48,31
7,45,8,22,16
8,40,48,16,48
9,36,19,39,6
10,34,31,19,59
11,8,50,41,51
12,29,33,53,30
13,17,13,17,25
14,57,58,19,32
15,41,5,10,8
16,49,55,38,27
17,38,30,23,58
18,23,50,26,19
19,44,26,31,16
20,7,7,30,3
21,34,20,48,9
22,44,37,38,25
23,4,45,54,53
24,18,7,12,8
25,50,7,52,10
26,7,27,48,41
27,3,5,5,53
28,23,40,5,40
29,18,44,21,36
30,58,46,24,2
31,40,14,43,3
32,39,2,16,31
33,40,0,21,50
34,45,9,13,13
35,39,37,13,28
36,13,4,8,20
37,1,4,26,7
38,23,58,44,1
39,39,15,48,26
40,42,23,13,1
41,2,38,32,12
42,2,12,8,38
43,8,48,20,46
44,39,30,1,58
45,51,19,41,39
46,59,49,17,49
47,48,26,11,2
48,52,19,11,4
49,39,14,19,47
50,7,17,35,40
51,34,30,30,45
52,1,15,20,31
53,59,28,43,31
54,0,28,57,49
55,17,22,21,1
56,0,51,3,20
57,57,43,51,44
58,12,41,15,30
59,58,21,31,38
60,40,59,14,40
61,53,44,1,39
62,35,36,1,31
63,46,43,7,7
64,25,56,11,50
65,55,21,44,27
66,17,49,3,28
67,16,32,3,43
68,22,30,11,32
69,32,59,1,42
70,57,57,50,41
71,28,8,26,13
72,6,57,34,41
73,15,46,51,14
74,36,23,21,48
75,44,44,28,35
76,36,17,24,14
77,55,49,33,39
78,6,8,45,24
79,25,0,55,3
