1
Grid:
60,60
........@@................@@......................@.......@.
.......@...@..............................@..........@@...@.
..@..............@.............@...@@......@......@@....@.@.
.@...............@........................@.................
...@.........@....@.@...................................@..@
....@@.......@..........@..........@......@.@...............
......@...@..@..@.@..@.@.........@.....................@..@.
.................@.@@......@......@..........@.@.........@..
......................@.......@.@....................@@.....
.........@...@...................@.........@........@.......
........................................@.......@.........@.
............@................@...........@......@......@....
......@.@@.......@........................@..@..............
......................@@......@..............@..@...........
@...@....@............@......@.......@.@...@................
.@..............@......@.................................@.@
.@...........@.........@...........@..................@.....
..............@...@.......@.@............@..@...............
@.........@..@........@................@....................
.............@......@.............................@.........
@....................@....@..@....@...................@@..@.
............@....@.........................@................
.@.............@..............@..........@@@..@.@...@.......
.......@.................@.@...............@....@........@.@
............@..........................@............@......@
...@..@....@...............................@.@......@.......
.........@..@.....@....@.....@..............................
..................@..............@.......@...@.@.....@.....@
...@...................@.....@.........@.................@..
@.@...@........@.@..@...........@...@...@.....@....@..@...@.
.................@.......................@@........@........
...........@.@..............@.........@...........@.........
..................................@.........................
........@.........................@@..@...@@................
.@........@................@................................
............@..........................................@....
.........@................@.....................@...@......@
...........@...............@..........@......@.......@......
..@...........@.......@.........@......................@....
...............@......@........@...............@.....@..@...
...........@.........@........@.@.@@..@.....................
......@...@.......@...@....@..............@.....@.@@........
...@..@.....................@.....@...@.............@.....@.
......@.......@@.....@................................@.....
......@.......@.............@.....@...@..@@....@............
..........@.@......@...@............@..........@...........@
...@.......@.@.......@@..@.@...........@.....@....@..@......
....@..@...........@............@.........@...@...@...@.@...
.............................@...............@.......@......
....................@.......@...............@...........@...
.....@........................@....@....@.........@.........
..@.@..@..@.............@.................@...........@.....
.....@..@...................@.......@....@........@.....@.@.
.........................@...@....@..............@.........@
@......@..@..@.@...............@.............@..............
.......@.................@......@..@......@...@......@.@....
.............@@.......................@....@.....@..........
.....@.......@......@..........@............@............@..
@...@.................@...................@........@.....@..
.......@............@.....@.....@...@.......@..........@....
Agents:
80
0,37,56,0,56
1,4,6,29,31
2,19,37,40,25
3,59,57,35,22
4,43,30,58,29
5,30,13,51,19
6,58,52,12,25
7,39,29,46,18
8,55,4,22,50
9,3,48,20,46
10,47,14,50,55
11,20,4,23,35
12,48,12,42,30
13,10,37,58,28
14,30,38,9,49
15,40,24,29,22
16,22,23,5,52
17,21,25,41,16
18,48,15,29,11
19,22,9,53,44
20,50,3,53,14
21,25,16,17,27
22,39,37,31,25
23,56,22,23,8
24,51,17,53,54
25,18,23,30,55
26,18,7,53,24
27,26,21,39,21
28,26,4,22,21
29,41,40,51,20
30,41,54,26,45
31,58,44,18,38
32,49,4,55,9
33,41,5,44,45
34,32,33,3,46
35,40,7,40,57
36,32,5,10,56
37,4,57,38,50
38,48,48,4,12
39,56,15,16,3
40,36,20,15,3
41,25,17,21,11
42,52,3,15,29
43,6,42,24,16
44,41,52,49,24
45,52,57,15,49
46,19,34,43,13
47,34,32,22,57
48,34,53,43,56
49,41,19,49,18
50,33,45,22,23
51,30,33,7,38
52,24,53,47,21
53,43,26,48,33
54,7,28,11,34
55,38,23,41,12
56,12,29,9,17
57,27,57,7,22
58,25,14,31,4
59,13,34,41,13
60,45,30,9,0
61,23,16,26,32
62,29,43,30,1
63,47,16,10,14
64,21,41,49,42
65,44,7,38,12
66,32,32,14,48
67,18,47,58,48
68,8,25,33,49
69,46,49,16,49
70,26,5,25,15
71,54,55,11,52
72,1,4,36,37
73,26,43,43,35
74,53,44,25,47
75,30,58,58,44
76,59,0,1,40
77,10,8,38,27
78,24,0,36,38
79,45,22,26,34
