1
Grid:
60,60
.....@.@@@.@......@..@............@@@..@@...@.@@..@....@.@..
....@........@......@@@...@..@..@.......@@...@.@..@......@..
@..@.@...@@@.@...@@.@...@.......@...........@.....@......@..
..@@......@......@@..@@.@...@......@..@............@@...@...
.@..@@...@.@@@.....@@.@....@...@.@....@..................@.@
.@@..@.@@..........@.@...@@.....@.@..@@@@...@...@..@........
.@.............@...@.@...........@....@......@@...@.@....@..
.@..@@...@@@@....@.............@@....@@@....@.@..@.@@....@..
@.@@..@.....@@.....@........@@@.@.....@.....@..@......@.....
@@.@....@....@....@....@..@@.....@....@.........@...@..@....
@....@...@@..................@.@......@@..@...@.......@.....
......@........@.@@@@@@.@....@.@......@@@@@@@@@@...........@
..@......@.....@......@......@@......@@.@...@.....@..@......
@@@.@...@....@@..@..@@.......@.@@@.....@@..@.@....@.@....@@.
.......@@@@...@@@@.........@...@....@@...@..@........@.@....
@.............@..@..@.....@.....@.@...@@@...@....@....@.@...
..........@.@...@..@@........@@..@@........@@..@.....@......
.@.@@.............@..@@@...@@.......@@..@..@.@@....@@..@.@..
.....@.....@.@@.@.@....@......@...@..@.......@...........@..
..@@.@........@@.......@..@..@.@.....@@.@@.................@
@.....@..@..............@@...@.@....@.@...@......@...@.@.@..
...@..@...@@..@.@............@.@...@................@......@
.@......@...@...@....@.@@.@..@...@@....@..@.@.@.@@..@.......
.@@@@.@..@@@@@...@...@@.@@@@...@@.........@...@....@@.@.@@..
...@..@......@.@....@..@.@...@...@@@@..@...@.............@.@
@....@......@@..@@..@.@.@....@...@...@......@.......@.......
.....@...@.@.@.@..@.@....@...........................@@...@.
@.................@@.@..@.....@.@..@.@.@..@.........@.......
@...@..@.@.@.@@.@@.....@.@@.........@..@@.........@......@..
..@...@@....@@@.......@.....@...@@.@......@....@..@@....@...
.@......@..........@....@.....@@@.@..@........@.....@.......
.......@.@.....@@.....@.@.......@.@@.@........@....@......@.
......@......@........@....@..@..@........@..@.........@.@@@
.@...@..@......@...@.....@.@..@....@.@.......@.....@@@@@@...
.@......@.@..@.@....@.......@.......@...@.....@...@@..@....@
...@...............................@......@......@.@.......@
.......@...@......@@.....@.@........@....@@.....@..@@@@.....
.@......@.@...@.........@.....@.@.@@@...........@@@.@@......
.@.@.@...@@....@.......@..@@...@@........@.@@.........@...@.
......@.@.@........@.@.@.@@..@.....@@..@....@...@......@@@@.
@..@..@..@..........@.@@...@.......@.@..@...@..@.@......@.@@
@..@@....@........@.....@..@@..@@@@..@@....@......@......@..
...@@....@...@...@..@@@@.@.@.@......@@..@@.@..@...@...@@.@..
@@...@.@@@..@...@...@..@@..@....@.......@@...........@@....@
@@...@@...@.@@..@....@..........@.....@....@...@..@@........
.@...@..@.@.........@@....@@...@......@@......@......@..@..@
..@...@..@@...@@.....@............@.@.@.@...@@.....@.@......
....@@..@@...........@....................@.@.....@.......@.
@.......@@......@..@@..@.@@@@.....@...@...@.....@@..@...@.@.
@@......@........@@...@.@@.@....@....@..@@....@@@...@.@.@@..
.............................@@@............@...@.@......@..
..................@............@@@@.@@@@.@..@@....@.........
.......@@@...@@........@.@...@..@@.@.@..@.@.@.@........@...@
........@.@.@.......................@.....@...........@.....
....@.......@...@@.@..@...@@..@@.@@.@...@..........@.@.....@
...@@.@.@.@.....@......@.........@@.......@.........@..@....
@...@..@.@...............@@..@......@@@.@...@@..@..........@
..@@....@...@.@@....@.....@.....@.......@.@.@..@......@..@..
......@..@.@..@....@.....@.@..@...........@.......@........@
@@.@...@.@....@.@.@.........@.........@..@..@@.@...@.@@...@@
Agents:
30
0,38,42,43,14
1,22,40,51,54
2,41,23,0,56
3,35,13,50,13
4,15,45,48,13
5,18,10,47,57
6,5,31,20,7
7,43,39,30,47
8,37,9,44,11
9,37,45,3,12
10,49,14,29,58
11,5,43,56,14
12,43,51,25,7
13,53,39,37,11
14,10,12,43,22
15,22,56,48,6
16,53,35,47,12
17,40,12,12,49
18,52,43,47,6
19,25,8,4,50
20,18,40,34,45
21,20,58,6,30
22,58,15,51,43
23,20,21,28,12
24,30,53,22,53
25,39,52,28,32
26,34,58,33,58
27,40,43,1,6
28,35,4,52,30
29,47,53,32,16
