2
Grid:
60,60
...@..@.....@.@.....@.......@.@........@.@......@@@.........
.@....@@...@@...@@@...@...@.@..@....@.......@...@@.........@
.@........@.@..@@.@...@.@...@......@...@@...@..@..@.@...@..@
.......@.@.@.........@..........@..@...@..@..@.....@........
@.......@@@....@.@....@.@............@......@..@.@.@.......@
.......@@..@.....@@@.....@.@..@........@@....@....@@..@@@.@.
...@...@@@...@@.....@.@.....@@.@.@..@@@......@..@@...@.@....
@...@......@....@.......@@..@.....@.@....@...@..@...@.......
.........@..@....@.....@.....@.........@.@.....@............
.....@....@.@..@....@.........@.@.@..........@@@@.@.....@@@.
..@@.@.@.....@.@..@@@..@.@................@@@@@..@..@..@....
...@........@.....@..@....@@..@..@.......@@@.@@.........@@..
@.@..@....@@.@..@.@.@@....@@...@...........@.....@.....@.@@.
......@.@....@@@.....@.......@......@.........@@..@.@@.@....
......@...........@@.....@@.@@.....@@.@@.......@.....@......
@@@.....@......@......@.....@...@...@....@..............@@..
.@.@........@@........@.@............@...@@.......@..@@...@.
@..............@..@.........@@.......@@@..@......@..@@....@@
.@.....@..@@...@...@.................@....@...@..@...@......
..@.@..@.@@........@...@.............@.@@....@..@@@@...@@...
.@.@......@@@......@.@.@@.@....@.....@.....@@..@.........@.@
.....@@.@@....@@@@......@.@@.@...@...@.......@...@..@@.....@
.........@....@....@@...@..@...@.@.@...@...@..@..@.@@....@..
.@....@......@................@.....@..@.........@.......@..
@..@@@.@.....@...@@..@.....@.@.@@@.@.......@.@...@.@.@...@@.
@..@............@..@.@.@................@..@.......@....@...
........@@.@....@.................................@..@...@..
.@.@...........@.....@.@.@@.....@.@............@.@..@..@....
..@@.......@....@......@...@.@.@.@.@..@.....................
.@..@.....@.@.@.........@@.@..@...@@..@.@...@@...@...@.@.@..
@.......@.@..............@...@.@...@@...@...........@...@.@.
@@...@.@..@..@.....@...@....@.....@.........@..@.@........@.
.@....@.@.@...@@..........@.....@........@..@..@@..@.@@..@..
.@.@@@....@@.....@...@@...@@@@................@.............
@.....@@..@@.@@......@..@..@.....@@...@@@......@.@.@..@.@.@.
@.....@...@....@.@@..@.........@@...@...@..@@@........@....@
.....@.@@...@.........@...@...@.@@.....@.....@.......@...@@.
.@..@.@............@....@.@.@.@.....@@...@..@.@.@........@..
........................@@@.....@..@@@...@..@...@.@.@.......
..@........@....@.@.@@....@@@........@.....@..@...@.@..@...@
.@.....@..@..@...@...@.......@@..@@...@.......@.....@.@..@.@
..@.......@..@....@....@.@.@@....@..@......@..@.........@...
@@..@..@...@@.@......@..@@......@.....@.........@....@@@@@@.
.@...@@..........@........@..@@.@.....@..@..@..@..@.@...@...
....@@.@@......@......@......@.....@......@..@.@@.....@.....
@@@..@...@@.....@.....@....@..@...@..@...........@@..@@...@.
@@.@@......@.@@.@.@.....@.......@..@@@@.....@@....@....@..@@
.@........@@..@.@..@............@.@@.@..@@....@....@..@@....
.......@...@..@.@....@..@.................@.....@......@.@..
..@@.@.@@..@.....@..........@............@........@....@....
@....@..@@............@@..@@.......@....@@@...@@.....@......
.@.@.......@........@.@...@.....@.......@...@..@...@..@@@...
@...@@@.......@..@@....@..@........@..@.@.....@.............
@@.@.....................@.@....@@......@...@@.@.@@@.@.@..@.
..@@....@......@@.@..@...@.@.@@...@......@.@.@.@.@..@@..@...
........@.@...@@.@...@..@...@......@.@....@@.@..@......@....
@...........@...@@.@..@@...@@@..@..@........@.......@..@..@.
.......@...@......@.......@..@@......@.@..@.@.@...@...@..@.@
@@.@..@...@@@........@.........@...@.@..@..@@.@..@..@@..@@..
@@....@@..@...@.@........@..@...@...@....@..@.@@.@@.....@@.@
Agents:
80
0,57,25,55,2
1,28,49,12,19
2,48,44,35,25
3,4,38,26,5
4,17,54,23,24
5,43,24,8,36
6,38,46,0,18
7,12,17,0,51
8,23,32,47,59
9,49,21,14,54
10,31,37,46,33
11,47,2,29,17
12,15,39,15,48
13,19,12,51,15
14,21,23,14,37
15,41,9,47,4
16,8,11,2,55
17,16,6,3,57
18,15,33,1,32
19,17,23,32,50
20,59,2,52,27
21,46,51,57,5
22,37,55,37,29
23,22,16,41,52
24,54,19,49,23
25,49,26,45,23
26,50,31,30,17
27,54,37,55,20
28,34,30,50,38
29,12,29,23,53
30,37,5,43,20
31,54,12,28,12
32,3,8,0,16
33,15,24,47,28
34,2,46,18,2
35,35,26,49,21
36,0,25,51,12
37,14,49,54,59
38,22,50,32,28
39,15,43,11,6
40,38,0,32,35
41,3,47,12,48
42,50,17,48,5
43,13,0,56,41
44,55,32,22,12
45,53,31,5,16
46,21,42,17,56
47,48,5,50,33
48,16,30,15,7
49,35,47,23,31
50,55,36,38,10
51,27,46,20,18
52,49,18,24,59
53,11,54,16,44
54,8,16,42,49
55,47,6,14,48
56,54,58,33,55
57,10,1,53,22
58,51,2,24,44
59,32,29,42,42
60,4,32,27,36
61,33,41,47,29
62,2,9,48,39
63,24,15,31,27
64,4,3,59,19
65,2,25,7,51
66,47,7,19,57
67,42,34,40,48
68,33,59,38,21
69,53,42,51,53
70,11,17,18,24
71,19,33,25,20
72,4,58,24,25
73,42,41,26,24
74,14,32,19,28
75,45,40,39,5
76,1,51,29,26
77,14,43,42,29
78,8,37,39,48
79,58,34,24,54
