0
Grid:
70,70
...@...@@.@@...@......@@.....@..........@@@@..@...............@.....@.
..@..@.......@@.@...@......@...@.@...........@....@@..@......@......@.
..........@....@@...........@.@...@......@....@@@.@.......@@@..@......
.........@..@...@..@......@@.@@@.@...@.@@@..@...........@.@.....@...@.
@...@......@..@@........@.@....@@........@.........@....@.@@..@....@@.
@....@..@..@.@@...@..@.........@@@..@..@@....@....@......@..@.@@@....@
.....@.@@....@.@.@@..@@@@...........@..@..@@..@@.....@.@....@..@.....@
.@@..@@.........@.@..........@@.........@..@..@.@@..@......@@@.....@..
@.@...@.@....@@...@.....@@@..@.........@...@.@@......@...@@..@........
.@...@....@@@.@..@...@@.@..@@.@.@@.....@...@....@.....@...............
...@.@........@@@..@.@.....@....@....@..............@...........@.....
....@.@.@@........@...@...@....@........@..........@..@.@.@........@..
.....@...@..@@..@.@@.....@.....@.@........@@@....@.@.@......@.@@...@..
...@@......@.@....@.@...@......@@.@@....@.......@@@@..........@.@.@...
....@........@.@..@.@@................@.............@...@.....@.......
.@..@@.............@@.............@......@..@@...@.@....@.....@.@.@@..
.........@.@@@....@@....@...............@...@....@...........@....@@.@
@....@@.@..@.@......@.@@.@....@....@@.......@......@@...........@.....
@.@..................@.....@@@..@..@......@.@..@....@.....@..@.@@.@@@@
..@..........@@.@.@@..@....@@@@.........@@........@@...@.@.....@..@@..
.......................@......@........@..@..@....@.@@@...@@...@......
...@@.........@..........@......@.....................@@.@.....@@@....
......@.....@.@@.@@...@@.@....@........@.......@....@..@.@...@......@.
..@......@....@.........@@..@..@.@..........@.......@........@..@.....
..@...@......@...@...@....@.@......@....@......@@.@....@......@.@@...@
.@@@@@@.....@.....@.@...@....@..............@..........@....@.@...@...
........@..@@@@@....@..@......@..@@........@.@.@...@....@@............
.@.....@@@...........@....@.....@.....@.....@...@......@...@..@@..@.@.
.....@..@..@...........@..@.@.@..@..@.........@.@@.........@@@........
.....@.......@......@..@@....@.@......@...@@....@@...@@.........@.@...
....@.....@@..@...@.@....@........@..@@.....@@...@@..@.....@...@......
..@.@...................@@..@...@........@......@......@....@..@..@..@
....@..@@.......@......@@.............@...@...@@.@.@..@@...@.....@....
......@.@.@.....@.........@.@.@.@@.....@@..@.........@..@..@@..@@.....
...@...@@..@@@.....@.....@..@.@.@@@.....@....@....@.@..@.....@........
..@..@@@...@...@....@...@...@@@...................@...@@.......@..@..@
@...@..@.@@.....@@..@.................@...@@........@.......@.......@@
@..@..@.@.@...@..@.....@@@..@...@@...@.@...@@..@@..@....@.@@......@...
@@..@........@@..@..@...@..@@@@.@.......@......@@......@@.@.@..@@..@.@
@.....@.@.@.@@.@......@@.@.@...@.@.@@@.@.@@.@@...@.@..................
......@.............@...@@......@..@.@.@@.@....@..........@...@.@@..@.
.....@.........@@@..@........@..@...@.@.@..@.@..@..@...@@.@...@...@.@.
.@...@.......@....@.@@.@........@@....@..@....@@@@........@.@..@......
..@.@.....@....@.....@....@......@....@...@.@.@....@...@.........@....
@.@.@......@.......@....@.@...@........@..@@.........@....@....@......
@@..@@..@@.@..@.@.@..........@@@...@........@.@..@...@....@...@.....@.
..@..@...@@..@...@.@.........@.@.....@......@.@@@.@.@...@@..@..@..@...
@@@..@@..........@.........@.@..@........@......@@.@.......@..........
.@@...@......@..@.@.@@.@..@@@..@@@.......@.@.@.@@....@......@....@....
@@.@@@..@......@...@.....@@..@....@.@.@.@.@.@.@@.....@.@....@.....@...
@@..@...@.....@..@@..@.@..@.@@@@.@.......@......@....@@.@....@......@.
.........@@.@.....@@..@@.@@..@..@.@.....@..@..@.@.....@........@...@..
...@..@....@@.@..@.@@@..@.@...........@................@.@........@.@.
...@...@...@.@.@.@......@@.......@.....@@.......@@@.....@.........@...
..@.@@......@@@..@..@@@.@@@..@.....@..@@.@@@....@.@.@.....@.@.....@..@
@..@@.@......@..@....@....@....@.@...........@@..........@@...@.@.....
@..................@.......@.....@....@.@..@.....@..@.@.@@....@@.@.@..
...@......@.@....@...@.@...@..@.@..@@.@....@...@.@@.@...@@..@..@..@@..
.@@@......@..............@..........@........@.@.......@........@.@@..
...@........@...@....@.........@..@...@...@....@....@@....@....@@....@
.@...@......@.@.@@...@@.@.@@....@..@..@.....@...@@.@@@.......@.......@
..........@.........@@@.@@..@..@.@......@.@...@.@@.........@.@.....@..
.....@...@......@...........@.@@............@...@@.....@...@.......@.@
...@............@@..@............@...@...@....@..@......@@....@@......
@@@@...@@..@@...@..@.@.@@.@.@.@...@....@.@...@.@@@@..@@.........@@..@.
.@......@......@..@..........@..@....@@.@..@@.........@.....@@.....@..
@@...................@....@....@@....@......@....@.....@......@..@..@.
.......@.@.......@@@.@....@....@.@.......@@.@.....@..........@@.@..@@.
@....@..@.@@@....@@.@.........@@.@...@....@@.....@....@..@@.......@..@
@.@@.....@.@....@....@....@......@@...@...@@..@....@.....@.@....@...@.
Agents:
75
0,68,40,17,41
1,22,50,10,43
2,38,33,4,1
3,32,29,12,6
4,55,48,44,69
5,65,50,68,14
6,13,6,34,51
7,23,41,44,40
8,35,45,59,19
9,38,15,16,60
10,67,14,39,9
11,59,46,65,63
12,53,34,64,5
13,57,15,31,10
14,6,14,1,63
15,44,21,21,20
16,46,3,19,10
17,53,57,27,3
18,15,28,16,7
19,59,27,16,62
20,5,46,23,57
21,12,22,66,23
22,35,18,0,64
23,3,55,43,0
24,46,14,57,69
25,16,28,3,52
26,65,13,10,38
27,20,15,4,34
28,63,67,67,46
29,66,13,8,5
30,31,10,67,69
31,31,1,21,24
32,36,45,52,34
33,27,13,26,0
34,36,34,0,4
35,49,57,2,29
36,10,58,9,38
37,57,25,9,20
38,61,39,45,17
39,37,69,1,24
40,35,0,22,10
41,49,49,23,46
42,31,61,36,36
43,47,47,7,36
44,60,25,27,18
45,56,2,33,46
46,47,40,62,34
47,38,37,58,5
48,46,6,1,23
49,18,62,28,0
50,34,31,11,29
51,59,36,2,54
52,65,57,21,33
53,64,36,47,64
54,36,59,4,17
55,33,23,13,28
56,33,21,5,34
57,53,30,12,8
58,20,6,62,19
59,52,37,38,62
60,23,10,33,3
61,0,54,33,22
62,6,64,32,33
63,37,63,58,18
64,32,11,26,6
65,45,3,28,17
66,40,59,62,52
67,54,63,26,17
68,10,60,42,3
69,44,14,27,23
70,53,29,68,63
71,42,67,46,8
72,9,3,35,26
73,11,53,41,13
74,53,27,53,2
