1
Grid:
70,70
@....@.....@..@@........@...@.....@.....@.@............@..@.@.@@......
......@............@....@......@..........@..@...@..@..@@.............
...@..@...................@@..@.....@.@.......@......@................
@.......@....@..@...@....@..@.....@.@@..@.@...........................
...@.....@.@..........@..@.@..@......@..........@.@.@............@.@@.
.@.@.............@.......@...@.................@............@........@
......@.@...@.....@.........@................@.........@.....@@@.....@
@.......@.............@.........................@.@...........@.....@.
@........@............................@........@.......@..............
......@.....@....@....@.@.........@..@......@.@....@..@...@..@.....@.@
.@.@.......@..@.....@.........@..@.........@.....@....@.@..@....@..@..
.........@@...............@.....@.......@..........@..@....@..........
.....@..............@..@...............@.....@.....@@@.@.@.@....@.....
..@........@.....@@.......@.........@.@.@.@....@.@@............@@.....
.......@..........@....@@..@.@....@......@@.@.@@...@@............@....
.....@........@.......@....@..........@@.....@.....................@.@
............@........@@........@...........@...@@..@....@...@........@
....@@...@.................@@.......@.......@@....@...@...............
..............@.........@...........@.....@......................@..@.
........@..@..........@..@...@...................@@@...@....@.........
..@............@...@@....@....@.......@@................@..........@..
@.@.........@...@.....@@..@..................@..@@@........@..........
.....@...@........@..........@.........@........@@.....@....@........@
...@.......@...............@........@@.............@........@........@
...........@.............@...@..@.....@@@...@........@.....@.@........
@@.............@.....@........@...............@@..@@..........@@@.....
.....@......@....@.@...........@....@@@...@............@....@.........
..@....@@.........@..........@...@....@.............@.....@.@...@...@.
..............@............@....................@.@.@@....@..@....@.@@
.........@...@@....@.@...@@.@....@.@.............@...@..@.@@.....@....
.@..@.@...@...........@............@........@...@......@...@.@........
.....@.@....@.......@..@@..@.@..@......@......@....@..............@...
..........@.@.@....@.@..@...@...@........................@.@.@.@......
...................@@.....@............@.....@..............@..@.@..@.
.................@.............@.@........@..................@........
............@.....@.......@....@........@..........@..@.@....@.@@.....
............@....@......................@..@.........@...@.@......@...
.....@....................@...@.@.....@........@........@.....@....@..
@...@.@@....@........@.....@..@@..@.@@...@.......@...@.@...@.@..@....@
...@@@.@..@....@...............@.................@....@..............@
...@..@...............@....@@.@.@....@.......@........@..@..@......@..
@@@......@@@.......@............@.........@.........@...........@.....
.........@.....@@.............@....@....@......@..................@@..
....@..@@.....@...........@.@...............@................@.@...@..
.@.........@.....@.@@.......@........@.......@..............@.........
..............@....@.@.@....@..........@.@......@.....@.........@@@..@
.@....@...@.@@..............................@........@@......@........
........@........@..@..@.........@...@...@.......................@....
.....@.......@..............................@.@...............@..@....
..@.............@..@@...@@....@......@.....@..@.......@......@........
.........................@...@.@...@..................@.@...@........@
....@...@@..........@@..........@............@....@...@@..............
.......@.....@.....@..@......@.............@@..........@.@.......@@..@
.................@.....@...@................................@.......@.
........@.............@.....@@.@.......@.@........@.@...........@....@
........@.........................................@....@@..@..@..@.@..
@.........@....@.....@.........@..............@........@......@.......
@.@@.@....@...............@@.....................@.....@.....@@.....@.
......@...@@..@....@...........@...@.@@...@............@@.........@...
...@.............@.@...@..@.....................@..@...........@..@...
@.................@.@...@.@....@.@@.....@.......@........@............
.......@....@..........@...........@................@...@.@.....@.....
@.......@..@...@.....@...........@.........@@....@.............@...@..
.................................@..........@........@.....@.@..@@@...
.@..@.@..@............@...@........@.....@....................@.....@.
.@...@.............@@....@@........@..........@.@..............@......
...................@.........@.......@.@.@........@@..@@.@.@....@.....
.@.......@....@.@.....@...@...@.........................@...........@.
...@...........@@.......@@...@......@....@..........@....@....@.......
.@...@....@..@.......@....@.............@........@....@......@..@@...@
Agents:
75
0,14,4,43,54
1,12,14,54,13
2,41,22,25,40
3,36,42,33,37
4,17,29,19,14
5,15,41,29,2
6,64,51,36,24
7,46,29,7,4
8,8,14,7,6
9,36,60,26,4
10,53,6,60,68
11,7,18,5,18
12,54,36,60,8
13,1,28,33,33
14,22,27,3,12
15,33,2,26,61
16,50,17,59,58
17,25,9,52,0
18,47,18,1,38
19,61,43,21,56
20,34,3,68,5
21,5,34,14,62
22,60,47,62,40
23,29,51,9,13
24,61,0,16,34
25,31,45,47,28
26,49,23,20,41
27,41,59,3,57
28,7,58,34,8
29,8,61,4,38
30,0,29,40,33
31,4,24,42,18
32,41,60,21,43
33,23,62,20,4
34,26,49,46,36
35,27,6,14,13
36,22,41,46,24
37,68,40,31,11
38,35,33,30,54
39,34,28,48,25
40,56,50,57,45
41,29,24,44,61
42,2,44,66,8
43,66,16,19,31
44,26,68,2,44
45,46,55,9,18
46,25,5,22,2
47,9,1,62,48
48,46,45,17,63
49,65,51,65,2
50,43,6,14,14
51,65,31,18,18
52,46,69,27,55
53,61,36,57,32
54,23,45,4,7
55,27,42,41,51
56,42,23,36,27
57,64,16,63,69
58,11,31,14,6
59,60,52,58,17
60,53,54,69,34
61,16,29,6,65
62,29,37,31,8
63,15,62,13,9
64,31,34,57,43
65,56,58,11,19
66,33,4,35,13
67,6,22,33,27
68,29,18,49,8
69,14,2,1,22
70,53,29,27,57
71,63,51,58,40
72,40,4,58,0
73,12,1,31,60
74,10,62,38,67
