2
Grid:
60,60
.................@.............@................@.@.........
........@...............@....@....@.................@....@..
...............@.................................@..........
...@......................@....@......................@.....
..@...@....@..@.........@....@@............@................
....................@...@@...@@.....@.............@...@.....
...............@.............@..............................
...@.....@........@......................@..................
..@.....@..............@....................@.........@.....
......@.........................@.............@......@..@...
...@.@...........@............................@.............
.............@.................@...@...@@......@..........@.
....................................@@........@.............
.........@.............@............@..@.......@.........@..
.......................@............@@.............@.......@
.....@@........@..@......................@......@.........@.
.........@........@@............@......@.....@.@............
...@................@.......@........@......................
...........@............@..@.@@......@...@..................
..@.@.......@..........@...............@@..@...@...@....@@..
..@@............@.......@.............@.@......@.@....@.....
.............@.@...................................@..@.....
...................@......@.....................@...........
............................@.....@....@....................
..........@...@.@..................@.......@................
.........@.......@.......@.@....@...........................
............@.@@...................@......@..@..@..........@
@.@.......@.......@...................@@..........@@....@@..
..............@....@.@@....................@...........@....
...................@@.....@..............@..................
.@.@................@@.................@......@....@........
....@...................@.....@.......@......@...@....@.@...
.....@.........................@@......@@...................
@@................@................@@.......................
.@...@...........................@.@........................
..@....@...........@......@..........@....@............@....
..@.......@............@....@......@..........@.........@..@
.......................@@.@.......................@..@......
....................@.@.@.......@.........@@........@.......
.@.@..............@........@.........@....................@.
.........................................@............@@....
.......................@.................@..@...............
...@....@........@......@...........................@...@...
...@......@......@..........@.......@..@....................
....@...@@...@....@.@.@..@..............@.....@....@...@....
...@..............................@...........@.............
.........@......@.......@...........@...@......@@....@......
..........@@.............................@..................
................@.......@.....@..........@.........@...@...@
.....@.....................................@@....@..........
@.........@...................@.....@@.........@.....@......
............@.................@@......................@.....
...........@.......................@@.@...@..@@.........@...
..@@..................@@..@...@@..@................@........
.@@........................@...........@@.....@...........@.
@....@.........................@..@...................@.....
...........@...@.@...@..@@.@.@.@.......@.@.@.............@..
............@@.................................@...@........
@............@@......................@......@......@......@@
...@.....@.@..@..............@..@......@@@......@@...@......
Agents:
70
0,1,40,2,14
1,14,55,10,44
2,45,39,38,54
3,46,7,45,11
4,33,24,12,22
5,4,1,42,51
6,47,23,11,41
7,58,31,25,50
8,36,20,1,40
9,55,53,48,50
10,1,33,21,41
11,19,34,23,54
12,38,48,51,2
13,20,9,6,28
14,56,33,8,35
15,51,55,15,16
16,57,15,53,42
17,37,54,9,14
18,48,3,18,47
19,55,40,28,30
20,17,48,38,12
21,58,46,0,16
22,53,55,29,50
23,23,20,42,15
24,30,24,21,26
25,6,6,43,55
26,43,4,41,27
27,11,28,30,10
28,21,39,22,39
29,16,57,17,46
30,11,59,43,11
31,32,9,18,45
32,4,32,42,44
33,45,4,31,47
34,43,32,17,32
35,36,12,12,42
36,34,32,32,53
37,41,43,52,26
38,24,0,46,45
39,39,31,1,1
40,11,52,17,8
41,4,9,35,22
42,33,8,17,42
43,47,58,10,51
44,22,39,49,34
45,36,58,33,9
46,14,44,28,34
47,51,51,5,46
48,34,25,46,57
49,40,34,8,16
50,41,28,28,17
51,28,58,44,44
52,53,48,51,1
53,57,33,7,0
54,32,18,13,18
55,58,40,29,42
56,32,46,50,7
57,57,11,32,54
58,27,36,34,17
59,30,35,12,27
60,45,25,18,0
61,17,57,32,48
62,51,32,5,9
63,26,13,35,43
64,50,52,0,14
65,3,43,16,55
66,24,6,19,9
67,15,45,57,36
68,10,14,40,17
69,26,3,23,50
