1
Grid:
60,60
..@..........@....@..@......@@.......@........@.@....@.....@
..@...@.@.@........@.....@..@..@.....@.@..................@.
.@...@.@@@...@.@........@...@..@....@...@..@.....@@.........
..@...@@.................@@....@.@....@@.@..@...@@.....@....
................@...@.@...@.....@....@.........@@...@..@.@..
..@.............@@........@..@.@..@...@@...@@@@.........@...
.@@...@..@.....@.@@..........@..@..@.................@....@.
@.........@.....................................@..@........
.@@..@..@...@......@.@....@.....@...............@..........@
........@.....@..@.....@..@......@.......@...@@...@@...@..@.
..@.....@@@.....@..................@..@@@......@....@.......
..........@.@....@.@@.......................................
.....@....@...@@.............@.@.@...@............@@@.......
...@..@@......@@....@.@@.@...@..@@...@@..@......@.@...@...@.
..@...@..@....@.......@.....@.@@.@...@...............@.@.@..
@......@.........@..@.....@@...@....................@@....@.
@@.@@@@.....@...@.@.....@....@....@....@.....@...@.@...@..@@
............@...@........@.@.....@.@...@.@....@.........@@.@
.@...@.......@@..@.@..........@@.....@...@@..............@.@
.......@@.@@.@.....@.@@@..@........@.@.@@....@.............@
..@.@..@.@...@.@................@...@..@.@@.@...@......@..@@
@........@.....@.@...@......@........@.@.@@.....@.....@.....
.@........@......@@@@.@.@@..........@.......@...@@@.......@@
..@.@........@................@@...@...............@......@@
.......@....@....@@......@.@........@.........@.@@...@...@..
.........@...@..@...@@...........@.@.@.......@.@......@..@.@
........@......@.....@..@..@..@....@@@....................@.
..@.........@..@........@........@.@@@.@................@@..
@.@..@....@@..........@..@@..@@.........@.@..@..............
.@.@@......@..@...@.....................@.......@....@......
...@.....@.@@.@...@..@..@.....@...@...@....@..@@............
...@...@.@.......@.@....@.@...@...@......@.@@......@...@@...
@..@.@........@@@@......@.@.@@.@............@..@..@......@..
@..........@.........@.@@..................@..@.......@.....
...@@.....@...@...............@@.@.......@.@..@....@.@......
...@.....@.@.@..........@...........@@..@@....@.@@...@...@..
.@..@.@.......@..@..............@..@....@....@.......@.@@...
....@....@.........@.....@.@.......@.@....@.....@..@........
.@....@@..@.....@..@@..............@@..@@..@........@.......
.@@.........@........@....@.....@.........@..@...@..........
@..........@..................@..@.....@.@..@...@...@@.@@...
@@@.........@...@..........@...........@..@@...@....@.......
.......@.@.@.........@......@@..@.....@....@......@.........
...@...@.....@@....@@.......@....@@.....@.@.@.............@.
......@....@.......@...@@......@...........@...@.....@@.....
...@@.@@.@....@......@...@.@........@......@......@..@.@....
...@......................@.......@@@@......@........@....@.
......@@.......@@......@..@...@@.....@.@@..@.@..@......@.@..
.@.@@......@@....@.......@...............@@.............@...
.@@@@............@@.......@.....@@.@...........@....@..@.@..
....@...@...@.......@.....@...@@............@@@@............
.@.......@........@@@.@...........@@...@@.@.....@...........
.@..@..@....@@....@@..........@.....@..@..............@....@
.@@.......@.....@.@.......@......@....@...@...@.....@.......
...@@...@......@..@...@........@.@........@...@..........@@.
......@.....@@.@..@..@......@..................@.@.@.....@..
...........@@@.....@@@...@@.@.....@.@..@@....@.............@
.....@..............@...................@.....@...@....@@...
..@...................@@@......@@......@.@....@@@....@......
..@.....@..........@.......@.@@...@................@..@.....
Agents:
55
0,42,31,53,13
1,51,14,20,17
2,14,24,34,45
3,27,23,8,30
4,30,36,28,46
5,36,21,20,43
6,9,57,0,36
7,58,52,23,15
8,40,12,38,46
9,27,47,56,1
10,6,19,3,32
11,30,55,8,31
12,43,29,29,9
13,22,28,5,10
14,53,25,39,50
15,19,18,14,0
16,35,45,43,5
17,18,23,1,33
18,13,44,46,11
19,21,5,50,13
20,7,8,16,53
21,14,29,41,21
22,54,27,33,16
23,50,38,57,14
24,53,31,2,55
25,25,1,35,8
26,43,10,10,50
27,1,13,30,58
28,33,16,41,57
29,59,42,16,8
30,26,0,15,39
31,12,22,42,18
32,40,14,35,25
33,35,54,27,55
34,31,2,33,19
35,34,55,38,25
36,27,25,51,2
37,9,40,28,50
38,51,46,24,9
39,43,12,33,1
40,22,56,23,11
41,21,19,6,45
42,25,43,19,27
43,17,34,59,17
44,39,3,10,14
45,27,9,17,6
46,50,25,55,56
47,25,30,30,41
48,30,40,8,16
49,36,52,59,47
50,28,12,41,56
51,58,21,48,32
52,21,47,21,12
53,22,6,2,0
54,1,21,20,23
