1
Grid:
70,70
...............................@...........@.@....@.............@.....
...@.@@@..............................................................
..................@..................@................................
@.......@...........................@........@......@..............@..
...........@.....@...........................@........................
..............................@.........@........@.......@..@.........
.@.....................@.........@.........@...................@....@.
....................@..................@..@......@@...................
.........................................@......@.....@...............
.................@............................................@.@.....
.................@@........@..........................................
....@...................@....@.....................@..@@..............
..............................@.....@.........................@.......
............@..............@............@@..........@.................
....................................@.................................
.........................................................@....@.......
.......@.......................@.............@........................
........@..@............@.............................................
.........@....................@.......................@......@........
............................................................@.........
........@...........................................................@.
.........@......................@....................@................
..@.....@.................@.........................................@.
....@...........@.................@...................................
........................@................................@............
.......................................@..............................
..........................................................@...........
........................@......................@..@...................
.................@...........@................@..............@.......@
...........@..@...................................@..@...@............
.....@@....@.@...........@.......@..@.................................
......@...@.............................................@.....@.....@.
.........@.@............@................@............................
..@.................@............................@....................
............................@.................................@....@..
.@..................@........................................@........
............................@.......@.@...............................
...............................@......................................
...........@................@.........................................
.......@..........@.........@@....@.....................@.............
......@..........@...................@.....@..........................
........@....................................................@........
@................@................................@........@..@..@..@.
...@.....................................@..........@.................
........@...@......@..........................@.....@.................
................@...................@..............@..................
.................................@...............@...............@...@
..............@........@..@..............@.@..........................
...@.......@..@.......................................................
.......................@..............................................
......@..@.........@................@.................................
.......................................@.....................@........
.@.................@@..........................@......................
..@...............................@...........................@.......
@.@................................@..................................
.............@..............................@.........................
...............@.@..@..........................@......................
...............................................................@...@..
.................@@...........................................@.......
.......................@......................@@............@...@.....
.........................@...........@.......@....@................@.@
............@......@...................................@.@............
...@......@@..............@................................@..........
...................@..@..@......@.................................@...
.....@................................................................
............................................@.........................
.............................@...@.............@......................
...................@.....@...............@......................@.@...
..........................@...............@.............@.............
.........@@........@...........................@......................
Agents:
55
0,26,66,41,13
1,24,55,32,32
2,42,29,16,37
3,55,61,9,55
4,28,39,50,11
5,0,30,11,32
6,12,18,16,11
7,17,22,62,27
8,33,50,8,52
9,38,20,55,52
10,7,1,9,22
11,9,35,33,65
12,39,38,42,11
13,5,0,7,9
14,28,28,64,59
15,62,29,35,45
16,20,22,29,47
17,11,6,19,3
18,27,41,38,36
19,5,47,15,4
20,35,10,1,27
21,47,65,60,39
22,27,32,40,67
23,7,62,40,31
24,38,36,51,65
25,28,26,41,17
26,29,20,19,15
27,30,24,12,41
28,57,59,26,64
29,16,3,49,2
30,23,54,39,3
31,32,69,38,29
32,47,40,8,25
33,10,59,51,9
34,7,10,15,8
35,64,62,68,55
36,45,60,24,33
37,54,66,13,60
38,24,14,51,47
39,7,6,43,24
40,31,12,49,13
41,32,62,65,26
42,69,35,3,17
43,69,0,17,41
44,62,56,18,23
45,19,38,68,60
46,24,1,50,13
47,24,51,30,57
48,48,47,1,41
49,17,57,38,58
50,22,17,59,19
51,55,27,44,36
52,41,36,26,5
53,50,39,60,42
54,35,33,59,51
