1
Grid:
60,60
@.@......@.@@....@.@@..@...@@..............@..@@.@....@....@
@.@....@@.@.@.....@....@...@..@.....@...@...@@....@.....@...
.@.@.......@..@...@.......@@@@@.@...@..@@.@........@......@@
@...@.@.@@...@.@@.@@@.........@......@....@.........@...@...
..@@@@@......@.@................@..@..@..@.@@@@..@....@..@..
....@..@.@@.....@......@.@.@......@......@.@.@.@...@@.@...@.
@....@@..@.@@@@..@.............@.@@.@..@@.@..@@....@....@...
@@..@.@@..@@.......................@...@..........@..@@@.@..
..............@.@.....@.@.......@...@...@....@@..@.@....@..@
.....@@..@...@@.@@..@.@.....@......@...@.@....@@..@.@..@@...
.......@.@..........@.@...@.....@..@....@@....@.@..@....@..@
...@...@.@.....@@.......@..@...@..@.........@..@............
.@@...@.@..@.@@............@@....@.@......@.@@.............@
....@......@....@@..@.@@..@...@..@....@....@..@@.....@...@..
...@.@..@.@..@.@@@@.@......@...@..............@@..@@@@@.@.@.
@....@.........@..@.............................@@.......@..
....@@..@..@.@...@@..@@......@..@..............@@....@....@.
.............@@.@.@........@@@.....@.....@..@@@..@.@@.@.....
@......@..@.@....@.@....@..@....@....@.........@.......@...@
@...@.@@@..@.....@...........@..........@.@...........@...@.
.@...@...@.@......@@@@....@.........@.@...............@.@...
...@@...@....@@............@......@@.@...@.@.@.@...@@@..@...
.......@@..@@......@@..@@@......@.....@...@....@.@...@@.@.@@
@..@..@@..@@.@....@.@@.@.......@.@......@.@.....@.......@..@
..@.@..@..@..@@@..........@@....@.@@..@..@@@...@@..........@
......@@......@....@..@@......@....@.........@@@..@.....@@.@
.@.@.@.....@...@...@.....@.....@....@..@.@..@@.@..@........@
..@.@@...@@......@.@.@.@.@....@@...................@@.@....@
@........@.@........@.........@.@....@...@...@...@@@..@@....
..@...........@@.............@....@@..@@.@.@........@....@@@
....@.......@.....@...........@.@.@..@..@@....@.............
....@...@........@........@.....@....@@...@..........@@@....
........@.@@.@@..@..@@...@@@@......@.@...@..@@....@.........
...@...@@@..@@.@.@...@.....@........@......@@......@...@....
.....@......@@.@@...@...@@......@@...@.......@@.@.@.........
..............@..@.@...@...@@@........@.@@.......@...@.@@@..
..@........@..@.@.@..@....@.@..@...@...................@....
..@.@@.@..@.........@...@..........@....@...@...............
.@....@..........@.....@.@.........@...@.@@@.....@.@@@.....@
@.@.@@........@.....@...@.@@@.....@.....@....@@@@..@.....@..
@...@.@.@.............@@....@..@@@.....@....@..@.....@......
........@...@@@@..@.......@...@.....@..........@@.......@@@.
.@........@.@@.@.......@.@@.@..@............@......@..@..@..
@.@..........@@@....@..................@......@@..@.........
@..@.@...@...@@.@@....@.....@....@.@@.....@.@.....@..@.@@@..
....@.@.@@.....@..@.........@...@.@..@..........@..@@....@@.
.@@.......@@@....@.@....@...........@............@.@....@.@.
....@......@.@@.............@.@..@..@..@.@...@...@@...@.....
....@..@.....@.@@@......@.................@@..@...@.........
....@@@...............@.@...@.@.@..@@.....@.@@@.@.@.........
................@...........@.....@@.@...@@..@...@..@.......
..@.@.@@.....@@......@@......@.........@...@...@@.@.@..@.@..
.......@@......@.@...@....@@..........@.@..................@
@@@.@@....@.@@....@.....@....@...@@....@.........@.@.......@
..@..@.@.....@..@....@..@.........@@....@.....@@.@.@....@@.@
.....@........@.@@.....@..@...@...@......@..@@@.............
.......................@..@.@.@.@.@.....@@...@.@...@...@....
.@.....@...@...@..@....@...@.@..@@.@..@@@....@.@..@.@..@@@..
.........@.@.......@.@....@..@.@...@...@....@..@@.@.@@...@@.
.@@@.....@.@...@..@.....@@..@@....@@......@...@.@@..@....@..
Agents:
75
0,39,35,29,28
1,50,46,20,6
2,40,42,55,20
3,46,32,36,39
4,11,59,49,40
5,47,57,28,6
6,56,14,54,53
7,16,3,12,32
8,10,2,52,36
9,54,4,16,1
10,43,30,36,56
11,20,53,40,2
12,3,44,43,26
13,29,21,18,38
14,11,8,32,34
15,46,6,48,37
16,21,38,17,31
17,31,25,2,38
18,47,58,13,3
19,17,59,51,20
20,46,53,11,10
21,56,35,42,17
22,41,4,34,10
23,7,24,5,31
24,55,2,55,18
25,7,51,10,44
26,52,1,46,44
27,56,7,44,30
28,37,41,25,29
29,44,32,58,41
30,53,25,45,20
31,3,54,16,49
32,6,26,31,43
33,29,4,16,24
34,58,56,29,44
35,52,20,35,33
36,27,1,33,5
37,25,33,56,59
38,55,22,34,42
39,11,18,52,32
40,31,40,43,10
41,40,52,19,48
42,6,15,21,50
43,16,30,29,32
44,47,40,9,18
45,3,10,36,42
46,58,24,55,43
47,29,17,57,53
48,34,55,19,9
49,41,3,29,10
50,45,22,11,21
51,54,23,41,55
52,13,14,38,46
53,20,14,27,34
54,1,19,7,42
55,53,11,30,2
56,0,57,48,2
57,41,16,41,33
58,40,7,28,48
59,57,12,11,52
60,2,7,42,45
61,14,33,55,51
62,20,39,22,40
63,50,44,29,4
64,30,36,2,34
65,29,27,36,57
66,24,22,3,24
67,54,44,10,29
68,17,30,11,18
69,54,1,1,52
70,20,33,1,5
71,51,31,27,32
72,33,53,10,53
73,22,27,38,33
74,37,52,16,36
