0
Grid:
70,70
@.........@.........@........@.@...............@.........@............
.......@........@....@..........@...........@.@...@...................
...@.@@.............@.@..................@.@..........@.......@.......
....@.@...@...........@..........................@............@.....@.
...@....................@........@.......@....@......@@.......@.......
@.....@..............@..@......@...@...@.....................@........
@..@@.@...........@...............................@.....@..@..........
...@.....@...............@..................@......@......@....@......
.....@.....@................@..............@.......@..................
@......@....@@.@....................@.....@...........................
.......@.@@........@..........@@.....@@..@......@....@..........@.....
..............@...................@...@..........@..........@.........
.......@.......@.@..........@.@.......@..@.@..........................
......@.......@@.@............@................................@......
.....................@....@......@...............@.@.@..@.....@...@...
.@........................@.....@.@...@.....@.......................@.
........@...........@.............................................@...
......................@........@......@..............@.@@......@......
..@..@....@..............@......@...@...................@..@..@@......
.....@.....@..........@......@....................@...................
................@.....@........@.............@....@.................@.
...@..................................@...........................@...
..........@....@...@...@...@.........@.................@..............
..................................@@...@..............................
.......@.@.......@....................@.@......@.......@..............
.............@......................@.............................@...
...@...............@.................@.......................@........
..@..@@..@..............@...@@............@.......@............@......
........@.@.@........................@.....@...............@....@.....
..............@.......@.@.........@......@....@.@......@..............
.@@..........@...@.......@........@............@..@......@....@....@..
.....@.....@.@.......................................@.......@........
..................@...@.........@@..@@.....@..@...@....@.@..........@@
...@.....................@..@@.@...@....@..............@.......@.@....
.@..@..........@........@....@..@.....@.......@.......................
@..............................@@........................@............
....@...@.................................................@........@.@
.............@........@..@.......@.............@.....@............@...
.............@.......................@..........@..@..................
..........@...@....@......@...............................@...........
.@.....@....@....@........@..........@..@.................@...........
......@.................@....@....@.............@...@......@......@...
......@.........@.@.....@.........@.....@....@@.................@.....
...@..@....@....................@........@............................
...@...@.@.@...............@.....@.......@..@...................@.....
...........@....@..@@.@..............@...@.@...........@..............
....@.........@@....@.....@..........@....@.@@...................@.@..
...........@@...................@....@..................@.............
.@...............@...........@@................@........@..@.....@....
......................@..........@.........@..........@@..@........@..
..................@.................@.........................@.......
.........@................@..........@........@....@.................@
.........................@..................@.@........@..............
....@.....................@@.................@.........@..............
......@..@..@..@.......@...@....................@@........@....@......
...............@@...@.@.....@.....@...@....@.....@......@.@..@........
...@..........@@..........@..........@...@..........@......@........@.
............................@..........@.........@......@.@.......@...
.......@..@...........@............@...@.....@.@....@..@@.............
.........@...........@..................@.@.........@.............@...
.@.......@.............@......@.............@......@.....@...@.....@..
.............@........@..........@.......................@............
..@..........@....@...........@.....@...........@.....................
..@@..........................@...@..........@.............@..........
........@...@............@.....@............@.........................
@@...............@..................@.......@...@............@.@......
..@..@@............@.......................@.............@@@@.........
....@..@.........@.........@..............@.......@@..................
..........@..@.........@...........................................@.@
...............@....@.@.......................@..@....@...............
Agents:
45
0,69,57,33,68
1,45,69,20,3
2,26,6,10,58
3,15,47,56,10
4,37,15,5,15
5,52,12,48,3
6,2,40,16,68
7,69,52,13,11
8,67,33,20,34
9,11,57,12,60
10,51,17,2,15
11,8,40,51,63
12,39,7,40,54
13,5,42,56,42
14,64,49,60,32
15,48,38,36,10
16,26,10,20,7
17,10,62,57,47
18,51,56,51,33
19,67,21,4,30
20,36,36,3,43
21,1,64,12,69
22,46,40,39,9
23,61,52,16,0
24,48,5,37,17
25,29,18,36,13
26,1,43,69,67
27,52,58,1,43
28,21,50,62,69
29,38,65,40,53
30,25,56,30,6
31,23,19,9,43
32,5,65,38,6
33,19,57,61,18
34,9,46,7,17
35,40,38,23,28
36,40,0,66,34
37,30,16,16,56
38,62,20,23,18
39,30,20,35,48
40,24,20,48,55
41,50,61,27,65
42,60,8,69,5
43,3,9,31,28
44,54,17,16,6
