0
Grid:
70,70
......................................................................
......................................................................
......................................................................
......................................................................
......................................................................
......................................................................
......................................................................
......................................................................
......................................................................
......................................................................
......................................................................
......................................................................
......................................................................
......................................................................
......................................................................
......................................................................
......................................................................
......................................................................
......................................................................
......................................................................
......................................................................
......................................................................
......................................................................
......................................................................
......................................................................
......................................................................
......................................................................
......................................................................
......................................................................
......................................................................
......................................................................
......................................................................
......................................................................
......................................................................
......................................................................
......................................................................
......................................................................
......................................................................
......................................................................
......................................................................
......................................................................
......................................................................
......................................................................
......................................................................
......................................................................
......................................................................
......................................................................
......................................................................
......................................................................
......................................................................
......................................................................
......................................................................
......................................................................
......................................................................
......................................................................
......................................................................
......................................................................
......................................................................
......................................................................
......................................................................
......................................................................
......................................................................
......................................................................
......................................................................
......................................................................
......................................................................
......................................................................
......................................................................
......................................................................
......................................................................
Agents:
65
0,16,59,14,39
1,47,36,31,56
2,62,48,55,21
3,34,42,59,62
4,13,7,24,45
5,58,63,45,7
6,65,38,4,25
7,3,46,30,30
8,28,54,42,66
9,68,13,28,8
10,11,30,15,19
11,5,52,39,17
12,5,6,63,2
13,2,14,7,6
14,19,65,2,67
15,35,10,52,31
16,66,19,55,65
17,3,6,42,43
18,10,18,52,39
19,17,50,17,67
20,33,17,18,6
21,54,9,4,2
22,56,28,65,62
23,59,62,32,0
24,65,39,7,69
25,64,55,37,63
26,42,32,30,47
27,21,56,40,67
28,53,65,68,39
29,31,56,11,4
30,46,20,47,46
31,23,17,66,24
32,41,48,47,43
33,67,46,34,48
34,35,67,18,0
35,36,10,51,31
36,36,17,1,18
37,50,64,25,19
38,46,65,19,13
39,66,46,48,16
40,16,10,26,61
41,19,49,61,7
42,1,50,10,46
43,37,33,62,13
44,67,16,67,20
45,23,14,66,16
46,57,31,54,18
47,4,12,4,46
48,63,36,26,29
49,38,7,50,10
50,31,12,8,18
51,26,68,39,52
52,3,53,12,7
53,18,24,1,59
54,52,27,40,54
55,10,57,61,2
56,69,54,13,19
57,39,36,58,34
58,1,43,66,32
59,16,60,44,63
60,10,33,45,3
61,48,19,18,25
62,44,21,44,37
63,23,4,22,13
64,13,38,25,21
