1
Grid:
70,70
@...@@.....@@@.....@...............@...@..@..@.....@..@.........@.@.@.
..@......@........@@.@...@.@..@@......@...........@@@.............@...
.@....@@.@@.....@....@........@.......@.........@.@........@........@.
.....@.............................@.@.@@@.....@....@@.....@@.........
..@............@......@..@@.....@......@@@.@..@............@.......@.@
@@..@.@..........@.@..@@.@..@......@...@@.@@................@@....@...
..@@@.@..@.....@......@...@@..@@.@..............@@....@@.....@.@.....@
..@.........@....@....@...@...@@@....@.....@.@@....@@.@.@.@@..@....@..
@@...@...@......@@...........@.@....@..@@....@@.......@....@..@@..@...
.......@...@@.............@@..@.....@...@@..............@.@@..........
.....@@...@.@@.@.@..@...@....@.......@..........@...@@.@...........@@.
.............@.@.@....@.@...@....@.....@..@....@..@...@@.@.........@..
..........@..@@....@@.....@....@.......@.@@....@..@@.@@............@..
@@.....@...@..@........@..........@@@....@.......@.@..@.......@..@....
......@....@...@.........@..@.......@.............@...................
.........@................@@...............@.@....@.@....@....@....@@.
.@.........@....@..@....@................@.@@.@.@...@.@...@......@@...
.@..@@.@...........@......@........@...@@..@.......@..@@.@.....@.@....
........@..............@@..@@...@@.....@.....@....@....@.....@....@@.@
@.@.@.....@@@................@...............@.@...@..@.....@...@....@
@.@..@@....@...@...........@.........@.......@..@.@..@..@....@.......@
....@.@..@@....@..@.@...@..@............@....@.@.....@.@.....@@..@....
....@.....@.@....@...........@@.@..@..@........@@.....@........@....@.
....@..........@..@@....@......@........@@..........@...@......@.@...@
@.......@.@@.@.....@...@.....@.@...@....@...@@..@....@..@.......@@...@
.......@......@@.......@@..@....@................@..@.....@@@...@.@...
@.@...........@.......@...@@.@......@....................@...........@
...@.....@@.@.@........................@......@...@.@.@..@.....@@.....
..@.....@......@@@...@.....@..@.@...........@.......@.@........@......
.@@..@..........@.@.@@......@...@..@@...@.........@...@..@...@.....@..
.@.....@.@@......@.......@@............@@....@.....................@..
........@.@........@@......@@..@@@@.@...................@...@..@..@@..
@..@..@.@..........@..@.@.@.....@..@..@...@...@....@....@......@.....@
...@..@....@...@@....@@...@..@@.@...@.@..@...@.......@..@.....@@@...@.
..........@.@......@.............@.....@..........@@..@.@.............
@@...@.@..@.........@..........@...@.@.@....@.@.....@.@.......@@......
..@.....@......@..@......@....@.@.@......@.@...@.....@.@..........@.@@
..@...........@..@.@.@...@............@............@................@.
............@..@@.........@...........@@...@@@.@...@........@....@@...
.@..@...................@@@..@...@.....@...@.@@.@.......@@............
.@@..@...@...@...@............@.....@......@.......@....@....@..@.@...
...@@.@..........@..@...@............@.@@....@@......@...@..@@@.@....@
.........@....@@.@.......@..@.....@.....@.@.@..@................@..@..
.@@........@@......@.@.........@....@@@....@..@......@@....@..........
@.@@.@.......@........@...........@.....@...@@@......@.....@..........
...@............@@@....@@..@.....@.@..@.......@......@.@.....@........
.......@........@....@@@.................@...@......@@..........@...@.
.....@..@............@.@.@...@....@........@@........@@@@@@...........
....@.....@.......@.........@....@.@.@...@@.....@.....@.........@..@..
.........@..@.......@....................@...@..@.@.................@.
...........@........@.............@....@@.@@@......@.................@
@...................@.@.....@.@.@@.......@.@.@..@..@@.........@.......
..@..@..@.@....@@...@.........@@@.@.......@...@......@...@@...........
............@............@......@..................@......@.......@...
@..@.....@..........@....@.@........@@..@........@.@....@.@@@......@..
....@.............@......@@.@..@........@@.......@@@.....@@...........
.....@.@.@.@.@......@@.........@......@......@.................@...@..
....@.....@.....@@.@..@...@..@...@............@.@.@......@...@..@.....
@@..@....@..@.@....@@....@@@.@...@................@@.@.@.@@@........@.
.@....@....@...@.@.......@....@............@.@....@.........@@.....@..
..@.....@..@........@......@..............@......@...@@...@.....@.@.@.
@@............@....@@..@...@......@........@..@....@............@....@
.............@....@....@...@..@.@...@@...@......@..@......@.@@........
........@@...........@...........@@................@@...@......@....@.
........@.........................@.....@......@@...........@..@......
..@...@.....@.@.@.@..@.....@...@........@.............@...............
...@...........@..@.@@......@@.......................@...@@...@@......
.@....@......@.@..@.@..@......................@.....@.@.....@@.@..@..@
.@...@@..@....@..@.@@.@..@....@....@....@.............@..@..@.@.......
........@.@.@@..@...@..........@.........@....@........@.@...@.@...@..
Agents:
50
0,28,26,62,52
1,19,43,62,57
2,24,54,5,58
3,51,5,44,11
4,49,14,27,55
5,16,29,10,59
6,31,5,36,49
7,34,44,26,19
8,43,14,55,38
9,63,19,37,27
10,1,32,5,16
11,11,0,17,36
12,39,37,2,55
13,58,24,10,57
14,37,52,40,20
15,42,16,51,39
16,27,38,50,57
17,66,44,52,55
18,3,38,61,38
19,52,26,56,25
20,40,29,18,13
21,59,8,58,49
22,32,25,52,38
23,62,22,2,69
24,15,13,1,43
25,16,25,36,28
26,15,3,48,46
27,0,23,22,6
28,38,52,53,63
29,2,26,1,16
30,56,24,9,3
31,59,46,8,25
32,67,37,46,63
33,20,12,19,68
34,33,61,40,7
35,53,39,54,16
36,22,20,4,57
37,53,50,49,55
38,20,16,58,18
39,24,5,66,1
40,8,41,47,11
41,28,69,0,6
42,38,29,12,52
43,65,13,52,65
44,43,35,22,64
45,19,48,66,16
46,20,64,8,4
47,28,24,27,66
48,2,2,62,2
49,49,25,52,68
