0
Grid:
70,70
.@@@..@..@.@@@.@..@.@.@@.....@@.@.@..@.@.@..@@.@@....@...@........@.@@
.@@@@.@.@....@....@@...@.@.@..............@..@..@.....@.....@.@.......
........@.....@.@.....@...@.....@..@..........@@......@@.@.@@@.@.@.@..
.@..@...@.....@@..@...@...@@..@....@...@@.@....@...@@.@......@@......@
.....@.@.@.@..@.....@.......@................@.@....@.@@...@...@......
@@.@...@@@..@.@@......@@.....@........@.@...@..@@..@.@.@@.......@..@..
@...@........@@@..@..@@..@.@@.@.@......@........@@.@@@..@@...@...@.@@.
@.@....@....@.........@@.@.........@@@@.@.@..@@.........@...@...@...@.
....@.@@@@.@....@..@...@...@@@..@@..@.....@.@.@@@@...@@.........@.....
........@@....@...@..@...@.@........@..@.....@..@@.@....@.....@@..@.@.
.@.@.......@.@@.............@@..@....@.....@.@.@@@@.@.@..@@@@@.....@@.
@........@...@@.......@.@.....@....@.@@.@.........@..@..@@@.....@.@.@@
....@@@.........@@...@........@@.@......@@...@....@@.@..@...@@.@...@.@
..@..@@@.......@..@.@..@....@@.@@@.@@.@.........@..@.@...@.@.@@@.@@...
.@.......@.......@..........@@@.@@@...@.@.....@@..@.@.....@.@.@......@
....@.@..@@.@@.......@..@.@..@......@...@@@@.@.......@@@.@@..@@...@...
.....@@..@......@....@@...@.@.@......@.@.@.....@.@..@@.....@...@.@..@.
.@...@....@@.@.@@@@@@....@.@...@...@......@@....@..@@@...@.@@.@.@.....
@.@..@...@...@.@..@..........@...@@.....@....@.@.......@.@..@@@@.@.@@.
...@..@@@@...@.@.....@...@.@.@@...@.@...@.@..@..@@.@.@@@.@.@...@...@.@
.@......@.....@....@......@..@.@..@@.@.@@........@........@...........
..@@.@.....@..@@..........@.....@.@.....@@...@...@.@.@...........@@...
.....@...@@@.....@@@..@.@@.@@.@.@............@.@@....@.......@.@@.....
@@.....@.@..@..@...@.....@.....@......@.......@.@....@.@.......@.@..@.
.@..@..@@....@......@@..@.........@.......@.........@.@..@@.....@.@@..
@.@..@.....@@.@..@@@.....@@@@.......@@@@.@...@.@.@......@@@....@@...@.
........@@...@....@@..........@@@...@@@@.@@..@....@@@@.@.........@..@.
..@......@....@@@.........@..@.....@@..@.....@........@..@@..@@...@@..
..@..@@.@..@.....@.@.@....@@.@....@...@.@...@....@.....@@...@.@......@
....@@.@....@.@.@..@.........@.@@.@....@@@..@@....@....@..@..@.@@.@...
...@.@@...@.....@@.@...@@....@.........@....@....@@..@@@.@..@.@...@..@
...@@@.@.@......@.......@.....@..@.@@.....@........@....@@..........@@
..@............@.......@.........@@..@@..@@@...@.........@@@.@.@...@.@
@.........@..@@..@..@...@.@@....@....@@@@@.@@..@@@.@...@...@.@.@.@...@
@..@@....@@.......@..@@......@.@@...@.@@....@.@...@.@.@..@@@@.....@@@.
...@@.....@@@..@.....@....@@...@.@....@..@@....@..@@.....@.....@..@...
.....@.@.........@....@@......@@@@.........@..@.....@@@....@......@...
...@..@.........@....@.@....@..@..@@..@@.@.@.@.@.....@@...@......@..@@
......@@..........@......@.@.....@....@..@......@...@@@@....@..@...@.@
.@@..@.....@..........@@...@...@..@@@.@.@..@..@@...@.....@@...@.....@@
..@.....@.@.@.......@.@......@.....@......@.@@.@@@..@@@.....@...@.@...
.@@....@@...@@.@......@..@....@...@...@.....@..@.@.@@..@......@.....@@
.@..@@....@.....@.....@@.@.@..@@...@@.@..@...@.@.@.@....@@.@....@.@@..
..@@@..@.......@.@..@@....@..@@......@@.@@...@...@....@.@@@@...@...@@.
...@@@..@...@@.@....@@@...@@@......@..@@.@..@..@......@.@...@@.@...@.@
.@...........@@.......@@..@...@@........@@.@@..@@@..@.......@.@..@..@.
..@.......@....@..@.@.@.@@..@@.@..@..@...@....@.@.@.@..@.........@....
.@.@.@@@....@.....@@..@.@..@.....@...@......@....@@.@.@@.@...@@@...@..
......@@.@....@@..........@...@...@..@....@..@.@@..........@@.@..@.@..
..@..@....@@....@..@.....@.......@...@..@..@..@@..@..@@...@@.@.@.@@...
@@...@.@...@...@.@@@.....@@..@@..@.@.......@...@@..@......@...@@......
.@....@@......@......@.....@.....@.@.......@......@....@@....@@.......
......@@@@..@....@.......@.......@........@......@...@........@.....@@
@.@@........@.@.@..@..@.@.....@..@@@..@@@.@...@.@.@@@.@@...@....@@..@.
.@....@.@.@@......@..@@.....@.@@@@..@.@..@.@...@@@@..@..@.@.@@@@......
.....@...@.@...@.@.......@......@@@....@........@...........@.@@@@..@.
..@.@.......@@...@@@...@@..@@@@@.@@.@@...@..@.@......@.@....@@........
@.@.@.@.@..@@..............@........@....@.@.@.@@@....@....@......@@.@
@@.@...@@..@@@......@..@.@......@..@....@.......@.........@..@@.....@.
.@@.@...@..@@..@.@@...@@..@@......@@...@......@......@.......@@@@.....
.@.@@..@.@....@......@.@..@@......@........@......@..@@...@..@@.@.....
@.@..@@@@@......@.@@...@.@.....@.@@@.@.......@@...@...@...@.@...@..@..
.@@@...@...@.@....@..@.@@.@.@@@.@..@...@.....@..@@........@.@@....@..@
.@..@@..@...@...@.......@.@........@.@.....@...@@......@........@.@@..
...............@@@.@@...@...@..@@......@..@@...@..@@..@..........@....
@@.....@@....@..@....@.@.@.@.@..@...@..@.@......@.@@...@..@@@@....@..@
.@.....@.@...........@.@.@@@..@.@....@....@@@@........@@@.....@@@..@..
........@.....@.....@.@.@.@......@@.....@@...@..@.@.@....@.@......@...
@@.....@...........@.........@.@..@......@.......@.....@@.@@@.@@....@.
...@..@........@.@..@..@.@.....@..........@.......@...@....@..@...@...
Agents:
80
0,26,25,34,34
1,54,52,35,54
2,40,68,25,3
3,65,46,53,63
4,3,58,22,34
5,19,19,69,33
6,6,5,64,57
7,64,34,62,55
8,16,61,16,61
9,57,29,2,69
10,52,52,13,41
11,46,43,20,52
12,1,57,41,56
13,55,27,55,20
14,34,34,37,42
15,12,49,20,68
16,49,57,61,4
17,43,19,18,7
18,36,55,21,7
19,4,66,42,39
20,6,66,41,67
21,68,17,47,21
22,25,8,34,24
23,40,13,23,69
24,20,36,34,27
25,21,37,66,6
26,17,65,1,63
27,48,49,32,3
28,28,42,61,56
29,28,15,61,51
30,24,55,26,47
31,50,31,53,7
32,33,3,1,51
33,48,3,42,12
34,51,3,68,27
35,18,19,5,62
36,49,41,42,18
37,6,54,35,29
38,24,32,55,69
39,50,37,38,30
40,4,6,4,62
41,56,49,23,2
42,39,20,1,49
43,69,13,67,18
44,54,65,49,28
45,63,25,65,31
46,51,29,35,7
47,3,55,14,11
48,47,46,34,45
49,47,16,43,12
50,67,31,57,51
51,42,48,48,31
52,55,61,55,61
53,67,25,63,17
54,2,11,4,50
55,69,27,43,34
56,8,1,23,41
57,9,41,55,58
58,27,22,35,58
59,40,14,42,43
60,59,24,28,28
61,59,47,3,65
62,50,39,7,13
63,54,4,14,22
64,59,57,23,10
65,8,25,17,4
66,35,8,59,9
67,15,28,35,68
68,37,10,6,1
69,25,23,33,28
70,20,2,11,65
71,20,56,24,40
72,59,45,9,31
73,61,28,53,5
74,58,30,35,22
75,2,19,13,46
76,45,59,23,20
77,18,53,34,56
78,25,1,12,49
79,54,29,55,23
