1
Grid:
60,60
............................................................
............................................................
............................................................
............................................................
............................................................
............................................................
............................................................
............................................................
............................................................
............................................................
............................................................
............................................................
............................................................
............................................................
............................................................
............................................................
............................................................
............................................................
............................................................
............................................................
............................................................
............................................................
............................................................
............................................................
............................................................
............................................................
............................................................
............................................................
............................................................
............................................................
............................................................
............................................................
............................................................
............................................................
............................................................
............................................................
............................................................
............................................................
............................................................
............................................................
............................................................
............................................................
............................................................
............................................................
............................................................
............................................................
............................................................
............................................................
............................................................
............................................................
............................................................
............................................................
............................................................
............................................................
............................................................
............................................................
............................................................
............................................................
............................................................
............................................................
Agents:
70
0,17,30,43,16
1,14,30,12,27
2,8,52,57,7
3,25,3,30,31
4,7,15,5,12
5,6,10,30,33
6,32,48,32,27
7,33,44,20,54
8,53,9,17,1
9,38,52,49,2
10,46,52,46,32
11,53,49,29,47
12,32,12,25,42
13,41,45,2,13
14,37,22,6,20
15,22,20,3,43
16,32,22,20,30
17,39,24,32,42
18,37,46,38,18
19,34,55,22,48
20,11,40,19,17
21,32,5,7,32
22,26,39,10,42
23,2,20,10,41
24,10,49,20,23
25,52,2,57,21
26,40,40,16,32
27,51,25,36,21
28,37,24,9,40
29,58,55,49,26
30,10,39,33,30
31,25,45,36,7
32,53,45,18,45
33,38,9,46,38
34,8,8,7,23
35,6,6,11,10
36,34,43,1,24
37,41,6,49,30
38,20,48,44,7
39,23,53,55,21
40,9,21,58,41
41,35,48,49,48
42,30,20,38,1
43,40,52,37,51
44,31,14,25,55
45,47,13,8,34
46,48,38,12,10
47,44,31,5,7
48,14,46,2,19
49,11,41,19,15
50,0,53,15,11
51,11,1,19,5
52,42,45,54,23
53,27,57,21,2
54,58,45,18,34
55,5,48,57,9
56,1,4,43,56
57,46,49,17,34
58,4,36,15,51
59,14,33,14,29
60,5,45,46,0
61,38,54,57,10
62,21,53,32,23
63,18,56,3,23
64,59,9,14,33
65,51,33,50,50
66,36,41,51,34
67,53,16,5,8
68,9,33,15,33
69,6,45,4,30
