1
Grid:
60,60
@...@@.@...@@....@@@@.....@..@@@@@..@.@..@.@.@..@........@..
@..@..@.@.@.......@.@@.@@......@@..@..@....@@........@..@...
....@.@@@...@@@@@@....@...@..@...@..@.@...@.@..@......@.@.@.
....@@@.@.@.@..@....@.@....@.@...@@@@.@.......@..@@..@@.....
.....@..@@@..@..@.......@.@.@@.@..@@..@.@@..@.@.............
....@.......@.....@@@.@@........@@@.@..@.....@@..........@@@
@..@....@....@@.@...........@.@...@....@.@.@..@...@..@@.@.@.
.@...@.@@..@....@@@.@.@@....@@.@........@@.@@.@......@.@@...
.@..@.@..@..@.@@....@.........@.@@@@..@..@@.........@..@....
@@.....@.@...@.@@@.....@..@....@.................@.@......@@
@....@..@.@.@..@...@....@.....@.@....@..@....@..@.@.........
..@....@..@......@@......@@@@...@@@.....@@..@..@.....@@.....
........@...@.....@......@.@..@......@@.......@.......@...@.
@.@...@@@..@@@.......@.@@@.@@.@..@...@.....@.....@.@...@...@
.@..@@.@.@....@@.....@@.....@@....@....@.....@.@..@@@@......
.....@@..@...@.@.@.......@@.@..@@...................@.@....@
......@...@@@..@.@........@.@.@.....@......@@.@......@......
@@.@.@.@@@@.@.@.@.........@.@.@..@..@..@....................
@@.@.@.....@...@.@.@@..@..@...@@...@...@.@@.@.@....@.@@@....
....@@@....@.@@.@@........@..@@.....@@.@..@..@...@.@@..@@.@.
@......@@@.@..@.@@.......@@...@@@@..@...@@.@.@.@...@@..@...@
.@...@.....@.@..@.....@...@......@@......@..@.........@@...@
.@......@..@.@@.@@........@..@@.@.......@..@..@......@@@....
..@@..@@....@...@@.@.@....@......@........@@@@...@.@.@......
.@@..@.@....@.@.........@@......@@...@..@@....@...@....@.@@.
@..........@@..@@...@..@..@...@........@..@.@..@..@....@...@
........@.@......@.......@...@...@...@....@.@.@@@...@.....@.
..........@...@@.....@.........@..@..@...@.........@........
.@..@@@.@.@@.......@..@...@.@.@..............@@.......@....@
....@@.@.@.....@..@@.@...@....@...@@..........@.@...@.....@@
....@@....@.@@.@@@..@.@..@@@.@@..@.@@..@......@...@@....@.@.
@.....@..@..@@......@......@.@.......@.@@.....@....@....@...
@.@.@....@...@........@.@.@@.@@@..@.....@....@@.@@@@...@.@.@
..@@@.........@@@....@.@....@@@..@@..@...@....@.@..@@....@..
.@...........@.@.@@.@....@@..@.@.....@@..........@...@.@@...
..@.@..@....@.@@@....@.@@@.@..@.@@@..@.@@@.@.....@..@@......
@.@..@....@......@.....@.....@@@..@.@@.....@.@...@.@.@..@@..
.@..@.@@......@..@..@.....@.......@@.@.@..@...@..@..........
.@...@@@@..@..@...@.@@..@.@@@...@@@.@..@.@@@@..@...@.@.@....
...@@...@.....@...@@..@.@......@@.....@@@...@....@@.@..@@@..
.@...@@.@@..@...@@@...@@..@.@@....@.@@.........@.......@@...
@.@........@....@....@..@@....@@..@.@@..@@@@....@..@......@.
.............@...@........@..@.@.......@.....@.@.........@..
...@....@....@@..@.@@...........@@.@..@.....@@.@...@.....@..
......@@.@.....@.@@@.@..@@..@.@.@@@...........@......@......
........@.@@.@...@@.@@...@..@......@...@@.@...@..@@.@...@...
.@@...@@....@...@.@.@..@@...@@@@.@....@@@@.@.@.......@.....@
@.@.@.@@@.......@.@@@..@..@.@....@....@..@.....@............
...@....@.@.@@@....@......@@..@@..@.@@....@..@...@@@....@...
@.@.@..@.@.@.......@...........@............@@....@@.@..@...
.@.........@...@........@...@@@@@.@..@..@.@..@..@....@.@....
..@@@@.@..@.@@@@.@...@..@..@@..@@......@...@...@...........@
.....@....@@@@......@.@....@....@@@......@....@@.@.....@...@
@@.@.....@.@.....@@....@.@..@..@..@@@..@@@..@@...@@@........
..@..@..@@@.....@.@.......@........@@...@.............@....@
@.....@.@...............@.......@@@...@@.@@....@..@@..@.....
@.@........@...@.@@..@...@....@..@@..@.....@......@.@@@@@...
.@....@.................@........@....@.@@...@.@@.@.....@..@
....@............@.@@.....@@.....@...@.@.@.@@..@....@...@..@
.@..@.@@@.@..@..@.......@@..@..@.@@.....@@@......@@...@@....
Agents:
45
0,52,21,7,32
1,55,13,50,16
2,36,3,16,29
3,59,46,39,26
4,8,25,25,52
5,44,11,46,26
6,37,19,22,59
7,37,10,8,26
8,17,56,1,28
9,14,8,15,8
10,33,0,32,44
11,28,17,9,57
12,4,11,19,2
13,6,32,41,28
14,3,0,44,12
15,41,50,51,38
16,45,54,11,55
17,26,16,5,52
18,40,11,11,9
19,45,57,14,10
20,54,0,54,21
21,44,44,50,4
22,56,12,44,0
23,44,2,10,29
24,13,58,42,28
25,16,54,39,17
26,13,47,40,19
27,49,36,33,20
28,7,57,24,30
29,28,21,33,24
30,14,30,49,36
31,27,9,37,18
32,1,4,1,4
33,42,12,36,12
34,47,43,5,15
35,47,54,40,24
36,33,53,36,8
37,51,54,53,5
38,15,29,31,23
39,1,34,0,35
40,54,51,43,11
41,27,17,57,3
42,5,6,3,44
43,39,28,15,34
44,4,36,18,4
