1
Grid:
70,70
..................@@...@.................@@.........@.@...............
.@..............................................@.....@....@@@........
..............@...............................@..@....................
..@.....@............@............@................@..@...............
................@.....@...@....................................@......
.....@...............@................@..@....@..@....................
....@....@....................@...@...............................@...
@....@....................@.....................................@.....
.@.......@.................................@...........@..............
....@.......@................@.......@@....@.....@....................
...........@..........@..@.........@........@...........@..@..........
...........................@....@@...@@..@....@..@.@....@.@...........
....@....@...@...@..........@...@.................@..@.@.........@@...
...............@..........@@.....@.........@.............@............
@............@@...@@....@...............@..........@...@.....@...@....
.@..................@...@..@...@...............@......@....@.@........
......................@........@..@...................................
...........@...@......@.......................................@......@
.@...@...@..........@.........................@......@.........@.....@
.......@............................@.@.............@.......@.....@...
............................................................@.........
..@...........@.@@..@.......@................................@.@......
.................@.....@.......@........@....................@........
...........@.........@......@......@...@@...................@.........
@.@......................................@.....@..........@...........
...@...@.@........................................@........@..........
@.......@@....@..........@.....@..........@.........@..@........@.....
.......@@........@...............@@.........@..@......................
@........@............@....@.@.@........................@..@.....@....
@............@..........................@.........@..@.............@..
@....@................................@............@......@@..........
....@@...............@...@.........................@..@...............
.........@.@....@...@.....@......@.............@..................@...
..@............@.......@.....@...@.@...........@.........@.@....@.....
........@....@.........@........@.....................................
................@.........................@....@...@.......@..@.......
...@.......................................................@..@......@
....@..........@.....@.@.........................@.................@..
.................@.....................................@.@............
..............@...@.........@.@...@..........@.@.@............@.@.....
..........@@.......@...........@......@@.........@.............@@.@...
....@.@....@.@.......@.............................@........@.........
...@...@..@.........@@...........@.@..@..........@.......@.@..........
.@...@.....................................@....@..............@.....@
@.................@@.....@@.....@..................................@..
...............@..........@.........@..@.......@......................
@....@......@@........@................@.@..@.................@.@.....
@....@.@...........................@.........@@............@@....@....
........@...@.@.........@.......@...........@.............@.@....@....
@..@................................@...............@.@...............
.....................................@@............@.@@...............
........@........@.......@.@..@....................@...........@.@....
@....@..@..@............................@.......@.................@..@
.@................@@..@.....................@...@...@............@....
.....@......@....@.....@..@.....@....@.........@..................@...
.................@.@......@...........@....@.....@...@..@.............
@....@................@...@...............@......@..........@..@..@...
........@......................@...@...............@@....@....@....@..
...............@.........@@....@........@....@@...................@@..
.@.@.........@......@.....@.@................@.....@..............@...
........@@.@........@.....@..@.....................................@..
...................@............@........@................@.......@...
.......@....@...........@.@.........@..............@..............@...
...........@..........@@..@...@....@.....@............................
................@.....@...@@............@..@.........................@
...@@@.@.@@@@........................................@...@............
...............@...................@.....................@.....@....@.
....@...........@..............@.@@.....@..................@.@.....@..
......@...@@..............................@...@..@@...................
@.....@....@..@...@.@...........@..........@.........@......@...@.....
Agents:
35
0,2,3,52,37
1,34,61,5,68
2,66,2,39,22
3,22,69,12,33
4,17,28,56,20
5,30,69,21,8
6,52,16,43,47
7,41,48,14,58
8,65,62,38,35
9,21,25,2,53
10,32,39,34,50
11,52,53,40,1
12,39,46,67,19
13,36,60,60,44
14,16,3,28,55
15,43,60,27,5
16,8,49,66,12
17,3,56,54,55
18,34,59,23,42
19,57,68,56,57
20,48,46,2,44
21,47,68,45,11
22,40,68,36,34
23,67,47,52,38
24,51,33,61,2
25,60,63,30,18
26,41,47,5,50
27,49,51,57,7
28,36,31,39,7
29,52,13,60,64
30,54,40,47,3
31,61,2,67,27
32,13,54,15,62
33,13,5,3,38
34,46,55,58,33
