0
Grid:
60,60
@......@.@@....@.....@.......@.......@.....@@@.....@........
@..@.....@@..@@....@...@@@..@.@.@@....@..........@.....@....
..........@...........................................@.@...
@.......@..............@.@.....@..@@@............@.@...@...@
.@...@@@..@....@..@............@@@.@..@............@...@....
............@............................@..@...............
....@..@....@...........@@@.........@....@..@..........@...@
......@....@....@.@..........@...@.@.@@..@....@@...@.....@..
...............@...@.............@.....@......@...@.........
......@.@...@@.@..............@.@@@.......@....@@.@@@@......
@.....@@.@......@@@..@@......@..@..@......@@..@...@..@.@..@.
......@.@......@...@...........@.....@.@.@...@@.@@..........
......@........@...@.......@........@...@......@....@@...@.@
.@.@..@................@@..................@.@@...@@....@...
.@....@@...@...@...............@....@....@.@...@.......@....
@....@....@....@........@.....@@.@....@.......@............@
..@........@.@.....@...@.@@......@........@....@.....@...@..
.........@.@@...@.@..........@...@.@......@.@@.@.....@@..@.@
@....@...........@.@.............@..........@.@@........@.@.
......@@.........@......@........@@.@..@...@......@.......@.
...@.......................@@...@@.......@....@....@.......@
@............@...@..........@.@@@....@@@...........@.@.....@
.@...............@....@.......@..........@........@..@......
@........@................@.@.@..@.........@...@@...@......@
.@.........@........................@....@.......@....@@.@..
@...........@.@@...@@..@..@......@....@....@@..@.@........@.
.@..@.....@.........@..@@@....@........@...........@......@.
@@..@....@..@.....@...@@@..@.....@@.....@@....@.@...........
......@@...@...@.@...@.........@@@.........@.......@...@.@..
.@.@..........@@..@..@..........@.@@@.@.....@....@@......@.@
....@...@@......@.@........@........@...........@.@...@.@...
......@@@..@@..@.@.............@..............@..@@.........
@@.....@..@...@.............@........@.@@.......@@...@..@...
........@.@......@........@@...@@@.....@......@..@@@....@...
..........@...@..........@....@@....@.........@.......@@.@..
.....@..@@............@.....@.@.....@@........@.@...........
....@.....@...@@@.@.@@..@@@..@@...................@....@....
....@.@...@@..@.@.@....@..@.........@..............@....@...
...@@..@..@..............@.@..@........@.....@@.............
..@...@.@........@.....@@.........@@@..@...@.....@..@.@.....
.@.........@.............@@@.@..........@@......@..@@.@.@..@
..@................@.....@..@@.............@....@@...@@...@@
@...@.....@@..@.@....@@.....@.....@@.@.@....@...........@.@.
@.@.@..@....@........@@......@.@@.@@..@.....@...@...@.......
..@......@.@.......@@...@.......@..@...........@.@..........
@............@.@@...@........@.@.......@.@..@@...@....@@....
.@...@......@.....@..............@.......@@@....@.@....@.@..
....@......@...@..@.@....@@@.....@.....@....................
..........@.@.......@.@...........@...@@@@...@......@...@...
@.@.@......@...@..@.@.............@.......@..@.@.........@..
..............@.@..@.....@..@......@...@................@...
...@....@........@.@......@....@..............@.........@@..
..........@@@.@..@@........@@..@...@....@....@.@.@@.@.@@...@
...@....@......@..@....@..........@...@.@..@......@......@..
.......@..@.@.@..@......@@....@.@...........@.@......@@..@..
..@@.......@.........@...@........@..........@.@.@........@.
@@......@..@..@................@@...@@.@@..@.......@......@.
.@@.@.@@...................@.........@..@.....@@............
@.................@@.@@..............@.....@.....@....@.....
....@@.......@..@@...@.@...@.....@@........@....@@...@.@@@..
Agents:
55
0,38,23,21,29
1,41,35,12,23
2,6,33,9,26
3,44,42,41,18
4,5,16,55,30
5,40,46,47,45
6,20,16,51,41
7,30,55,43,40
8,25,24,34,39
9,48,29,59,46
10,55,50,20,47
11,38,40,18,34
12,7,23,14,54
13,14,58,30,22
14,37,41,37,27
15,29,28,36,59
16,19,8,25,28
17,36,45,27,29
18,43,43,45,23
19,14,46,22,5
20,0,59,32,41
21,50,8,49,55
22,32,45,12,17
23,0,8,47,54
24,56,25,42,6
25,25,21,44,1
26,24,23,55,35
27,2,42,35,12
28,54,59,46,37
29,26,27,1,58
30,21,16,6,40
31,47,3,49,7
32,10,56,34,24
33,26,21,8,43
34,22,18,16,22
35,52,5,26,49
36,26,52,3,12
37,40,12,55,42
38,2,37,34,33
39,31,53,8,56
40,42,15,38,37
41,20,56,24,17
42,55,0,5,21
43,34,34,1,7
44,51,1,1,22
45,33,22,4,45
46,46,15,44,50
47,58,56,15,16
48,58,32,23,4
49,45,1,27,59
50,58,4,10,5
51,59,6,14,46
52,16,16,36,32
53,58,41,32,6
54,56,48,58,14
