1
Grid:
70,70
................@..........@....@.@.@.........@........@...@@@@.....@.
..@.@.@....@.....@.......@..@............@.........@@@..@....@@..@..@.
...@.@........@......@@......@...@..@....@.@.......@..@.@.......@..@.@
@.....@.@@......@....@.@...@..@@@@.@.......@....@.......@.@@...@@..@.@
...@......@.@...@.........@...@......@.@.@@..@...@@@...@..@.@.@.....@.
@@.@@.....@.@.@@....@......@@...@@....@.......@.@..@..@..........@.@..
....@@@.....................@.....@.......@..@....@.@..@@@@.........@.
@....@@....@.....@.......@...@..@...@@@@@....@.....@..@@....@..@......
........@...@@...@@...@.@@.@....@.....@@.@......@.....@..@........@...
@.@@...@@@.@..................@......@.@@.........@..@..@...@.....@.@@
@@.....@@..@...@.@.@@....@..@.@...@.@..@@.....@....@@.@..@...@......@@
@@.@..@...@@..@.......@.....@@@.@@......@@.......@@...@..@.@....@@@@..
....@..@..@.....@.@@...@..@..@...@@@...@..................@....@......
@@....@.@...@.............@.@..@@@.@....@@@......@.@@.................
........@.@...@@......@.@...............@@.@@...@@.....@....@@@...@...
...@..@..........@@......@..@@............@@...@.....@.@@.........@@..
.@...@@@....@.....@..@.@.........@..@..@.....@........@@........@...@@
@........@...@.@@.@..@.@....@.@......@.@.....@@...@.@...@@....@......@
....@..@.@@...................@.@......@@.@.....@.......@.@@@@..@@.@@.
..@............@@...@..................@@........@.........@.@@...@@..
..................@..@....@@.@@....@...@@........@..........@..@......
....@@@@.@.@....@.@@.@........@@..@@.@.......@...@@@....@...@....@@.@.
..@.......@@@..@..@.............@...@.....@@...@...@..@@...@....@.....
....@....@....@...@@@@.@................@.....@............@..@..@....
......@@....@....@....@....@@@..@...................@.................
...@.@..@....@........@.@.@@.......@....@.@@..@...@@..........@...@@..
..@@.......@@..@..@.....@..@@.@.@.@.@.@.....@..@...@.@........@.......
.@..@..@.@..@..@.@....@@..@...@....@...@..@...@@.@.@..@...@..@...@....
@.@.@......@@...@..@@@......@..............@@....@.....@.@..@.@...@.@.
......@@.@@.@....@.....@......@.....@.....@.@@...@.@...@...@@....@@..@
.@@@.@@.............@...@..........@@.@.@.@..@...............@@@@@@@@.
..........@.@..@........@@..@.@@...@..@..@...@.@......@@..@@@.@....@..
@..@.@.@.....@....@@..@.......@......@..@..@............@.@@..........
.....@@.......@.....@...........@...@.................@........@......
..@.@..@@@..........@.....@.@....@....@.@...@...@.....@..@.@....@.....
@..@..@..@.............@............@....@........@..................@
......@@@...............@.........@@....@....@....@.@..@..@.@.@@......
.......@@@...............@.................@.....@.@.@@@.@@@..@.@...@@
....@@........@.@..........@.@.......@@.......@.@@@.@..@@.....@.......
.@@@...@............@...@..@....@.@.........@.@@....@..@...@....@@....
@.@.........@@.....@@@.....@@..@........@.....@......@..@.@.@@....@@.@
...........@....@............@@..@@.......@@.......@......@...@...@...
..@.@.......@@......@...@.@@@....@.@@.....@..@.......@@....@@.....@...
@@.......................@.@@....@.........@.........@.....@....@.@@..
......@....@....@...@.@.@...@@....@@@..@..@.@..@.@...@....@..@..@...@.
@.@.........@....@@.@...@..@...@@.......@..@....@...@........@....@...
@.......@.@.@.@@..............@@@@...@....@...@.....@.@.@..@.@....@@@.
.....@@.....@..@.....@......@....@.@......@..@.@........@.@..@..@.@@@.
...@@.@@.@....@........@@@......@.....@........@...@@..@............@.
...@........@.....@@..@.......@...@...........@..@.@...@...@....@.....
@...@.......@...@.@.@....@...@.@@.@@................@@....@..@@.......
...@.........@@...@..@.@@...@@..@...........@.....@......@.@....@...@.
....@...@@..@...@@.@..@.@@....@.@.@@@@.......@.@..@....@.@@.@.....@...
@.@.@@..@.@..@...@@@..@..@...@.@.......@.@......@...@@.........@......
.....@......@..@...@..@@.@.....@@...@.@@.@.......@..@.@@.............@
....@.@....@.@....@...@@..@....@.@...@@@.......@..................@@@@
.....@...@@..@@...@.........@........@@..@.....@@..@.......@...@.@@.@.
..........@@.@@@...@@.@@.@....@......@....@......@@.@@....@...@....@.@
@.....@@@@.@.......@@..............@...@@....@@....@.......@@@.@.....@
@.......@@.@..@..@@....@.....@.......@.@..@..@..............@@..@.@...
@......@...@@.......@.......@........@@..@..@.@@.@....@@.@......@....@
....@.......@..@..........@@@@.@.......@@...@....@..@@..@.....@@......
.....@.@...@......@.@@...@.@...@.@....@.@.@.......@@........@.........
...@@.@........@@@.@....@@.@.@.@@.@@.@..........@...@....@...@@.......
@.@.......@@.....@..@.@.......@.@.@@@...@.......@.@.@.@.@.@@@....@..@.
.............@..@......@..................@@..@@.@.@....@.....@....@..
.@@.@....@.@@.@....@...@.@@..@@@@.......@.@..@.@.@....@...@....@......
.@....@...@.@.@..........@@....@..@...@.@.......@......@@..@@..@@..@@.
..@..@@.........@....@..@..@.@@...@.....@@.@.@.@...@@....@...@........
....@.@..@.@....@.......@..@.......@..@.@@..@@@..@.......@....@...@.@.
Agents:
75
0,17,17,5,43
1,12,46,61,66
2,40,5,40,62
3,28,64,44,46
4,28,48,53,62
5,12,66,33,65
6,57,6,20,46
7,19,6,42,39
8,52,69,27,33
9,45,4,17,48
10,43,12,28,47
11,39,13,67,46
12,32,35,24,21
13,51,56,42,10
14,57,35,49,1
15,48,48,2,52
16,8,49,30,26
17,60,24,12,20
18,8,33,34,67
19,19,47,6,41
20,47,11,38,23
21,31,13,31,29
22,11,36,35,21
23,2,27,16,59
24,36,14,24,50
25,32,62,44,4
26,67,36,4,24
27,21,46,47,29
28,65,61,25,54
29,68,3,16,31
30,9,20,59,40
31,43,32,35,30
32,37,10,50,2
33,63,54,44,19
34,17,8,37,26
35,8,46,51,66
36,4,35,38,26
37,36,44,25,1
38,26,50,57,38
39,12,45,44,2
40,45,41,38,19
41,48,10,25,20
42,51,27,7,12
43,44,43,44,43
44,2,10,46,6
45,39,48,15,10
46,68,62,68,65
47,56,62,61,24
48,20,47,26,14
49,45,58,34,47
50,27,45,12,69
51,41,52,19,14
52,34,18,8,52
53,60,33,28,40
54,28,5,29,32
55,57,65,22,49
56,65,53,28,31
57,34,35,5,29
58,43,63,40,48
59,65,57,11,55
60,46,34,9,38
61,25,14,8,4
62,63,56,5,34
63,14,36,22,41
64,22,65,58,32
65,38,31,39,36
66,63,26,49,40
67,52,38,53,42
68,61,3,33,41
69,63,9,57,2
70,67,37,62,6
71,44,55,7,16
72,1,47,3,19
73,56,54,66,10
74,44,0,41,45
