0
Grid:
60,60
...@@....@.@...@...........@@.@@..@...@....@......@.@.......
.@.@...@@@................@..@@...@..@@@...@....@......@....
.@.@@.@.....@@.@...@...........@.@..@@...@.............@.@..
....@....@@....@.....@@................@..@@.@..........@@..
.@..@.@@..@@@..@...@..........@...@@.@..@.@.....@@@@........
.@@.........@....@.@.......@....@@......@..@......@@.....@@.
@.....@....@...@.@@..@...@@@.@.........@..@...........@.....
......@.@@@.@.............@.........@@....@....@......@.@...
.@.@..@........@....@.@..@.@..@.@.@...@.@......@@..@........
@...@@...@.@.@.........@......@..@@@@.@@..@@.....@.....@....
..@.@......@....@@......@....@........@..@.......@.@.....@..
......@...@.@...@.@@..@.@@..@@@..@....@..@..@@@....@@..@..@@
.@........@..............@..@......@..@@........@...@@@.....
.@......@@...@.@@..@@.....@...@..@@......@.....@@........@.@
........@...@@@....@..@....@@........@.@.@.......@.....@.@..
@...@.@..@@......@.......@@.....@@.@@@......@@....@......@.@
..@.........@.@@.@.@.@........@..@@............@........@.@@
.@@@.@.......@@..........@.@.@....@...@......@........@@.@..
...@@.@....@..@........@...@.................@.....@...@....
.........@.@@..@.@@@.@.@.@..@.@....@...@@.@..@@.@..@@.@.....
@...@..@....@.....@...........@..@....@.......@......@.....@
.@..........@..@.@....@......@@.@.@@.............@...@@...@.
@..@......@@...@@...@..............@.@..@......@.@...@@@....
...........@.@...@...............@@...@........@..@.....@..@
.@......@.@...@........@.......@....@.......@..@..@@@......@
......@..@@..@....@@.@.@......@@@@......@......@.@..@..@..@@
@@....@..@.....@..@..@.@@.....@.@.@...@@.....@....@..@@...@@
@@.@....@.....@.....@............@@.@..@@......@...@..@@.@..
.@.@......@@..@...@@......@....@..@@@.....@.@.....@.@.......
........@........@......@......@..@....@.@...@..............
.@.@......@.....@..@........@.@.@.@.....@...@......@....@...
.@.........@@..@..@@.@@.@@.@..........@@...@...@..........@.
@....@@@....@....@.@....@@...@.@@.@......@...@.@........@...
....@....@.@.@....@..@..@..@..@.@..@@..@..@@..@....@....@.@@
....@......@....@.....@........@.@.....@..@.....@......@...@
@....@.@.@......@..@@..........@@@.@...@@....@.@@...........
.............@....@@..@@..@.....@@.@.....@..........@....@..
.@...........@@....@......@..........................@.@@...
.@.@.@...@....@....@....@.....@....@.@@.....@@....@....@...@
.@.....@@@...@........@@@...@....@....@........@............
.........@....@@@..........@..@.@...@......@.@@....@@....@.@
@...@.....@....@.@...@...@@.@..@....@@.@@.@.@.@...@...@...@.
...........@..@..........@..@....@....@....@..@.....@....@@@
@.@..@..@..........@.......@..@....@@.@..@......@..@..@....@
@.....@..@.@.....@.@@@@@..@.@..@@@.@.....@@......@@.@...@@.@
.....@.@.@...@...@......@..@...@.@......@@.@@..@....@..@.@@.
.@.@.@.........@.......@...@..@@@@@...@.@...@@....@.....@...
.@..@@........@....@...@@..@.....@@@...@..@..............@..
@..@..............@...@..@..@@...@......@.@.......@.@.@.@...
.@...@.@........@....@@..@@..@..@.....@.@.@..@...@.@........
....@@@@..........@.......@..@.@...........@.....@@@...@@@..
.....@..............@@@...@..@.........@.....@@...@....@....
..........@@@...@@.@.@@.........@.@.@...@@..@..@.@...@.@..@@
@...@.@......@......@@@@.@......@..@.....@...@......@.......
......@....@......@.@.............@.@........@@...@......@..
..@@........@.@.@@...@.......@..@......@@..@......@.@.....@@
...@@..@..@@..@.@@....@@.@...@..@..@.....@.@......@........@
.@@.......@@..@.@..@.@.........@.@.@...@....@..@...@..@@..@.
@.@..@.............@.@..@@......@..........@.........@.@....
.....................@....@@@@@.@..........@@.@...@@@@......
Agents:
85
0,11,0,7,5
1,48,20,59,10
2,43,45,27,42
3,20,45,41,14
4,13,10,35,13
5,18,40,30,0
6,48,44,41,34
7,51,11,19,44
8,51,56,3,36
9,57,6,45,21
10,39,20,32,58
11,5,6,37,18
12,39,27,3,59
13,22,6,23,2
14,24,18,40,23
15,47,37,6,35
16,12,29,39,35
17,17,49,14,24
18,26,25,53,16
19,28,43,1,0
20,3,32,3,17
21,17,22,44,3
22,35,41,29,23
23,6,36,49,9
24,20,27,36,2
25,5,52,39,41
26,48,12,45,38
27,35,30,22,45
28,59,22,23,9
29,2,7,8,49
30,9,29,36,50
31,37,41,59,9
32,59,2,18,53
33,12,19,43,43
34,22,34,30,26
35,23,24,13,24
36,37,16,16,36
37,41,7,23,26
38,25,20,20,5
39,56,39,39,57
40,24,6,7,53
41,35,52,24,33
42,35,57,48,6
43,43,24,31,36
44,23,7,43,3
45,12,59,21,10
46,43,15,42,24
47,32,37,19,37
48,51,24,3,50
49,58,14,38,51
50,12,15,23,35
51,37,35,38,47
52,40,54,38,2
53,10,21,52,29
54,3,16,22,28
55,59,15,23,23
56,55,51,26,8
57,40,31,4,0
58,2,29,21,26
59,24,41,31,59
60,14,48,46,6
61,29,16,50,22
62,45,42,13,55
63,27,9,12,31
64,28,0,22,43
65,11,40,36,7
66,47,21,10,59
67,20,6,58,8
68,7,57,23,28
69,53,10,24,40
70,20,41,35,50
71,34,40,58,18
72,12,7,25,26
73,32,57,3,46
74,7,15,47,31
75,30,23,21,57
76,6,46,2,11
77,22,43,28,28
78,38,18,29,54
79,21,6,15,38
80,49,14,55,46
81,54,8,23,4
82,50,12,47,18
83,7,46,6,57
84,56,21,39,26
