1
Grid:
60,60
......@..@.@.........@..@.@@@@..@@@@...@..@..@.@@.@.....@@..
@......@@.@..@.@@...........@@....@@@.@...@......@..@....@.@
@.@.......@.@..........@.@...........@@@..@......@..@@..@.@@
.@@..@@........@@...@...........@.@.....@@.......@@@.....@..
...@@@.@.@..@..@..@@.@.@.@.@.................@@@.@.@@...@...
......@.@....@@...@...@..@.@.@......@.....@.....@@....@...@@
..@@.........@.@..@..@...@..@@.......@.....@..@@.@......@...
@@@...@.@.@...........@.@@..@.@@..@.@.@....@..@.@...@@..@..@
..@................................@...@.@............@.@.@.
@@@@........@....@..@....@.@.....@@....@@..@.........@.@.@@@
@@..@....@.....@.@...@..@@@@@.............@....@@@..@.@@..@@
...@.@.@.....@..@...........@...@..@..@...@...@@...@.@..@...
@..@..@..@...@..@@@..@@............@.@..@..@...@..@.@...@@..
@..@.....@@@........@.@.@@.@..@@@@..@......@@@....@@..@....@
@..@@.....@....@..@..@@...@@..@.@@...@.@..@.@@.@............
..........@.........@..@......@....@@@..@...@@..@.@@.......@
..@@......@.@@...........@@..@@@.@@.@...@@.@..@.@@......@...
.........@@@@...........@..@.@@.@.@.@..@.@.....@......@....@
.@...@..@.@@.@.@@@@.@.@.@....@.@..@@...@........@@@.@....@.@
@@.@..@@....@@.@@....@....@........@.@.....@.....@@.....@.@.
@@.....@..@@.@.@@..@@@@...@@....@.@.@...@..@@.@.@@...@..@@@@
.@@@.@@..@.@...@.@.@..@....@@...@.@.......@.@.@.....@@@@@...
@.@@.@................@....@..@.@.........@.......@...@...@.
.@..@@..@@..@.@...@.@.@@.@..@@......@.........@.....@@......
......@.@...@@@@....@@@@....@....@.@..@........@.@...@...@.@
.@@.@.@@........@..@@.....@.@@@...@...@@.@.......@...@@..@@@
.@@.............@@......@.......@@....@@.....@@@..@..@..@...
..............@.@@..@...@.@@@.@@..@..@.@@....@@.......@.....
@....@.@..@..@@@..@.@.@.@.@.@.@....@@...@.@.@.......@...@@..
.....@@@...@....@@...@.@@@.@..@@@......@....@..........@@@..
.@@...@@@@............@...@.@@....@@.@@.@......@..@.@@..@.@.
@.@.@...@@@.@.@.@@@.....@.@......@@....@.@.........@.....@@@
@..@..@..@...@.@.....@.@.@@@...@.@.......@@@@...........@@@.
...@..@.@@...@@@.@@..@........@....@@..@@@@@@@.@....@.......
@@..@@..@.......@........@..@...@@@......@..@@...@@@.@.@...@
...............@....@...@.@.@.@.@@..@.@@@@@@@...@@..@.......
@........@.@@@.......@.@....@..@...@......@.@...@@.....@@@.@
.......@.@.@@..@.@...@....@..........@@@.@.@.@.....@.....@@.
...@....@......@...@@@...@..@...@@............@@..@......@..
@....@...........@@..@.@@.@...@........@.@@.@@@......@.@@...
..@@..@.@@@...@@@.@..@.@@@@.....@...@...@....@.@@.@..@..@@..
@....@.@.@@.......@.....@....@.@....@@...........@.@..@...@.
.............@.@.....@............@.@.@@@.....@@@.@....@@...
.....@.....@............@..@..@@.........@@.@..@@@..@.@.@.@@
@....@@.@........@..@@@.....@.@.................@........@.@
............@@.@..@@..@.@..@@@..@....@...@.@.@...@....@..@..
.....@....@...@.@...@.@..@..@..@..@..@@..@..@..@.....@......
..@...@...............@..@........@.@.@@@.@........@.@....@.
..@....@@.@........@...@...@@@...@@....@....@......@...@@@..
..@..@...@@.@.@.....@....@.@.@....@........@...@.@..@.@@..@.
....@..@...@@..........@@.@@@@@@...@.@..@...@@.@...@.@@..@..
..@...@.@@@.@@.........@...@@...@.@..@@.@.@@.@@..@.@@.@.@...
@..@.....@@...@..@@.@.@...@@.@@.@........@...@.@....@..@..@.
.@....@...@@..............@..@@....@....@.....@.............
.........@....@......@.@....@@@@.@.@..@@..@@......@..@....@.
...@.........@.@@.......@..@.@..@.....@..@@@.@...@.........@
..@...@.......@..@...@.....@....@....@@@@@@@@@..@.......@@.@
...@.......@@.......@@.....@.......@..@@.@..........@..@....
..@...@..@.......@@.......@@.@@..@@.@.@....@......@@@@......
......@.@....@..@@@@.....@..............@@@..........@@....@
Agents:
85
0,9,18,31,35
1,23,15,9,36
2,35,35,47,32
3,11,29,36,46
4,8,27,59,30
5,43,13,15,5
6,4,55,38,4
7,45,17,25,48
8,45,35,44,51
9,33,11,48,47
10,20,4,49,17
11,10,56,17,17
12,22,14,53,15
13,56,54,35,11
14,0,52,42,59
15,59,27,57,9
16,59,35,11,48
17,10,19,23,42
18,23,7,37,31
19,36,14,59,51
20,25,47,46,30
21,42,51,30,13
22,32,47,6,57
23,41,57,11,55
24,25,25,10,41
25,15,49,37,49
26,13,14,3,55
27,57,16,20,51
28,55,58,51,33
29,36,58,45,1
30,1,33,0,53
31,46,13,58,24
32,31,38,8,42
33,27,33,7,41
34,12,32,56,16
35,53,44,58,45
36,22,6,36,50
37,49,26,4,42
38,6,24,28,37
39,56,53,53,39
40,11,43,16,5
41,56,52,33,56
42,38,1,26,22
43,43,32,11,31
44,22,19,36,25
45,22,8,15,11
46,56,51,49,7
47,31,7,54,47
48,5,23,49,45
49,45,51,54,48
50,30,44,21,4
51,11,40,8,31
52,23,2,4,58
53,36,4,55,54
54,28,6,45,4
55,42,0,8,5
56,57,29,23,13
57,6,35,56,29
58,54,10,29,14
59,12,36,37,19
60,1,54,57,34
61,54,3,58,14
62,44,41,57,2
63,19,32,17,8
64,8,20,48,46
65,12,12,26,10
66,40,58,11,10
67,4,16,18,38
68,45,56,12,34
69,12,55,38,30
70,11,8,10,19
71,49,35,8,28
72,49,8,50,1
73,8,29,48,20
74,47,9,27,1
75,52,37,19,47
76,16,54,9,11
77,54,56,4,33
78,32,54,26,36
79,26,23,28,51
80,31,3,39,16
81,41,59,39,35
82,46,23,59,47
83,30,36,54,10
84,3,55,23,16
