0
Grid:
60,60
.@.@......@.@.....@......@@..@.@.......@@..@.@@........@..@.
..@@..@.@@.@....@...@@..@..@..@...@..@@.....@@...@..........
...@.@.@..@.@..@@.@....@..........@.@.@.@.@@.@....@......@@@
.@@@@@@....@.....@.@.....@@@.@..@..@..@@...@@@..@@@......@@.
@.@@@.@@....@........@@..@...@.....@..@...@....@.@@@...@@...
.@@....@.@..@.@..@@....@...@.....@@@@@.....@...@.........@..
@.@.@@............@@......@..@....@..@..@.@@..@...@..@......
..........@@@@..@......@..@..@@.@..@....@..@.......@.....@.@
..@.....@.@..@@..@@.@@.......@..@....@.@.....@..@@@.@.@@..@.
.......@@.@...@.@.@@@....@@@...@....@.@.@.@@.....@.@.@..@...
......@..@...@.......@....@.@.@@@...@......@.@.@..@..@..@..@
......@.@..@.......@.@.......@..................@@...@@@.@..
...@@.@@.@.@@.@..@@.@.........@...@.@....@@@@@.@@@.@......@.
..@..@..@@...@....@@..@..@..@.@.@@....@....@......@...@.@...
..........@..@@.@@..@...@@@.@...@@@........@......@@..@@@@.@
.@@.@...@......@....@.@.@@...@@......@@@..@@.@....@@@.......
@..@.@...@........@.....@......@..@.......@....@@......@..@.
@.@.@@......@....@.@@.@@.@..@@.@.@@@................@..@....
...@..@..@......@.......@....@..@....@@@....................
@@.@.@...@.@....@@...@....@.@....@........@.......@...@@@.@.
..@...@...@@@@.@.@@@.......@@.......@...............@..@@...
@@........@........@.....@..@.......@...@....@..@......@@@..
.@....@..@@.@.@..........@.@.....@......@....@....@@@.....@.
.@.@.@@..@@@...@.@.....@..@...@....@..@@@.......@..@...@@.@@
@...@..@@.@@.@@.@..@.@.@...@....@..@@......@.....@...@..@@..
.......@..@..@@..........@...@..@...@.@@.@.@@.@.@@@@..@...@@
.@.@..@.@@.@..@...@......@......@.@..@.@@.@.@...@......@..@.
.............@@@.@@@.@.@.@.@@...@...@.@....@..@.@@.@@@..@@@.
....@...........@.@@@@@.@..@...@.....@.....@@@.@@.@...@@@..@
....@@...@@@.....@.@.@...@...@@@@.@..@..@.@@@.@@........@.@.
..@....@@.@@..@.@...@.........@....@@.@...@@.@....@...@@@.@.
..@..@.........@..@...@......@.@.@......@@..@..............@
.@........@....@..@..@@..@@.@.@.....@....@...@.....@@....@..
.......@......@@.....@@.......@@...@..@.@..@...@........@...
@....@....@@.@....@...@@@..@..@.......@......@.........@@..@
@.@.@.....@.@@......@.@......@@@.@.@....@............@@.@..@
...@...@....@.@..@.@..@@@.@@..@......@.@..@@..@@..@.........
.@.@.@.@....@..@.@.@@.@...@.....@....@.@@.@....@...@.@..@...
..@....@.@........@...@.@@@@...@@@.....@.........@..@.@...@.
@.@...@@...@...@......@.@@@@..@...@.@...@.@.@@@@....@@.@..@.
........@...@........@.@@.......@......@.@...@.@.@...@....@.
.@.....................@@@.......@...@..@@@.@.........@.....
@.....@..........@.....@.....@@..@.@@....@......@.....@.....
.......@@..@@...@..@.............@..@@@..@@@.@@...@...@...@.
..@....@@..@@.......@@.@.....@...@....@@..@...........@@....
........@@..@.......@@@.....@@...@@..@.@.....@...@....@.....
.@.@@.......@@....@....@.@...@@...@@@@...@....@@@@..@.@@..@.
.@.@...@.....@@@...@..@......@.....@.@.@@.@..@........@...@@
@@.......@...@......@...@..@@.@@.@@@.........@......@..@@...
@@@@...@.@........@@@@.@.......@@....@...........@..@@......
...@....@..@@@.@.@....@......@...@@...@....@@.@...@..@@.....
@@....@..@.@..@@@...@@@.@@.@....@.@@....@@.@@...@.@........@
..@..@@@..@@@.@@@...@......@...@..@..@@....@.....@@.@.....@.
@@....@@@..@..@..@@....@....@.......@.....@.@@@..@@@@.@.@...
....@.@...@.@....@....@..@..@@..@.@...@...@..@....@@....@..@
@.@@@........@.....@@..@@...@@..........@@.....@..@...@@.@..
.@...@@.....@.............@...@@..@........@@.@@.@.@.....@@@
.@.......@@@.....@@..@....@@.@....@.........@.......@@..@..@
.@..@...@@.....@........@@..@.@..@.@@@@.......@...@.@.......
.@@@@@@.@@.@.@....@....@.......@................@.....@...@@
Agents:
55
0,11,2,22,3
1,9,33,22,57
2,26,27,22,53
3,38,37,58,31
4,14,27,14,41
5,0,38,3,8
6,52,19,55,32
7,22,18,1,54
8,3,7,34,19
9,20,42,10,24
10,41,46,4,59
11,36,59,16,40
12,38,4,20,59
13,16,21,22,18
14,38,5,44,32
15,43,35,37,4
16,57,15,49,40
17,11,16,8,5
18,36,15,17,56
19,17,36,16,22
20,12,10,30,25
21,16,53,41,3
22,37,8,11,20
23,40,51,30,34
24,29,18,30,17
25,7,5,40,28
26,48,51,53,41
27,0,24,40,33
28,1,10,1,10
29,11,39,40,19
30,0,49,1,26
31,34,16,59,36
32,21,51,7,7
33,50,5,34,51
34,49,43,57,45
35,6,54,50,1
36,42,45,48,51
37,27,7,25,26
38,35,24,14,6
39,28,52,23,43
40,16,12,38,45
41,13,7,39,13
42,25,33,1,53
43,7,0,7,22
44,31,46,33,28
45,18,34,15,17
46,34,17,21,16
47,45,5,3,20
48,41,16,56,37
49,42,4,57,54
50,58,12,14,21
51,13,10,26,29
52,23,31,5,40
53,49,29,13,1
54,34,42,28,2
