0
Grid:
60,60
..@...@...@..........@.@@@...@....@..@.....@@.@..@@.@.@...@.
@.@...@..@..@...@@...........@........@.....@@@..@..@.@.....
.@@.....@..@@.............@.@....@....@.....@..@..@@.@......
.@..@..@.....@.@.@....@@.@.@.@....@.@.....@....@....@@@.@...
@..@@...........@.@...@.@.@..........@..@@...@....@..@@....@
.@.@....@........@...@@@..@@@..@...@.@@...@@........@@.@.@..
.@..@..@....@...@..@.....@..@@.@....@........@.@....@.......
...@.@.@.@@....@....@..@..@.........@.@@...@@...@..@@@...@.@
..@...@@.@...@@..@@...@...@.@...@@..@..@.@....@@....@@@....@
.@..@.........@@...@.................@..@@..@@@..@...@.@..@.
..@.@.......@@@@@@.@...@.....@..@@.@..@..@@.@......@..@.....
..@..............@@@...@@..@.@....@..@..@@..@.@..@@......@@.
.@@..@@..@...@...@.@..@...@......@.@@@..@....@.@@.@....@@...
...@@....@.@.@.@...@..@.@.@.@....@.@....@.@..@@......@@..@@.
.@...@@.@..@........@@@...@.@..@@...@.....@......@.@.......@
......@......@.@.@...@.@@.@.@@.@@.@......@.......@@..@..@@@.
..@.@@@@..@................@@@..@@........@@@@....@.@@.@....
@....@...@....@@...@..@@@...@..@..@...@......@..@..@.@@.@...
..........@.@.@@..@@@@..........@.....@....@@@.@.@..........
.@@@.@.@.@......@@@..@.....@@@...@..@....@@@......@.@...@.@.
.@.@.@....@.......@@.@@..@...@.....@@@.@..@.@..........@.@..
..@.@.@@@@........@@..@....@@..@@..@.@@..@@@@....@.@...@@..@
......@......@.@..@.@.......@@@.@@.@@.......@..@..@.@.@@....
.....@.....@.@........@@@...@@..@@..@.@..@.......@@.@.......
.@@@.@......@@........@..@....@.@...@@@@@..@.@@...@@@....@@.
.......@.....@@....@.@..@.......@@@..........@...@@..@@.@...
...@......@@.........@@@@..@.........@@@....@@.@...@..@....@
..@@...@@.....@..@.@............@....@.@.@.....@..@......@.@
.....@..@@..@..@@..@.....@.@.....@...@...@.........@.@....@.
.....@@....@...@@@..@.@..@.@..........@@@.........@.....@..@
.@......@......@...@@...@..@....@@@@@@@....@...@.@..@@......
.@.@@@.....@.....@.@.@@..@.@.@@.@..@@@@..@.@..@.......@.@@..
..@.....@...@..@................@..@.@.@...@.......@@.@..@@.
.@........@....@.@...@@.@.@.@.....@.@@@@@........@..@.@.....
.@@@.....@@....@@..@@...@.@.@..@......@.....@@@@@...........
@.....@@.@..@.@....@.@@...@.....@....@@@........@...@...@@..
@.@......@.@......@@....@.@..@.........@.........@.@@@.@@@@.
.@.@@.....@.@.@@.@@....@..@@@...@..@@....@.....@@...@...@@..
@.......@...@.....@......@@..@..@@.....@.@..@.@..@@........@
@@.@.....@.@@....@.....@@..@.@..@@.....@......@..@@.@.......
...@..@..@@.@@@.@.@......@@...@@@....@....@..@..@..@@@.....@
.........@..@..@......@........@..@.@............@@.........
.@.....@....@.@@.@.@.@.@........@.@@@...@..@@..@.......@..@.
@@....@....@..@@.@..@@...@..@@.@.....@.@..@...@..@........@.
.@....@....@@................@@.....@.@@...@.@.@...@........
@...@......@.....@..@.........@.@...@.......@........@...@@.
..@..@@..@..@..@@@@@........@@..@..@@...@@..@......@..@..@..
...@@@.@...@..@.....@....@@.@....@.@@..@@@.@..@....@...@.@@.
.@@....@..@.....@@..@...@..@....@@@...@........@@........@.@
...@......@@..@.....@@.@......@.@......@.......@...@.@..@@..
.....@..@@.@..@..@....@.........@....@.@......@......@......
.@@.@@..@..@..@@...@.@......@..@.@@........@.@...@....@.....
...@@.@.........@@@.....@.....@@@@@..@@@@.@@..@...@..@..@...
..@....@@...@.@...@@....@@@..@@..@......@.@..@@....@.@@@@@@.
@@@...@....@..@...@@.@..@..@....@.@..@.@..@@.@.@...@..@@..@.
...@..@@.......@@........@...@..@...@@@....@.........@..@@..
........@@.....@@..@@.@..@....@....@..@...@...@..@....@.....
.@@@@@.......@..@...@@@........@..@@......@..@....@...@@..@.
.@@@..@...@.@..@...@.@......@.........@@@.....@...@....@.@..
..@@.....@@......@..@@..@............@....@....@..@@@.@..@.@
Agents:
60
0,55,22,3,37
1,45,10,22,37
2,26,43,35,42
3,47,38,44,26
4,33,4,23,20
5,14,38,40,58
6,32,29,56,52
7,7,8,47,13
8,36,59,53,47
9,7,28,53,20
10,45,12,56,56
11,29,36,35,45
12,17,1,17,58
13,51,29,2,54
14,13,36,46,0
15,23,44,39,43
16,21,40,26,53
17,51,46,23,1
18,4,13,29,23
19,15,37,5,20
20,18,40,21,54
21,35,51,25,5
22,16,12,3,5
23,13,48,13,37
24,38,2,28,42
25,16,31,26,32
26,45,7,52,47
27,24,55,15,36
28,44,24,6,58
29,19,20,1,47
30,43,4,26,1
31,43,44,3,33
32,44,4,35,16
33,39,20,1,33
34,2,29,33,56
35,9,0,14,50
36,5,24,4,34
37,34,25,21,11
38,8,44,21,52
39,15,10,9,32
40,33,12,6,49
41,30,2,8,57
42,37,30,45,33
43,29,35,31,39
44,29,29,36,5
45,4,33,46,3
46,57,23,56,12
47,49,19,3,30
48,15,39,51,56
49,57,18,51,58
50,1,14,9,17
51,46,49,43,41
52,23,35,23,9
53,11,0,25,10
54,2,13,21,13
55,15,35,2,16
56,13,51,27,35
57,5,18,27,6
58,34,52,33,46
59,47,56,17,26
