2
Grid:
70,70
........@......@.....@@........@...................@..................
...............@...........................@..........................
.....................@................................................
.....................................@.@..............................
............................@.........................................
...........@.....@.....@.........@....................................
@..................@.......@.....@....................@...............
........................................@.....@............@......@...
........@..@....................................@........@......@.....
.........@...........@........................@.....@.................
...@..................@@..............................................
..@....@...................................................@.......@..
..................@...@...............................................
................................@..@......@@..........................
................@...............................@.....................
.........@........@......................@..........@......@...@@.....
@...................@.@..........@.............................@......
....................@.......@.........................................
....................................@.@...........................@...
....@....................@........@...................................
.....@............................@...........@.......@.............@.
..........@.............@..........................@..................
.................@.........@......................................@...
...........................................................@.@........
.............@................@...@...................................
................................................@.....................
........@..........@.................@.....@.....................@...@
.@.....@............@...............@........@.....@.......@......@...
..................@.......................@........@..................
...............@....@...........@...................................@.
..................................................@...@...............
@.......@.......................@.............@............@..........
...........................................................@..........
....................@..................@......................@.......
..@@.....@...@..........@....@.@.......@.............@................
................@@.....................................@.@........@...
.............................@..............@........@............@...
..@.......................................@...................@.......
..............@...........@..............@.............@.............@
..............@...........................@...@.......................
.........................................@..........@.................
......@.............................................@...@.............
................................@.....................................
.........@.....@...............@......................................
.....@@..@..............@.....................@.......................
.......................................................@..............
..................................@.........@.......................@.
..................@........@..........................................
.............................................@...................@...@
.....................@................................................
.................................................@....................
.......@..@.@...............@.......................@........@........
..............@...............................@.......@...............
..............@............@..@.....@...@........@.............@..@...
.............@...@..........@...@@.........@......@.....@.............
.........@.......@......@..................@..........................
............................................@..............@..........
..............@.........................@.............................
.....@............................................@...................
@..................@@....................@............................
................................@......@.................@............
...............................@........@.............@.....@.........
............@.........................@............................@..
.....@....@........@........@.....................@...................
...........................................@..........................
@.....................@.......@.....................@......@........@.
..........................@....................................@......
.........@.....@@................................@..........@.........
...............@..................................................@...
.................@.@.......................................@..........
Agents:
70
0,36,37,59,6
1,13,46,31,64
2,49,52,26,21
3,54,4,9,60
4,38,45,41,19
5,27,15,6,4
6,19,6,7,11
7,56,50,59,32
8,0,28,25,14
9,23,2,34,30
10,13,24,66,60
11,65,67,40,39
12,21,53,4,18
13,61,9,15,36
14,48,46,52,45
15,30,14,64,4
16,37,49,29,18
17,41,40,8,61
18,43,8,42,31
19,52,26,61,45
20,24,54,21,29
21,31,42,8,7
22,38,60,32,48
23,50,33,57,6
24,55,53,12,5
25,13,68,30,61
26,66,13,44,14
27,7,12,63,59
28,42,16,0,39
29,24,66,0,52
30,61,44,19,45
31,26,61,41,44
32,15,12,1,27
33,48,40,17,8
34,34,16,61,27
35,6,62,19,2
36,46,67,32,27
37,47,28,63,58
38,62,22,57,4
39,28,31,57,32
40,3,27,37,29
41,23,64,10,7
42,33,31,42,65
43,18,23,66,48
44,42,29,45,13
45,67,27,43,42
46,53,56,47,65
47,35,50,54,51
48,28,40,2,38
49,27,25,41,26
50,11,9,0,43
51,68,39,20,24
52,46,20,36,48
53,22,68,30,20
54,35,48,67,62
55,20,20,2,53
56,57,63,23,50
57,63,33,32,47
58,20,31,57,43
59,28,54,16,55
60,64,24,48,41
61,68,5,50,5
62,18,49,36,50
63,9,59,3,64
64,32,67,67,20
65,65,2,29,55
66,19,63,61,57
67,18,12,59,22
68,8,19,54,54
69,58,63,52,49
