2
Grid:
60,60
.@@.@.@@.@.@..@.@....@.@.@..........@..@@.@.....@.........@@
...@..@@.@@..@@..@......@@@.@.@..@@.......@@@@@.....@@..@.@.
..@.......@....@.@......@.@....@.@....@......@@.@..@....@...
....@.....@.....@.@......@.@...@.@....@@...............@.@.@
........@.........@..@.....@.@@..@.@.@@..@...........@..@@..
.@@@...@@.@.@...@..@......@@.@..@..@...........@.@.@..@...@.
.@@@...@...............@.@.@.......@..@...@@....@......@@@..
....@.@...@..@...@.................@..@....@@@@.@.......@@.@
...@...@@...@.@...@.@@.@@.@....@.@@......@..@.......@@.@@...
....@@.@@..@.@@.......@.....@...........@@.....@...@...@@..@
..@@.@@@......@....@.......@.......@.@....@...@..@........@@
@....@.........@...@@..@..@.......@@..@.....@.............@.
...@......................@...@.....@..@.......@.@.@..@@@@..
..@..@@@.....@....@...@.....@........@@.@..@.....@.@.@..@..@
........@.........@@@@...@.@....@.....@.@....@.@.........@..
.@..@....@......@..@.....@.@..@@.@.@..@..@.......@..........
.@..@..@......@@...@.....@@.....@...@@.@..@........@...@@...
......@........@@..@..@....@.@.@.@.@.@.......@...@....@...@.
..@.@@@..@...@@....@.@.@@..@....@...........@@.....@........
@@...@......@......@.....@.@@@..@@.....@.@..@......@.......@
@..@..@....@.@.@@.@.....@.@....@.@.@....@...@..@.@....@@...@
.......@...........@..@........@..@@.@....@.@@.@.....@......
..@........@.@@.....@.@.@............@......@.@@@........@..
...@......@.@@...@.....@..@.@@@.@@........@.....@@..........
.@@....@.@@@@@..@.@@.@.....@.@.................@.@....@..@..
@.@.........@@...@...@@.@.@@............@.@...@@@........@..
...@@.@..@......@..@..@...@..@.@.@.@@..@.......@...........@
....@@..@....@.@@...@@.....@...@...@..@@....@....@..@....@..
.@@.@@...@.@.@.................@............@.............@@
..@.....@...@........@@..@.@@.....@@....@....@@...@@.@@.@...
........@...@@..@@.@@.@..........@...@.@.@@@....@.......@...
........@@..@.......@.....@@....@..@......@@.@.@.@....@.....
.@.@@...@@......@.@.@.....@@....@.@.@...@....@@..@@@..@.....
.@...@........@@....@.@.@........@....@....@@@........@.....
....@@...........@@.......@.........@..@@..@.@........@.....
..@...@@.......@.......@@@..@........@...@@.@.@@......@...@.
@@..@..@.....@.@...@.@.@....@@.......@.@.@@.......@...@.@@..
.@...@@...@....@@..@@.@@@.@.@@.....@@.@...@.@.........@....@
.@...@.@@..@.........@.@........@.@....@.@..@..@@......@....
.@@.@......@.@.@...@@.....@................@...............@
...@.@..@.@@@............@........@.@......@@@........@..@@.
@...@.......@......@...@@.......@..@@.......................
.......@....@@....@.....@......@..@@........@..@..@......@@.
......@@@@..@...@.@@.@@.@.@.......@.@....@.@@..@....@.......
@..@...@........@....@.@............@...@.@@@.....@...@@....
@@..@.@.........@.............@..........@...@@...@..@..@.@@
.@.@...@.....@.......@....@....@@.@..@.@...@.@..@@....@...@.
@.....@..........@.......@..@..@....@..........@.@..........
.............@@............@..@......@....@.@.@......@.....@
.@....@....@....@.@@....@.....@.....@...@.......@@..@.@...@.
.@............@@..@..@@.....@@.@.@....@.....................
........@.@@........@....@........@................@..@.....
@........@@.........@...@.@.@......@.@..@@................@.
...........@.@.........@.@@..@......@....@.@.@..@.@..@.@...@
@@........@....@....@...@.@...@....@......@..@....@.@....@..
.......@.@.....@..........@..@...@@@.@.....@......@..@......
...@..@@...@.@...@....@.@....@@@....@@....@.@@..@.........@.
..@.@.@.@..@....@...@@........@...................@...@.....
..@.@....@@...@...@@.@@@.@@........@..@@@.......@.........@.
...@..@.@@..@.@.@..@...@....@@.@.@@.......@...@.....@.@...@.
Agents:
30
0,36,5,7,31
1,15,47,55,57
2,11,13,44,1
3,29,41,13,42
4,44,45,25,55
5,57,19,25,20
6,16,20,30,54
7,26,51,15,14
8,39,24,25,6
9,12,50,7,22
10,25,34,29,15
11,1,8,54,2
12,23,50,10,28
13,56,55,38,58
14,22,26,21,4
15,23,0,58,54
16,51,43,56,20
17,9,50,25,37
18,47,34,53,31
19,5,44,43,33
20,27,37,9,46
21,10,28,21,51
22,17,26,46,30
23,22,43,8,43
24,31,3,58,47
25,44,49,4,43
26,23,31,42,25
27,28,43,12,34
28,25,25,58,50
29,15,22,27,47
