0
Grid:
60,60
.@.........@......@@....@.....@@@..........@....@..@....@..@
........@.........@.@......@.....@....@.@......@.@.@.......@
......@@.....@..@....@...@.@@......@@........@.@@...@.....@.
....@@..@.@..@@...@..@@@.@.@.@.@@@@@...........@@.........@@
.@..@.@@@.@@@.@..@...............@...........@@@....@.@.@@.@
.......@.......@@....@.@..@...@.@@.@.......@..@...@...@...@.
..@...........@@.@....@@.....@........@@...@...@@@.....@....
@..@......@...............@@...@.@.......@@.@@.@.....@@.@@..
.@.@...@@......@...@...............@..@@.@.@@....@..@....@@@
.........@.@.@...@......@..@.@@..@.@..@.@........@........@.
.....@@@......@.@.@.@.......@.@.....@.....@.@..@@.@.@@....@.
...@....@@..........@@@@............@.......@.@....@..@.@.@.
@@...@....@@....................@.@@@.........@.@....@@...@.
@.....@.....@....@..@@@.........@.....................@.@..@
............@..@@....@@..@..@..@.......@...@....@.....@.@@..
@..............@....@@.......@.......@...................@..
@..@@....@@.@.@..@@@@@.@....@.@@.....@......@@.........@.@..
@....@@.@@...@.@@....@...........@....@.....@.@.@@...@.@...@
......@....@@@...........@....@..@.@@....@.@@.@..@..........
.@......@.@@......@..@.@.@@@@......@....@.@.................
.@.......@..@@..............@@...@..@......@........@.......
.@@@.@...@@...@..........@@.@@......@..@@.@@...@@@@@........
..@@..@........@..@....@..@@.@..@........@...........@..@.@.
.....@@.@....@..@....@..@.......@....@@@....@..@...@@...@@@.
....................@.........@.@..@......@@.@.@..@..@......
.@..@...@...@.@.....@@.@.@....@....@.@@.@.@@.........@@@@..@
......@..@@.........@.@.@.@..@.......@.@..@.................
....@@@.@.@....@.@...........@..@......@.....@..............
.....@@..@..@..@...@@....@@.@.@.....@@.@.........@.....@..@.
......@...@.@@...@..@.@...@.@.@.@....@.....@...@.......@..@.
........@........@........@@@.@.@...........@...@.@@.......@
....@@@.@@@...@.......@..@.......@......@.@@.@.....@@..@@...
@@...@...@.......@@..@@@........@.@..@..@@..................
....@.@..@........@...@.@.@..@..@@.@....@........@@..@.@..@.
@.@@@@.@@..@......@....@....@....@@@....@.@......@...@......
.................@....@.......@..@....@.............@....@@.
.@@.....@...........@..@....@.@.@...@.@@@......@.@..........
@@.@...@....@....@@..@...@..@@@...@..@@....@@.@.@@.........@
@@............@...@..@...@.@.@...........@@....@........@.@@
@..@@@.....@..........@@@.@....@@.@...@@..@...@.........@.@.
.@.......@@.@...@.....@..@..@@......@.@.@@.....@....@....@..
...@.@..........@...@.....@.@............@..@@.............@
@@...@@.........@.@......@...@.@........@@..@.....@..@.@..@.
.@..@.....@........@..@.@@.........@...@.@..@...@........@.@
..@@@@......@..@..@..@@.@@.@...@.@@.@.@..@.@.@.@.....@.@....
.............@....................@.....@@@......@...@......
@@.@@....@..@...@@...@..@@@.............@......@@@.@..@.....
...@...@..@@.....@...@...@........@...@...@.@..@.@....@..@@.
..@.@...@.@@@........@.......@..........@..@......@.@.......
......@@......@..@...@..@.@...@.@...@@....@......@..@...@.@@
....@.....@.@....@.@...@@.@.....@..@.......@.@.....@......@.
..............@@.@..@.@..@..@.....@.@.@@.@@.@...@@.@........
..@@............@...@.@...@@..@..@.@..@...@.@@..@...........
@...@.@@...@@.@.@...@.....@...@.....@@..@.....@.@..@.@@@@..@
........@.....@.......@................@.......@.@.@@.......
...@.@.@...........@......@.@.@......@@..@.........@@@..@.@.
....@.....@.....@.@...@@.....@.......@..@.@.@@..@......@@...
.....@.@...@..@..@@.......@.......@@..@..@....@.@..@...@....
..@@...@@...@@.........@.@..@........@........@@@..@..@..@.@
.@........@.............@..@.@..@..................@....@.@.
Agents:
30
0,55,11,12,19
1,59,42,38,36
2,53,47,11,37
3,25,17,23,27
4,13,57,39,35
5,57,59,2,14
6,59,14,28,52
7,52,49,19,46
8,55,45,32,58
9,43,46,10,37
10,43,52,42,20
11,16,15,32,57
12,14,59,38,30
13,49,47,8,26
14,55,36,14,19
15,49,38,38,9
16,59,30,48,33
17,55,48,16,27
18,14,37,16,39
19,27,31,23,49
20,50,33,27,20
21,55,59,49,0
22,29,42,25,46
23,55,39,29,46
24,34,20,11,2
25,2,26,31,57
26,42,43,11,18
27,59,19,46,38
28,0,10,8,13
29,38,13,28,3
