0
Grid:
70,70
@.....@..@.@@.@.......@...@@..........@...@@.@.@........@@...@@@@@.@..
@..@@...@..@@@...@@..........@@....@.@.@@..@..@....@...@...@@@@@..@.@.
@.@@...@@..@@@.@.@@....@@.@@.@@@@.......@..@..@...@.@..@......@.@..@..
@...@........@....@.@......@............@@@@....@........@.........@..
....@@................@.@..@..@.@...@@....@..@@..@.......@...@@@.@.@@.
......@..@..@....@..@....@...@.@..........@....@........@@@......@..@.
...@@@..@@..@..@..@...@.@.@.@........@.@...@..@@..@@.@..@.@@@.......@.
.......@.@..@....@@..@@@...@.....@...@...@.....@.....@......@@@.@...@.
....@..@@@@..@@......@@....@@..@...@.@.@@....@.....@.......@.@.@......
........@@...@@....@@........@.@@....@.......@..@@...@@.@..@........@.
..@.@@......@.@.......@.@.........@...........@....@@@...@..@.@@......
@......@..@@..@@@....@...@.@...@......@..@@@@....@...@..@.@...........
..@....@.@@...@.@.....@.@@......@.@.@...@@...@.@......@........@...@..
....@...@...@.....@@@..@..@.@.@.....@.@@@...@.....@..@.@.....@@....@@.
....@.....@@...@......@..@...@@..@..@..@..@..@@@....@.......@........@
...@@...@..@.@....@@@.@....@..@.......@..@@......@...@.@@.@@@...@.@@@.
....@..@.@.....@@.@@@..@...@.@...@.@...@.@..@@..@..................@@.
.......@.@...@..@@.......@.@@..@...@@.@...@.@...@..@.@.@.............@
.@...@@.@@....@..@...@.........@.@.@....@@.....@.@@....@......@@.@@@@.
..........@.....@.....@.......@.....@@...@@@...@.@...@@@..............
@.@.....@.@..@@..@......@@.@@@@@@.......@@..@@.@....@@....@@@..@@.@...
.@..@@.@.@@@@@.@.....@..@..@@@......@@....@...@........@...@...@@....@
..@@..@....@..@.@..@..@.@....@@...@...@@.@...@.@.@.......@@...@...@@.@
..@@..@..................@@..@.@..@.....@.......@.@.@....@@......@@.@.
@@.....@.@@............@.@..@..@@..........@@.@..@@........@@.@.....@@
.......@.@......@@.@......@.....@@@...@......@.@@......@@.............
.@.............@................@.@...@.......@....@@..@.....@@..@...@
@......@@........@.@@@........@......@.@..@....@..@@...............@@.
..@@.@.@@.@.@@......@.........@....@..@@.....@.@@@@..@....@..@........
.@@..@....@.@.@..@@..@.@@.@....@@.@....@..@....@........@......@...@..
.@...@@@.@........@@@@.....@.@..@.@..@@......@..@@....@.@...@..@@@@...
@.@@@..@@@.@..@@...........@@...@..@...@.@.@......@...@@..@..@.@@..@..
@....@..@.@..@...@@.@..@....@.@..@..@.@.@......@....@@.@..@.@......@@.
..@@...@.@..@....@..@.@...@.@..@...@.@@...@@.@.@@@.@..@.@.........@..@
@..@.@.@.@@.....@.@@@....@...@@@@.@@.............@...@..@....@..@.@..@
@.@@@..@.....@...@......@.@@@.@.@....@.@@@@.@..@......@.@.@.....@..@@.
@..@.....@.@...@.........@@......@.....@....@..@.@.@.@..@@.....@.@@...
......@....@.@.@@@.@........................@..@...@.@....@........@@.
........@.....@...@@...@.@....@...@@....@.....@...........@@....@.@@.@
....@......@.........@@@@@@@...@...@..@@@.....@@@@....@@@.@@...@.....@
......@.@...@...@@....@..@..@.@@..@@..@@.@..@.@....@@@.@@.@.@..@@@...@
.......................@..@...@.@...@@.@@..@.....@..@......@....@...@.
.@.....@........@...@@.......@....@...@@.@......@..@.@..@.@.@@........
....@....@..@..@......@@...@...@@@@....@....@..@.@@..@......@..@....@@
@@...@....@@..@......@.....@..@@...@@.....@.@.@..@..@@@.@.@.....@....@
@@...@.@@..............@...........@@....@...@.@....@........@....@...
....@...............@@@.@..@........@.@.@..@@@.....@@.@..@..@@@@..@@..
.@@.....@@@..@...@..@..@@..@.@....@@@@.@.@@.....@.@@@@.@..@.......@..@
.............@......@@.@@@....@..@....@.@.@...@......@@.@.@@.....@@...
.@........@.....@@.@.@....@@.@....@.....@@.......@@@...........@...@@@
@.@.@.@.@........@@.@.@..@@..@......@@......@...@....@@@..@.@.@...@.@.
@.@@..@.@@.......@@.@@.......@.@.@@......@...@..@.@.@........@.@.@..@@
...@@@..@@...............@...........@@.@..@......@@@..@.@.@@..@......
......@@@@.......@..@.@@.@.@........@@@@..@@.@...@..@.@..........@....
@@...@..@..@.@.......@.....@..@..@.@..@@@@@..@.@.@.@.@@@........@..@..
.@...@..@...@.@..@.@@.@....@@..@....@......@..@@.....@.@.@.@.......@..
..@.@.@@@@@@@....@@.@.....@......@..@.@@..@.....@..@.........@@@....@.
.@..@@@.@.......@...@.@.......@...@@.@@@.@..@.............@..@@@@.@@.@
@.@....@@...@...@@..@@@....@@.@..@@....@..@@......@...@@......@@..@.@@
...@@..@@@..@@....@..........@..@@@....@..@...@.......@...........@...
@.@....@.@...@...@.....@........@....@...@.@.@@......@....@..@..@@@@@@
.............@@..@.@@@@.........@....@@@@......@...@......@@.@..@.....
@...@.......@...@.@...@......@.....@...@@@@.@......@..@@...@@@@.@.....
.....@..@.....@........@@..@@@.@.@....@@@....@..@@.@.....@@@@...@@...@
@.@@@......@.@@..@.@@..@..@@@..@.......@..@....@@......@@..@...@.@.@..
...@.@.......@..@.....@......@..@..@@.@....@@@.@.@@@@.........@..@@...
@@..@......@@.@..@..@.......@..@..@.@.@@@@.@....@...@...@..@..@@.@.@..
@@.@..@...............@.@..@.@....@...@....@@.@..@@..........@..@.@...
@@@...@.@.@@@..@..@...@.@...@@.....@............@.@.....@......@.@...@
.@....@.@.@..@@@@@..@.............@@.@...@..@.....@.@.....@.@....@...@
Agents:
35
0,7,15,41,58
1,21,34,30,13
2,13,51,25,25
3,49,38,38,45
4,47,45,4,35
5,55,7,55,6
6,19,27,15,50
7,58,5,59,11
8,35,1,0,54
9,29,69,40,66
10,39,61,23,39
11,51,24,56,16
12,49,62,29,68
13,40,5,9,30
14,27,62,11,4
15,0,48,52,12
16,13,37,30,44
17,63,43,48,7
18,65,15,60,19
19,35,16,27,61
20,1,23,4,43
21,21,19,64,34
22,46,49,11,6
23,44,6,50,39
24,39,6,64,16
25,39,33,20,68
26,31,62,17,62
27,6,65,4,66
28,1,45,59,45
29,40,23,9,58
30,53,33,47,67
31,40,67,34,41
32,9,42,12,57
33,32,62,45,3
34,11,51,32,4
