2
Grid:
60,60
.......@..@..@...@.@@@@......@@.@...@@.@.@.@@@.....@@.@.....
.....@@@@.......@.@..............@@....@@.@.@..@@..@.@..@...
@..@..@@...@@.......@......@.........@..@@....@..@.@...@..@@
@@.@............@........@@..@@@.@.@.@....@@..@.@...........
.....@....@@@.......@.@..@.@@....@.@........@.@@.......@@..@
..@@.@.@......@..@@..@..........@@.@..@.....@@.@.@.@.......@
............@@@@.....@@@..@.....@......@.........@.@@..@@@..
@@....@@............@...@...........@.@...@..@...@.@@....@..
.........@..@@..@@......@.@....@.@...@@@........@@@....@.@@.
@..@@@.@.@..@.@...@........@...@@.......@.@@..@...@.@.@.@@..
...@@..........@.@..@............@....@..@@@@......@@@.@...@
....@@.@@.@.....@..@@..........@...@.@...@.......@....@@@@..
....@@.@......@@....@@......@@.@...@..@@.@.@@...........@...
....@...@.@@...@....@...@@@........@...@.....@........@.@...
.@@@...@...@@.@@..@@..@.....@..@...@@........@@@@.....@.@@..
...@.@..@....@@@@@@@.....@.@@@@.@.@....@...........@..@@.@.@
.....@@..@..@@@..@...@..@@..@.@.@@.@.@.@..@@..@......@......
...@....@.@@..@......@@@........@@@...@...@@@....@@.@@..@.@.
..@..@@...@....@.@.@.@...@....@..@@.........@@...@..@..@....
..@...@..@.@...@........@@..@..@@@.....@@@@......@..@@....@.
@@...@...@.....@.@@@.@.@@..@@.@......@@@@...@@......@.@.@.@.
...@@@@.....@@.@.@..@@..@@...@....@...@.@....@.@.....@......
..@@...@.@......@..@.@.@.....@@@....@.@@@@@.....@@..@@.@@@@.
@.@.@@..@.......@@.@.@..@......@..@....@..@.....@@@@...@....
..@.@..@.....@....@.....@.@@@...@@.@@...@...@.......@....@.@
..@............@..@@..@.@..@@.@@..@.@@@........@@...@.@.@@@.
.@..@..@......@.....@.....@....@.@....@@@...@...........@..@
@@@@@..@@........@.@...@.@............@@.................@.@
.@.....@.......@@@..@...@@.........@....@........@@.@.@...@@
.....@.....@@..@.....@....@.........@.....@.........@......@
.......@..@......@..@@@@@..@..@@.@.@...@@@.@@@@@..@@.@..@@.@
..@....@..@.@@.....@@..@..@.@...@...@........@.......@..@@.@
...@@...@@..........@......@....@...@.@@..@@..@@@...@...@.@.
..@.......@...@.@..@..@..@.@@..@..@@...@...@....@..@@@.@....
....@@...@@.@.@..@@@....@....@....@...@.......@@@.....@.@@..
............@..@@..@......@..@...@...@...@@.@@.@.....@......
...@...@......@@......@.....@@.....@@@........@...@@....@...
@.....@@@..@.@.@@@......@..@..@@@....@@..@@.@.@.@.@.........
.@...@@.......@.@..@.@.@....@..@........@...@@...@....@.....
@.....@...@.@@.....@.@@....@..@@@@.@@@@..........@@......@..
@.@.......@.@..@@....@...@@.@.@...........@@.....@......@.@.
....@.....@.....@.@.......@..@@@@@.@......@.......@@@...@..@
@....@@..@..@...@@...@@.@...@@..@..@@@......@@.@@..........@
.@.@...@.@..@..@.@@..@@@.@...@..@...@@.@....@..@.......@.@@.
..@..@@...@@.@@@.@....@...@...............@.@.@.@@..@...@...
.@.@............@.....@.........@@@.@...@..@....@.@.@@@.....
..@...@.@..@@@.....@......@@@.@.....@.......@.@@...........@
@....@...@.....@...@..@....@....@...........@@...@....@@..@.
..@...@..@...@.@.......@@.@...@..@................@.......@.
@@.......@...@..@......@.@...@@@.@.@.@..@.....@.@.@.@@...@..
.....@.@.....@..@@...@.@.....@....@......@@..@..@.@...@...@.
.....@.@.....@.........@.@.....@....@@@@@@.@@...@..@........
...@...@@@..@.@.@@@..@..@@@..@.@.@.....@.@@@....@@.@........
....@@.@..@@@@@.@@..@.........@.@...@@.....@.@.....@....@...
.@..........@@..........@@@@.@....@....@..@....@.......@....
@@@...@@@.......@@.....@...@.@@@@.@@...@..@....@.....@@....@
@.@@.@......@..@.@.@@.......@@...@......@...@...@......@@@.@
.@@..@@@..@.......@.@....@@......@@@.....@..@.........@@@@.@
.@..@.@..........@.@..@...@...@@......@.@.@@.......@...@@@.@
...@...@.@@..@......@..@.@...@...@@......@@......@........@.
Agents:
70
0,29,19,18,35
1,46,3,39,46
2,15,44,31,31
3,49,59,4,57
4,50,11,43,49
5,57,0,50,10
6,7,59,55,28
7,55,40,52,19
8,39,9,39,24
9,5,19,47,48
10,7,8,13,29
11,3,57,29,8
12,31,16,22,37
13,3,15,24,20
14,47,14,49,58
15,35,14,48,51
16,56,58,8,8
17,45,19,34,3
18,8,5,3,50
19,51,42,51,42
20,8,59,24,51
21,9,19,48,1
22,44,24,36,27
23,35,50,19,5
24,34,21,15,12
25,49,43,53,48
26,8,53,31,54
27,44,31,26,5
28,29,24,6,42
29,36,24,51,10
30,6,42,52,23
31,59,37,18,22
32,5,4,21,22
33,20,25,1,19
34,13,21,22,20
35,43,56,36,41
36,6,25,18,54
37,57,58,36,55
38,57,36,29,58
39,58,27,15,2
40,22,51,43,53
41,55,44,33,46
42,0,5,28,34
43,24,1,49,47
44,22,12,27,52
45,7,4,47,31
46,47,40,54,6
47,3,8,31,44
48,40,39,6,43
49,53,42,43,59
50,45,25,57,47
51,54,58,42,26
52,6,31,34,35
53,14,44,7,44
54,8,20,10,0
55,3,14,6,4
56,0,11,10,29
57,20,59,23,30
58,41,1,33,41
59,10,16,11,2
60,24,14,19,19
61,11,15,48,40
62,51,17,51,59
63,5,42,39,41
64,22,50,11,3
65,57,23,40,7
66,56,27,43,41
67,37,56,17,36
68,35,51,59,44
69,48,40,23,54
