0
Grid:
70,70
...@........@..@.........@@...@.@............@........................
@.@.......@.......@....@.....@..........@@...@......@...@..........@.@
......@.....@..@.................@@...@.....@...@....@................
.......@...................@...@....@......@..........@.@.@...@.......
.....@.....@@.@.@@....@................@...............@.........@@@@.
.@.@.......@........@@.......@.@..........@.@.....@@......@..@.@......
..................@.......@@.......@....@........@..@...@........@....
....@..@..@..........@..@.......@......@...@..@....@............@..@..
......@....@.@...............................@@....@....@.....@.......
@.......@.....@.@............@@.@@...............@.....@..@.@.@.......
@....@.....@.....................@........@.@......@.......@@@......@.
@........@..@...@@..@....@...@....@...@@....@@.@..@....@.........@@..@
...@.............@.@.....@....@....@.......@....@....@........@.@@...@
..@@@.........................@..........@...@...................@..@.
@............................@@...........@.@.@..@....@.@....@..@..@..
....@...@...@...........@.....@@..@.........@....@@.@.............@@..
.....................@................................@..@............
..@@............@......@...@...........@@............@....@...........
........@@.@.@........@.....@.................@........@..@...@......@
..@.@.@....@@.....@.........@.......@..@.........@....................
....@@.......@.....@........@....@.@@.@...@@.@.............@..........
.@@............@.......@.@..@..........@.@.@....@......@.@...@@....@..
............@.........@.........................@.@..@......@...@...@.
.......@.......@..@...........@@....@....@..........@.......@@.......@
@..............@.....@.......@.@@@............@@.@.@.............@....
.........@......@.....@.@.@...@..........@..@.......@.@.@..@........@.
...@.............@...@.........@..@..@......@.....@@........@@.@......
.@......@...@.....@...................@.@...@...@.....................
....@................@..@...@.......@@....@..@.....@...@.@....@..@....
...............@...@.@...@......................@....@.@.@............
.........@.....@......@.......@.@...@..@..@.@........@@@.@.........@.@
.@....@..@@.@.@........@@@..............@@.....@.........@............
.........@@.@..@..@.........@@@.........@.@..........@..@@.....@....@.
.@@..........@..@.......@..@...@.@...........@...@.@...@.............@
..............@@...@......................@..@........@...............
...............................@.@.....@....@.@...@..@..@...@.....@..@
.....@...@...@.......@.......@..........@.........................@.@.
..........@@............@......@.@.............@.......@@.............
....@...........@.............@....@.....@........@...@..@@..@..@.@.@@
..@@.........@.@.@..@....@....@.............@........@.@..............
@..........@....................@.........@..@..............@..@.....@
..............................@..........@...............@............
@............@..@......@....@.............@...@................@......
......@..@..@.............@..@@.........@....@...................@...@
.@.@...@.@......@............@..........@.......@.....@.@..........@@.
.............@..@.......@..@..@...@...@.......@...........@.@.@....@.@
....@..........@..............@..........@@@.....@....@...............
@...@........@....@....@.........@@.....@.........@@..................
.....@.....@.@........@.@.....................@.@.......@.....@.....@.
..@....@@.........@.......................@..@..@....@...@...@........
@@....@...@@@@....@...@.@@..........@..........@.@....@.@...@.........
......@......@....@.........@.............@.@......@.@...@@..@.@.@....
.........@@.@......@...@.@@..........@...........@........@...........
.........@.@..@@@...@@.....@....@.........@..........@.........@......
......@........@@..@.........@................@.@@.@............@.....
@.......@@................@@..........@.............................@.
@...@..............@....@..@........@....@.@.............@..@..@@.....
.@...@.@..@.........@.@................@@...................@.....@...
......@......@....@.........@.......@.....@...........@...............
.@.@....@......................@.......@....@..........@@...@.........
.....@..@.@.............@.@..........@....@....@..........@...@.@.....
@.@.@..........@..............................@.....@@........@...@...
....@......................@...@@.@.......@....@.............@@......@
...@@...........@......@..........@.....@.......@...@.................
............@@@............@...@.@....@@.....@................@.......
..............................@.......@.............@......@..@.......
....@....@.....@..@..@......@..@..................@...................
@......@...@.............@......@@.......@@............@...........@..
.........@...........@................@..@...@...@.......@.@@.......@.
....@.....................@@.....@@@.@.......@@@...............@......
Agents:
70
0,52,7,54,35
1,55,15,26,2
2,66,35,37,62
3,23,50,66,41
4,43,42,29,40
5,15,3,54,43
6,10,38,65,42
7,13,25,6,19
8,57,11,35,42
9,46,53,12,26
10,55,44,11,37
11,64,35,4,47
12,35,38,24,55
13,40,18,43,15
14,34,3,57,55
15,69,18,60,25
16,58,31,4,25
17,34,58,0,63
18,64,40,46,53
19,19,3,29,30
20,25,65,46,17
21,31,19,33,41
22,3,59,26,48
23,38,63,2,24
24,1,59,61,60
25,3,41,41,10
26,31,2,40,43
27,40,57,34,61
28,2,42,59,7
29,18,14,51,1
30,39,67,14,19
31,4,25,26,23
32,30,17,66,44
33,62,43,6,69
34,28,60,49,12
35,32,45,60,12
36,17,44,29,38
37,69,28,40,13
38,56,56,18,26
39,1,12,51,56
40,17,6,52,5
41,25,14,27,62
42,46,16,65,2
43,49,5,50,34
44,45,59,15,65
45,58,45,1,35
46,29,56,54,36
47,49,58,59,68
48,43,38,22,28
49,8,65,13,40
50,25,40,38,10
51,4,24,69,56
52,14,11,62,22
53,11,27,47,15
54,47,61,68,22
55,8,23,45,57
56,41,45,37,51
57,14,66,37,20
58,65,27,48,60
59,0,10,44,46
60,58,41,29,10
61,49,68,30,3
62,13,32,66,24
63,51,55,47,55
64,10,46,55,7
65,26,1,45,52
66,64,17,52,40
67,12,67,63,38
68,37,5,64,7
69,64,1,24,36
