0
Grid:
70,70
...............@..@.....@..@....@.......@......@.........@....@.......
....@.@..@.........@.....@.....@@.@.@......@.........@...@.@@.......@@
........@..@.@.....@.....@..@@...@...........................@........
.....@.........@.......@.........@...............@@.@...........@..@@@
.....@...........@.@..@...@@@...........@.@....@....@@..@.@..@.......@
............@@......@....@....@...................@.....@....@.@..@...
.....@..@...@......@.@..@........@.......@@.....@..@@.@.....@.........
.@..@.....@............@...........@......@.................@@.......@
.@....@.......@...@.............@......@....@...@..................@.@
@...@...@.....@.....@@.........@..........@.@.@.@.......@......@......
.............@....................................@..........@........
@...@...@@........@@@..@........@.@....................@.@.@..........
.......@.@....@.......@........@.@.@...@@...@.@...@.........@@........
...@@..@.............@....@.......@..@..@.......@..............@..@...
.@............@......@..@...@................@..@....................@
..@.....@..@..@......@......@..................@@.@.......@...@@@.....
.@...........@@@....@..@@.........@..@.....@.@.....@....@@.......@@...
...@....@....................@........@...................@.@.....@.@.
...@...@...@.....@.........@@@@..........@.......@...................@
@@..@@@.....@....@@.....@..........@..............@..............@.@..
...@@@...@................@...@...@........@...........@.@............
.......................@@.@...@..@.....@...@.@.................@......
........@.....@@.@..@@@.......@@.....@......@..............@.@.@.@....
...@.........@..@@.......@.....@..@@...........@...@..................
@.@..@.@..@.......@................@..@..@.....@.........@..@.....@...
..@..@.......@..@........@...@..@.....@.....@@.........@.@............
................@..........@........@..@..................@..........@
..........................@...@.........@............@................
....@.@@....@..................@.............@...@..@@................
.@@.@.....@........@...........@..@..@.@....@..@.....@.@.....@........
....@......................@........@.@.....@@.....@@.........@@@@@@..
......@...@....@.@.@........@....@.....@.............@...........@..@.
......@...................@....@.............@................@......@
.@@....@.....@...@..........................@.@..@..@....@.@....@...@.
................@@.....................@....@.......................@.
...@@@.@@..@............@................@@....@.......@....@.......@.
.....@............@...@.............@.@...@...........................
...@..............@.........@..@..@..........@..................@@....
....@.@.....................@@.@....@....................@....@.......
.@..........@@.....@................@............@........@.@@...@....
@...@@.@.......@@.@..@................@........@...@@.....@........@..
..........@.........@...........@...............@.@..........@.@.....@
.................@......@...........@...........@.........@...........
.@....@..........@....@..@.........@.......@......@@.................@
........................@......@......@....@..........@.....@....@....
........@....@@..@...........@..@....@...........@@.......@........@..
@.@.......@................@....@@@..@...............@................
...@.....@......@...@..@.........@@.@..........@.....@.........@......
..@..@..@.........@.@@.@........@........@....@.@.....................
...@..@.........@..@.@@..@...@.....@.........@.....@...@....@......@.@
.@...@........@.........@.@@@@....................@..@...........@....
@...@..........@.....@.....@.@.....@......................@...........
.@.@..@.@...@....@...........@..@..............@............@.@...@...
.............................@............@...@@.@.@................@.
.............@.........@............@..@.................@@...........
..................@.@.@...@...@.....@.@.............@@.@...@....@..@..
..@....@........@..@...@..@@...@@..@.........@@@...........@.....@.@..
.@...........@.@@.@@.....@....@...............................@.......
.....@..........@....@.............@...............@...@..@...@.@.....
@............@.......@.@.........@....@.....................@.........
....@...@...@.@.........@.............@...................@...@@......
.........@........@@......@......@.............@..@@...@.............@
..@.......@...@............@....@...@..@.@.......@......@@.@.@@@......
..........@.............@....@.@...@.@.@..@.@...............@...@..@..
......@.@.....@..................@.@........@.@..@....@@..@..@@.......
......@........@..@...@.......@......@..@...@..@.....@.............@..
................@..@..@.....................@.@@..............@.@.....
.@....@................@@...............@.@.......@@...............@..
.@.........@...@.@.........@.@..........@@........@.........@....@.@@.
.......@.@...@..@@........@..@@..@..@......@@......................@..
Agents:
55
0,25,10,27,33
1,25,9,61,22
2,54,41,67,2
3,67,55,1,16
4,57,69,50,42
5,31,34,9,9
6,50,8,44,29
7,43,7,28,29
8,17,0,55,65
9,65,58,44,39
10,51,25,10,1
11,1,66,29,13
12,15,44,22,23
13,33,12,18,39
14,21,20,51,66
15,31,11,67,55
16,44,15,44,33
17,20,60,50,58
18,52,20,8,61
19,50,38,41,27
20,0,69,33,53
21,58,44,61,62
22,56,17,53,24
23,17,25,38,17
24,43,46,6,58
25,24,36,36,15
26,28,69,14,36
27,7,57,57,34
28,26,22,31,48
29,21,44,39,46
30,47,11,19,14
31,2,38,10,43
32,33,28,46,44
33,17,62,36,43
34,52,26,66,49
35,57,52,69,23
36,45,42,9,38
37,7,40,56,4
38,58,15,1,14
39,64,66,0,65
40,47,55,25,47
41,57,8,10,37
42,56,21,7,56
43,52,64,34,13
44,64,27,12,51
45,16,25,32,14
46,26,19,5,64
47,11,28,25,7
48,30,60,66,33
49,7,50,7,52
50,33,6,29,33
51,50,51,31,11
52,41,35,44,44
53,45,23,1,44
54,68,24,51,53
