1
Grid:
60,60
.@@......@.@...@.........@@..@......@...@.....@...........@.
......@........@...@@..@@.............@@........@...@.@@....
......@...@........@...@......@@@.@@@....@....@....@..@.....
....@....@.....@..@@@....@.....@..@@..........@@......@.....
....@...........@.@.................@.......@@......@.......
..........@..@..........@...........@..@..@......@.@.@@.....
.......@.@....@@..@..@....@...@@...........@.@..@..@.....@..
@...............@.@....@..@....@....@..@......@..@..@@......
.@..@...........@.@.....@...@.....@.........@............@.@
.@...................@...@.....@........@..@@......@........
...............@..............@...@.@.....@.@..@........@...
..............................@..................@..........
......................@....@.....@..............@...........
.......@@..@@@..............................@..@.......@....
....@.@.@......@......@.................@........@.....@....
...@.....@..........................@....@@.................
..............@..............@.@............@..@....@.@@....
...........................@.........@..............@.@.....
...@..@.@.........@......@.@...@....@.............@.........
.......@...........@@........@.@@.......@...@.@.@..@....@@..
@..............@..@............@.@.@.......@..@......@@....@
....@..........@.............@..@..............@......@.....
...@.......@@.@..@..@........@......@..@....@......@...@....
..@......@.....@.................@.@@...@...@..@..@.@..@....
@.....@...........@..@................@@.@..@......@@....@.@
..@....@......................@.@...@.......@...............
@..@...@.@...@@..................@...@..@.....@...@@......@.
..........@..@............................@@........@.......
.........@..@.....@...@......@@.@@..@@@.........@...........
@..........@..................@...@....@.@@....@...@.@......
.@......@.......@........@..........@@................@.@..@
........................@.@.@.......@..............@@...@.@.
.@.@.@....@.@@.@........@.@.@.........@.@...................
.....@...............@.....@......@@.@......@..........@....
.@......@..............@...@@........@.........@.......@@...
.....................@.@..@..................@..............
@.@.....@.@....@.@....@..@.@@..@....@.......@...@..........@
.........@..........@..@.......@@.@...@...@.................
.@...@..@.......@........@...@...............@.......@......
.......@......@.......@.......................@@.@..........
........@............@......@...@...@@............@.........
.....@@......@.@........@.......@.@.......@.........@......@
...@...@..@...@.@@.........@@..@@.......@.@........@.....@..
............@......@......@...........@.....................
........@.@@......@...........@..............@.....@........
..@............................@@..@..@..............@@@....
...@...................@.@...............@..@............@..
...@.@.......@.........@.........@.....@..........@.........
........@.........@@@..@................@...................
....@.@..@.........@.....@.@............................@...
.....@.....................................@........@...@@..
...@..........@................@..@...@.........@..@...@.@..
......@...@.@.@@.@........@.@.........@.....@...@..@...@....
...@......@..@...@@..@..@....@.@..@.@@.......@..@...@@...@.@
.@..@.@...@....@.......@....@.@..@........@.................
..@........@....@..............................@.........@..
...@..@....................@.....@......@...@.....@....@...@
.......@......@.....@...@.@...@.............@...@....@@....@
.@..........@.......@....................@....@@......@.....
....@...........@.@.@..@......@@...@...@.@..................
Agents:
80
0,12,47,26,45
1,2,33,27,2
2,19,37,30,18
3,40,10,58,37
4,40,48,50,30
5,14,36,5,9
6,11,11,1,43
7,52,35,44,4
8,53,16,4,8
9,38,11,42,43
10,50,39,38,36
11,33,10,27,57
12,30,7,8,39
13,5,2,2,28
14,1,16,33,56
15,42,23,37,11
16,38,39,59,17
17,6,20,19,10
18,44,15,15,21
19,11,42,3,29
20,37,8,58,10
21,54,57,33,15
22,41,23,26,8
23,35,20,0,22
24,3,57,26,6
25,44,17,28,28
26,27,1,22,15
27,56,23,12,46
28,59,8,6,46
29,7,33,40,57
30,4,37,7,4
31,10,51,48,42
32,57,32,18,14
33,4,32,48,12
34,4,55,26,5
35,33,42,42,52
36,44,36,44,15
37,28,6,29,14
38,31,45,19,45
39,58,3,37,30
40,31,25,36,53
41,55,37,54,50
42,8,37,3,49
43,38,59,51,47
44,21,9,0,52
45,46,50,42,47
46,25,3,15,1
47,15,30,3,1
48,6,6,45,33
49,12,31,39,56
50,39,0,19,6
51,39,42,26,19
52,12,45,54,52
53,55,20,16,27
54,49,22,23,32
55,12,15,56,11
56,29,26,1,44
57,17,33,58,50
58,50,38,26,11
59,41,28,38,3
60,29,27,47,52
61,56,25,29,45
62,12,24,51,2
63,9,28,18,4
64,56,8,28,59
65,36,19,11,2
66,20,38,28,23
67,56,1,9,19
68,54,5,15,59
69,13,53,48,37
70,18,51,35,42
71,36,45,21,25
72,14,53,20,44
73,32,0,15,48
74,19,33,18,13
75,49,11,57,45
76,45,47,44,39
77,32,31,18,48
78,10,20,44,49
79,18,14,14,31
