0
Grid:
70,70
.....@...................@............................................
....@..@.........................................@....................
.................................................................@....
..@..........@...................................................@....
...............................................................@......
.................................@..........@........................@
..@@.@.......................@........................@.............@.
.............................................@........................
.....................@.............@...................@..............
.............................................................@...@....
....................................................@.........@....@..
.....................................@.............................@..
.............................................@......................@.
.........@...........@..................@.............................
...........................................@..........................
.......@.....@........@.@........................................@....
.....@.................@.........@....................................
....................@........@.@..........................@......@....
....................@......................@......@................@..
...............@................................@.....................
@.@@@..................................@.....................@@.......
@........@@.....................@.....................................
..@...........................@..@...@....@................@..@.......
.........................................................@...@........
...@..@..........@.@......@..........@..............................@.
.....@....................@...@.......................................
.............................@.................@......................
..........@.......@...@........@.....@....@...........................
........@..@@................@........@.....@.....................@.@.
................@.....................................................
.@....@.......................@.......................................
............@..........@................................@@@.@.........
................@............@............................@..@........
...................@................@....@....@...@.................@.
.................@......................@@...@@.....@............@....
...............................................@@....................@
...........@...@........@.......@.....................................
..............@.......................................@...............
................@.......................@................@............
.........@....@...........................................@...........
..@..@...............................................................@
.........................@................@...........................
...........................@....................@............@........
......................................@...............................
...........................@.......@..@...@.........@...............@.
..............@.........................@.............................
............@....@....@...............@...............................
......................@...........@...................................
..................@...@.........................@.......@@............
.............@...................@....@........@..@.........@.........
..@........................................................@..........
..................@...@..........@....................................
...................................@....@............................@
.....@.......@......@...@......................@..........@...........
.......@.....................................@.....@..................
..............@................................@.........@............
......................................................................
.......@............................@.................................
......................@.........................................@.....
@......@..............................................................
................................................................@.....
.......................@...................@........@.................
.............@...@...@..@....................@........@...............
........@@.................................@..@.......................
...........................@.......................@.............@....
..............@...................@.............@......@.@...@........
@.@......@......................................................@.....
........@.......@..........@............@................@...@..@....@
..@.....@...........................................@.................
..........@.......@.@.............................................@...
Agents:
75
0,2,61,37,16
1,1,30,14,8
2,13,69,45,19
3,30,32,48,27
4,28,2,24,24
5,62,52,52,25
6,13,22,66,47
7,53,15,29,65
8,51,66,65,25
9,30,10,23,44
10,34,19,41,49
11,64,16,5,40
12,3,28,39,3
13,41,13,46,56
14,54,65,14,56
15,3,44,20,65
16,55,23,54,68
17,65,25,68,37
18,21,4,66,20
19,34,23,32,4
20,2,29,54,69
21,16,64,25,51
22,2,51,12,31
23,6,40,39,2
24,37,52,1,55
25,1,47,44,16
26,4,65,57,57
27,40,52,35,65
28,66,54,68,28
29,27,54,36,1
30,27,17,9,36
31,48,32,11,19
32,68,17,51,38
33,66,60,35,39
34,27,28,64,52
35,64,46,7,31
36,32,6,13,7
37,7,5,56,6
38,3,0,48,37
39,14,22,6,12
40,21,1,40,24
41,45,2,12,0
42,64,26,6,24
43,39,60,65,62
44,52,12,60,46
45,28,36,22,22
46,47,49,28,65
47,51,54,10,19
48,65,54,26,60
49,54,15,40,48
50,12,9,62,44
51,58,25,59,9
52,15,68,46,15
53,57,35,60,56
54,49,66,15,47
55,33,26,64,36
56,42,46,69,12
57,38,42,34,43
58,47,6,30,11
59,7,15,25,33
60,69,27,52,57
61,10,22,45,4
62,23,19,34,22
63,4,29,50,68
64,37,5,57,12
65,58,36,17,52
66,14,38,33,59
67,11,41,55,49
68,2,17,60,25
69,32,31,27,59
70,66,42,0,21
71,16,39,3,38
72,13,5,35,30
73,15,23,65,22
74,6,48,53,56
