0
Grid:
70,70
...@@.@.@..@@......@@.....@...@@.@..@.@@..@..@@.@.@@.@.@....@@.......@
.@..@.................@.@......@@..@..@...@.@@@.....@.@.@.....@.@.....
.@@@@@...@@.@..@.@.@..@@...@@........@...@............@..@....@@@..@..
..@.@.@@......@.@.@..@..@.....@@.@.......@...........@@@..@@..@@@.@@@.
.......@@....@.......@.@@..............@...@@..@@..@@....@.@@....@....
.@.@.@.....@..@@@...@.....@.................@.@.......@..@..@......@..
...@..........@@@@..@.@@....@@.......@@....@@@.@......@@.......@@.....
.@............@....@....@..@.@...@..@..@@.@.@..@..@..@@.@....@....@@@@
........@@.....@.....@............@@.@.@.@....@.@..@@...@...@......@..
.@@..@........@@..@@.......@.@..@.@.@....@..@@...........@....@..@@.@.
....@@........@@...@....@..@...@.......@..@.@.@.......@..@.@.....@..@@
..@@..@.....@......@.@.@......@@@.....@..@.......@.@......@....@.....@
..@.@.......@.@@.@@.......@.@..@...@....@.@....@@....@..@.@...@@...@..
..@...@@...@@.@...........@.@.@....@@.@...@.@....@.@@@.@...@.@@@..@...
...@@....@.....@@...@@....@.@.....@..@@@...@........@@.@..@.@@....@..@
...@@.....@.@@...@...........@.@.@@..@@.....@...@.@........@.......@@.
@...@@......@......@......@@.@@@.@......@.@..@.@@..@..@.@.@@...@@@..@.
.@...@..@@@.......@.................@...@@@@..@..@@@.@..@..@@@@......@
@@.@..@..@@.@@........@.......@@..@..@@..@....@.@@...@...........@....
...@.....@.@......@.@@@.............@.....@....@@.....@.@@@..@.@@@....
@...@.......@.@@......@.@.@....@.....@....@..@.@@............@.@.@...@
....@...@....@..@..@@..........@.@.@....@@.@.@..@........@.......@@...
@.@@...@.......@...@.@@...@.@............@....@.@.......@......@..@...
..@..@.@...@.....@...@@@.@@@@...@.@..@.@..@.@.@...@@..@@.....@.@@@..@.
....@@.@..@...@@.......@@.@........@@...@@.@....@..@.@@@@...@@........
.@@..@...@@......@........@@....@@@.....@..@@.@@..@@@@.........@@...@.
.@.@@..@@..@@....@..@.........@@..........@.@@..@...@.....@@@@......@@
.@.@..@@...@......@@.@...@...@....@...@@...@@@.@....@.....@.@....@....
.....@.@.........@..@.....@..@@@@@...@@@............@@..@...@@..@@.@..
@.@@.@@.....@..................@@@@.@@..@@.@.@...@@@.@...@@.@@..@...@@
......@.....@@...@.....@..@@@.@..@@.@......@.@.@.@..@.@@@.@.@.@..@.@..
.@............@.....@..@...@@..@@@....@..@.@....@...@.....@@@@@...@...
.@......@....@..@..@.@..@.@........@.@....@..@.@....@@.@@....@@....@@.
@@....@.@....@.@....@.@.@....@.....@...@......@@@.........@..@...@..@.
...@....@.@@..@.@@..@.@@@@..@.....@...@..@@.@@@..@......@@.@...@@..@.@
.@@.@.@.....@.....@...@@.@@......@.....@..@.@@...@..@@................
....@..@......@..@....@@...........@@.@.@.@..@.....@..@..@.@.@@.......
@..@...@@...@.@.@@....@.@.....@@@..@.@@.@...@@@@....@@@...@@.......@..
@@@@.@.@@.@..@..@.@...@@............@@.@@.@.@.@@@.@.........@....@.@..
............@@..@.....@...@...@.@@@..@@......@@..@.@.@.@@....@@...@.@.
...@@....@...@....@...@....@@.@.@@.@..@@...@.......@.@@..@....@...@@..
...@@@...@.@...@.@@@@@....@@.........@.@...@@@@.......@@.@@......@....
..@...@.@.@@........@.@...@...@@.@..........@.@.@.@.......@.........@.
....@..@...@.@....@.@@..@....@@.........@.......@@@.......@.@...@...@.
.@@.@@.@.....@.@.@@.@@@....@@............@..@@.@@.@...@.@@..@....@....
....@.@.@...@@..@.......@..@.....@.@..@..@..@..@@.@@......@.@..@@....@
....@.@@@@...@...@@.....@..@@..@.@@........@.@.....@.@....@@@.......@.
@....@@...@...@..@....@.@....@.@.@....@...@..@..........@....@..@.....
......@@@......@@@....@.@...@@...........@.......@.......@@.@..@@@.@.@
....@.@.@.....@.......@@.@...@........@..@@....@@@@..............@.@..
.@.@...@....@...@@..@.@@..@.@.@@..@.@@.......@.....@..@@..@..@.......@
...@.@.........@.@.@..@...@..@...@....@.@.......@@....@@....@.@.@.....
@......@...@@@....@....@...@@.............@....@..@@...@....@@@.@..@.@
..@...@@..@...@..@.....@....@@.....@@.@..@.@..@....@..@..@...@.....@@.
.@.@@....@@..@.....@..@.@@@..@.@@.....@....@.@..@..@.@...@....@@.@....
......@.@..@.@.......@...@@..@@@..@...@...@...@..@.@...@@.@@@@...@@.@.
@@.........@...@...@@.@....@.....@....@@...@@@@....@@....@...@....@...
....@........@...@.@.@...@.@..@.@.@@.@@.....@@..@..@........@.....@...
..@..@@@........@@...@..@....@..........@.@@...@....@@@......@@..@...@
...@...@.@...@@@........@...@..@........@....@......@@..@....@.@@..@.@
.@..@@..@.@.....@.@@..@...@................@@.@.....@.@..@...@@@@@@.@.
@.@.@.@.@..@.......@.....@......@...@..@@........@@.@...@....@.....@@.
.@.@.@.@.@......@...@@@..........@@.....@@.@..@.@@@.......@@..@@....@.
@..@...@.......@.@...@......@@@.........@@....@..@@@.@..@.@.@@.@....@.
.@@...........@@.@....@.@.@..@@..@.@@.@.@.@......@..@...@........@....
@..@@@.@..@....@@@....@...@...@...........@....@.@..@....@.....@@.....
.@...@..@@@@@....@.@.@.@@...@....@@@.@..........@@..@@..@.......@...@@
.@@....@..@@.@..@.......@@...@.@@...@.@.@....@.@.@.......@.@@.@@@.....
.@@@.......@.@...@.@.@@............@.........@......@..@@@@..@.....@.@
....@@...@@..@.......@.........@@.....@.@...@.@..@.....@.....@@..@...@
Agents:
40
0,7,34,11,61
1,21,59,54,6
2,33,25,23,43
3,69,63,57,28
4,61,22,12,64
5,18,62,10,64
6,25,62,65,20
7,28,12,21,7
8,1,57,42,28
9,5,27,48,3
10,68,50,10,67
11,1,40,47,3
12,61,46,49,43
13,57,62,64,11
14,45,66,28,62
15,17,6,22,35
16,14,35,33,44
17,59,0,35,20
18,18,69,35,54
19,34,7,42,42
20,34,19,18,11
21,28,68,9,35
22,58,63,62,13
23,34,26,16,21
24,17,13,17,52
25,47,63,25,67
26,1,5,42,56
27,61,1,61,1
28,22,62,60,33
29,12,46,62,17
30,52,32,58,11
31,37,18,61,23
32,44,43,62,15
33,31,21,51,30
34,48,33,63,5
35,53,5,7,62
36,4,2,9,50
37,49,56,52,25
38,41,42,59,51
39,10,33,15,35
