0
Grid:
60,60
...@........@...@....@...@.....@@.........@.....@..@...@..@@
..@@..@.........@.@...@.......@@@.......@..@....@.......@..@
.@.@...@@.@@...@...........@...........@...........@....@...
........@...@.@...@..@.@.@.@..@........@@........@@....@...@
..@....@.....@....@..@...@......@..@.......@.@....@.........
@.......@.@......@......................@@.........@........
.@.......@@.........@..@....@...........@.......@..@........
...@.......@.@....@@....@..@@@.........@...@..@...@...@.....
.........@......@.....@......@..@@@...............@...@..@..
..@@...@............................@@@.@@....@.@.......@...
.......@..........@.@...@..@.......@.@..@.@@.....@.......@..
.............@.@.....@.@.@..@@.@......@.....@.@.........@@@@
..@..............@.....@.......@.@..@@@...........@..@.@...@
...@@.............@@....@....@............@...............@.
...@.....@@..@@..@@.............@....@.@.....@..@.......@@..
.....@.@....@...............@.@.@.........@...@....@@@...@..
@.@........@...@............@....@..@.@.....................
....@...........@..@..@.......@...@...@@@.@....@............
....@......@..@....@...............@.@....@..@.....@@.@..@..
...@........@@...@@..@.@.@.....@.@.@....@....@...@......@...
...............@............@......@@@..@.....@.@.@.@@@.@.@@
@..@.......................@.@........@..............@......
@...@@..@@@.....................@.....@..@..@.@........@....
....@..................@......@.@...@@@@....@.....@.@..@.@..
@...@.....@......@.....@@......@@@..@....@............@@....
@......@.@.@.@@@@.......@@@@..@.....@..@...@...........@@...
...@......@@@.@..@@.........@.@@........@....@.......@.....@
......@@.@@..@...@.........@@......@..@..@...@.@....@@....@.
..........@@....@...@.....@@...@.@....@....@..@@..@........@
....@..@@.@......@..@..@..@.@...@..@@............@.......@@.
....................@......@..@.@@.....@...@..@...@..@@.....
.@@.@@.@...@@.......@@@@....@.@......@....@........@........
@......@....@..................@..@@..@........@............
.................@@...@.@.@.@..@....@.@..@.....@....@@....@.
@@..@.......@@....@..@...@@@@.@......@...@...@..........@...
@@...@................@@@@@.........@..@.............@......
.....@...@.@.......@.@....@..@@.....@.......@.....@...@.....
.........@......@...@...@...@.....@.........................
....@@.....@.....@@.@.@....@@......@@.@.......@..@...@....@.
...@..@...@....@..@...@@.@........@........@.@..............
.@..@....@.....@.................@...@....@.........@..@....
@.......@......@................@.@........@.........@......
@@..@.@@...@@.@@@...@@..@@..........@@..........@..@.@@.....
.....@@.@...@@.@........@...@.....@..........@......@.@..@..
...@..@........@.......@.@.........@......@.............@...
............@...@..@............@.....@...@@.@...@@@...@....
..................@...@@......@.@....@......@...@...........
.@@............@...@..@..@....@....@..@...@.@.........@.....
@.....@.....@.@@...@....@..@@.@............@......@..@......
........................@...@....@..@...@...@......@.......@
@@.......@....@.@.@..@.......@@.@.@....@......@.....@.......
..@.....@....@....@..@@..@..@....@...........@@....@.@......
....@@..@.@......@..@.@...@..@....@...............@.....@.@.
......@......@@@..@..@.@@..@.@@.@.....@...@@.....@..@@...@..
........@.....@@............@@.....@@..@..@.@...@@..@...@...
.......@@.................@........@......@..........@.@...@
.@..@....@.@...........@.....@..@.......@........@..........
@....@..@.@.....@.....@...@.@.....@...@.....@.@.............
.....@@.....@..........@..........@@........@.........@..@..
..........@.@...........@.@@............@..........@@.......
Agents:
35
0,55,28,34,7
1,12,45,32,9
2,18,15,30,14
3,57,35,5,52
4,30,0,2,2
5,6,5,55,46
6,53,0,54,10
7,23,27,31,9
8,12,28,23,14
9,54,6,42,3
10,23,22,19,10
11,17,36,12,8
12,58,29,44,37
13,48,36,22,43
14,1,24,45,14
15,52,46,35,31
16,45,23,16,6
17,27,29,22,15
18,11,2,9,33
19,14,53,26,49
20,36,27,12,22
21,20,14,15,18
22,14,33,20,57
23,6,8,22,21
24,10,26,34,9
25,33,6,31,14
26,21,56,57,17
27,58,20,30,15
28,1,13,39,20
29,5,29,1,37
30,22,6,6,52
31,14,0,3,9
32,17,51,13,2
33,46,50,44,58
34,16,48,37,54
