2
Grid:
60,60
............................................................
............................................................
............................................................
............................................................
............................................................
............................................................
............................................................
............................................................
............................................................
............................................................
............................................................
............................................................
............................................................
............................................................
............................................................
............................................................
............................................................
............................................................
............................................................
............................................................
............................................................
............................................................
............................................................
............................................................
............................................................
............................................................
............................................................
............................................................
............................................................
............................................................
............................................................
............................................................
............................................................
............................................................
............................................................
............................................................
............................................................
............................................................
............................................................
............................................................
............................................................
............................................................
............................................................
............................................................
............................................................
............................................................
............................................................
............................................................
............................................................
............................................................
............................................................
............................................................
............................................................
............................................................
............................................................
............................................................
............................................................
............................................................
............................................................
............................................................
Agents:
35
0,8,36,28,56
1,19,39,37,56
2,27,52,11,7
3,22,6,39,12
4,19,22,33,14
5,28,31,33,7
6,0,53,51,31
7,12,7,29,25
8,35,47,35,1
9,5,20,54,48
10,1,6,29,44
11,19,0,56,56
12,15,29,34,6
13,5,0,27,4
14,40,29,35,54
15,42,35,47,51
16,8,12,51,13
17,57,19,21,53
18,50,31,59,33
19,59,48,30,9
20,25,32,17,53
21,8,4,41,9
22,45,54,21,40
23,30,47,53,23
24,46,23,33,41
25,3,43,14,45
26,43,16,46,28
27,59,2,25,32
28,16,18,24,38
29,23,58,44,2
30,46,22,48,43
31,26,50,55,36
32,40,52,24,43
33,23,48,17,18
34,55,53,49,57
