1
Grid:
60,60
............@...@.@.........@....@.....@@..@@.......@.......
..@............@@@@.@....@............@@....@............@..
......@.........@.@.......@.....@.................@.@.......
..................@.@..@.@.@.........@.............@.@..@...
.@.@@....@.........@...........@.........@...@.............@
.....@...................@......@.....@....@..............@.
.@..@...@..............@@........@....................@.....
.......@..@@...@...@......@@.................@....@@@.......
......@@.@......................@...........@...........@...
.........@..........@@@.@.@@.@..............................
@@@.......@.......@..........@...@.................@........
..@@....@.@................@....@@.........@...........@....
...@..@.....@.@.................@......@@......@.........@..
.....@..........@.....@.......@@..@..............@......@...
.@...@.....@....@...@........@.@.....@.....@...........@@...
...@.@...@...@..@..........@@@....@.......@.............@...
@........@.@@................@.....@..............@...@.@@..
...@.@................@....@@....@......@..@.......@....@...
......................@.@..............@.@.@.@@.......@@....
...@.............@....@..@.@................@...............
...@..@..@.............@........@.@..@...@@............@.@..
.............@.....@..@...@............@...@...........@@...
@@.@..@....@.@@.@.................@@..............@....@....
.....@..........@.....@.....@....@........@.....@......@..@.
..................@..@......@..........@@@...@......@..@....
..........@@............@.........@@.....@@...@...........@.
.....@.@.@....@...@....@...@....@.......@@...............@..
........................@.....@....@...@................@.@.
............@...@.....@..@...@...@.........@...@............
..@.........@....@.....@@.....@@.....@...@@....@...@........
.@......@.................@......@.....@.......@..@.........
.@..............@.......................@.@......@..@@......
@.............@@....@...@.@...................@...........@.
..@..........@....@.............@.............@.@.@.@....@..
............@.......@....@.@............@......@.@.........@
...@.@...@..@.....@@.....@...@..@............@@............@
...@......@.....@.......@.....@......................@......
..@......@..........@.......@...@@@@..........@..@.@........
.@...........@..@.........@.@@.......................@..@...
.......@@...@.@..@..@@............@........@...@.@.....@...@
@...@...@@....@.......@...........@.@.@.....@......@....@...
....@............@....@...@........@...@......@.......@.....
.@.@.....@@....@............@...@.....@...........@.....@@..
...@.....@.....@.@...@................................@...@@
....@..........@@.........................@......@..........
............@................@..........@....@..............
.............@..@...@......@....@.................@.........
..............@...@..@..@........@.......@.......@...@...@..
...................@....@...@@..@..@....................@@..
...@.........@.@...@@..@....................................
......@........@.@....@....@.@...........@...@@..........@..
@.@@@.....@...@..@..@.@....@.......@..@......@.@.....@......
...@....@@.@...@.............................@.......@.@....
....@@...@......@.............@..........@......@..@....@@..
......@........@...................@.@......@...............
.....@.@.@.............@...@..@@....@...@..@................
...@@............@@@@....@......@......@....@......@........
@.@..@....@..@.@@................@...@...@.........@@.......
.@.............@.@...................@....@.......@..@.@.@..
.....@.......@......@.@@......@.....@..@...@........@@@@@...
Agents:
75
0,9,19,6,46
1,31,4,6,44
2,3,41,53,36
3,27,44,7,28
4,19,49,13,10
5,52,12,38,55
6,49,58,25,56
7,13,35,56,33
8,6,25,35,21
9,47,15,30,55
10,45,5,2,43
11,45,16,43,45
12,44,7,29,54
13,52,46,21,50
14,54,43,1,5
15,55,33,58,24
16,37,15,7,13
17,27,40,34,6
18,21,36,26,13
19,18,2,12,35
20,16,31,36,20
21,40,13,44,23
22,46,44,21,5
23,10,31,2,57
24,54,53,6,38
25,57,20,31,7
26,52,32,29,43
27,54,8,48,5
28,17,15,54,33
29,33,39,26,11
30,44,57,51,30
31,41,9,34,18
32,57,6,39,2
33,47,42,17,38
34,26,38,28,23
35,0,10,36,13
36,32,23,1,8
37,39,31,9,34
38,35,11,52,27
39,56,6,36,55
40,0,7,28,2
41,48,48,11,11
42,45,0,54,5
43,29,48,45,21
44,2,1,57,46
45,58,26,45,47
46,38,35,2,37
47,54,13,21,44
48,32,44,52,47
49,36,1,50,31
50,3,32,34,33
51,1,34,12,8
52,8,50,22,41
53,18,6,52,36
54,25,37,28,10
55,57,59,38,19
56,14,25,26,45
57,9,11,42,11
58,8,31,35,41
59,49,52,11,35
60,33,9,8,14
61,33,20,4,13
62,20,16,13,6
63,15,58,41,30
64,24,56,6,49
65,57,56,31,13
66,47,27,27,1
67,53,44,25,49
68,28,52,57,59
69,0,0,10,4
70,38,46,44,24
71,29,28,35,16
72,4,20,54,10
73,36,5,30,51
74,4,44,27,48
