2
Grid:
60,60
..............@.....@........................@..............
.......@..........@...........@.......@........@.........@..
.....@@.........@......@......@...@.........@..@............
@..@.............@..@..@..@...@.........@..@........@...@...
.......@@...........@@@......@...@........@........@........
@.....@....@.....@.........@.....@@.................@.......
...@.@.@......@...........................@.......@..@...@..
...@..@.@......@.....@............................@..@...@..
.............@....................................@.........
...........@@.....@...@..@.@.......@...@.................@..
......................@......@.......@.............@......@.
......@.............@...............@.........@.......@.....
.........................................@........@.........
....@.@.......................@....................@........
.............@.....@.....@...@...........@...............@..
........................@...@...............................
...........................@.........@.....................@
....@...@...@.............@................@............@...
..@..................@............@.........................
.@.......@.........@........@...@.........@...@....@..@...@.
.........@..@@..............@.......@........@...........@..
...@......................@....................@............
..........@..@.@..........@......@.............@............
............@.................@@@......@....@.....@......@..
@...@..@.............@....@......@.....@..@.....@...........
@................@....@......@.......@........@.............
..@..........@...................@...@..@........@...@...@@.
..................@...........@.............................
......@@............................@.@............@@@......
....@........@.....@....@.@...@.@......................@....
.@.....@..@....@......@..........@..........@.........@..@.@
...@............@.........@......@..@@..........@@..........
.............@@.@...........................................
......@....@...........@.@.......................@.@........
@.......@..@....@...........................................
@...............@..................@@..........@............
...................@....@@......@.........@.................
...@........@.@..@....................@.....@.....@.........
@..................@..........@............@@.@@............
.......@.@.............@@..@..........................@..@..
.....................................@..@....@.@.....@......
@.............@.....@........@........@.....@...............
...............@@...................................@..@..@.
..................................@...............@.........
...........................................@.@...........@..
......................@.......@.........@@.......@..........
....@....................@.......@.....@...........@........
@................@..@......@...@.@..........................
......@..@..@...................@...................@.......
......@......@@...@........................................@
@.......@.............@...................@.......@...@.....
..................@........@...............@................
..................@..@..@.................@....@........@...
............................@.@....@.....@.................@
@.....@.....@.....@..@@.............@.........@...@..@..@..@
.@...@......@@...................@...........@......@.......
........@.......@........@......@...................@.......
....@..@..................@.....@......................@@...
.....@......@......@...........@........@@.................@
...@....@.......@.@...@.@..@..............@.@...........@@..
Agents:
85
0,41,58,0,38
1,32,24,20,32
2,11,34,32,39
3,53,21,49,45
4,22,51,1,36
5,42,42,32,11
6,51,44,26,7
7,49,45,25,38
8,55,22,52,23
9,13,2,40,42
10,54,41,44,9
11,40,43,2,24
12,51,46,27,7
13,7,54,12,32
14,15,13,16,51
15,55,23,23,9
16,9,24,46,58
17,57,54,51,31
18,2,8,19,18
19,2,40,3,37
20,39,35,8,27
21,42,40,42,10
22,22,19,7,33
23,44,29,27,0
24,29,29,9,31
25,54,38,53,45
26,55,6,8,22
27,13,27,49,55
28,36,28,3,55
29,46,27,41,6
30,6,2,47,46
31,35,30,12,18
32,9,0,50,19
33,20,5,20,26
34,40,41,27,41
35,13,3,55,26
36,40,10,42,6
37,6,32,36,49
38,12,35,9,1
39,51,36,53,17
40,39,8,56,10
41,17,40,8,24
42,29,18,11,38
43,58,55,48,57
44,54,54,21,4
45,37,0,6,29
46,50,35,29,34
47,34,37,38,37
48,0,12,33,42
49,31,22,55,16
50,59,39,22,23
51,48,48,44,53
52,15,50,32,47
53,58,45,13,41
54,0,41,42,49
55,15,0,33,27
56,37,10,49,5
57,48,57,55,32
58,44,54,15,54
59,0,51,16,57
60,1,24,44,42
61,10,46,44,33
62,3,12,10,18
63,13,5,24,6
64,36,29,59,53
65,32,59,28,8
66,3,29,32,33
67,36,59,24,35
68,20,29,56,9
69,38,36,6,38
70,47,36,37,31
71,52,5,29,28
72,12,40,12,36
73,20,34,51,19
74,29,1,52,31
75,45,3,15,26
76,37,52,0,3
77,9,31,5,26
78,9,15,36,36
79,34,49,7,48
80,37,15,15,36
81,30,20,39,33
82,8,26,10,14
83,49,33,4,48
84,18,59,37,51
