2
Grid:
70,70
..@...@....@.@.....@..@..@...@......@.@@@@...@@...@...@....@..@@@@.@.@
@@.@.....@....@..@@...@@@@@......@@.@.@.@@@....@.........@@.@.@@.@..@.
@@..@..@@.@@@........@..@........@.....@......@.@........@.@.@...@....
.@..@.@..@.@...@.@@.@@....@@....@...@...@@..@@....@.@..@...@.......@..
@@....@.@@......@..@@......@.@...@.@....@...@.@..@..@@.......@@@.@...@
...@..@..@..@.@..@...@...@..@...@@............@....@...........@.@....
@..@@......@.@@......@........@@..@@..@@...@@...@@..@@.@.@..@....@.@..
.@@.....@.@.@...@.@.@..@..@@...@...@.@@......@......@@.....@..@@.@.@@.
.....@@..@..@..@..@...@..@@....@.......@....@......@@.@@..@.@@@.....@.
...@@.@....@...@....@@...@...@..@...@@@..@@.@.@....@.....@@@......@..@
@......@@@...@@.@....@@@.@@.........@.@@........@...@..@.......@......
...@@@....@@...@..@..@..@..@@.....@....@.@..@....@..@@.@.....@......@.
@.....@@@@.....@@.....@..@@.@.........@....@....@@@@......@@.....@@...
@....@...@......@@.@.....@@.@@@..@.@.@...@.....@......@.@.............
....@...@.@..@.@.@...@.@..@.....@@.@.@@..@...@.@..@....@...@.......@@@
.@@.......@.....@.@..........@..@.@@.....@........@.@.@@.......@@.....
@.@@.@.@....@...@...@@.@.@.@....@@@..@.......@@.......@........@@...@.
..@@....@..@........@....@.......@.....@@@.......@@.....@..@.@..@@..@@
@.@....@.........@@@....@..@.............@@.@@....@.@.@@...@@@....@...
.@..@...@..@@@.@@.@.@..@.....@@.@@..@......@@@.....@.....@..@..@....@.
.@.@......@.......@...@.....@....@......@@..........@.@@....@.......@@
@@@...@.....@...@..@...@@@..@.@...@..@...@..@..@..@...@@@...........@.
.......@@......@..@....@@......@........@.........@.......@.@.........
.@..@@@@@@@..@..@......@@...@.............@....@........@....@.@@.....
..@@..@@@@....@.@.@..@@@........@..@@........@...@@@.....@..@@@@.@@.@@
@@@......@@@.@.......@.....@..@@.....@@.@@@.......@.......@..@@@....@.
@@...@...@......@.@.@...@....@.@.@@.@.@@.@.@...@..@.....@@@@@@....@.@.
@@@..@.@@@.@.@.....@@..@@.....@...@.....@..@@@.@.......@.@.....@@...@.
@..@...@...@....@.....@@@.....@......@.......@...@.......@@......@.@..
.....@.@@@.@...@.@@@@.....@........@@.@.....@.@...@@@@..@......@@.@@..
.@..@....@..@@.................@...@...@@@@..@.@.@.@@..@@@............
.@..@...@...@@..@......@@..@..............@.@..........@.@.@..@.@....@
.......@.......@@.@...@.@@..@@@@@..@@.@..@.....@..@...@.@@..@@@@......
....@@..@......@@...@...@...@..@@.@..@..............@..@...@@..@@.@@@@
..@....@@.@.@@.@.@.........@.@.@.@...@......@.........@...........@@@.
....@......@..@.@........@..@@.@.@@...@.@@...@.....@@.......@.@....@.@
..@@.@.@.@.@....@...@..@@@.@@....@.@@...@...@..@.@..@.@......@..@.@..@
@.....@@..@.@@...@.......@@@......@@@.@..@.@....@@..@@@..@@...@@@@....
@.....@....@.....@@....@..@.@@....@...@......@@...@......@@..@....@...
@.@@@...@..@@@.@.@.@@.....@@@......@.@.@...@..@@.@....@...@@.@@..@@.@.
@....@.......@..@.@@@..........@@...@@.@.@.....@@.@.@.@@...@........@@
....@.....@..@@...@...@....@@.@.........@@@@@...@.@@@.......@...@..@@.
@@.@@..@........@..@@@.@.@@...@@..@@@.......@.@@.@.......@.@.@@.@....@
.........@................@.@...@.....@.@@.@@@@@.@..@.@.@.@...@......@
@.......@.@.....@@.@..@.....@@.@@............@....@..@.@@@@..@@@.@.@@.
@...@..@@..@@.......@..@........@@...........@......@.@.@..@@@.@..@.@.
.@..@.@...............@..............@.@@..@....@.....@..@@.@@.@.@.@..
............@.....@@...@@...@.......@......@...@@......@....@.........
.@.@@@...@...@........@...@.@..@....@...@......@....@..@.....@..@..@@.
.@@...........@@...@.....@.@.@.........@@.@..@............@..@.....@..
..............@@@.@.@.@....@.@@@.@...@.@..@@@.@....@.....@..@..@....@.
....@...@..@@@@..@.@.....@...@..@......@........@........@.@.@@@..@...
@@.@@@..@.@...@.@@...@.....@..............@..@.....@@@...@@.@@.......@
...@.@......@@@.@..@..@..........@@@.....@.@.@....@......@@@..@....@@@
@.@..@...@@.@.@@.@...@@.@....@..@@.........@@.@@..@....@.@.@...@@.....
.@@...@@..@.........@.@@@.......@@..@.@.@...@.@..@.........@...@.@@..@
..@@.@...@..@..@.@....@.@.@.@...@.@@......@..............@....@.......
....@..@.....@.@@..........@@...@..@.@.@.....@@@...@@....@........@...
...@@@...@.....@..@..@.@..@@..@.......@..@..@...@.@..@@.......@@...@.@
.....@......@...@.@@..@...@@...@@.@.@..@@.@.@...@...@.....@@.@..@...@.
.@......@.@.@.....@........@@.....@..@...@@....@@...@.......@..@.@....
@@..............@..@.....@...@...@..@...@......@@..@.@.@@@@...@.....@.
..@@.@...@@@..@.@...@.......@@...@.@........@...@.......@...@@..@@.@@.
.@....@..@@.@....@.....@@..@.@........@..@..@@..@@@......@.....@@.@@..
.@..@..@.@@...@@@@@....@...@....@.@@.@@@@.....@..............@.@@.....
..@.@.........@.@......@.@.......@.@...@..@@.@@@.@.@@...@..@@@........
.@...@...@.....@@....@....@@..@...........@..@...@.....@...@@.......@.
..@@@.@@@.@@............@@..@......@@.@@........@..@......@..@.@...@..
@.......@.@...@...@@@........@@@..@....@.@.....@...........@....@.@...
.@@@.....@....@@.@.@......@.@.@.@........@.@.@@...........@@.@@@@.@@@@
Agents:
40
0,39,51,64,48
1,44,30,17,9
2,16,43,39,21
3,61,42,68,48
4,7,19,2,68
5,51,6,46,18
6,56,39,9,61
7,9,33,67,22
8,45,16,17,7
9,21,67,33,35
10,8,48,20,24
11,35,10,10,19
12,43,60,43,60
13,3,60,27,4
14,68,67,13,63
15,56,27,67,60
16,60,20,37,30
17,37,20,13,49
18,17,58,58,12
19,54,23,7,42
20,30,68,15,62
21,42,65,10,20
22,65,6,10,33
23,0,1,0,0
24,26,54,64,67
25,31,0,23,35
26,35,18,24,59
27,33,54,41,37
28,17,24,47,38
29,10,31,53,23
30,50,58,66,4
31,11,14,33,48
32,43,22,44,23
33,6,36,34,46
34,43,5,30,63
35,25,5,50,10
36,65,62,41,54
37,67,55,32,13
38,64,53,50,25
39,46,33,43,2
