2
Grid:
60,60
..........@@.......................@.....@..................
.................@...............................@..........
.@..........................................................
................................@...........................
....................................@......@......@.@.......
...............................@............@...............
..............@.............................................
..............@........@..............@.....................
......................................................@..@..
....@.............@.............@..........@................
...@@.......................................@..........@....
....@...........@.@@..................@.....................
...........@..........@.............................@.@.....
.........@......@...........................................
..........@@.....@...................@......@......@........
................................@.@.........................
...........................@...................@............
.............................................@.@............
......@.......................................@.............
...@........@.........@.......@...@...........@.............
.......@....@......@.@......................................
.........@..................@..@............@.@........@.@..
..@..................................................@......
.............................@........................@.....
..................................@.........................
.......@......................@..................@..........
.@..........................................................
.........@.@................................................
............@.........................................@.....
............@@...............@.@....@.......................
.............@......................@.........@.............
........................................@...................
.......................................@@.@.................
...@..................@.............................@.....@.
.@...............................@.......@.........@........
.......................@....................................
............@..........@...@................................
.............................@.............@................
........................................@....@@.............
................@........................@..........@.......
..@................@....................................@...
..........................@............................@..@.
............................@...............................
..........@.....@...............................@...........
....@.........................@.......@........@...@........
.........................................@............@.....
@.....@................@.............@...@.@................
........................................@...................
..............@..........@.................@......@.........
............................................................
................@.......@...................................
....................................................@.......
.....@........@......@......@......................@........
...............@......@............................@@@......
...............@......@.........@.@.........................
..........................@..............@..................
.....@@...........@.....................................@...
...................@...........@........@@.........@.....@@.
......@.................@...................................
....@.................@...........@...........@............@
Agents:
75
0,27,6,6,6
1,49,7,25,9
2,17,17,46,57
3,47,55,40,35
4,10,53,33,1
5,39,12,29,40
6,5,48,9,27
7,50,35,31,59
8,53,49,41,14
9,0,32,59,37
10,5,4,18,13
11,1,45,48,45
12,0,15,4,8
13,58,21,17,55
14,27,4,15,12
15,11,31,5,0
16,53,20,12,43
17,38,37,48,54
18,21,40,12,35
19,23,55,54,49
20,21,56,34,7
21,3,35,38,33
22,15,44,58,23
23,13,5,54,0
24,32,35,12,21
25,25,52,29,16
26,54,43,59,12
27,26,22,36,0
28,4,3,34,27
29,7,2,42,15
30,18,25,2,6
31,28,6,17,52
32,41,7,56,16
33,18,44,31,2
34,9,13,36,24
35,14,13,53,12
36,26,4,32,15
37,10,9,49,46
38,1,26,36,7
39,29,16,44,3
40,1,53,44,6
41,49,51,53,48
42,38,19,21,1
43,37,10,19,29
44,32,17,18,16
45,32,20,50,45
46,37,56,40,36
47,27,56,16,20
48,54,7,20,58
49,26,28,9,52
50,55,19,22,28
51,21,12,31,34
52,32,16,2,39
53,21,38,52,12
54,33,50,16,53
55,0,25,25,52
56,36,37,25,13
57,28,21,42,56
58,30,7,40,32
59,51,53,35,22
60,41,56,47,27
61,40,5,50,33
62,27,14,17,42
63,41,4,54,7
64,32,22,27,14
65,50,33,38,2
66,57,29,41,11
67,29,26,12,15
68,53,47,5,25
69,54,53,25,22
70,44,42,15,9
71,19,11,51,45
72,19,50,28,51
73,28,32,10,25
74,37,18,27,42
