1
Grid:
60,60
....@.......@....@........................@...........@.....
...@........@.....@..................@......................
..................................@....................@....
............@............................................@@.
...@.@................................@.......@.............
..........................@.................................
......................@..........@....................@.....
.......................................................@@...
.............@.......................@......@............@@.
.....@....@..........@..@......@@...........................
................@..............@.......................@....
.....................................@......................
.....@..@...............@...@.@.............................
.................................@...@......................
.............@...............@...........@...............@..
..............@..@..........................................
............@.@@............................@...............
..............................@...@@........................
.@..........................................@..........@...@
....@..............@...@...@..................@.........@...
............................................@...............
.....................@......................................
............................................................
.................@..........................@.@.............
......@............@....................................@...
...............................@@.........................@.
..@..............................@...........@..............
..........@............@.......@.@........................@.
......@...........@....@.......................@.......@....
........................................@.......@...........
....................................@.......................
.......@............................................@..@....
.............................@..............................
.............@.@.@....@.......@.............................
.................@............@..........@..................
..@.........@............@............@.....................
.....@...............@..@...................................
.............................................@...@.@.......@
@........................@..................................
..............@.............................................
....................@..........@......@...........@.........
...........@...............................@................
............................................@@.............@
...........................@.@...........@..................
.......@..@@....@..........@................................
..........................@.....@...........@............@..
.....@......................................................
......................................................@.....
..@............................................@............
.......@........@...........................@...............
..............................................@.........@...
....................................@...................@...
...................@..@............@...............@....@.@.
.@..........................@...............................
....................@.................@........@............
........@..............@.......................@.@....@.....
.............@..................................@....@......
...............@.......@....................................
..................@.@......................@.......@........
...........................................................@
Agents:
55
0,42,28,15,51
1,59,19,34,59
2,2,11,29,24
3,57,54,4,21
4,1,16,35,49
5,56,33,29,43
6,52,10,20,26
7,3,37,41,38
8,32,9,48,22
9,14,58,49,27
10,0,1,50,20
11,12,11,50,26
12,38,36,4,16
13,53,42,34,42
14,14,5,33,28
15,53,2,43,33
16,3,41,38,58
17,51,39,11,20
18,56,37,28,13
19,13,30,13,45
20,2,24,54,24
21,27,26,30,25
22,19,58,37,53
23,54,46,56,30
24,33,25,27,51
25,2,44,46,8
26,45,40,15,2
27,16,48,41,6
28,41,25,45,5
29,17,14,27,54
30,39,55,6,20
31,23,54,35,17
32,30,11,9,14
33,18,24,22,53
34,41,55,10,24
35,56,43,30,31
36,56,36,50,11
37,6,51,51,52
38,43,11,28,53
39,16,54,10,28
40,48,28,50,52
41,31,28,34,19
42,59,18,57,9
43,56,10,38,48
44,22,8,36,8
45,56,47,42,17
46,13,47,11,22
47,44,58,52,33
48,39,29,44,24
49,5,38,28,9
50,29,18,56,17
51,48,8,11,39
52,34,24,24,48
53,4,29,21,37
54,9,22,23,52
