2
Grid:
60,60
............................................................
............................................................
............................................................
............................................................
............................................................
............................................................
............................................................
............................................................
............................................................
............................................................
............................................................
............................................................
............................................................
............................................................
............................................................
............................................................
............................................................
............................................................
............................................................
............................................................
............................................................
............................................................
............................................................
............................................................
............................................................
............................................................
............................................................
............................................................
............................................................
............................................................
............................................................
............................................................
............................................................
............................................................
............................................................
............................................................
............................................................
............................................................
............................................................
............................................................
............................................................
............................................................
............................................................
............................................................
............................................................
............................................................
............................................................
............................................................
............................................................
............................................................
............................................................
............................................................
............................................................
............................................................
............................................................
............................................................
............................................................
............................................................
............................................................
............................................................
Agents:
80
0,51,47,10,29
1,41,29,44,1
2,57,31,29,20
3,1,16,5,5
4,10,42,41,39
5,57,9,14,7
6,31,24,25,16
7,1,20,19,22
8,35,11,6,3
9,47,50,22,33
10,55,43,9,29
11,57,38,1,48
12,33,24,49,33
13,43,57,44,56
14,16,49,49,16
15,46,30,29,55
16,28,17,8,48
17,55,18,30,56
18,47,11,19,33
19,57,5,2,19
20,26,31,33,39
21,7,16,12,29
22,56,10,58,14
23,44,40,51,36
24,24,17,12,59
25,27,50,34,2
26,20,16,25,34
27,32,8,23,31
28,49,2,13,6
29,56,33,29,18
30,47,3,49,53
31,59,20,35,54
32,55,27,42,22
33,41,14,43,46
34,28,42,24,0
35,14,41,43,44
36,24,23,1,18
37,35,41,25,19
38,42,23,39,16
39,39,3,13,54
40,33,59,55,56
41,22,56,41,55
42,10,11,22,48
43,44,47,40,17
44,29,45,53,30
45,14,23,33,11
46,17,22,2,16
47,31,46,40,29
48,20,28,56,37
49,28,30,31,22
50,11,41,11,48
51,44,3,20,4
52,36,38,40,9
53,52,8,39,37
54,32,7,24,56
55,19,32,54,48
56,53,44,5,17
57,29,0,17,23
58,58,59,27,2
59,17,30,47,43
60,29,41,1,14
61,13,47,34,13
62,9,50,3,45
63,24,1,59,42
64,51,49,40,59
65,21,13,43,43
66,55,9,58,20
67,51,52,25,17
68,15,19,18,58
69,19,31,35,38
70,19,35,52,19
71,15,21,10,6
72,26,42,53,5
73,30,32,31,23
74,53,31,43,31
75,48,20,38,47
76,11,58,57,22
77,0,30,19,5
78,28,56,31,31
79,54,45,26,30
