0
Grid:
60,60
@...@.....@@.@@.....@..@.............@...............@.@@...
...@........@.@..@..........@@...@.@...@..@@@@@@.@..@..@.@..
.@@@..@........@..@.@.@@..@@.....@..@...............@.@..@..
.@...@@..........@..@.@..@..@...@.....@...............@@@.@.
@.@..@.........@.@.@@.@......@......@.@.@..@..@....@@@......
....@....@......@.@.@.@.@...@@@@..@@.....@@...@....@@..@.@@@
..@.....@.@.@@.@......@.@@...@.@@.@..@....@@@@....@.........
.@.@......@.....@........@..@...@..@........@.@@@.@@.....@.@
.@.@@....@.......@.@....@@....@..@@@...@.@...@..@@@..@..@..@
@@.....@@.@@.@....@@@.......@.@.@@@.....@@@..@.@.@........@@
.@@......@...@.@@@..@@.......@..@@.@........@...@....@.@..@@
....@........@........@..@..@.....@@..@..@.@...@.......@....
..@...@.@@@.....@..@.....@.@......@@...@@.@.@........@....@.
@...@.............@....@@.@@@@...@.@..@...@.@...@@..@..@...@
..@@@..@.@..........@.@..................@..@@@@.@@..@......
@@...@.@...@@@..@.@.@@......@.@...........@@.......@....@@@.
@.@..@...@.@...@@.@...@@..@....@.....@@...@@..@..@.@.@....@@
..@@@@.....@..@...@....@...@...@.@.@....@.@..@.@.@.@.@...@@.
@....@...@.....@@...............@@...@......@..@............
@.@..@...@@..@..@.@....@@..@.@...@.......@...@@...@@.......@
@.@@.@..@..@..@.@.@...@...@@@@@.....@..........@@...@.....@.
@.@.@@....@@.@...@.@@@..........@...@...@...@@@..@.@@@@.@...
@.@@.....@..@@.@.@........@@.@@@.....@......@@.....@...@@..@
.......@@........@.....@.@@@...@.......@...@......@....@....
@@@....@@.............@...@...@@.@@@...........@@......@..@@
...@....@@......@.........@..@..@@@..@.@..@..@..@.@@...@@.@.
@........@.@...@..@@.@..@@.@.........@..@.@....@@@@@..@@.@..
@.@..@..@.@@@.......@...@..@.......@.@...@.......@@..@@.....
@......@..@......@.@..@.....@....@.@...@@@...@...@.@...@...@
@.@@.@......@@@....@@.............@.@....@.@@@.@......@....@
.@@@..@....@@........@..@....@.@.@...@@@...@@@@.@..@...@...@
.@.@.@.......@..@..@........@@.@.......@@.......@...@@@@@...
....@.@@.........@.......@........@.....@.....@..@.......@.@
...@@@...@@@...@.@..@.....@...@...@@.@..........@.@@.@@...@.
.....@@......@....@..@.........@...........@...@............
@.@..@@@...@...@...@.....@@..@@......@..@@@...@..@......@...
...........@.@@@@@....@@@@......@..@@@..@..........@@@..@..@
@.@@.@.....@..........@..@@......@@@.....@..@@........@.@...
..@....@....@..@..@......@.@.@...@.@......@.@..@@@...@....@.
..@@.......@.....@@@.@.@....@...@..@..........@.@.......@...
.......@...@....@@....@.@.@@.......@@.@...@..@@...@......@@.
@..........@.@@.........@......@@...@...@....@..@.....@.....
@@.........@.@..@...@.@......@..@...@.....@@@.......@.....@.
...@..@....@.@@@@@.....@...@..@.@..@@..@...@.@.@.@......@...
...@@..@..@..@.....@.@.@..@.@@....@.@@@.@@.......@......@@..
@@@@..@.........@......@.@.@.....@...@.....@.@@.@@@.@.@.@..@
......@@@...@.@.....@@....@@....@..@.....@..@@.....@@.....@@
....@.@..@@..@....@@....@@@@..@..@...@....@.....@.@..@..@@..
....@...@.@@@...@.@..@.....@..@..@..@...........@..@......@@
..@@.......@@@....@.@...@.@@.@.@.@@@...@@@@@..@...@@..@...@.
...@@..@...@.@.....@@@@.@@.@@@.@@@....@..........@.@.@....@.
@..@..@.....@.@@.@@@.@.....@.....@...@@@.....@.........@...@
@.@......@..@.@.....@@.@@@@....@.@...@.@.....@...@@.@...@...
@..@..@.@....@..@@.....@@.....@.........@@.@@@.@........@@..
......@.@.....@@...@.@..@.@@.....@.@..........@..@@@.@......
@..@...@..@.@@@..@@....@@..........@@..@..@..@...@...@....@@
...@@.@@.@.@.@.@.@.@.@@.@.@.....@.@@@.@.......@@..@.......@.
.@.@..@..@@...@.@..@..@....@@.....@.......@@.......@@.......
.@.@.@.@.@.@.......@.......@..@@...@@@@...@@@...@...@....@@.
@@@@.........@@@@.@@..@@.@..@............@@@.....@@@..@....@
Agents:
50
0,46,2,22,25
1,10,45,32,20
2,13,41,49,19
3,39,6,7,22
4,32,21,29,23
5,39,54,40,33
6,59,4,48,34
7,20,31,57,48
8,5,25,1,11
9,45,28,38,23
10,43,7,26,52
11,9,48,9,48
12,37,20,36,20
13,55,56,54,22
14,2,35,5,48
15,2,49,27,17
16,17,9,8,15
17,32,23,53,1
18,16,3,15,4
19,1,31,6,52
20,2,55,2,56
21,13,21,38,14
22,17,41,1,58
23,1,6,17,44
24,31,50,31,35
25,29,11,42,28
26,51,40,38,43
27,13,6,20,32
28,18,50,30,17
29,6,30,41,8
30,22,53,56,29
31,3,4,2,42
32,21,41,9,3
33,31,35,41,55
34,7,26,13,32
35,51,52,57,55
36,2,5,7,36
37,37,39,37,1
38,22,4,19,57
39,12,11,39,8
40,23,56,30,15
41,9,39,34,49
42,4,23,18,41
43,38,46,41,2
44,34,42,23,59
45,43,5,39,10
46,4,56,45,20
47,4,26,34,19
48,53,7,48,52
49,36,7,59,47
