0
Grid:
60,60
......@@....@@.@...@.@@.......@@..@..@...@.@......@@.....@..
.@..@.@....@..@@......@.@.@@...@..@@.....@.@..@....@@..@@...
.@......@......@.........@@@..@@..@@......@.@@...........@@@
........@.@@@....@......@.@....@@....@@@...@...@@...@@..@.@@
...@....@@@@..@...@@@...@...@.@.@....@@@.......@.@..@@@....@
........@.........@@..@.@...@@@....@..@.@.@..@.@...@.@...@..
........@@...@..@...@...@...@.....@.@..@..@@.@...@@...@.....
....@.@.@.....@...@@..@.....@@..@@@...@.......@@@@@.@..@.@.@
.@@...@@..@.@.@@@.....@.@.....@....@.....@..@.@...@.@....@@@
....@......@..@...@...@....@.@.@..@...@....@.....@..........
@@@....@@@.@@..@.@.....@..@.......@@....@@.@....@@@..@@.@.@@
@@...@..@..@.@....@.....@@.@.@..@....@....@.@@...@.@.....@..
...@.@......@@....@.@@........@.@....@...........@....@@...@
........@......@.@...@@@..................@.@......@@@..@@..
.@.......@......@..@@@...@...@...@@.@...@.@....@....@..@@...
.@.....@..@.........@@.@.@.........@..........@..........@@.
..@@@....@.@@...@@..@..@.@...@.@@@.@@..@....@...@...@@@.....
....@....@.@@.@@.@.....@.....@@...........@.@.@.@.........@.
.......@...@....@.@@.@.@..@..@..@.@......@.@@....@@.....@...
..@..@............@@.......@@@..@@@@....@@.@..@@............
...@@.@.@@.@..@....@.......@@..@..@.@...@.@..........@.@@@..
..@@.@@.....@.@.......@...@@@@..@.......@..@.@.@........@@..
@@.@@...@....@.@...@...@....@@.........@...@.@.@.@@@........
.@@.....@......@..........@.@@@.@@@.@...@....@@.....@...@@@@
@..@....@@@@@@......@.@..@.@@........@.......@.....@@..@.@@.
...@.@..@.@.......@@@.@@@@.@...@@@.@.....@.@@........@.@....
.@@......@.@.............@.@...@@@@.@..@....@...@@@..@@..@@.
...@@.@...@....@..@..@@@...@.@.@.@@..@@.@.@..@......@.@@....
.@......@...@@.@@.@......@..@@........@................@@@..
...................@..@@.....@......@.@@..@...@@@...@.@.....
....@.....@....@.@...@@@@@..@......@.......@..@..@.@...@.@..
@......@..@@@..@@.@..@..@......@..@..@.....@.......@@....@..
...@..@........@@..@....@....@@..@.......@@@@.@@..@@@.......
.....@@.@.@....@@....@.@...@@..@@..@@.@@....@@...........@..
.@@...@..@.@.@....@.........@@.....@.@........@@@@.....@.@..
.@...@.@@..@@......@@.....@.......@@@@@..@..@..@@@@......@..
.@......@...@...@@@.....@.@......@.....@.........@@..@...@.@
@......@.@.........@...@......@@..@@.@.............@........
@.@.@@..@.@.@....@.........@@@@..@....@.@..@..@..@...@.@@..@
.@.@.....@.....@.@....@........@...@...........@..@....@...@
@@.@....@.......@...@......@@@.@@....@@@..@....@@.@....@....
...@.....@.@@.......@.@.@...@..@......@..@.....@@.@.....@.@.
@.@.@@.....@@@...@@..@@.....@......@..@@.@.@...@@.@..@..@...
...@.........@@.@..@@..@@..............@....@@..@...@@....@@
.......@.@@.@@.@..@@@@..@....@...@.@...@..@@.....@@@..@....@
...@.........@....@@@@................@@....@@..@..@@.@@....
.@.......@..@@..@.....@...@@.......@@@..@.........@.@...@..@
....@...@..@.@@.....@.@...@@....@.@@......@@.@..@.@@@@@@.@..
@...@@..@......@@@..@.@....@.......@.@@.....@.@@@...@..@@@@@
@.@....@.@@.@.@.......@...@@@@.@..@....@.@..@....@..@..@..@.
.......@..@....@..@@..@..@..@...@.....@......@@....@........
.@.@.........@@.@..@..@...@...@@@...@....@@@..@.......@..@..
..@@@.@.@.@@..@@@....@@@@....@@.@......@..@.@....@.@.@....@.
.@@...@.@@...@.@@......@@..@...@@...@..@@.....@..@@@..@..@..
..@...@@@.@...@@@.@....@....@..@@.......@@..@...@@........@.
@.....@...@..@...@.@@..@...........@..@..@@...@..@...@.@...@
.........@......@.....@.@..@......@....@......@@......@.....
@...@...@.@..@..@.@....@......@...@.@@....@.@.@@@.@...@.....
.@.@.......@@@@............@....@@..@.@...@.@@.......@@@@..@
@.@....@@..@@@.......@..@@.@.......@@.@@...........@@@@.....
Agents:
70
0,13,12,6,38
1,53,29,11,55
2,29,32,15,18
3,33,59,33,25
4,48,21,28,49
5,0,9,24,34
6,45,36,37,17
7,25,42,5,14
8,52,57,24,44
9,35,24,54,11
10,19,8,21,15
11,56,58,35,17
12,24,1,9,3
13,15,31,58,58
14,11,26,41,49
15,11,52,51,48
16,21,24,36,0
17,55,12,49,5
18,51,9,38,24
19,14,14,36,3
20,54,24,13,40
21,49,16,17,52
22,43,28,48,51
23,43,34,19,15
24,46,25,34,53
25,15,4,9,37
26,16,55,51,11
27,31,20,13,45
28,43,17,15,5
29,58,52,45,24
30,5,25,50,23
31,14,31,37,45
32,36,55,4,21
33,47,36,46,43
34,39,45,7,9
35,37,16,55,47
36,37,53,21,42
37,30,36,41,8
38,30,56,52,46
39,0,42,1,42
40,41,2,43,30
41,28,21,32,9
42,19,9,19,11
43,17,47,40,12
44,51,56,1,16
45,54,12,20,46
46,53,47,18,35
47,47,15,3,29
48,33,37,56,4
49,16,49,46,10
50,24,14,56,59
51,44,47,26,7
52,8,18,34,7
53,30,26,2,19
54,40,58,50,41
55,5,50,8,32
56,7,41,13,28
57,52,17,48,28
58,41,1,20,44
59,48,54,7,7
60,29,45,0,47
61,34,59,2,29
62,36,11,6,19
63,27,30,34,20
64,44,2,58,20
65,2,4,9,57
66,50,44,50,56
67,24,36,17,36
68,42,49,39,27
69,31,29,55,56
