2
Grid:
60,60
@......@..........@.@..@......@.@.@@.@...@.@....@..@@@...@..
..@.@..@.....@@@.@.@........@..@.....@.@...@..@@.@@......@@.
.@.@@...@......@.....@.@@.@......@........@....@......@@.@@@
....@.@@......@@..@@...@@...@@...@@.................@.....@.
.......@.@..........@.@.@.@.@.@....@@@..@.......@.....@.@...
.@@.@..@..@@@.....@.@@.@.@..@.@...@..@@...@.@@..@...@.@.@...
.........@@@...@..@@@.@.........@........@@..@@....@.@......
..@@@..@..@@.@@...@.@@@.@..@..@..@.@@....@...@....@.@..@..@.
@..@..@............@@..@..@@@....@.@..@......@@....@.....@..
..@@.@@......@.....@.....@@..@@.@@@@@....@@...@@.....@@.....
.@....@.@..@@.......@..@.@@..@@....@@@.....@..@........@@@..
..@.@.....@@@...@@......@.@..@....@......@.@.@@.@...@..@....
.....@..........@@..@.@...@.....@.@.....@@..@...@...........
@...@...@..@....@..........@@..@@@.@@....@.@...@.@.@@..@....
.@........@..@..@.@.@.@.@........@.@.....@.@..@...@@.@@....@
.......@.@.@..@...@@.@..@.@..@..@..........@@.@.......@.....
..@@...@@...@.@....@..@.@....@...@@.@........@..@......@....
..@.@..@@...@.@.@.........@....@.@...@..@.@.@.......@..@@..@
.@.....@@.............@@@......@..@......................@.@
.@....@.....@..@..@@.@@.@...@.@....@..@....@.@......@..@....
.@.@....@...@.@.@..@.@@.@..@..@.............@..@..@@.@.@...@
....@@.@..@.@.....@@......@.@@....@....@.....@@@@...@.@...@.
....@.....@@....@.@....@@.@.@..@@@...@@.@.......@@.....@@@..
@@@@...@..@.@@.@@@.@.@.@.@.......@.@.........@..@@...@.@.@@.
@.....@..@.@@@........@...@@..@.....@.@@....@...@.@.@.@...@.
@@.....@@......@...@@@@@.@@..@@..@..@.@.@.@.....@@.@...@....
.@@..@@.@@.@..@@@@......@@@@...@...@......@...........@.@...
..@...@@.......@@...@........@........@.....@@...@.@.@......
....@.@@.....@.@...............@.....@...@...@@.@@.......@..
...@.@..@@@....@.@@...@.....@@@@...@..@...........@..@..@@..
.@........@..@@..@.@..@...@.@...@@.@...@...@...........@....
@...@@.@....@.@.@.......@......@.@@..@.....@.@.....@@..@....
.......@..@..@.@.......@...@...@@....@............@@...@.@..
@.@@@....@.@@.....@@.....@@....@@@.@..@..@.@@@@.@@.....@.@..
.@@.@.@..@@.@.@..@..@...@.@@.......@.@@..@@..@..@@.@.@@..@.@
@@....@.@...@.@@....@@...@@....@.................@..@.....@.
.@.@.@..............@...@....@.@@....@....@....@....@..@@@.@
@.@..@@@.@....@..@.@...@...@.@..@...@..@..@.@.....@.........
@.@.@....@@.......@@.@.@@@.....@@..@....@...@...........@...
.@..@.@.@@..@.......@..@......@....@.@@..@....@.@...@..@@@@@
....@....@................@....@..@@...@.....@....@.@@......
....@.@.@.@..@........@...@@....@@.....@....@...............
.@@.@...@@....@..@@@..@..@..@.@..@.@..@.@....@.....@@@.@.@@.
...@.........@.....@@..@@...@@..@@@...@@........@.@...@.@..@
...@.....@@...........@......@..@..@...@@...@...@.@@...@....
.....@@.........@@......@@..@...@..@@.@..@@.@....@...@.@@@..
@.@..@..@@....@.....@.@.....@.@@..@@....@.@...@.....@@....@.
@..@...@@@.@@@@.........@@.....@.@...@@@@@...@@....@....@...
.....@........@..@....@..@.......@@@..@@@@....@....@...@.@..
.@@..@@@@@@@...@..@@...@.@.@..@@..@...@.@......@@..@......@.
@..@...@@@@.@..@@....@.....@......@...@..@...@.@@...@@.@....
........@.@....@.@....@@.@.@@.@......@@..........@.@.@.@...@
..@@..@.@.......@@.....@...@.@.@..@@..........@.@.....@..@@.
.....@.@..@.............@.@.@@@..@....@..@@.@....@@.......@@
.........@.@..@...@.@.@@@@.@.@....@@.@@@..@@.@@.@...@.....@.
@..@.......@.@..@..@@....@.@.@.@..@@.@@...@..........@...@..
@.@..@@..@....@..@@....@....@.@...@@..@..@@......@@....@@..@
.......@.@....@@@......@...@.@.....@....@..@..@...@..@.@.@@.
..@..@@.@@...@...@.@@@..@....@...@@.......@..@@.@...@@@...@.
....@........@@.....@.@.@@.....@........@@..@..@............
Agents:
55
0,31,21,16,10
1,57,22,53,37
2,7,51,7,51
3,52,39,56,33
4,18,43,41,11
5,59,38,34,34
6,1,35,28,52
7,18,39,38,3
8,42,21,31,26
9,33,27,50,23
10,58,0,6,37
11,27,56,3,47
12,39,51,16,40
13,6,52,6,52
14,51,40,52,19
15,0,14,23,47
16,48,56,33,16
17,59,32,50,57
18,8,37,40,56
19,37,20,1,45
20,23,41,2,45
21,47,29,35,17
22,53,51,35,41
23,4,18,4,15
24,12,13,44,13
25,29,20,37,58
26,6,34,10,51
27,28,26,48,44
28,47,2,20,9
29,38,20,50,36
30,56,25,54,33
31,52,49,6,26
32,28,17,20,23
33,41,59,40,37
34,17,39,16,0
35,21,55,22,54
36,27,37,58,28
37,44,45,44,2
38,3,48,3,40
39,31,2,28,24
40,51,56,24,18
41,54,2,55,8
42,48,28,14,6
43,14,27,41,56
44,3,46,3,32
45,32,29,40,2
46,2,27,6,0
47,27,46,42,6
48,34,44,40,14
49,35,11,50,26
50,18,16,39,16
51,11,49,13,9
52,40,30,10,24
53,1,5,34,18
54,34,23,45,33
