0
Grid:
70,70
......................................................................
......................................................................
......................................................................
......................................................................
......................................................................
......................................................................
......................................................................
......................................................................
......................................................................
......................................................................
......................................................................
......................................................................
......................................................................
......................................................................
......................................................................
......................................................................
......................................................................
......................................................................
......................................................................
......................................................................
......................................................................
......................................................................
......................................................................
......................................................................
......................................................................
......................................................................
......................................................................
......................................................................
......................................................................
......................................................................
......................................................................
......................................................................
......................................................................
......................................................................
......................................................................
......................................................................
......................................................................
......................................................................
......................................................................
......................................................................
......................................................................
......................................................................
......................................................................
......................................................................
......................................................................
......................................................................
......................................................................
......................................................................
......................................................................
......................................................................
......................................................................
......................................................................
......................................................................
......................................................................
......................................................................
......................................................................
......................................................................
......................................................................
......................................................................
......................................................................
......................................................................
......................................................................
......................................................................
......................................................................
......................................................................
......................................................................
......................................................................
......................................................................
......................................................................
......................................................................
Agents:
80
0,63,32,2,27
1,57,66,69,30
2,69,22,33,52
3,15,68,32,15
4,42,54,33,26
5,2,38,14,57
6,18,18,15,8
7,56,69,50,33
8,62,5,61,35
9,38,62,24,1
10,68,5,64,60
11,36,15,1,32
12,10,5,15,13
13,49,43,39,38
14,1,44,36,41
15,15,49,68,15
16,48,63,35,65
17,47,5,58,45
18,29,54,37,43
19,2,66,56,40
20,40,25,51,59
21,20,2,1,25
22,3,39,26,31
23,62,37,11,58
24,30,3,11,29
25,11,8,55,42
26,10,64,67,28
27,47,57,30,69
28,66,42,9,55
29,56,64,25,1
30,42,42,33,43
31,66,67,21,40
32,39,22,54,68
33,59,25,16,47
34,40,51,36,66
35,39,7,5,47
36,2,41,63,57
37,22,43,55,10
38,55,33,55,14
39,11,40,42,49
40,13,11,43,3
41,12,67,55,22
42,33,7,16,10
43,38,54,12,40
44,15,60,24,20
45,8,57,34,24
46,68,8,44,2
47,23,67,22,63
48,28,22,10,49
49,33,51,4,33
50,49,36,64,4
51,67,49,30,49
52,33,3,1,39
53,5,39,49,53
54,41,4,56,68
55,2,32,59,15
56,30,15,54,23
57,51,31,31,15
58,29,69,41,63
59,33,31,68,51
60,53,4,29,1
61,9,50,48,49
62,42,52,67,34
63,9,63,13,20
64,17,24,66,10
65,15,32,10,39
66,0,30,0,47
67,60,46,5,24
68,14,33,33,13
69,33,30,41,67
70,1,69,12,58
71,12,11,45,25
72,57,46,1,31
73,26,52,30,32
74,27,62,14,34
75,38,28,56,28
76,59,1,60,41
77,67,45,66,18
78,26,17,54,55
79,7,51,11,57
