2
Grid:
60,60
.......@...............@..................@....@..@@........
.............@.............@................................
..................................@.................@...@...
...........@@.........@..............@.@.....@..............
.................@...................@......................
...@........................@......@........................
@...............@...........................................
.....@..................................................@..@
............@............@...@..............................
..........@.................................................
.................@.......@..........@.....@.................
..............................@.............................
@.@.....................@...................................
................@...............@...........................
.........@..@......@...@......................@...@.......@.
......@.....................................................
.......@.............@..........................@...........
.........................@...@...........@..................
...............................@.....................@......
..................@...................................@.....
...........................................................@
..@.@...................@............................@@@....
.@.......@......@.......................@.....@.............
............@...@...........................................
.........@..........................................@.......
.........@..........................@.......@....@..........
..........@.................................................
@..@.......@......@.........................................
....@.....@.............@.............@...@.................
........@..@...@..........@...@.......@.......@.............
.......................@...........................@........
.....@...@.@...................................@.@..........
.....@............................@...@.........@.........@.
...@.......................@...........@....................
.............@..........................@...................
.@.....................................@........@...........
...............@..........@........@..............@.........
....................@.................................@.....
............................................................
...@...@.............@....@.........@.......................
.......................................@.............@......
.......@....@...............................................
..@..............@.................@.@.............@...@....
.......@...............@..........@.........................
....................................@.......................
............................................................
.............................@..............................
...@.....................@....................@.....@.......
............................@.@.....................@.......
............@........................................@......
.......................@.....@..@...........................
@....@..............@..................................@....
.....@....@.................................................
@....................@.....@................................
.............@@............................................@
..........@.................................@..@............
..........................@.......................@.........
.........@............................@....................@
...........................@.....@......@...................
...@...........................@...........................@
Agents:
65
0,0,57,28,26
1,51,9,28,2
2,36,54,0,0
3,4,40,39,29
4,53,25,44,26
5,46,11,11,58
6,43,39,34,58
7,52,8,47,34
8,33,17,15,9
9,53,35,50,38
10,26,51,49,52
11,9,19,39,18
12,16,22,52,37
13,17,43,52,31
14,49,5,59,0
15,22,43,26,27
16,15,54,10,21
17,3,29,6,35
18,45,20,24,39
19,46,3,40,1
20,29,44,35,44
21,30,53,17,22
22,33,30,9,9
23,18,1,32,22
24,3,15,0,19
25,41,32,37,1
26,58,9,2,35
27,48,31,5,46
28,53,14,50,16
29,36,20,16,42
30,51,47,43,42
31,2,3,45,26
32,53,2,43,45
33,23,58,44,51
34,4,3,16,8
35,32,32,3,16
36,49,23,56,10
37,22,24,1,12
38,48,23,6,10
39,48,46,41,47
40,25,47,24,16
41,1,7,7,6
42,1,44,4,44
43,42,6,38,32
44,6,31,7,17
45,36,31,28,43
46,43,25,13,11
47,12,41,34,18
48,41,27,31,13
49,59,30,19,11
50,7,20,46,40
51,56,0,32,37
52,42,8,19,10
53,47,23,14,45
54,43,30,13,20
55,25,50,46,2
56,55,3,57,15
57,46,55,44,29
58,2,9,2,12
59,20,17,45,15
60,51,32,5,31
61,27,1,4,59
62,49,24,25,2
63,11,40,16,6
64,42,21,52,22
