0
Grid:
60,60
...@@..@.................@...............................@..
...@...............................@.....@..................
...............................................@...@........
........................@...................................
.......................@..................................@.
..................@........................@................
..........................@.................................
.......@....................................................
.@.................@......@.....@...........................
.....@....@@...@........@......@....@.......................
.............@..........................@...................
.....................@..............................@.......
@.....................................@..@@.................
...........@.............................................@.@
.....................@...........................@......@@..
.....@..................................@...@...............
......................@............................@........
........................@.............@....@...@............
.............@....@..........@..............@...............
@.........................@....@..........................@.
@.............@.........................................@..@
.......................@...............@....................
@................@.................................@........
............................................................
....@................................@.........@.....@...@..
..................................................@.........
@..@...........@.........................@..................
.................@...............@..............@...........
@...........................................@@..............
..............................@...@...............@.........
.................................@..........................
.........................@..................@...........@...
.............@.......@...................................@..
...........................................@................
.........@........................@.@...........@...........
.....@............................@.........................
..............@...............@...........@.............@...
...........................@......@.........................
...............@...@...............@..............@.........
...........................@................................
....................@...@..........@........................
............@...@........................@....@.......@.@...
.......................@............@.......@.....@......@..
................@...........................................
......@..............@.............@...........@..@.........
.........................@......@...@....@............@.....
.........@.@.................@..............................
...........................@...........................@@...
............@......@...@.............@...........@.@........
.....@.....@...............@..........@.....................
....@...................................................@...
....@................@...@........@........@................
..............................................@..@..@...@...
..............@..........................@..................
@.........................@@................................
.....@...............@...........@........................@.
............................................................
..........@...@........@....................................
.@....................................................@.....
.........................................................@..
Agents:
70
0,42,58,10,48
1,29,18,5,37
2,53,31,19,55
3,45,38,21,52
4,54,10,36,24
5,11,22,56,24
6,52,38,43,2
7,33,49,35,55
8,57,56,38,29
9,45,35,51,44
10,6,1,6,17
11,31,51,13,34
12,30,32,32,7
13,37,48,18,48
14,39,6,52,54
15,32,58,9,25
16,56,17,45,31
17,34,56,45,5
18,47,7,22,48
19,38,3,3,55
20,47,13,58,48
21,38,8,40,9
22,32,19,57,12
23,47,2,16,57
24,7,24,57,15
25,28,7,3,21
26,52,28,53,22
27,46,1,36,25
28,1,13,48,11
29,1,5,2,44
30,30,5,47,5
31,50,53,31,23
32,42,4,15,32
33,40,12,37,6
34,14,0,19,29
35,8,38,33,58
36,57,2,40,13
37,13,18,26,26
38,13,21,25,35
39,59,17,8,40
40,0,37,31,42
41,58,8,51,12
42,29,49,8,31
43,25,42,25,58
44,34,33,55,35
45,55,34,14,11
46,6,32,42,30
47,32,41,52,0
48,23,44,42,21
49,25,27,20,47
50,47,6,58,39
51,15,50,0,48
52,10,49,47,3
53,14,28,49,15
54,47,39,8,48
55,14,43,23,50
56,5,52,15,48
57,6,41,16,1
58,23,53,30,36
59,39,57,10,52
60,37,41,10,44
61,5,33,40,6
62,32,24,18,0
63,29,31,41,32
64,55,29,41,10
65,56,31,57,2
66,38,25,50,28
67,50,51,43,38
68,52,39,18,25
69,39,36,17,50
