0
Grid:
70,70
.@..@....@@@..@@.@...@@.......@.@@@.@.@@....@........@....@@.......@..
@.@.@..@.@....@..@...@@.@.@..@...@..@..@@@.@...@@...@......@@.@@..@..@
........@...@@.@....@.@....@........@...@@@......@@...........@@.@....
.@@...@.@...@@@.@..@...@..@.@@..@....@..@@@.....@.@@.....@..@.......@.
.....@...@@.@.@..@...@......@...@..@..@....@.....@..@@.@........@....@
.@.@.@..@.@.........@@.@@@@..@..@.@....@@@..@...@.@...........@......@
@.@@.....@.@@.@...@..@..@........@@.........@@@@@.@....@@......@..@...
@..@@...@@...@......@...@.@.@..............@.@......@..@@...@@........
.....@@@.............@@@.....@@..@..@.@....@..@....@....@.@....@..@..@
@.@...........@..@........@.@.@..@.....@.@@.....@.@.@@@@......@@.@...@
@.@.@.@.@@@.@@....@....@.@......@...@...@..@@.....@..@@@.@..@@.@......
@@......@.@...@....@@@@....@..........@@....@.@..@..@....@@...@.....@@
.@@@...@..@@.@....@..@@@...@......@@.@@..................@@@..@.@.....
.@@@.@.@.........@@..@@.@....@....@.......@.@..@.@@.@...@.......@.....
.......@.@@..@.....@.@.@.......@@.@@.@@@...@..@@@@@....@@....@@@....@@
..@@.@@.@..........@.@@...@@.....@...@@@@..@.....@@.......@.........@@
@@@@....@...@.@.@.@.....@@..@....@@.....@.@@@.@@@.@.@.........@..@.@..
.@.....@....@.@@....@..@@...@..@.@.@..@@...@..@..@.@@....@.@.@..@.....
.@@........@@.....@.@.@@@.......@.@@@..@@...@@..@..@.....@....@....@@.
@.......@...@@@@@..@..@@@@..........@..@@...@.@.....@......@@.@.@@...@
@@..@...@..@..@.......@........@.@...@...@@..@..@@.....@......@@.@....
@..............@@...@....@......@@...@@@@.......@@@@.@..@@@..@.@@@....
.........@@..@@.@@.....@.....@...@.@...@@.......@@@@@@.@.@..@.........
@@..@@@..@@.@....@..@.@.........@.@..@.....@..............@....@.....@
@@..@.@@@.@..@@.....@..@@...........@.....@.@...........@.@@..@@...@..
.....@.@..@.@....@.@...@.....@@@.......@.@.......@@...@.@.@@.@@...@@.@
@.....@@...@@@...........@........@.....@.@..@........@.....@.@@@.....
@@.@...@...@@.@..@...@.@.@.....@..@....@.@..@.@...@...@....@....@.....
.....@...@.@..@.@.@.@.........@.@.............@....@.......@@.......@.
...........@........@@..@.@.....@.@@@.@@......@...@.......@..@...@...@
..@@..@...@.@........@@@@....@@......@......@......@........@@........
@.@..........@..@@..@...@.....@.@...@.....@..@@@....@...@..@@.........
...@@....@.@@.@....@.@....@@@..........@@....@....@...@..@....@@@....@
@..@@...@@@.......@@.....@.@@@@@.@......@......@@.@.....@...@....@....
@.@.@.@....@@@@.....@..........@..@.@..@......@.@.@..@......@@...@@@@@
...@.@@....@.@.@.@...@@...@.@@@..@@..@...@@@.........@.@...@.......@.@
.@....@....@.@.@@...............@@..@@@@.@...@@...@...@..@@@..@@......
.....@.@.@.@......@......................@...@..@@@....@.@@....@@....@
.@@@.....@....@@@.@@..@@@@..@@.@@....@@...............@...@.@@..@.....
@@@.@..@....@.......@.@@@@@@@...@@@@.@..@.@.......@....@@.@@.@@.@@....
.....@@..@.@@@........@@@.@.....@@....@...@......@.@@@...@...@....@...
....@.@@............@....@.@.@..@...@@....@@@.@....@@@@..........@....
...@@.@........@..@...@...@@.......@...@@...@...........@....@...@@@.@
....@@...@.....@...@..@...@@.@@...@......@.@@@........@..@..@...@.@...
@@....@.@.@@.@.......@@..@....@@...........@.@...........@.@..@..@.@..
@........@...@@.@@....@........@.@..@@@.@.@..@...@.....@@..@.@......@.
.@.....@@...@.....@..@...@....@..@@...@..@@......@@@.@..@.........@@@@
.@....@@..........@....@...@@.....@...@.....@..@.......@...@..@....@..
@....@.@@@....@@@..@.@.@.@@......@@.@..@...@@.@...@.@....@.....@......
.@...........@@...@..@......@@.@.@.........@........@..@@@@...@...@@..
@.@....@@@..@........@.@..@.@..@..@...@@@@@@@.@@...@.@..........@.....
.@..@...@......@....@..@..@@@...@....@....@@...@.....@@...@@...@..@...
..@..@..@.........@.@.@@...@@@@.@....@.@...@.@@@..@@.@..@.@@@.@@.@..@@
...@..@...@....@@..@...@.@@......@@...@...@@....@..@@.....@@...@.@@...
@...........@@@.......@.....@.@@...@.@..@@@@@.....@@...@..@@...@..@..@
...@..@@.......@.@@.....@@........@@.....@..@......@@...@......@.....@
@..@@@..@...@@@............@.....@.@.@@.......@@.....@...@..@.@@@.@@.@
.......@...@@@...@....@..@@.....@.@.@.@@@.@..@@.@..@.@@.@.@@@.@..@....
....@..@.............@@........@@..............@@......@.@.....@.@....
.@......@...@..@.@.@.@......@..@.@@....@@.@@.@@@.@..@...@.@@.@@.@@...@
@.@@@.@.....@.........@.@......@..@..@...@................@....@......
....@..........@@.....@.....@.@..@..................@....@.@..@...@...
....@.....@@.....@@.@..@@.@.........@@.........@@..@@...@....@@@....@.
@...@..@...@.@..........@@@.@@.@..@.....@........@..@@@@@@.........@..
......@..@.@@@.@...........@..........@.@..@.@...@@@...@..@@...@.@.@.@
.@...@..@@@...............@.@@.@...@..@@.......@......@....@......@.@.
..@....@.@..@@@@..@.@.@@.....@.......@@@.@.@.@.@.@.@.@@@@...@..@...@.@
.....@..@@@@.@.@..@.@..@.........@.@@......@....@..@..@...@......@@@..
......@@.@...@@..@..@....@@@..@@@....@...@@......@.@...@.....@...@....
@.@.@....@..@...@......@@.@.@..@.@....@....@..@.....@...@.@....@@...@.
Agents:
50
0,31,34,34,52
1,5,13,42,47
2,31,14,13,16
3,58,42,66,65
4,0,28,15,9
5,44,28,47,57
6,41,59,50,67
7,33,38,69,54
8,23,26,23,65
9,6,13,36,65
10,35,4,1,15
11,50,55,1,27
12,12,39,44,23
13,4,45,8,42
14,35,49,20,69
15,28,1,13,41
16,64,41,42,11
17,0,37,57,9
18,59,5,8,16
19,39,17,22,45
20,33,22,14,60
21,39,31,11,5
22,17,54,59,44
23,50,22,68,3
24,48,10,26,17
25,60,26,52,34
26,46,64,34,38
27,49,36,6,37
28,21,30,31,3
29,48,1,31,10
30,60,51,64,32
31,9,34,35,62
32,9,20,31,63
33,47,21,3,66
34,65,12,35,9
35,9,58,45,7
36,32,17,34,42
37,11,37,13,28
38,65,6,45,29
39,57,23,10,45
40,53,8,69,59
41,31,57,31,14
42,44,29,30,0
43,44,18,46,60
44,61,3,18,55
45,64,1,22,3
46,64,23,34,8
47,66,1,44,32
48,35,35,26,37
49,62,2,3,56
