2
Grid:
70,70
....@.....................@...@....@..................@.....@.........
.........@......................@....................@....@.........@.
........@..............................................@..............
............................................@.....@@..................
...@......@...@.@.@....................@.............@...@...@.....@..
.........@....................@...................@.........@@........
..@.......................@..@..............................@.......@.
....@..........................@...................@..................
............@..................................@......................
........@.............................@...............................
..............@........@.......@@@........@........@..................
......................................................................
......................................................................
...........@.................@..@..........................@..........
........@....................................................@.@......
.@..............@......................................@.@......@.....
........@..........................@..................................
......................................................................
...............................................................@......
...............................@.............@........................
.......@..............................................................
.............................................@.....@..................
.....................@..@.@.........@..@..@.......@........@..........
.......@................@.....................@.......@...............
..@........@.......................@......@....................@......
.............................@..........................@.............
..@.................................@...............................@.
.......................@.....@...@....................................
............................@...................................@.....
.....@...@@............................@.............................@
@..@...........................@......................................
.......................@..@.......@..............................@....
................@........@...............@...@..........@........@@...
..................@.................................@............@....
..........................................@......................@....
........................@................................@............
...........@................@.............@......@....................
@................................@....................................
.............................................@..@.....................
.........@.....@............@.....................@...................
...................@..................................................
....................................................@.................
.....@........................@...........@........................@..
...........................@..............................@...........
...............................@.@................@.......@...........
..............................@.......................................
....................................................@...@..@..........
..@......@....@.........................@............................@
..@......@......@....@..@...............@.......@.....................
...................................................@..................
.....................@......................@........@........@.......
.....................................@..............@.................
.................@....................................................
..................................@............@....@@.......@........
......................................................................
..........................................@.....@.......@.......@.....
.....@@....................................................@...@......
........................@........................@.@..................
...........@...@..........................@@....................@.....
@..........@....@@....................................................
..@...@...........................@.@.....@.....@...@......@..........
..@..............@.@@......@...@..@.......@....@.................@....
.....@......@..............@.@..........................@..........@..
......................................................................
.............@......................................@..@...........@..
......@....@............@.....................@..@@............@....@.
................@..@..................................................
.............@......@............................@..........@.......@.
............@.......................................@.................
@....@..........................................@.@...................
Agents:
60
0,27,59,49,68
1,61,68,3,47
2,29,4,37,62
3,25,59,0,57
4,31,14,48,66
5,28,24,7,66
6,53,30,59,67
7,1,56,40,15
8,64,51,24,15
9,55,0,47,44
10,20,0,32,50
11,62,17,40,43
12,23,37,17,36
13,49,6,44,35
14,25,8,27,31
15,39,53,13,4
16,40,52,12,15
17,38,59,17,66
18,20,43,4,7
19,15,5,64,36
20,62,46,38,33
21,39,68,26,50
22,6,69,54,36
23,40,16,17,13
24,39,46,10,29
25,58,52,51,61
26,32,27,4,36
27,39,61,52,48
28,6,11,31,38
29,50,58,20,46
30,9,25,12,23
31,59,40,57,32
32,33,45,55,28
33,54,0,10,66
34,61,12,27,37
35,36,20,64,10
36,8,43,13,26
37,30,63,35,47
38,11,24,2,64
39,66,33,38,32
40,37,48,3,25
41,19,56,31,41
42,20,13,68,42
43,12,47,11,23
44,52,9,53,55
45,62,26,67,26
46,66,37,31,27
47,57,69,59,31
48,35,31,20,25
49,15,39,21,33
50,24,26,44,28
51,10,38,22,41
52,15,53,64,60
53,19,66,53,51
54,30,12,33,41
55,58,10,67,44
56,20,46,35,1
57,24,41,65,28
58,57,13,20,65
59,29,27,34,2
