1
Grid:
70,70
.@@@....@...@@@...............@.@.........@...@.@.....................
............@..@...@...@.@..........@@@.....@.........@...@...@......@
...@@..@.@.@@...@...@......@..@...@@...@.@...@.....@......@.....@.@.@@
..@@.......@.....@.............@.......@....@...@@.@...@.@...@.@.....@
......@@...@@..................@.....@.@@.....@......@........@...@...
..@...@.....@........@......@....@......@...........@.@.....@@.@...@..
@@@......@.@....@.....@........@.........@.....@....@..@............@@
....@.@...@......@..@......@.@...@...@.@@...@..@...@.@......@....@....
...@........@........@@.....@...@......@..@.@@@...@@.......@@.@..@.@@.
.@.......@...@.....@@@..@@.....@.@.....@..@..............@.@....@@....
..@..@@...@@@..@....@.@...@.......@......@....@...@..@................
...........@@.............@..............@....@................@.@.@..
.@.........@.@..@.@@..@@....@...............@.....@.....@.@@........@.
.@.@.@..@.............@.........@.........@..@......@....@.@@.......@@
..@@@........@..@....@........@.@..@..@.@....@.@....@............@@...
..@....@.....@..@...@@@..........@...@........@...@......@....@......@
@@.....@..............@.@..@.......@.......@..@..@..............@.....
....@.@....@@@...@...@......................@@@......@.......@........
.@@@@.....@.......@....@.@................@.@@@....@.............@@@@.
.........@........@.....@..@.@............@.@@...@....@.......@..@..@.
........@...@.......@.......@..@...........@......@.@...@......@..@...
@............@..@.@....@..@@@...@...@......@..@....@..@.............@@
.......@........@....@.@.@.......@.@..@.@...@..@@...@......@....@..@..
.......@........@...@...@....@....@..............@......@....@.@......
...........@..@..........@..@......@.........@.@@....@.@@.@....@.@.@@.
..@......@.@...........@.@....@@.........@......@........@....@@....@.
...@.......@.....@@............@....@................@..@..@@@..@@@..@
....@.@...@@....@@..@......@.....@...@..@@.....@..@...@.............@.
..........@.........@..@...@.........@............@.....@.@@..@.....@.
.....@....@............@.@@@....@@.........@@.@......@......@.........
.@.....@@@......@.@......@....@......@.......@...@......@.....@.@.....
....@@.......@...@.@@....@....@...@..@..@@...@..........@@.@@....@....
@@..@@......@..@...@....@..........@.@..@.@@......@@...@@.......@..@..
.....@...@...........@.@..@...@...@..............@.@@.@....@..@....@..
......@...........@...@.....@..@.@....@.@.....@@...@....@......@......
.@.........@..@........................@@.@.......@@@....@..@......@@.
@@.....@...........@..@..@...........@@.....@...........@.@....@@.@..@
..@.........@....@..@......@.............@.@.@.....@@.........@..@@...
....@...........@@.@..@.......@.@......@......@@..@.@@.@@....@..@.....
...@@.........@..@@...@.......@........@.@....@.@..@@..@........@@@...
..@.@..@....@.......@.@@.@....@@..........@.@......@.@..............@@
.........@@..@...@....@.@...@...@.@.............@......@..@.....@.@...
....@......@.@......................@.@@.........@.@.@...@@.....@@..@.
.@@...@@.......@...@.@@.@.@...@.........@.@.....@..........@..........
.@...@..@.@...@....@..@....@..@.....@@.......@.@...@@.................
........@........@............@....................@.@.....@......@...
...........@...................@..@.@.....@..@.@@@.............@.@...@
......@.........@...@.@...@.@@.....@@@@..@@........@....@@..@@...@@...
.........@.......@....@..@.@@..@....@..@@...............@...@@.@@.@..@
....@.......@.@.@...@...@.@..@..@.......@@...@..@.....@........@.@....
..@.....@..........@...@....@............@.......@.........@........@.
....@.@...@.....@@........@@..@..@....@....@@......@.........@........
................@..@..@.........@........@...@............@....@......
....@@....@@..@.....@..@.......@@........@............@@..@@...@.@@...
......@..@.@.@....@@@........@...@...@....@.@@.@@...........@...@..@@.
@..@..........@................@..@.......@..@@......@.........@@.....
.......@...@@...@...............@@@@@...@.....@..........@....@.......
.@...@...........@@@..@@@..@....@...@...............@..@..@..@......@@
@.@..@@.....@..@......@.@..@.@@.......@.....@.......@..@..............
........@@.....@@.@.@@.@.@.@..@@.....@@@.........@....@...@@...@.@@.@.
.......@.....@..........@............................................@
@..................@.....@.....@..@@......@..@.@..................@...
..@......@@@....@..@...........@@..........@.....................@....
....................................@.....@@@.............@@......@...
..@...@@.............@..@.@........@.......@.@.@..@.@.@..@@........@..
.....@@........@...@....@..@....@..................@..................
....@.@.....@@.@...@.@....@....@@@..@....@...........@..@...@.....@...
.@@...@...@.........@.@................@@..@......@.@...........@.@...
.@....@......@.@@@...........@....@.....@...@.@.......@..@..@........@
....@.......@...@.@............@@....@..@.......@@...............@....
Agents:
85
0,7,19,54,7
1,47,18,24,15
2,30,20,10,3
3,41,37,9,36
4,3,50,28,7
5,45,34,41,62
6,47,44,33,42
7,48,44,66,37
8,34,12,14,63
9,54,53,18,7
10,62,57,24,41
11,30,50,43,66
12,69,50,46,52
13,8,0,34,67
14,14,69,66,69
15,14,43,44,41
16,61,20,6,29
17,0,34,26,30
18,19,55,46,16
19,24,61,35,18
20,63,3,38,11
21,61,38,65,12
22,34,64,4,43
23,33,33,44,58
24,28,53,56,28
25,7,23,47,64
26,50,65,47,10
27,45,7,59,1
28,60,52,42,61
29,30,34,30,20
30,67,27,63,18
31,52,20,67,28
32,48,7,50,63
33,33,39,18,24
34,56,66,28,2
35,38,40,26,14
36,35,58,50,33
37,33,50,25,69
38,41,31,39,35
39,58,11,10,39
40,68,47,68,23
41,0,11,41,0
42,43,29,13,9
43,68,33,16,29
44,55,20,45,39
45,20,37,38,62
46,36,54,11,54
47,9,53,32,47
48,38,15,61,30
49,62,36,30,0
50,61,8,57,60
51,31,36,28,61
52,8,55,23,0
53,38,45,56,48
54,22,26,0,50
55,64,4,58,67
56,48,35,64,40
57,46,20,8,54
58,65,21,12,38
59,10,68,1,6
60,1,55,29,55
61,65,4,21,24
62,36,68,13,25
63,61,64,16,30
64,36,31,33,24
65,5,34,23,22
66,51,18,37,46
67,12,34,60,28
68,69,61,68,27
69,31,52,0,19
70,59,33,59,2
71,25,69,16,61
72,26,62,21,52
73,7,9,15,8
74,52,26,11,33
75,63,25,17,24
76,18,40,11,58
77,53,28,44,55
78,60,32,24,44
79,32,65,33,19
80,29,12,57,64
81,9,46,20,15
82,69,9,25,6
83,23,13,36,36
84,15,8,46,58
