1
Grid:
70,70
.@..@..@.....@..@....@....@..@....@...@..@...........@..@@......@@@...
....@...@..@.@@........@......@@......@.......................@..@....
@@....@.@.....@...@...............@.....@.....@....@@.@@..@.....@.@...
.@.@....@...@..@......@.........@.............@.@........@..@.@.......
.@...@....@@@..@@.....@.....@@.......@@@@...............@......@...@..
@..@.......@..@.@..@@.@....@.@...@.@......@....@....@..........@..@...
.@.................@..@...@.@...@..@...@.....@....................@@..
@.@....@@@..@@........................@..@..@@..@.......@..@..@..@...@
......@.....@.....@.....@.....@..@@..@@................@@..@.....@@.@@
.........@..@..@.@...@@....@...............@@......@@@.@.@.....@@.@...
......@.@@........@...@@.@.@........@..@..@........@.@................
.............@.@.@..@..........@@..........@...@........@......@.@....
@............@......@.............@.....@...@....@...@...........@...@
@..@.@..@@.....@..@@..@...@...@.@..@..@@.................@...@........
...........@@..@@......@.....@.@........@....@............@...@.......
.@.@.......@...@..@@.@..@...@...@..................@....@.............
.....@.@......@..@.......@.....@..........@@@..@@....................@
.......@.....@.@..@...@....@.@.....@....@...............@@...@@..@..@.
@..@..........@.....@...........@................@.@....@.............
.@.........@....@......@....@..@...@..@......@..@........@.......@@...
...@.@@...@.@.....@.@........@..@.@..@@.......@.........@@@..........@
...@...@@..@.......@..@.....@..@......@@...@.......@@........@.......@
@...@....@........@.......................@...@.....@@.@......@....@..
.@....@.@..@@......@.........@..@...@.@.@............@..........@..@..
....@......@...@.......@....................@.....@...@..@....@....@@@
.......@....@....@..@..@....@..........@.........@@@@@.@@.....@@......
......@@.........@..@..........@@@......@........@........@@@.........
@.@......@......@.@.@.@..@.@...................@@.@............@.@....
...@@@...@..@..@..@..@@...@.@..@.............@........................
.@...@...@@.....@...............@@..@...@...@@.......@.....@..@@......
..@@@....@.............@@...................@...@.........@.@.........
@......@@....@..@..@..@.@.@........@.............@....................
.....@.@.@...........@@.@@..@@..........@..@@@.......@@..@@...@@....@.
..@...........@......@...@.@....@@..@..@@...@....@@..@.......@@.@.....
..@.@..@.....@........................@.........@..........@...@......
..@.........@..@......@@.@@..@@..@..............@.........@..@.@......
........@.....@.....@....@......@.@..........@@@...@..@@..........@..@
....@..........@@......@.@.@.................@..@...@.......@...@@..@@
..@@@......@.@.@........@..@...........@.........@....@@@....@........
.....@.@...@..@....@.....@@..@....@.@.@...@.............@..@@@.......@
....@@...........@........@..........@....@....@........@....@.@@....@
......@...@.........@@@......@...@...@...@....@....@.@..@@..@.....@@..
..@...@@@.......@..@@.@......@....@......@@.@....................@.@..
@.@...................@................@@.........@.....@@...@..@.....
...@.@......@..................@.@@@.@.@....@...@..@.@.....@...@@..@@@
.........@@...............@@@.....@...@@@@.@...@..@....@.@..@@@.@....@
@.........@.........@...@.........@@@@........@......@...@.@.....@.@..
..........@....@@...@..@@.@@...@...@....@....@.@@..@@...@.........@...
....@@.....@.@.............@...@....@...@..@...@.....@..@...@@.@...@..
..........@...@@@.@..@..@.............@...........@.@..........@@..@..
.......@.....@...@..@...........@...@........@.@.@.......@....@...@@..
..@....@.....@.......@.@.@...@.@........@......@@..@@.....@.@..@@...@.
..@.@@.....@......@@.@@.....................@.@.......@.........@.....
.......@......@@....@.........................@.@..@...............@@.
....@....@..............@...........@@@...@.....@.........@@.......@@.
..@..@.@....@..............@.....@.............@@..@..@...@..@@@....@.
....@.@@.@@.............@......@..........@....@@@..@@........@.......
.........@@..@.......@@............@.@.....@.@......@.........@...@...
.@.@......@....@@..........@.@@..........................@..@....@..@.
.....@.@....@@@...@.....@...@..@@.............@....@.@.@..............
..@.........@..........@..........@.@@@......@..@..........@....@..@..
@.......@....@.....@........@.....@.@.........@............@.....@.@@.
@@@....@@@....@............@.....@..@@.....@............@.........@.@@
.@.@@...@.........@@@.................@...@........@....@......@@..@..
..@@....@......@.........@........@.@.......@....@@.@@.@..@@@.@.......
........@............@....@@...........@..........@...@@.........@.@@.
..............@..@..........@.......@@@.......@.....@@.@.@@.....@.@...
@....@.@....@.@......@..@.@....@......@....@...@..........@@.@....@...
...@...............@@..@.@@.@........@......@@@..@.@.@.@...@...@..@@.@
.@...........@.....@...@..@.@.....@.............@.....@....@.....@...@
Agents:
35
0,63,53,68,15
1,42,12,1,64
2,63,25,17,49
3,44,20,22,14
4,53,41,28,54
5,21,10,6,49
6,50,60,47,14
7,11,3,43,68
8,22,58,34,3
9,66,3,62,4
10,34,39,26,65
11,52,38,0,24
12,27,44,58,40
13,26,64,24,64
14,31,62,53,3
15,20,8,49,2
16,31,50,21,30
17,28,10,16,3
18,8,21,20,33
19,56,8,67,51
20,54,14,49,33
21,69,61,2,29
22,45,4,8,23
23,56,39,68,9
24,42,5,16,19
25,19,60,50,6
26,19,58,43,32
27,14,26,53,35
28,15,48,35,53
29,29,19,47,3
30,52,14,43,69
31,44,24,46,6
32,30,30,42,62
33,60,33,67,30
34,18,22,42,39
