1
Grid:
70,70
..........@........................@......@..@...@...@@.......@.....@.
.@....@.....@@.....@....@.....@.@...@......@.......@.@......@@........
....@....@.......@...........@.....................@..........@..@..@.
...@.@.@...@........@......@....................@........@............
...........@@.@.............@........@@.....@...@.@....@..........@...
.....@................................@...@@..........@@@.@.@..@......
...@...............@...........@@@....@.......@.....@......@.@........
....@@@...........@......@@......................@......@.............
......@..@....@...................@.................@....@.@@.@.......
.....@....@@.........................@...............@.........@......
....@..........@@.@..@.@@.@............@.@...@...@.......@....@...@@..
.....@@.....@...@....@..@..........@.......@..@...............@..@....
......@...@......@...............@....@........@....@@.............@..
......@.....@.........................@........@.......@.@@..@........
..................@.............@@..........@...........@...@@..@....@
@.......@........@.......@..........@.@@.@.@....@@..@.@..@....@.......
....@.............@......@@.@....@...@.....@@.....@.@...@@........@...
..........................................@...........................
...@...@.@@@.......@..@...@................@..@..............@..@.....
................@....@.@..................@..@..@.....................
...@......@@.@....@.@..@...........@..@......@.........@@.......@...@@
......@..............@.........@....@@....@......@.....@.......@......
..@...............@...@.@..........@.............@..@......@...@...@@.
.@..@.@......@@...@...................@..@....@@@..@@@@.@.........@.@@
........@.....@@..@.@...........................@....@@....@.....@@...
......@.........@..@.@@..........@@....@............@....@.....@......
.@....@.....@....@..@@@@.........@@.@@.................@..............
...@..@@.......................................@.@......@....@......@.
.........@...@..........@........@....@.............@.......@...@.....
..@.....@..@.....@..@@.@.......@.....@..@...........@.@@..........@...
............@..@...........................@...........@..@..@...@....
..@@..@@..@.................@.@.................@............@.@.....@
@.....@.....@....@....@..........@...@........@..@.......@@@.....@..@.
.........@...........@.....@@...@...@.@@.......@........@...@.........
...............@.....@............@.@....@.@.@@.@..@.........@..@...@.
..........@...@..@........................@....@........@@...@@...@...
....@......@........@.@@.....@.@@.@.@.....@..........@..@.....@..@...@
..............@.........@..........@.....@..@@...@........@...........
..@.........@..............@.......@.@.........@..........@......@....
........@.....@.......@......@.@@........@.@..................@..@....
.@....@@......@...@...........................@..@@.........@@....@...
..............@..@..@...............@@.............@.....@@@...@@.....
.....@.....@..@..@...@.................@....................@......@@.
...................@..@...@............@@..............@..@...........
....................@...@...@.....@....@....@............@...........@
.....@............@..@.@.@..........@.@........@......@......@.....@..
...........@..@........@........@.................................@...
.......@...@.@.@..@..@...........@.@.............@.....@........@@....
............@.......@.@.@.@@......@...@@@@..@.............@@......@...
@..........@@...........@...@@..@.........@......@...@................
....@........@.......@......................@.@........@...@@.........
..@..@..@.......@.@...........@.............@....@......@.........@...
@.@...............@@........@@.@...@..................@...............
.......@@..@.@......@.......@........@....@@.......@...@.@@.....@.....
..@@@..@...@..@@.......@.......................@...............@..@.@@
...@....@@.........@..........@...@.....@......@.......@..@.......@...
@...@...@.@.......@...@@@...........@...........@@.....@@.............
...@..................@..@...@...@....@............................@..
........@........@....@@.......@@....@..@.........@....@....@...@.@...
@.............@.....@.@..................@.....@.........@..@..@......
..@@.......@..........@....@.@.....@........@.........@..........@@@.@
.@@@.......@......@......@...@..@...@..........@@....@................
.@...@.............@...@....@.@...@@.............@@@.....@........@@..
...@.@...@.......@...............................@...@.@.......@@.@@@.
......@....@.....................@................@..@.......@..@...@.
@...........................@.........@@..@...@...........@.........@.
.@..@..............................@..@..@......@.................@..@
........@.........@...@.....@.......@.......@@..@.@..........@........
..@.................@.@@.....@.......@............@......@........@...
.......@.@@@......@....@@.@..................@....@........@@@.....@..
Agents:
35
0,11,59,15,30
1,68,5,48,29
2,13,50,15,22
3,27,25,46,49
4,0,37,64,3
5,63,25,38,30
6,39,48,10,50
7,6,56,61,42
8,57,52,43,60
9,58,16,50,28
10,38,44,9,62
11,64,56,3,38
12,44,19,16,36
13,65,24,63,42
14,23,29,31,35
15,48,32,49,48
16,26,4,38,16
17,37,28,17,14
18,42,42,30,17
19,61,24,21,65
20,2,15,18,54
21,20,14,49,27
22,62,10,16,65
23,56,2,11,29
24,18,14,49,62
25,59,58,21,15
26,20,15,67,42
27,69,39,65,24
28,1,10,40,24
29,0,43,43,69
30,2,50,34,22
31,15,31,23,3
32,42,54,26,64
33,49,10,49,3
34,2,22,5,65
