0
Grid:
70,70
@......@.@...@...@..@....@....@.@...@..@@.@.@@@.@...@..@..@......@...@
...@@@..@....@..@@@@.........@.......@..@@.@......@@..@.@...@......@..
@......@@@@..@........@@@.@@...@@....@@@@...@.@..@....@.@...@@@..@.@..
.....@.@@...@..@.@..@@.@......@@....@.@.@...@.@.....@...@...@...@@...@
...@@.....@........@......@...@..@@..........@.....@@...@.@.@....@@.@.
@.........@..@...@@@..@....@.....@..@..........@@........@@...@@@@@..@
@...@@.@@.@..@@@....@..@..@@.....@...@.@@...@.@..@.@.....@..@.@....@@.
....@@.@@...@...@..@..@..@..@..@..@...@.@...@...@@.........@......@@..
..@..@..@@@@......@@.@@.......@@....@@.@.@....@.@.@..@.@..@..@..@..@@.
.@.@..@...@.@@.@..@..@...........@@@@..@@..@......@..........@..@.@..@
...........@@@@...@.@...........@@..@@..@..@@..@@.....@...@..........@
.@@@.......@@.@....@@..........@@..@@@..@............@..@.....@.@.@..@
....@...@.@@.@.@@..@...@..@.@@@..@........@.....@..@@@@....@..........
..@....@.@@......@.@.@.@....@.@...@..@@@@@@@@@...@.@....@...@@..@.@..@
...@@...@.@..@.@@@@@@@...@@@@..@..@.....@...@...@@.@@@............@@..
....@@.@.........@...@.....@@......@....@@...@@.....@.@.@....@@.@.@...
..@@.@...@.....@......@.@...@@..@@........@@.....@@.......@...@.....@@
...@.....@....@....@....@.@@........@@....@...........@.....@@@.@.....
...@...@..@..@.@.....@.@.@@..@@.@.@@.@...@@@..@..@@@@.....@..@...@..@.
.@.@..@@...@@........@....@@@..@........@...@@.@..........@@@@...@@...
@......@.@..@@....@@......@.......@..@@.....@.@@..@...@..@...@@@.@.@..
..@@....@..@.@....@.@...@@..@@...@..@@.@@..@.......@.@.@..@.@.@@@.@.@@
@@@.@@........@.......@.@@......@..@.........@..@@.....@..@@....@@....
...........@......@.............@....@..@...@..............@.@.....@..
........@...........@..@.....@@.....@....@@@@@@.@..@....@@.@........@.
@........@@@@...@@@@...@@...@.......@.......@....@.......@@@@..@@..@..
@@..@...@........@..@....@.@......@@..@..........@.@.@.@@@...@....@...
@@@@..@....@@..@@@.@@.@.@.@...@@.@..........@..@....@@.@......@..@@..@
......@.@...@@@.@....@@@..@@...@@.......@.@...@...@@@.@....@.........@
.@@.@@.@.@.@.@..@@@....@@.......@.@.@@..@@...@@@.@..@@@......@..@...@@
.....@....@...@..@..@....@..@.@..@.@@........@...@.@...@.@.@...@@..@@.
@..@@....@@.@..@..@...@@@.@.@....@@...@.....@..@......@@.@..@@..@...@.
..@...@@......@@@....@@@...@....@.@......@@.@...@@....@...@.@...@....@
..@.@.@.@.@.............@.@..@.@....@.@@.@@...@....@..@.@....@........
...@@.....@.....@..@...@@.....@....@.........@...@..@@@@...........@..
.....@...@@@@..@.@.@...@@.@.@..@.....@.@@..@..@@@@..@.@@@....@....@@@.
@....@@@..@....@@.@...@.@..@..@....@.....@@...@.@@..@.@@@.....@@.@@..@
@..@....@....@@@@...@...@@......@.....@..@.........@...@.......@..@...
@...@...@...@........@.......@@@.@......@.....@@@......@...@@...@.@@..
....@......@@........@..@..@...@.....@..........@...@..@@@.......@..@@
....@.....@@..@...@...@@@..@.@@@...@@...@@@.@...........@..@@......@.@
@..@.@.@...@@@..@@.@.......@......@............@....@..@@@..@.........
.@....@.@.@..@.@.....@@..@@.......@.@.@....@...@.............@..@..@@.
.....@...@................@......@@......@.@.@...@.....@...@....@...@@
@...@.@@...@@........@@...@.....@....@.....@.@.@@@@......@@..@@.......
..............@..@..@@........@.....@.......@@...@..@.@...............
..@@..@....@........@@....@.@@.@..@......@.......@..@......@....@..@..
..@....@...@.......@.@@...@@@@..@..@@.@..@...@@....@@@@.......@...@...
..@......@@......@...@@..@...@@@.@...@@@.@..@.....@....@...@.@.@.....@
......@@.@@........@...@.......@....@..........@@@......@.......@.@@@.
.@@......@@@@.@..........@...@..@.....@...........@@.@....@.@..@@@....
@.@..@.....@..........@....@@.@@.@..@...@..@.....@..@@..@.@..@.@......
....@..@@........@....@....@@......@@@@.....@@..@@.@@..@..@..@@..@@.@.
.@.@...@@@..@.....@...@@@.@@@.@..........@.......@.@@@.......@..@.@.@.
@.....@........@..@..@.@.....@@...@...@....@...@@@..@...@....@@.@@.@@@
.@..@...@..........@..@....@.@....@...@.@@...@..@....@....@..@........
@.@..@..@....@..@@...@.@.@.@@..@.@....@.....@...@.@@@.....@..@.@..@..@
@......@.......@.@......@.@@..@.......@.......@..@@....@.....@@.@.....
...@.@.....@.@..@.......@@@..@.@@..@...@...@@...@.@..@...@.@....@..@..
@...@@.@..@.@..@....@...@..@....@.....@.@.@.@..@..@@.@.....@@....@..@@
@..@.@........@@..@@...@@..@..@..@..@.@@...@.......@.....@@@@...@.@@.@
.....@..@.@.....@.....@@.....@@..@.......@....@@.@.......@..........@@
@@..@@.@...@....@.@..@@..@..@.@............@.@@@....@@.@...@....@.@...
....@.....@@.@.......@...@@.@......@...@..@.@........@@..@...@.@......
.....@........@.@@...@@....@.@@.@.........@....@@@.........@@@@.......
......@..@...@@@@@..@@.@@@.@@......@@....@.@.@...@@.....@.@.......@...
@.@.@.@@.@@.....@@...@..@..@.@.@..@@.....@@...@.@.@@@.@.@..@.......@@@
........@@@..@@.....@.@........@..@@@@.....@.....@...@.@@...@....@...@
........@@.@......@@...............@......@..@..@..@.@@.@..@@...@@....
.@...@.@.....@.@...@....@.@.@.@.@.@.@.@.......@..@.@@..@....@..@...@..
Agents:
85
0,30,38,19,63
1,55,37,31,63
2,35,50,5,14
3,64,46,33,12
4,0,29,33,64
5,22,19,41,65
6,20,3,22,7
7,42,20,59,8
8,26,3,61,2
9,65,39,47,56
10,3,3,40,19
11,19,30,68,38
12,3,66,63,67
13,17,51,39,0
14,55,69,55,67
15,54,25,8,16
16,23,21,59,21
17,40,62,13,6
18,64,66,21,6
19,62,32,32,25
20,8,35,60,37
21,36,40,33,33
22,11,15,61,54
23,34,29,28,17
24,34,41,1,25
25,11,61,5,9
26,29,62,46,50
27,66,62,65,54
28,33,40,64,68
29,61,67,20,5
30,46,65,21,9
31,1,7,67,6
32,16,57,58,60
33,55,0,55,0
34,68,63,46,22
35,7,54,42,37
36,26,48,12,35
37,4,2,62,65
38,39,7,54,25
39,68,38,25,1
40,48,66,35,65
41,55,15,55,12
42,51,9,41,8
43,1,59,50,44
44,44,39,35,33
45,48,28,12,43
46,63,3,8,24
47,14,1,45,56
48,51,68,57,68
49,62,44,24,37
50,26,26,57,19
51,10,29,55,46
52,23,48,66,63
53,1,38,0,38
54,7,62,37,44
55,2,16,32,0
56,19,10,3,4
57,61,15,0,47
58,47,3,26,5
59,15,19,41,14
60,23,55,37,58
61,4,11,31,21
62,68,69,37,9
63,25,31,28,47
64,35,65,64,65
65,38,9,9,38
66,6,61,26,16
67,46,68,26,43
68,16,26,59,19
69,67,26,64,33
70,51,67,53,63
71,24,4,47,65
72,24,16,2,35
73,3,41,3,2
74,3,47,36,36
75,31,19,42,51
76,47,55,35,27
77,43,27,21,48
78,65,31,26,6
79,27,42,60,52
80,17,28,37,43
81,40,21,6,31
82,6,35,18,18
83,64,0,39,13
84,58,69,49,69
