2
Grid:
60,60
............@..................@............@..@.@..........
..@......................@@....@.....@....@.................
@...@...@..................@................................
..@................@...@........@....@....................@@
..............@........@..............................@...@.
.................@@..@..@................@..@...............
......@......@......@..........@..@.@..............@@.@.....
............@................@....@.........................
.................................@........@@......@......@..
........................................@.@..........@@.....
..@.......................@@..........@.@.....@..........@..
@..@..............................@.........................
....@@........................@............@.....@..........
............@...@...........................@...@.........@.
.........@@...........@.....@.............@............@....
.........@....@........................@...@....@........@..
@.............@............................@................
..@................@..........@..@.......................@..
.......@........@......@..@.@.....@..@........@.............
...............@@.........@............................@....
..@...........@......@..@..............@.....@..............
...........@...@.....@....................@@................
.@..@......@.@...................@.@......................@.
@@..@.......................@@.....@@...@.@..@..............
..@..@.........@...@.....@..................................
.........@...............@...........@.....@.............@..
............@.@..@.......@..................@....@.......@..
....@.@.@......@.............@.......@.....@@...@...........
.............................@.....@....................@...
..........................@........@........@.@.......@..@..
.......................@......@@............@...............
.........@.........@.@.................................@....
.@.........@......................@.@@...........@@.........
......@...........@...@....@..@..@......@.@.................
............@.......@.................@..@.....@......@.@..@
....@@............@................@.........@.......@@..@.@
.......@..@...........@...........................@..@.@@..@
...@....@...............................@.........@.@.......
.....@......@...........@......@...@............@....@.....@
...............@..@...@..........@........@.........@.......
..@......@................@......@........@.............@...
...................@...@..........................@.....@...
.@...@.....@..@....................@.....@@......@.......@..
............@..................@@..........@@.@.....@.......
................@............@............@.@.......@.......
................@........................@..........@.......
...........@@..........................@.........@@...@.....
................@...@...............@.@.......@.............
......@.@.............................@......@.....@...@....
.@........@....................................@.@........@.
.@@....@...@@@.........@...@......@......................@..
..............@...............@.....................@.......
.............@.....@............@.....@...@....@............
.@.......@.@.......@..........@@@...@.......................
........@........@.......@.....@.............@..............
........@.............@...............@...............@.@..@
............@.....@....@...@.........@.@....@.......@...@...
.....................@......................@......@....@.@.
..........@@.......@....................@..@.@..............
@.................@@...@@...@@......@......@..@...@.........
Agents:
35
0,38,3,54,13
1,37,27,40,49
2,58,20,5,39
3,50,9,11,13
4,19,42,29,38
5,47,15,19,30
6,30,21,57,33
7,27,12,18,39
8,29,27,46,18
9,8,34,22,16
10,20,30,27,52
11,4,11,27,53
12,25,47,33,56
13,15,41,36,47
14,24,47,28,21
15,21,38,23,12
16,55,24,21,10
17,0,52,45,34
18,35,27,15,49
19,57,33,36,13
20,18,42,23,33
21,10,54,2,40
22,5,33,57,1
23,24,58,6,11
24,18,0,46,10
25,14,5,59,51
26,24,4,42,40
27,43,11,44,47
28,52,25,51,27
29,1,11,39,38
30,5,9,31,57
31,44,32,28,58
32,20,9,13,9
33,19,6,23,30
34,20,34,6,39
