1
Grid:
70,70
.......................@.......@.................................@....
..................@@@......@...............................@.@.@......
..........@..........@@........@.@@...@................@.@.@......@...
.......@.........@.@@...@..................@.....................@...@
...................@.@..@.........................@...............@...
..@.@.........@.............@........@..@...@...............@........@
..@..............@................@...................@.....@.........
........@@....@.............@..............@....@.....................
............@.@@..........@......................@...@.........@.@@...
..@.............@....@.........................@...@....@..........@..
....@....@.....................................@@.....................
..@.................@.@...@...@@......@............@......@@..........
.....@...@....................@@..@.................................@.
...........@.@....@...........@.....................................@.
.....................@......................@...............@.........
....@.......@....@@..@.....@....@........@..............@......@..@.@.
.@......................@@.....@.....@.................@.@............
........@..............................@.....@@@......@.@@............
...............@...........................................@.@........
.....................@.....@....@....@...@..@......@.................@
....@.@........@...............@.....@..................@.............
..@..@@.........@..............................@..@.@..........@......
......@...@..........@..................@..@...........@.@....@.....@.
................@..............@.....................@...@.......@..@.
....@....@@..............................@.................@....@..@..
.......@.......@...............@@@................@...........@.......
..@.....@...........@@.@....@......@..@.........@.............@....@..
.......@.............@.............@.......@..........................
.......@........@@.@........@.......@.............................@...
..................@@..@....................................@...@......
........@@........@..............@........@.............@......@...@..
.@..@......@....@.........@.@@..............@..................@.@....
@......@..@.....................@..................................@..
....@@....@.@.................@......@...........@..............@.@@..
.........@.@@...@.@...@...........@..........................@@.......
.@.............................@.........@@..............@............
.....@..@@.......@...........@...........@@............@..........@..@
............@........@....@....@........@.....................@...@...
....................@.@.......@.@......@..............@...............
........@.......@............@.....@.........@.....@..................
@..@...........................@.......@........@..@............@..@..
...@...@@.........@............@...@..@..................@............
.....@..............@...................@........@..................@.
..@.........@........@.................@....................@.........
.@...@.....@..................................................@...@@@.
....@....................@............@...............@...@...........
..@............@.@.....@..@....@....@.....@.@....@.....@.......@......
.@..@.@....@...@..@...........@.......@..................@............
.............@.......@...@....@.@........................@......@.....
............@@......@.@........@@...........@......@.@...@............
......................@.......@..@.@.....@................@...........
.......@...........@.@.......................@......@.....@...........
@@.......@..........................@....................@...@........
.@......@.....@..@....................@......@.@@.......@...........@@
......@....@......@................@.................@.........@......
.................@...@.....@@.......@..@.....@.....@.....@............
........@............@......@....@........................@..@.@......
.@......................@@.@....................@....@...@@...........
..@.....@.............@..@.@@..........@.............@............@.@@
.@...........................@......@.....@@..........................
@.................@.........@..................@.@.......@..........@.
...........................@......@......@........................@@..
.......@.....@......................................@.................
........@.................@......@@...........@..............@.@@.@...
...@.......@....@.@@............@...........................@....@@...
...............@.......@@........@..................@....@............
......................@.........@........................@............
...................................................................@..
......@...........@...................@@............................@.
..@@.....@..@.....@......................................@.......@.@.@
Agents:
70
0,31,62,25,57
1,56,35,53,23
2,25,14,54,54
3,47,17,5,67
4,65,68,1,24
5,29,62,42,23
6,65,25,7,54
7,44,3,64,34
8,25,49,4,9
9,20,41,47,44
10,23,27,36,33
11,38,15,37,17
12,40,11,43,46
13,68,16,21,33
14,11,24,38,50
15,32,8,55,19
16,28,2,59,35
17,59,69,45,20
18,21,18,62,35
19,19,39,49,60
20,21,37,29,16
21,26,46,61,6
22,28,56,29,68
23,17,26,9,13
24,47,40,6,55
25,51,22,59,8
26,23,4,1,2
27,24,40,67,14
28,64,13,0,21
29,16,30,45,43
30,6,41,32,68
31,36,21,20,66
32,33,63,69,54
33,35,44,68,49
34,52,7,64,20
35,29,51,51,29
36,19,55,29,17
37,57,54,36,34
38,63,42,65,12
39,39,41,20,62
40,26,6,25,5
41,48,55,7,63
42,45,50,55,63
43,23,5,12,38
44,23,61,21,55
45,31,55,40,44
46,10,6,34,60
47,22,23,28,22
48,60,2,2,45
49,57,39,50,39
50,67,0,69,51
51,2,32,66,66
52,53,10,59,27
53,20,43,24,16
54,64,29,34,39
55,64,27,44,26
56,15,50,36,51
57,68,1,39,3
58,53,23,52,52
59,51,50,23,27
60,31,40,66,68
61,52,37,21,46
62,9,26,42,36
63,3,10,32,3
64,52,12,2,8
65,66,13,52,33
66,55,49,43,54
67,69,66,20,45
68,61,50,69,35
69,12,65,46,64
