2
Grid:
70,70
.@............@..............................................@........
.........@...........................................@................
@........@.........................@.........................@........
..............................@.................@..@..................
............................@........................................@
....................@.....................@...........................
................................................................@.....
.....@........................................@@..........@...........
...........@.......................................@......@...........
......................@...........................@.................@.
..@..................@..@...........@........@........................
..@@........................@.............@...@......@...@............
...........@...........................@....@.....@...................
..........................@.....@....@.....@.....................@....
..@.........@.............@.........................@.................
........@.................@....................................@......
............@.........................................................
..........@............@@..............................@............@.
..................@..@..@...........@.....@@..........@.............@.
...................@............................................@.....
............................................@..............@........@.
....@......@..........................................................
........................@.............................@.....@.........
@...@.@.......@........@.......@.........@.........@..................
.....................................................@................
.............@.@.@................@@...@.......................@......
...............................@..................@..............@....
....@...........................@.....................................
..@........@.....................................@@........@..........
.....@....................@................................@..........
..............@.@............................@..............@@........
.......@....................@..............@............@.............
@............@................................@.......................
..........@....@@.....................................................
................@................@................................@...
@......@...............@.................................@....@.@.....
.................@....@@................@...........................@.
......@.@..................................@................@.........
...@.....................@....................@.@..............@......
..............................@..................@....................
........................@..@..................@..............@........
......................@.......@.@...............@.....................
....@.................@........@...............................@......
............@...............@...............@.......@................@
@.........................................................@@..........
.......................@.....@........................................
......@..@...............@..........@...@.............................
.........@.............@...........@@.......@.........................
................................................@...@.@......@........
...@..........@.....................@.............@...................
@............@..............................@.........................
................................................@...............@.....
......@.......................................@..@..@.................
....................................................@.................
...................................................................@..
....................@....................@................@...........
.......................................@.........@....................
....@...............@..........@................@.....................
....@...........................................................@.....
.............@..............@.........................................
.@.................................@....@.............................
.....................@.@.................................@............
....................@.............@..@....@....@.............@........
........................@............@................................
.................................@..................@.......@..@......
.........@................@....@.............@........................
...@..............................................@...................
................@.....@.................................@.............
.............................@@@....................@.................
.........................@...........................@................
Agents:
55
0,46,60,58,66
1,56,46,37,30
2,28,17,42,2
3,54,17,37,37
4,26,24,64,4
5,53,60,4,13
6,24,60,0,9
7,15,59,34,63
8,35,22,14,46
9,40,60,0,20
10,53,29,31,20
11,11,15,20,20
12,14,57,54,13
13,57,0,42,27
14,63,53,5,53
15,8,26,5,33
16,37,61,21,49
17,14,63,59,46
18,3,8,60,15
19,38,55,47,31
20,18,3,18,31
21,60,64,49,2
22,6,3,36,38
23,45,59,0,38
24,38,12,1,10
25,10,46,52,68
26,20,66,40,40
27,63,68,27,27
28,5,39,19,17
29,3,39,27,33
30,37,52,45,1
31,66,18,11,10
32,62,67,57,55
33,44,41,36,49
34,18,14,47,29
35,31,55,27,68
36,41,49,3,10
37,38,16,67,38
38,8,10,8,21
39,12,67,43,46
40,32,51,5,34
41,43,31,12,13
42,6,41,10,63
43,68,15,26,10
44,58,34,33,39
45,5,69,18,58
46,7,42,16,23
47,50,21,55,46
48,14,67,50,39
49,63,65,61,38
50,14,35,48,0
51,24,13,8,65
52,30,59,56,15
53,30,62,21,55
54,26,39,58,24
