1
Grid:
60,60
.......@..........@............................@............
..@.@......................@.........@...@.@.@......@.......
.@...@.@................@...................................
.............@...........@...............@@.................
...@.........@.............@.........@@.........@.@@........
........@...@...@......@.......@.....@.......@@.............
@....@...........................@.@...........@...@........
.................................@....@............@.@......
........@...@........@@..@.....@......@..@@.....@.@..@......
....@.@....@.......@........@....................@..........
.@..........................................................
.............@............@.@@........@..............@......
........@..............@.............@....@.................
..............@...........@...............@...@@............
......@......................@.......@....@....@........@...
........@.....@.........@...@...........@...@.....@....@....
..............@.....................@...............@....@..
.......@.......@@..............@........@.@.......@.........
......................................@@...........@........
.@............@...........@@.....@.@..@......@............@.
.........@...@................@...@........@................
..........@......@....@............@................@.......
..@..@.................@...@.........@.@.......@....@.......
...................@......................@....@....@.......
.@........................@@..................@.@.........@.
....@.....@..................@.@......@....@@......@........
....................@......................@................
.............................@.........@...@............@...
....@@.@...@........@..............................@........
@.................@...........@..@.......@..@...........@...
.......@..@....................@....@.........@............@
........@..@...................@.....@@......@..............
..................@..@@......@.@...................@........
..@...@...@.@...@.@......................@..................
...@.@.......@..............................................
....@.......@.@..........................@......@....@......
..@...............@............................@............
..........@...........@..@...@.........................@...@
............@.........@............@.....@..............@...
.....@........@@.@@...........@..........@......@......@....
@..........@...@.@.@.................@...................@..
...@.................@...............@..........@...........
......@..@.....@...@.................@......@...............
@.....@@....@........@............@..@.......@@@............
.@@@...@................@........@..@.@.....@...............
.@.......@.............................@....@.......@.......
.@..........@.....@.@........@.....@@.......................
.......@...........@.@.@......@.......@.....................
@....@...........@...@...@..................................
...........@...........@..@.........@........@.........@@...
......@.@....................@..................@..@...@....
...@........@.....@.....................................@.@@
......@.@....@.@.....@......@................@.....@.....@..
..................@..@........@....@........@@...@..........
..............@.....@..@...@...........@.......@.@@..@......
@...................@....................................@..
......@..........@........@@....@..........@............@...
.@.....@.@...@...@.........................................@
.@........@@@................@..............@...............
.....@..........@.......@............@.....@@@..............
Agents:
65
0,46,11,51,37
1,37,16,39,16
2,6,18,6,9
3,56,15,18,24
4,31,54,28,40
5,29,42,39,46
6,3,12,43,28
7,52,7,31,52
8,14,50,26,18
9,7,54,42,33
10,11,20,8,24
11,58,16,20,32
12,0,16,9,9
13,53,40,49,54
14,53,53,0,44
15,48,53,59,31
16,20,33,49,9
17,47,36,10,58
18,38,11,13,7
19,35,29,33,49
20,29,14,5,28
21,1,39,20,41
22,10,13,1,58
23,12,28,57,22
24,47,17,54,33
25,14,52,26,46
26,22,50,13,39
27,1,36,55,22
28,54,10,32,46
29,52,33,16,53
30,47,16,50,53
31,28,2,42,49
32,15,37,42,48
33,24,57,49,18
34,19,19,5,54
35,14,33,3,54
36,5,39,19,52
37,27,24,26,49
38,6,30,7,11
39,38,27,29,15
40,33,31,35,35
41,18,48,14,23
42,53,55,36,29
43,6,38,36,19
44,12,25,21,30
45,44,51,11,8
46,34,37,33,43
47,25,56,41,36
48,2,36,17,18
49,27,1,37,58
50,56,58,35,46
51,35,44,53,56
52,34,43,17,55
53,22,36,14,20
54,29,23,14,18
55,31,24,47,54
56,57,40,41,29
57,8,20,49,40
58,44,54,46,54
59,34,23,51,24
60,58,28,55,24
61,13,31,46,15
62,24,20,42,46
63,0,32,55,30
64,34,20,17,26
