0
Grid:
70,70
......@.@........@....@....@...............@.....@......@......@......
...............@.......@....@..................@@@................@.@.
.......@.............@..................@...@.....@.@...@.@@..........
......@........@.......@..@...........................................
.@........@..........@.............@.@..@...............@.........@...
..@........................@......@...................................
.@.............@....@........@.@@...@@................................
..........@..........@..................@..@..@..........@........@...
....@.@...@......................@....................@....@..@.......
....@..................@..........................@....@...........@..
....@..@........@.......................@...@...............@........@
....................@@....@......................................@.@..
@......................@...@@....@.............@............@.........
...@...........@@.....@...@.@.........@....@...@...@..@.....@.........
@.@........@.........@......@............@....@.......@...............
@.@.........................@................................@........
.....@......@...@.....@....@....@........@............................
...........@@.................@.@........@.@.........................@
.......@..........@............@....@.........@..@..@...............@@
......@.@...@..@.........@..@.............................@...........
.......@...........@..........@.@....@..............@...@@@.@.........
.............@.....................@..............@............@.@...@
.............................@...................@...........@@.......
........@............................@............@...................
.......................@.........@..@@...............@................
........@....@.....@.....@.....@.........@.@.......@..................
....@@........@....@............................@@@...........@.......
...........@............@....................@@..@........@.......@.@.
@...@.......................@.@...@..@......@.@........@........@.@@..
.@.@......@.@............@.........@...@.......@........@..@..........
....@..@....@...........@......@..@..............@....@.......@.......
..............................@..................................@@@@.
.@...........@.@.........................................@...@......@.
.............@..@.........@........@......@....@.....@.....@@......@..
.......@..............@.........@....@..............@................@
............@.................................@.....@....@@..........@
..........@...@..@.............@...............@...@.........@...@...@
..@...........@.........................@....................@........
......................@.........@......@.@..............@......@......
.@...@..@....@........@.......@...............@....@.@.....@@.........
.@..........@..........@..........@.....@..@..........................
......................@.@..........................@...@.......@.@@...
...........@........@.@........@.....@...@.@@.........................
.........................@@....@............@..@@.@@..................
.....@......@.....@........@...@...@..@.......@...@........@..........
.@..@........@.................@.@.@....@...@.........................
@@...........@@............@..@....@........@.................@.......
...........................@@@............@............@...@..........
.....@.@................@.....@.........@...........@...............@.
..@.@...............@........@..@..@........@.........@...............
.....................@..@.@........@....@...@.......@..............@..
...........@...........@.....@.@...........@@.........................
...........@...................@.............@........................
...@@....@........@.............................@..@....@.@.@.........
..............@.....@.............@...@....@@.............@...........
.........@...@...................@....................................
.........@........@...............@...@.............@....@............
........@....@................@....@@....@@..@........................
..........................................@...........................
.....@..@..............@............@........@............@...........
...........................@....@..@..@..@@......@....................
.......@.....@.@...............@.......@@.............@....@@.........
............................@........@............................@...
.....................@...........@...@@@......@....@@.......@@.@......
......................@........@.....@...@...........@@............@..
............@..............@@.........@....@.........@@.........@.....
.......................@..........@....@..............................
@...........@.@..@.@............@......@...........@....@.............
...................@...................................@...@..........
..@.@............@.....@..@@........................@..@@.............
Agents:
55
0,17,13,53,59
1,55,28,8,57
2,53,21,66,60
3,47,22,36,60
4,8,50,10,38
5,31,12,14,12
6,66,56,33,54
7,15,8,41,48
8,21,29,32,51
9,62,69,51,17
10,55,6,6,50
11,48,16,29,9
12,9,54,67,30
13,31,42,2,54
14,62,34,7,26
15,53,7,7,17
16,15,29,46,49
17,63,14,24,61
18,37,3,23,16
19,48,18,9,1
20,43,8,63,66
21,64,1,62,24
22,12,38,61,62
23,32,4,5,6
24,17,19,65,25
25,12,6,64,1
26,6,17,67,42
27,28,49,25,26
28,49,36,23,63
29,11,63,32,36
30,61,35,14,68
31,57,24,37,50
32,67,36,21,38
33,63,0,24,40
34,41,18,9,53
35,26,46,9,46
36,11,47,67,26
37,4,41,37,47
38,21,26,33,41
39,25,42,27,67
40,21,46,35,13
41,1,67,56,63
42,1,13,27,59
43,35,0,61,28
44,26,7,59,40
45,20,50,2,67
46,14,58,24,9
47,48,64,19,35
48,61,52,39,42
49,37,1,20,69
50,31,40,21,6
51,41,34,67,52
52,10,15,47,66
53,61,10,53,36
54,22,69,45,49
