2
Grid:
60,60
..@.......@...@..............@@..@.......@@....@@.....@.....
..@......@@.@..............@.........@..........@........@..
@@.@@...@......@@.......@@...@..@@....@...@@.....@......@..@
@....@@..@.@.............@.....@..@.@....@.@....@.@.@@....@.
.....@@@@@@...@......@.@.@@........@......@.@....@.....@@..@
..@.......@@..@...@.@@.@.........@......@..@.@@.@@..@@......
........@....@.......@@....@.@......@......@@..@.@...@...@..
....@.....@.......@....@.@@...@....@...@.@.....@.....@.@.@..
......@.....@.....@.....@...@..@..@..@.@.@.............@....
@...........@.@..@...@.....@@@...@..@...........@....@......
@@....@@..@...@...@..@@@@..@@........@@..@..@@@..@...@@@.@@.
...........................@@....@@@...@.@.......@.@@...@...
@..@.@.....@@@.@@...@@@@...@......@.@..@@.@.......@.......@.
...@.@@....@@.....@.................@...@@@......@.......@..
....@...............@......@.@@@@..@...@@...@@........@.....
................@..@...@...@......@.@.....@@@@..@@..@.......
..@.@..@..@@@@.@.............@..@..@...@@.....@..@......@.@@
....@...@........@@...@.@..@@@.@...@.....@@....@@.........@@
...@.......@@..@....@@.@@..@......@@@.......@......@.....@..
...@.@....@..@@....@.@@......@@...@@.....@.@..@@...@......@.
..@.@@..@@..@...@.@.@...@....@..@.........@.@....@.......@..
...@.@@..@.@....@.........@@.......@..@...@@..@......@......
..@......@@.....@.@...@@.......@@.@.@@.......@@..@..@.......
.@@@.......@.@.......@....@..@.......@...@.@.@@...@.....@...
.........@.............@.......@...@.@........@@.@.....@....
.@.@..@.@@@.....@@...@.@@......@.@.@........@.@..@...@..@@..
.....@@@.@.....@.@@..@.@...........@@.....@@.@@......@.@....
.@..@..@.....@.@.......@....@@..@...............@.@.@@@.....
@....@.......@@.......@..@......@@..@.....@...@.@...........
..@@..@.....@...@..@@..@...@..@.@.....@...@@...@...@.@......
..@...........@..............@.....@........@..........@..@.
.@.@@@...@....@.....@.@@.@...@@.@.@.@.@....@.@.@@.........@.
@.@.@.@.@......@@@...@.@.@..@..........@.........@..@..@...@
...@@.........@..@@@.@..@...@....@@@@......@.@@@.@.@@...@...
..@.@.........@......@......@.....@.@@.@.@@..@........@.....
@..@@.......@..@...@.....@...@....@........@....@.@@.......@
...@..@@..@...@.....@.@......@@@.@...@.....@@.@.@.@....@....
......@.....@...@@..@......@................@@@....@.....@.@
@@.@..@.....@.....@..@..@@......@..@@@.@...@................
.@@.@...@.@...@...@@..@..@.....@@...@.......@.@.@@.@@@..@..@
.....@....@..@@..@@@@......@..........@...........@.........
...@..@@..@.........@.@..@..@..@..........@@@...@.....@@.@..
..@............@.@.................@.@.............@.@....@.
.@@..@@@@...........@....@......@.......@...@.......@...@..@
.....@@@....@.@....@......@.......@...@.@.@..@@.......@@....
....@.@....@.....@.....@.........@.@.@@....@..@..@.....@.@..
.....@................@..@.........@@@...@@@...@.@@@@..@....
..@.@@.....@........@..@@...@....@.@.@@...@...@.@...........
..@.@.....@@..@..............@......@......@..@..........@.@
....@..@..@@........@@@....@@@...@......@.....@.....@.....@.
.@.@@....@..@.....@@..@....@@.......@....@.@.....@.@.@....@.
.....@.@.@..@@..@.@.@..@...@...@.....@@...@.......@..@.@@...
......@.............@.@..@.....@@....@@..@...@..@..@.@.@.@@.
..@@...@.....@...@.@..@........@...............@...@.@@.@...
........@..@....@.@@...@.....@.....@.......@...@......@@....
@..@........@..@.@@@.@......@..@@@.....@@..@.@..@.....@.....
...@@.@@.@@@...@.@..@........@......@.@@.....@.@..@.........
..@....@@....@...@.@..........@@......@........@@.....@@....
@.@.........@.@.@.....@..@........@.@..@.......@@....@.@...@
@@.@......@.@.@...@@@.@@.......@..............@@.@.....@@...
Agents:
85
0,52,46,6,31
1,7,20,20,46
2,11,7,25,15
3,55,2,10,59
4,24,57,33,13
5,47,7,42,0
6,7,8,5,39
7,13,54,53,49
8,0,24,37,43
9,42,30,55,57
10,53,26,8,59
11,23,8,56,13
12,19,32,43,15
13,27,16,14,5
14,58,57,13,59
15,16,44,34,22
16,13,26,49,30
17,4,27,32,11
18,47,50,45,30
19,5,28,30,32
20,4,29,26,57
21,2,41,28,8
22,47,22,59,15
23,33,30,46,26
24,40,54,8,42
25,18,2,3,21
26,7,58,54,25
27,16,26,53,14
28,52,8,53,25
29,59,54,57,4
30,6,20,49,8
31,33,22,32,51
32,13,7,5,16
33,13,55,38,26
34,11,43,24,14
35,34,10,16,43
36,47,41,58,1
37,54,3,57,23
38,49,49,11,21
39,58,54,58,46
40,22,38,13,34
41,24,25,35,49
42,8,17,26,47
43,5,41,26,25
44,37,10,8,27
45,48,0,54,42
46,46,1,41,2
47,33,53,52,29
48,5,17,4,3
49,25,30,23,51
50,18,14,28,29
51,41,16,36,49
52,56,54,42,26
53,11,6,17,37
54,17,38,54,37
55,50,47,6,26
56,15,5,21,48
57,0,38,28,52
58,15,21,35,35
59,52,23,11,59
60,4,36,50,29
61,42,14,25,51
62,19,17,13,44
63,13,33,25,42
64,18,55,51,52
65,47,31,20,59
66,9,51,33,55
67,26,26,53,39
68,14,3,14,53
69,1,43,10,3
70,10,3,4,54
71,13,32,25,34
72,50,35,18,53
73,24,18,27,25
74,27,57,6,28
75,16,50,41,5
76,51,26,14,2
77,38,28,35,38
78,20,19,42,5
79,14,12,8,11
80,9,16,45,1
81,41,59,13,8
82,16,16,23,16
83,16,5,6,46
84,48,9,33,6
