2
Grid:
70,70
.........@.............................@............@@.........@......
........@@.@..............@..........................@............@...
..........@...................@..........@............................
@@..........................@....................................@....
.......@............@..................@............@.................
.......@..........................@...@......@........................
@......@..........................@...........@.......................
...................@...........................@......................
..............................................................@.......
.@.......@...........................@................@........@......
.......................................@.............................@
..................................@.........@........@................
.............................................@@.......................
................@................@....................................
................................................................@.....
...@@.........@.......................@................@..............
.........@................@....................................@......
......@......................................@@.......................
.................@....................................@....@..........
.......@..@................................@..........................
.................................@................@..................@
..................@........@...............@..@.....@.................
..@...................................@...............................
......................................................................
...@...............@............@.....@...............@...............
............@@..............@.........................................
.....................................@.................@.....@...@....
..........@.............@.............................................
........................................@.............................
.........................@....@@.............................@........
@........................................................@.......@....
..............................@.............@.........................
...............@.....@.@.............................................@
........@..@.....................................@....................
....................@........@........@.@@.............@.........@....
.......................@@...............@..@.@.....@..................
............................@.@..@..@................................@
..@.........@...............@.@.......................................
....@....@.......................................@....................
...........@........@.....@.............................@@..@.........
...........@.........@....@...........@....................@....@.....
...............................@.......@@...........................@.
........@.................................................@.......@...
.............@......@....................@......................@@....
............................@..@.@....................@..........@....
.....@...@..................@..........................@......@@....@.
@......@............................................................@.
......@.........................@........................@............
.....................@@...................@.........@....@............
...................@.....@..................@.......................@.
..........................@............................@..............
.............................................@...@....................
......@................@.............@....................@.......@...
...........................................@...@.........@............
...............@.........@..........................@....@.........@.@
.....@...................@...............@..@.@.......................
..............@.......@.........@................@....................
........................@..@......................@........@.......@..
...........................................................@..........
............................................@.........................
................@...................@..@..............................
................................@..........@...............@.@........
.@...............................@.....@.............................@
..........................@...@.......................................
............................@@.........@......@.......................
.....@..............................@.................................
.....................................@............@..@..@.............
.....................................................@................
..........................................@....................@......
............................@...............@.@.......................
Agents:
80
0,61,69,48,29
1,2,21,41,42
2,22,43,29,47
3,1,58,17,28
4,60,51,10,22
5,8,66,21,24
6,10,64,14,51
7,65,51,1,69
8,5,16,66,44
9,36,22,52,43
10,16,25,59,42
11,39,3,49,23
12,16,53,26,47
13,29,46,37,10
14,45,26,20,37
15,67,41,30,68
16,29,20,11,8
17,41,55,43,51
18,48,3,45,59
19,16,60,28,60
20,21,34,29,18
21,30,53,19,5
22,23,16,38,41
23,10,41,5,59
24,31,38,6,64
25,52,47,40,18
26,52,19,15,66
27,27,18,0,11
28,29,14,31,22
29,6,52,2,50
30,68,38,23,23
31,35,44,10,1
32,10,19,58,18
33,18,30,28,46
34,63,33,22,65
35,8,49,17,60
36,51,51,65,43
37,22,46,39,19
38,22,28,40,23
39,9,60,3,45
40,37,64,1,54
41,3,48,15,13
42,26,4,65,67
43,43,34,48,13
44,66,34,61,60
45,61,52,31,68
46,69,55,34,67
47,42,4,61,38
48,67,50,68,52
49,48,68,5,40
50,65,39,53,13
51,38,2,25,48
52,37,45,25,17
53,65,52,44,8
54,61,47,60,61
55,36,42,35,68
56,29,44,27,5
57,7,16,51,35
58,16,40,16,30
59,3,58,68,13
60,60,8,62,54
61,16,44,27,49
62,57,68,11,9
63,51,36,66,64
64,3,18,62,66
65,30,35,26,5
66,47,11,5,22
67,65,68,24,23
68,25,1,8,36
69,10,50,9,7
70,8,60,9,40
71,43,19,60,64
72,68,19,59,49
73,23,24,18,13
74,48,26,50,5
75,58,27,40,63
76,46,59,11,33
77,7,56,37,4
78,22,64,60,24
79,14,39,37,54
