1
Grid:
60,60
...........@..............@...............@.................
...........@@................@...@@.@@.......@..........@...
..........@.....................@.....@@.@@.................
.........@.@.@.........@...................................@
.......................@................................@...
...........................................@.....@..........
............@...........@.......@...........................
............................@....................@..........
...@.........@.............@...@..@........@................
..@..........@............@...@............@...........@....
............................................................
....................@.........@........@....................
..........@...........@............@...........@..........@.
.@.........................@.......................@........
.............@................@..............@..............
....................................@............@..........
............................................................
............................................................
......@.....................................................
...@..........................@.......@...............@.....
@...................@.............@.........................
....@........@.......@...............@..@........@..........
....@......................................................@
......@..............................@........@.............
.@.....................................@.............@......
......@...............@........................@............
.@..@@...@.....................@...........................@
@.....................@.............@.................@.....
.............@...................................@..........
...............@..........@.......@.....................@...
................................................@...........
..............@..............@..............................
.......................................................@....
.......@.................................................@.@
...............@..@...........@.............................
@...............@.......@...........@@....................@.
..........@..@.....................@........................
.............................................@..............
............@..............@...@...............@............
.@...@......................................................
................@@...........................@..............
........@.........@......@..................................
..............@................@.................@..........
...............................@.....@........@.....@.......
............................................................
...........................@........@..........@............
@..@........@............................................@..
......................................................@.....
..................................@...@.................@...
.@.............@.@@..........@..............@...@.....@.....
...........................@...............................@
......@...........@.........................................
............................................................
@...@..@...................@....@...........................
............................................................
............................................................
.............@.........................@...........@........
......................................@...@.@...@...........
..............@......@......................................
...................................................@....@.@.
Agents:
45
0,10,0,39,13
1,14,15,5,25
2,29,53,42,34
3,47,12,8,55
4,24,35,52,2
5,13,4,20,53
6,47,13,42,27
7,48,44,13,16
8,3,55,12,44
9,1,44,22,55
10,1,3,47,29
11,1,50,14,58
12,49,9,23,42
13,27,20,13,34
14,22,55,29,32
15,54,8,47,52
16,43,13,19,52
17,25,17,34,48
18,23,59,41,28
19,23,43,1,53
20,51,50,33,23
21,18,25,41,11
22,13,20,26,16
23,51,0,32,33
24,14,0,32,7
25,16,29,10,35
26,51,43,23,51
27,11,34,31,52
28,45,4,9,6
29,37,26,37,3
30,50,53,4,58
31,50,54,55,33
32,12,8,43,8
33,24,51,42,24
34,50,1,47,0
35,21,26,39,57
36,8,11,56,44
37,28,24,19,34
38,32,24,26,24
39,56,6,35,4
40,28,21,40,39
41,41,54,12,31
42,51,13,12,15
43,21,42,7,54
44,6,49,55,31
