1
Grid:
70,70
@...@....@...@.........@@...@@@@.@......@.............@...........@...
...@.@.@@@..........@.@..@.......@.@......@....@.@....@....@...@@@@...
@.@@...@.@.......@..@@@..@@@...@.....@..@..@.@@.@............@.@..@@@.
.......@@.@@@..@.....@@@...@.....@@..@@@..@.@.@.....@@......@@.@@....@
....@.......@...@..@.@.@.@@.@...@......@.@..........@@..............@.
.@...@.@......@.@.....@.....@.......@.@.@.@..@.@..........@.@...@@...@
@.....@.......@@....@@...@.@..@.....@.@..@....@..@@....@...........@@.
@@..@@...@.....@......@@...@.@@.@@.@..@@@....@@.@@.@....@@.@.@@@@@.@..
..@....@.........@@...@.@@...@..@..@...@@...@.@.....@@@.......@.......
....@.@.....@@@.@.@...@...@.@.......@@.@....@..@............@.@.@.....
........@..@......@..@@.........@....@....@.@..@@..@........@.@.......
@@..@...........@.@@@@..@@@@@..@....@......@...@@.@.....@.@.....@@...@
....@..@.@..@...@@@........@@..@....@@..@...............@...@@....@...
.@..@..@.@@.@.@...@...@@...@...@....@.@...@....@@@..@@.............@@.
......@...@.@.....@.@@@...@.@......@......@..@....@.@.......@@.......@
.@..@...@.@....@@.@.@..@..@..........@.......@.....@@.@.@...@..@@@@@.@
.@..........@@....@@@..@...@@.........@@...@....@...@.@.....@..@@....@
........@...@..@@@.....@...........@@@....@@@.....@.@.@@@@@...........
@..@..@@@..@...@@..@@..@....@..@....@.@..@.@..@..@...@.@.......@....@.
.........@..@..@@@..@@......@...@@.......@....@@..@@@@@@.......@.@.@..
..@@.@@...@...@.@........@@..@@....@..@@@...@.............@.......@.@.
...@@....@@.@@.....@.@.@@@...@.@.@@@.@..@@@@@.........@@....@@.@......
.@.@@@@@.@@@..@............@........@.@..@..@.@@@@.@..@.@......@..@..@
....@..@.@......@..@...@.........@@...@...@.....@.@@....@....@.@@@..@.
@.@@@..@....@@.@..........@....@.@.@....@@.@....@.....@.@.@..@.@@..@@.
..@.......@.@@..@@.@@.@@@.@..@..@....@.@....@.@..@.@..@.@.@.....@....@
@.@@@..@......@...@..@@@....@.......@.@.@@.@...@...........@.....@.@@.
@....@@.@.@.@@@...@...@.....@...@..@.....@..@@.@@..@.@@@@.............
..@..@....@@......@....@.@...@@.@.@....@.@......@.@.@..@.@@.@.@.......
@@@...@...@@@@@...@@.....@@@@...@@.....@..@..@.@@..@..@....@.@..@.@@..
@.@...@...........@..@..@....@......@@.....@.@@@@...@..@@.@@..@.@..@..
.@@.......@...@.@..@@.@..@@..@@...@...@.@@.@...@.@.@...@..@@..@...@.@.
....@.........@...@@.....@.@.@.@..@@..@.@.@@@.......@.....@..@..@...@.
..@.....@..@..@@.@.........@@@.@@..@.@..@.....@@.........@@@@.....@...
@@@..@....@@.@@.@@.@.......@..@..@.....@..@.@..@...@..@...@@@..@@..@@.
..@..@@.@.@.@........@.@..@@.@....@@@...@@@...@.@@..@@.......@@@@..@..
...@@@..@...........@.........@...@..@@..@..@.@....@...@@.@@@.........
.........@@.@.....@.@..@.........@...........@........@.@.....@@.@..@.
..@...........@..@.....@....@@@@...@......@....@.@@.@..@.@..@.....@.@@
.....@...@@@.....@..@............@..@.@@@..@...@.@.@@@...@.....@@...@@
@@@.........@.@.@@@...@....@.@.....@.@.....@.@...@...@.........@......
.@.......@.@..@@..@@@.@..........@...@.....@@@.@..@...@..@....@.......
..@@..@@.@.@@@.@...@...@....@...@.@..@.@..@@...@@..@...@....@.@.......
@.@..@.....@@....@.....@..@@.....@@@........@.....@..@.....@..@@...@..
.......@......@@.@@.....@.@@..@.....@...@......@@..@..@@.....@@..@.@..
.......@....@@.@.@.@@@......@.....@@..@@...@.....@.......@...@@.......
..@.@.....@@...@..@@.......@@..@........@....@.@.@...@.@.@..@@.@...@@.
........@@.......@...@.....@.....@.....@@....@.@@.@.@@.......@.@....@.
.@@@..@@@......@@...@@@@.@...@...@...@@@.@...@......@....@.....@.@@...
..@@@....@....@......@..@@@.@.@@...@@...@@.@.@............@..@@@@.....
.....@.@@.@.@....@...@..@....@@..@@..@.@@@@...@.......@....@@..@.@.@..
.@.....@.....@.....@@..@..............@@.@...@.@@.@.@.@@....@...@@...@
....@...@....@@@@......@.@.........@.@..@..@.....@@@.....@....@.@.@..@
....@@.@@......@@......@....@@@.......@@@.@....@.@..@...@..@@...@..@..
...@.@@.@@.@@.....@....@..@..@.@....@..@....@..@@@@.@.@.@...@....@@..@
.......@..........@@.@...........@..@@@...@@@..@............@.......@.
@.@@...@..@@.@..@..@.@@@.@@.................@........@..@@@.@.......@.
.@......@.@.@..@...@..@@...@.@....@....@..@.@..@..@....@...@@@....@...
...@..@..@.@.......@..@...........@.@.........@.@@..@.@..@@@@@..@.@@..
.....@...@....@@@.@....@..@@.@@....@.@.@.@......@@..@@.....@......@@@.
.@..........@.@...@.@.@@.@.......@........@...@.......@....@..@@@...@.
..@..@....@...@.@..@..@@.@.@.............@.@..@.........@..@..@@@....@
..@.@.@.@.....@@...@....@..@..@@@@.@@...@@..........@@.....@...@@.....
...............@@.@....@................@...........@.@@.....@.@....@@
..@@....@@.@...@.@@..@@..@.@..@...@@...@...@.@..@..@...@.@....@......@
@...@....@@...@..@@.@.....@......@@...@....@@@......@@.@........@.@.@.
@@....@..@....@.........@@@..@@@..@..@.@@@.@..@....@..@........@.@@@@.
.........@.@.@....@@.@@@.....@..@.@@..@...@.@...@@......@@@...@...@...
..@.@..@.@.@..@@..@..@.@......@.@.@...@.@.@@........@.@.@...@......@@@
....@.....@.....@...@...@..@@@............@..@.@......@...@..@.@.@@...
Agents:
50
0,7,36,63,35
1,37,34,36,18
2,32,20,24,28
3,12,11,51,35
4,56,17,11,68
5,61,9,26,11
6,11,3,33,61
7,33,62,43,10
8,8,16,56,29
9,41,69,17,67
10,62,45,45,60
11,61,7,42,8
12,63,53,64,53
13,62,0,39,60
14,2,19,34,43
15,35,39,68,0
16,37,22,38,1
17,69,57,27,30
18,10,4,5,31
19,50,64,50,64
20,26,15,9,25
21,48,13,0,3
22,25,28,52,42
23,49,60,67,45
24,6,24,26,60
25,22,37,52,10
26,39,48,18,45
27,6,39,6,39
28,50,56,63,49
29,46,3,47,20
30,66,59,8,43
31,50,16,42,16
32,19,8,3,48
33,63,28,39,42
34,16,37,66,10
35,49,7,26,33
36,4,34,40,59
37,15,44,10,15
38,52,34,65,2
39,57,56,27,17
40,34,21,38,6
41,31,44,0,49
42,20,32,39,46
43,40,68,1,24
44,31,23,64,44
45,60,28,8,20
46,69,69,69,69
47,34,15,53,58
48,68,1,2,29
49,6,16,64,56
