0
Grid:
60,60
.@@@..@............@..........@@@..........@.@.....@......@.
.....@@........@....@......@@@..........@.@.@.@..@@@........
.@...@.........@...@@@......@........@@.@...@...@..@..@.@.@@
.@...@.@@....@@@.@..@@..@......@.@...........@.......@......
....@.@........@.....@.@..@.@.@...@...@..@..@.@.............
@..@@......@@@...@@@.........@...........@..@...@.@.........
...@.....@.....@....@..@.@.@..@@..@....@@.......@......@..@@
@......@.@.@.@.@....@.....@@.@@.....@@...@...@@@............
......@..@.@......@...@.....@..@..@......@.@....@.@..@.@.@.@
.@.@@@..@....@@.@...@@....@@.............@....@..@.@.@.@...@
..@......@....@...@.@..@.@@.....@@....@......@...@...@@.....
.@.@...........@.@.....@.@@@@......@.....@.........@.....@..
.@...@......@........@@.@...@.....@............@.....@@.@...
..@.@@...@.@......@.....@@.@@..@..@.@@....@@......@@........
@...@@...@............@.....@........@@.@.......@.........@.
.@@@..@...@....@...@@............@.....@.@@....@....@..@.@..
@@...@@.....@...........@..@@@.@....@@.@@.@@@.....@......@.@
.@...@.@@....@.......@.@....@..@.@......@@.....@.....@......
...@...@..@.@.@@..............@...@@...........@..@......@..
...@@@.@.@@.@.@@.............@@@.....@......@...@.@...@@....
.@...@..@@...........@...@..@.......@@@......@..@.@@......@@
....@.@..@...............@...@..@.@........@..@....@@@@@..@.
....@.........@.......@.@...@...........@@@.....@.........@.
..@@............@...@..@...@@...@@@..@..@.@.@.@.......@..@..
..@..@@..............@@........@.@...@...@.@@@....@......@@.
.@@.@@.@......@@.@.........@.......@..........@@....@..@...@
..@..@..@........@.....@.....@......@@@...@...@...@.........
@....@.@........@........@.......@.@...@@..@.............@@.
......@..@..@.@................@@...@.@@.....@..@......@@.@@
.@.@....@........@.@........@..@...@..@..........@@.@..@...@
..@@@....@...@.....@@..@.@.@@@.@.@..@@.@...@.........@.@.@..
...@......@@...................@...@...@...@.@..@.@@........
@.@@..@@@..@....@.@.........@....@....@....@..@..@....@....@
..@.@..@...............@.@...@...@@..@@.....@....@@..@......
.@.....@.@.@.@..............@...@...@@@.@....@@.....@..@....
@..@@........@......@....@..@..@..@..@.@..@..........@......
..@@@....@@@..@@...@....@.@.@.......@.@@@.@@..@...@.@@...@.@
.......@....@..@..@....@@....@....@@.....@........@....@....
...@.........@.......@..@...@....@............@.@.@....@@.@@
.....@....@@...@..@.@...@.....@.....@..@.........@..@@@....@
.@..@@.....@.....@@...........@....@....@..@.@...@@@..@.....
...@......@.............@........@.@@.@...@.......@@......@.
@...@.@@@.@@.@.@@...@@...@...@.............@.@.@.....@....@.
..@..@...@@.....@.....@@.............@................@...@@
..@@@@......@.@.....@@........@...........@...@.......@.@...
......@@....@@@.....@..........@...............@..@.@......@
@.....@.@.....@.....@......@@..@....@........@...@.......@@@
..........@@@....@@......@.......@..@.@.@.....@.......@...@.
...@...@..@...@..@.@@.@@.........@@@..@.....@....@@..@..@..@
...@@.@.......@.@..@......@@....@..@@@@..........@.@@@......
.......@@.@....@...@....@.@...@.@....@@.......@....@.@@.....
.@.......@.....@.@@.@.@..@....@.....@.@....@..@.......@...@@
..@......@.@................@....@@......@.@...@..@...@...@.
..@@....@..@.@........@.@.....@.......@..........@@........@
...........@.@.@@.@.....@.@......@...@.......@....@@....@...
...@.@@..@.@...@@.....@...@.@.....@@@@......@@....@..@@....@
@.............@@....@@......@@..@.....@@@.@.@@.@@..@........
...@@@...@.@@..@......@....@.@...@@...@........@.@@.@...@...
@...@.@....@...@@..@@........@@.@.@.......@....@...@.@...@@.
.@@@................@..@.........@.@.@@.@.@@@@....@....@@.@.
Agents:
50
0,42,1,11,55
1,57,45,43,52
2,10,22,17,20
3,29,56,53,5
4,28,17,36,8
5,23,35,15,22
6,8,42,13,20
7,7,51,52,26
8,20,56,45,3
9,2,22,14,27
10,27,48,43,56
11,46,46,16,7
12,21,28,56,27
13,23,30,18,25
14,8,27,28,25
15,1,18,12,8
16,33,0,40,25
17,29,13,3,27
18,39,0,8,35
19,53,44,17,25
20,1,22,1,11
21,35,7,41,28
22,18,51,32,20
23,34,0,11,34
24,57,16,54,9
25,20,18,54,48
26,31,12,3,42
27,43,52,48,26
28,54,43,11,59
29,48,27,37,0
30,18,32,27,15
31,35,18,33,35
32,57,21,58,9
33,34,35,21,41
34,50,13,25,25
35,4,17,39,34
36,53,1,41,18
37,54,0,34,35
38,9,9,11,56
39,44,33,57,37
40,53,52,57,13
41,43,26,36,7
42,40,15,53,51
43,1,24,19,34
44,22,34,17,17
45,3,3,43,19
46,31,59,15,12
47,25,22,1,38
48,26,6,25,6
49,13,13,9,37
