1
Grid:
70,70
.............@.@...@@.@.@........@....@.@.................@...@..@....
....@.....@....@..........@..@.@@............@@.....@...@@.@..........
....................@....@..........@....@.@...................@.@....
....@.@......@.......@..@..@.......@@.@.....@...@.....@......@.@.@@...
.....@..@........@@@.....@....@....@.............@.......@@..@.@......
................@.@.........@.................@....@.@@......@..@...@.
.@........@..................@@..@...................@......@@......@.
.........@.@@..@..@....@....@....@@...........................@@@.....
..@.................@..@.....@..@....@@@@...........@........@..@.....
.....@..............@.....@.@..........@.......@........@.............
......@.@@..............@..................@....@...............@.....
......@.@.@@.........@.......@.......@......@@.@..........@..@..@.....
.....@............@...@.............@.....@..@........................
..@..@.........@..@.@..@.@.........@...@.........@..@...@.@....@......
...............@...........@....@...........@.......@.............@.@.
........@...@...........................@........@.@.....@.@..@.......
@@..@@........@@...@.@........@.......@....@@.....................@...
...@@@........@.@.....@.........@.@..@......................@....@...@
...@.......................@....@..@.@...@.........@..@.@.............
@@@@..@@..@..@@@....@@.@.......@.@.@@@@@.@....@.@...@......@.....@..@.
.@..@.....@..@.@.........@.......@...........@@.............@.....@...
...@......@@..@.............@......@.@@......@.......@....@..@.....@..
....@@...........@@.......@@......@.........@..@..@.......@......@...@
....@.........@..@@.......@.........@...........@.@@...@..@..@......@.
.........@..@.@....@..@.................@.@.........................@.
..@........@..............@............@.@.@.@@@.....@.........@..@...
...@.@........@..@@..............@.........@@..........@......@.......
..@......@.@...................................@..@...................
...@...........@.@................................@..@.@....@......@..
............@.@.....................@.@.........@.@..........@..@.....
..@............@.@....@............@..........@......@.@..............
.....@...@..........@....@...@....@...............@.....@.......@..@@.
............@......@.@..@...@@.@@@.........@..........................
@.....................@.......@.........@............@@.@.............
.@...@....@.....@...@...@..........@.@...@@.........@@.......@........
.....@.@.......@............@@@..@@..@..@.....@@........@........@@...
.....................@..@..@....@.@........@...@......................
.................@...@.@@@..@........@.@......@....@.......@......@@..
..@@................................@@......@...............@..@......
....@@..@....@..........@.........@....@......@.@.....................
............@....@...@......@.........@.@.@@.....................@...@
..@@@.....@..........@..@.......@.....@......@........@..@.@..@.@...@.
..@.@.@...@....@...@.....@...................@.....@@......@..........
..@.......@........@...@...............@........................@.@...
....@..@@....@.@@......@@...@..........@...@...............@..........
.@.........@@@........................................@............@@.
...@.@@....@.......@.......@......................@..@.......@.......@
...............@....@..................@..@.@@.@.....@.@@@............
.....@............@@....@@...@.@..@.....@......@.....@@....@.....@@...
.....@@........@......@@..........@........@.........@....@.@@.......@
..@...................@...............@..@.@@.....@....@............@.
.........@......@.@....@................@.@.........@.......@..@...@@.
...................@.@......@@.@......@......@.@..........@...........
...@..@........@@.....@.........@.....@...@.....@.@.@.......@.........
..@....@..@@.....................@......................@.............
.@........................@.......................@..........@........
.@.......@...........@..........................@.......@.@@..........
...@..............@......@..@...@.....................@..@............
..@@............................@.@.@....@...@..........@..@.@@.....@.
..............................@.......@............................@..
............@....@..........@.....@.@.@...@@.....@.....@.@............
.@.................@..........@...@.....@@.......@@.............@.....
...@...@@.@.......@............@......@.@@@......@....@....@........@.
.......@......@..@................@.......@...........@@@........@.@@.
.....@.@@...@.@@.....@...............@..@.@@..@@@.......@.......@@....
@..................@.........@..@.............@@@....@....@......@....
.@@........@.@.....@.........@..@....@................@..@............
...@.....@@@.......@.@...........@...@.@..@.@....@........@.....@.@...
..@........@........@....@.@...........@..@..........@..............@.
@......@@.@........@...............@.......@.@......@...@...@.........
Agents:
85
0,21,54,37,14
1,6,5,37,20
2,9,50,50,12
3,44,3,5,23
4,46,25,15,60
5,13,11,66,23
6,52,56,17,49
7,10,68,35,41
8,18,1,14,30
9,67,35,58,52
10,36,16,41,56
11,49,26,4,2
12,27,27,23,66
13,38,1,42,61
14,43,12,19,63
15,64,39,56,16
16,44,32,52,16
17,60,65,60,54
18,51,44,51,6
19,8,25,54,46
20,26,11,64,1
21,20,36,9,17
22,7,44,27,45
23,14,30,24,6
24,56,32,23,49
25,68,56,9,54
26,42,50,61,6
27,13,67,3,64
28,4,51,32,10
29,36,55,14,48
30,53,61,24,59
31,59,20,56,26
32,57,15,8,58
33,28,18,11,48
34,50,7,18,26
35,4,20,41,58
36,25,14,21,36
37,9,42,12,56
38,9,51,2,50
39,25,65,11,41
40,1,28,14,20
41,12,39,46,38
42,62,44,11,50
43,7,52,23,9
44,9,34,61,21
45,60,22,40,18
46,28,35,65,13
47,45,52,17,61
48,28,23,46,55
49,69,6,64,9
50,62,53,14,24
51,26,21,35,64
52,46,38,53,66
53,28,45,55,35
54,18,58,22,16
55,59,49,65,31
56,11,19,32,17
57,27,12,12,34
58,41,14,43,3
59,11,68,2,53
60,67,40,67,48
61,62,9,50,54
62,13,43,16,22
63,6,43,17,68
64,28,6,7,10
65,46,9,62,44
66,18,22,54,41
67,37,38,12,8
68,24,33,25,52
69,32,42,55,15
70,58,9,64,69
71,10,14,50,4
72,12,1,55,44
73,8,22,42,9
74,22,23,49,63
75,28,36,55,41
76,24,55,30,10
77,39,44,16,13
78,21,12,18,68
79,20,5,36,1
80,42,17,13,61
81,64,18,33,65
82,46,42,28,14
83,43,33,9,35
84,24,28,60,3
