1
Grid:
60,60
....@..................................@....................
..@..........................@....@.........@.......@.......
..@.......................@..............@@..........@...@..
@....@........@.........@@.@................................
.............@.@.@.....@.....@..@.....@....@..............@.
...........@......@..@..@@...@......@..@.................@..
@@............@.................@....@@...........@@....@@..
.....@......@...@.......@.................@.......@.........
.............@.....................@......@.....@...........
.@........@.@...@..@....@.@.........@...............@.....@.
..............@................................@...@........
...............................................@....@.@...@.
...........@..@........@................@.@......@...@......
.@.........@........@...............@...............@....@..
....@.....@............@...@...@....@.......................
..@...........@.......@...@...@...@...@.@........@..........
...............@......@......................@....@.......@.
@.@............................@..............@.............
..@........@.@.........@.............................@@.....
......................@.@@......@.@......@.@................
...............@...@....@.@..............@.........@........
.@...@....@..@........................@.....................
............@...........@.@........................@........
..........@...@..........@....@....@........................
...........................@................................
..............@.@....@...............@..........@.@....@...@
..........@.@...@.........@.@...@.....@...............@.....
...@.....@@.....................@...........................
@.........@@...@........@......@.......@..............@...@.
@..........@........@..........@.........@...............@..
.................................................@....@..@..
.......@@..................@....@....@...@............@....@
.......@...........@..@.......@......................@....@.
..........@............@..@.......@...@..................@..
............@..@.@.@..@..@..@............@.....@...........@
.......@..............@.......@..@@....@...@......@@........
..................@.............@@......@...................
....@............@...............@@............@...........@
.....@.....@.@.........@...@...@.@..........@..@@.....@.....
......@.........................@..............@.........@@.
...................@.......@..@..............@...@..........
.....@....@.@.......@..@.......@@..............@............
......@.................@.@.................................
.......@....................@..........@.........@@..@@.....
..@..@......................@...............................
.......@.@..@..........@.@..................................
@...@..@.......@..@.....@...................................
............................@.@.@................@..........
...@....@...............................@.........@.........
.@..........................................................
......@.....@..@......................@...........@...@.....
....@.........@..........@............@.....................
............@......@...@.....@....@@@.......@......@.......@
............@.@...............@@..........@.................
...........@.........@...............@.@..@.@..............@
..@..@......@..........................@............@.......
@...@........@..@..........@.....................@.@....@...
..........@..@@.@.........@@............@.....@...@....@....
..........@....................@....@..@....................
....@........@.@.....@.....................@........@.....@.
Agents:
70
0,56,12,14,21
1,30,32,40,34
2,27,47,20,49
3,0,26,34,52
4,48,34,7,46
5,1,53,5,52
6,43,43,54,15
7,40,41,38,41
8,43,36,1,35
9,48,42,40,35
10,14,7,55,8
11,45,40,5,27
12,56,22,17,34
13,56,8,32,14
14,9,28,40,8
15,35,41,34,44
16,13,56,15,52
17,49,56,55,35
18,26,21,8,15
19,34,40,14,16
20,12,12,2,56
21,2,13,21,22
22,7,48,43,29
23,27,22,27,7
24,41,44,48,0
25,24,14,43,15
26,17,18,47,36
27,31,47,42,18
28,51,37,4,11
29,30,40,55,55
30,25,33,12,57
31,18,1,54,48
32,29,44,39,55
33,51,47,14,25
34,10,27,42,0
35,7,6,23,57
36,51,2,23,6
37,5,32,42,11
38,55,33,57,9
39,27,24,27,11
40,3,20,40,17
41,15,47,39,2
42,38,30,36,54
43,24,38,0,42
44,10,32,33,56
45,54,5,13,41
46,18,42,53,16
47,34,57,24,4
48,6,20,49,35
49,13,59,11,13
50,14,43,32,6
51,42,56,56,37
52,13,0,0,20
53,46,42,32,57
54,6,21,9,20
55,22,31,58,55
56,55,19,43,57
57,37,27,6,20
58,49,12,37,1
59,3,33,47,51
60,50,5,30,38
61,14,55,50,33
62,12,22,46,55
63,16,25,17,36
64,24,46,3,39
65,14,13,49,51
66,19,46,7,33
67,58,56,48,47
68,18,35,2,31
69,36,8,3,35
