2
Grid:
60,60
............................................................
.....@................@..@..................@........@......
.....@.............................@......................@.
....@.....@.................@...............................
...@............................@.....@.....................
..............................@....@..............@.......@.
............@.......@....@............@................@...@
.........@....................................@.............
...@...............@.....................@........@...@.....
.....................@@...........@.........................
....@@.....................@................@...............
..................@...@...................................@.
............@................@.......@......................
..................@...@........@....@.................@....@
............@..@............................................
....@@...@..........@....@..................................
.......................@...........@........................
..........................................@.................
........................................@....@@..@..........
........@.........@.........................................
..................................@.............@....@......
.................@...........@.............@..@............@
...@.........@..@....@.@@.................................@.
............@...........@...................................
.........@.......@....@....................................@
..........................@...@...............@............@
.........@...@.............@................................
...........@................................................
...@...............@...................@....................
....................................@...........@...........
..............................................@.............
.......................................@...........@.@@.....
..............................@.............................
..........@@............@@@........@........................
............................................................
....................@..............@.............@@.........
..@.......................................@....@............
.........................................@..................
..............@.............@.........@...........@@........
....................................@.......................
....@.......................................................
..............................@....@.............@..........
..@.................@@..............................@.@.....
....................@.....@.................................
...........................@...@.........@..................
....@.@.......................................@.............
.......................................@....................
...........@..........................@....@................
.................................................@..........
........@............@..........@...........................
................................@.............@@............
.................................................@..........
...........................@@.........................@.....
..............................................@.............
.....@.......@...............@@.............................
..................................................@.........
............@.........@..................@...........@......
.......@...............@...@..........@...@.................
....@.......@......@........................................
.............@...........@@...............@.................
Agents:
70
0,16,25,51,47
1,36,58,53,6
2,58,22,27,17
3,54,38,41,14
4,15,59,46,15
5,49,1,15,34
6,4,12,39,15
7,11,5,31,43
8,37,49,52,2
9,50,56,47,1
10,2,16,41,46
11,44,43,13,34
12,18,28,25,20
13,19,17,59,33
14,52,1,48,11
15,48,4,15,3
16,14,4,46,19
17,34,21,45,8
18,2,51,44,40
19,34,46,12,26
20,9,32,44,32
21,42,26,43,0
22,41,11,54,19
23,17,14,16,8
24,58,29,3,51
25,43,37,31,42
26,21,9,39,52
27,48,59,21,2
28,41,52,37,49
29,39,29,54,53
30,2,36,38,30
31,46,14,12,11
32,47,0,53,48
33,38,49,38,20
34,2,46,54,3
35,15,3,29,3
36,47,30,6,22
37,33,17,17,16
38,1,6,35,21
39,18,22,37,52
40,18,11,45,33
41,43,5,46,42
42,15,34,21,19
43,39,10,44,30
44,11,4,6,30
45,43,32,1,50
46,46,28,31,38
47,15,56,33,19
48,36,9,58,50
49,26,56,12,38
50,22,18,19,16
51,25,24,18,43
52,50,33,17,11
53,18,57,40,34
54,18,23,41,15
55,55,59,23,57
56,1,42,12,7
57,44,3,44,12
58,9,52,11,11
59,34,10,30,8
60,20,15,37,40
61,41,53,53,23
62,28,9,33,47
63,49,25,47,22
64,43,57,1,16
65,9,15,47,6
66,19,38,27,31
67,46,46,59,5
68,33,16,17,9
69,54,42,21,50
