1
Grid:
70,70
..@.@@...@...@....@.@..@..@....@@@..........@@....@@.@.@............@.
......@.@.@....@.............@......@...@.@..@....@..@@@.@.@.@..@.....
...@.....@..@....@...@....@.@..@.@.......@..........@.........@.@@....
@...@.@.....@@@......@..@...@@@.....@......@@.@@.....@@@@@@..@...@..@@
..@....@...@.....@....@.@@........@@@..@@...@......@@.....@@..........
..@@@.....@.......@.....@.@@...@.....@....@.@...@.@........@..........
.@........@..@........@@..@...@....@......@...@.......@...@.@@..@..@..
..@@.@@.@....@..@....@........@@.@..@....@..@@..@@....@@.............@
....@@.......@@..@.@@..@.............@..@.@....................@.....@
.@.@.....@.......@@.@......@......@@..@...@.....@.@.@......@.@....@..@
..@@.......@@...@@@......@@.........@@.....................@.@.....@..
@..@@@.@@...@....@...........@.@@..@@.@.@@.......@@@@..@..@.@...@.@@..
@........@@@........@@@....@.@.@@....@..@...@.@........@..............
...@.@...@@..@..@@..@.@.....@.@@..........@@..@........@...@..........
@.@.@@.@.@....@.......@..@...........@@.....@.@..@.....@.@....@...@...
@..@..@.@..@.....@......@..@............@.@.....@.........@.@@.......@
.@@@@@..@@@.........@.@@.........@.........@....@@......@......@...@..
.@..........@..@..@.@.......@.@.@.@.@...@..@@.........@@.@.@.....@..@.
......@..........@@@@.@....@.......@.@@...@..@..@@....@..@...@@.....@.
....@....@@.@@.@...........@.....@.....@.@..@..@..@......@....@.@.....
.......@...@@............@..@.@...@@.@...@@....@@@.@...@...@.@..@...@@
.@.@..@..@.@.....@......@.@.................@.....@.@.@.........@.....
.@..@.@.@..@.@@@..........@....@......@.@.@..@......@....@....@.....@@
.......@@...@.....@@.@.@.....@.@...@.@....@.@.....@...@..........@...@
..@..@.......@....@......@.@.@@.@@..@..........@..@..@.@......@..@....
@.......@....@.@....@@.....@.....................@.@.@..@......@.@@..@
.@..@.....@@@....@...............@.@...@..@....@..@.................@.
..........@.@...@................@...@.@.....@......@@..@..@..@.......
@.@.......@..@.......@.@.@.@..@....@.....@.@...........@....@..@......
..@@..@@..@@@..@....@.@...@@@.@.@@.@.@@........@..@...@..@..@.........
...@.....@..@...@...@....@...@......@@.@........@.....@...@..@....@...
@@.@.........@..@@..@..@.@...............@@...@....@.@.@.....@@..@.@..
.@@.@..@...@..@@@@...@.........@@@@@@.@.@@...@....@..@@.@@....@.......
.@.@@.@...........@.@.@@..@.@.@.@@@...............@.@.@....@.....@....
.....@@..@........@@...@@........@@.....@@..........@@.@.......@...@..
@@.@.@..................@@.......@...@@......@..@@....@.....@.....@..@
....@.....@..@........@.@......@............@......@....@@..@...@.....
..@.....@................@..@....@...@@.......@....@......@..@@......@
.@...@..@.@@..@..@..@......@.......@.........@@.........@@@..@@@.@@@@.
.....@.@..@.............@@.@...@.......@@.@..@@@@.........@@...@.....@
...................@...@.....@....@.@.@.@.@.....@..@....@@.........@.@
..@@..@..@.@......@.@@...@@......@....@....@@@@@..@..@.........@.@....
.@....@@@..@@@@@.@.....@...@@..@...@.......@...@@...@.@@...@.....@....
...@..@.....@..@.@@.@...@......@...@...@....@.....@.........@.........
.@..@.........@..@...@@........@@@..@.....@.@................@@.......
@..@@.......@..@...@..@@.@..........@........@...@..........@.@@...@..
....@....@..@...@.@..@.......@....@@.....@.@@@@...@..@..@.....@....@@.
......@...@..@...@..........@......@.@@.@..@..@.@@@...@...@....@......
.@...@.@..@......@...@..@@............@....@.....@@.@@...@...@...@.@..
......@...@@.@.@....@.....@....@..@@.@....@@..@@@.@....@@@.........@.@
.......@.....@.@.@@...@..@..@......@@...@......@..@@..@@.....@@.....@.
.@........@..@@...@.......@..@@.....@@@..@.@.@..........@.@@..@@..@@..
...@...@@..@...@...@....@..........@...@@@.@....@.@..@.......@..@..@.@
.......@...@.@@@..@.....@......@.@.@..@.@...@@....@......@.@..@...@...
..@......@.@.@...@@..@...@@..@......@.@.@.........@.@@.....@..@.@@@@..
@....................@@.......@.@@....@.@@..@.@..@....@....@..@....@@.
@....@.@.@@@..@......@.....@@@...@...@@@....@.@..@........@...........
.@@@........@......@.@...@@....@...@@.@............@....@.@@.........@
..@...........@@@.@...@@@@....@@.@@...@...@......@...@@....@..@@...@.@
.......@@....@.....@.@.....@@....@.......@.@@.@.@@........@.........@.
...@..........@.@........@...@...@.........@....@@.@.@....@......@.@..
........@.........@..@@.@@.......@...@.@.@@@@..@@..@..@....@.@....@@..
.@..@.@....@....@........@............@.@.........@...@..@@..........@
.@............@@...@....@...@.@@.....@.@.@@@......@........@.....@....
.@.....@.@@....@.@...@@.@@..@@.....@...@..@......@.........@..@@..@.@.
...@@...@@......@@........@@...@.............@.........@.@@..@@.@.....
.........@.....@.@@@..@.@...@......@.@....@..@..@.............@....@..
.......@..@...@.......@....@@.@@..@..@@@....@...................@.....
.......@@.@@@.....@.@.......@...@.....@....@.@@........@@.........@@..
....@.....@.@..@...@....@.@...@.............@@....@...........@.......
Agents:
35
0,33,48,14,47
1,3,32,13,45
2,56,56,54,48
3,42,3,2,37
4,29,36,13,37
5,45,31,37,48
6,15,25,36,8
7,56,45,48,59
8,33,13,9,57
9,49,53,67,51
10,66,68,22,65
11,42,16,27,2
12,59,45,12,67
13,16,40,48,8
14,8,53,47,45
15,62,68,59,17
16,57,33,63,58
17,49,3,68,58
18,1,38,51,9
19,49,2,17,11
20,52,4,47,23
21,29,19,4,1
22,14,26,10,40
23,13,32,21,4
24,24,41,36,67
25,20,5,22,35
26,22,65,46,57
27,25,16,33,12
28,3,63,62,47
29,50,31,31,28
30,14,20,6,33
31,29,61,66,55
32,28,28,63,20
33,38,3,5,51
34,54,31,16,36
