0
Grid:
70,70
......@....@@........@.@......@.....@..@.@@@.@.@@@.@.....@.......@....
...@@@...........@..@...............@.@....@.@.@.@.....@@.@@..@..@....
...@.....@...@@.....@@..@@....@@...@...@....@...............@@...@.@..
....@......@@......@@......@...@@...@......@............@@...@..@@.@..
.@.....@.@..@@...@@.....@.@@....@@..@....@...@....@...............@@.@
....@@...@...@....@.@..@.@..@..@.@....@...@@....@.....@...@.......@@@.
.....@...@....@.@...@..@...@......@...@....@...@@.@...@...............
..@......@...............@..@...................@.....@@.............@
.@...........@........@....@.......@..@@.@...@.....@.@.@.@@@.@.@@..@.@
@....@.@....@@.@..@.@...@...@.@@....@@.@..@....@.@....@...........@...
@...@..@........@@@..@...@...@@@@..@.........@.....@........@...@.@...
......@@......@.@@...@..@.@..@....@.@...@..@..@.@@@@.............@@..@
.....@.@......@@...@..@...........@...@@..@@@..@@..@....@@.@....@...@.
....@....@.........@.@......@..@......@...@.....@..@@...@@@@.@..@....@
....@@....@.@..@.....@@................@.@...@........@@..@@...@....@.
..@.......@..@...........@@@@@.@@....@.....@..............@@..@.@.....
..........@..........@......................@@...@@@.@....@....@......
....@.@.....@......@@@..@........@...@..........@....@.......@@@..@.@.
..@...@@@..@.@.......@.@..@..@..@.@......@...@......@...@..@.@........
..@.@.@@..@..@.@@....@.@.@..........@@@...@.@.@@......@@@.@.....@.....
....@@.@@.@....@.@..@..@.........@.@.....@@@.@.......@.......@.@..@.@.
.@@.@..@@...@@..@@..@@.@..@..@@.@..@.......@...@.....@.......@.@@.....
.......@@...@.......@.@.........@@.....@.@..@...@.........@@...@.@....
.....@..@....@@.@@@...@...@.......@@...@.@..@....@@.@..@.....@........
..@.@@@.....@.@@.@.@......@.....@..@........@......@....@......@......
....@...@...@...@...@...@...........@...@..@.@........@...@@@..@...@..
...@....@.@.@@..@@.@.@@.....@..@@........@@@@@.@..@.@@...@......@....@
...@...@..............@@.........@..@.@...@.@..@.@.....@.@@......@@...
......@..@.@@..@.........@.....@.@....@@...@..@@...@..................
....@@.........@.....@...@.....@.@.....@.@@......@..........@.........
..@...@@.....@....@.......@....@.........@.@...@..@@.@........@@.@....
@...@.......@.....@...@..@.@@@........@....@@.@@@@..........@@@.......
.@@@.@.......@......@....@..@@@.@.....@..@@.........@@.@.@.@....@.....
.....@.@.@.@@.@......@..@..@.@@...@.@.......@................@..@@@...
....@@@...@.....@.@.@...@@@.........@@....@@...@......@@....@@..@.@...
..@@..@@..@@@........@....@...@....@...........@@..@....@...@.@...@..@
@@.@.@.......@..@@.....@@...@..@.@@............@......@.@@@...........
@...@.....@@@......@..@..@.@..@@@@.@...@.........@...@....@......@.@..
.........@.@..@....@....@.....@.....@.@.....@@....@.@.....@@....@....@
..@.....@@.@...@.....@................@@@....@...@............@..@....
...@.......@....@..@@....@@..@...............@..@@.@@.........@....@..
.......@@...@.@.@...@.....@.@............@.@@@.@....@@@.....@...@...@.
.........@.@.@..@@.@@....@.....@..@.@@..........@@..@................@
......@..@.......@....@@.....@.@@...@...@......@..@...................
@..@@@.@@@.@......@@...@..@...@.....@.@.@...........@...........@.@.@.
...@..@@@@.@.....@@...@..@..@.....@@...@...@..@.@@.............@....@.
..........@.@.@.@..@...@.@@@@@....@@.....@@....@@..@..@...@.........@.
.@..@.....@......@@@............@.@@@.......@.@...........@.@@.....@..
.@......@.....@@..@..@@.@....@...@@............@...........@@.@...@...
@..@................@@..@.......@...@.........@........@..@........@@.
.......@.@....@.@............@.@@..@.@.@...@@@.......@......@...@..@.@
....@.....@....@......@........@.....@..@..@@...@......@...@..@.......
..@..@....@.....@......@..@..@@..@.....@.@@@.....@....@.@....@....@.@.
.@.@...@.@..@..@.@.@@..@@.@......@....@.@@..@..@.@@.@..........@...@..
..@..@.@...@...@@@.........@..@...@..@@....@.@.@..@....@...@.....@...@
........@.@.@@..........@........@..@.@..@@@.....@..@@...@.....@@.....
..........@...@.@..@....@...@....@@@..@.@@.............@..@..@@..@.@.@
.@.@@.......@@..@......@..........@.........@.......@............@....
..@@.@.@........@..@.........@..@..@.@@..@..@@.@@..@@.@..@............
.............@..@...@....@..@..@..@...@@.........@@.@.@@......@.......
.@....@@.@....@........@.@.......@@..@...........@@..@.....@@@......@@
@@@.@@.........@.@........@@.............@..@.@@.....@........@@.....@
...@@@........@.........@...........@........@......@........@..@..@..
@..@.......@@.......@....@.@.....@.@@@.@.@.@..@..@...@..@.@...@@.@@@@@
.........@@@..@...@...@..@.....@.......@..@.@......@.@.@@.@@@.@.......
@.@......@.@.......@...@..@@@@....@.......@@@...........@......@....@@
...........@..@.@@@...@..@..........@.....@..@..@@..@.@..@..@..@...@..
.@..@.........@.@..@....@......@.....@......@...@....@.@..............
.....@....@@.............@@@......@...@...@...@@.@.@......@.@@@..@@...
...@@..@.@@@..@.....@.......@@..@@....@..@.....@.@@...@@......@@.@@@..
Agents:
80
0,21,28,0,60
1,39,44,31,23
2,46,36,12,31
3,19,40,66,38
4,41,33,10,38
5,5,65,63,16
6,16,1,20,65
7,28,66,51,69
8,40,12,67,3
9,64,46,58,13
10,3,50,29,9
11,23,40,18,58
12,16,17,50,66
13,6,62,64,50
14,39,32,53,30
15,24,20,57,64
16,66,27,40,42
17,44,46,5,6
18,18,65,36,52
19,40,56,1,10
20,51,67,38,62
21,41,49,49,7
22,51,19,25,62
23,49,13,10,61
24,55,66,60,0
25,23,24,60,40
26,27,39,34,30
27,1,16,20,47
28,69,59,10,8
29,26,51,5,46
30,48,45,14,17
31,69,37,19,69
32,13,68,22,27
33,41,48,25,38
34,33,39,4,52
35,29,9,38,47
36,27,35,63,21
37,20,57,66,20
38,50,61,6,33
39,62,18,34,21
40,54,41,12,26
41,15,11,33,53
42,67,57,44,32
43,49,56,54,22
44,58,40,15,46
45,46,3,39,19
46,3,48,36,42
47,13,16,4,14
48,18,48,31,5
49,17,9,29,6
50,4,25,4,40
51,16,33,5,1
52,5,12,59,7
53,56,43,62,66
54,4,39,59,33
55,37,29,16,28
56,50,46,23,60
57,33,23,16,16
58,43,34,17,46
59,43,14,28,53
60,0,54,27,68
61,39,28,52,22
62,62,27,47,3
63,64,34,37,50
64,0,15,36,50
65,46,1,49,11
66,34,13,28,48
67,48,58,51,19
68,67,41,35,16
69,19,19,10,24
70,24,62,69,16
71,1,32,55,31
72,38,21,32,19
73,43,20,68,28
74,7,10,60,66
75,35,16,22,14
76,12,31,1,19
77,24,68,43,37
78,8,29,35,14
79,16,29,66,31
