1
Grid:
60,60
............@......@..............@........@...@............
.@...........@......@................@@.....................
...@.......@........................@......@.@...........@..
.@@.........................@.......@.............@.@.......
.....@......@.@.........................@.....@........@.@.@
..............@.....@.@..........@..................@.....@.
..............@..@...................@....@...........@@....
.@...........@...@@......@.@......@.............@........@..
.............@..............@.......@.....@.................
...........@........................................@.......
.......@......@.......@............@...............@........
.@.......@.@......@@....@..@...@@.............@@............
.@..............@.....@...@..@................@.@.@......@..
.....@................@...........@....@..@@................
@...@.................@...@........@..........@..@..@@......
..............@......@...@.......@..@.......@..@..@.......@@
.@.........................@.......@....@.................@.
..........................@.................................
.@.....................@.....................@..........@...
...@....................@.........................@.........
..@.....@.......@@....@......................@..............
...@...@...................@......@.......@..@.............@
..@...............@.................@.......@..............@
........@...........@.@@.........@.........@.........@......
.................@@...@.............@.......@..............@
.....................@.......@.............@................
.................@..@....@.......@....@......@.........@..@.
...@....@...........................@.............@........@
....@............@.@..................@@..@..@..@...........
.........@......@.....................@.......@........@..@.
.........................@........@@.@...@...............@..
..........@......................@.......@.......@..@.......
......@..@.....@.............@..............................
@........@.............................@................@...
.............................@...............@..............
.....@..........@...@.@............@....@.............@@....
..@..........@@........................@@...................
........@@...........@........@..........@..............@...
@@...............@........@...@..@.........@....@......@....
..@....................@....@.....................@...@.....
................................@......@...............@@..@
.@......................@@....@.........@........@...@@.....
.@.....@.......................@.@...............@..........
@...@.....@....@.@..............@...........................
...................@.@@.....@..@..@..@....@..........@......
..@...........@...@...@.@...@.............................@.
....................................@........@@..@@.........
................@.@....@...................@...@............
..............@@...@.@...............@......................
.....@.@........................@........@..................
.............@..@...@.@....@................@...............
.....@...@..........@......@..@.@.........@...........@.....
.....@..@..............@@...@...........@.@..........@.@....
.......................................@....@..@....@.......
...@....@....................@.@.........@...@..........@.@.
......@........@....@.............@.....@...@.........@@....
....@.@..@........@...@.@....@.............@..@.@@..........
...@............................@....@......................
.........@.....@.........@....@........@.............@......
.........@.........................@.......................@
Agents:
50
0,58,3,17,39
1,34,37,38,44
2,13,26,32,24
3,42,41,8,3
4,1,16,51,45
5,38,9,44,4
6,30,51,52,47
7,32,30,47,57
8,58,19,14,30
9,42,8,13,48
10,1,39,37,24
11,54,5,33,45
12,48,57,22,52
13,33,13,38,8
14,31,18,32,50
15,35,36,48,42
16,42,34,35,43
17,6,25,53,25
18,0,38,44,5
19,2,53,18,37
20,33,29,37,44
21,25,33,48,49
22,11,20,32,26
23,29,33,47,21
24,0,36,31,25
25,16,30,26,46
26,2,54,28,2
27,43,7,36,8
28,37,45,28,5
29,7,47,2,48
30,44,20,35,42
31,34,53,57,35
32,9,58,5,8
33,24,32,15,51
34,7,33,40,3
35,25,7,48,46
36,40,15,19,29
37,45,13,33,4
38,44,58,18,31
39,18,58,25,33
40,19,12,0,54
41,31,12,22,37
42,42,15,11,34
43,30,15,58,59
44,24,13,54,24
45,56,56,31,47
46,36,53,59,41
47,28,43,31,2
48,5,54,58,23
49,48,18,46,14
