0
Grid:
60,60
....@............@..............@..................@........
.............@..@......@.@.........@........@...@.....@.....
@......@...........@...@....@@..............................
.@.......@.........@...@.........@...................@......
.....@...@..............@@........................@..@......
............@..............@.....@@..@..@.......@......@....
..............@............@................................
@........@........@............................@............
...@...........@.......@@.@..............@....@.....@.......
.....@....................@.....@.@.@..@..........@.........
........@.............@.@.@.....@...........................
................@.@..............@.@@..@@.....@.....@.......
...........@................@......@......@.....@...........
.@......@..@.......@..............@.@.......@........@...@..
..@@...@........@....@..@......................@..@.........
.@.....@..........@.........@.....@...@.....@...............
....@...........@.@..................@...............@......
........@@..........@...@.@..........@............@.........
........@..@@.........@......@....@..@..@.........@.@.......
....................@.@...@...........@.......@.........@.@.
.....................@.....@..................@.............
..@..@..@.........@...@............................@........
...............................@....................@.@.....
..........................@.@..........................@....
....@@...@@@......@.....@......@.............@.@............
.............@......@........................@...........@..
........@...@....@....@..........@......@..........@.@..@.@.
........@....................@.............................@
..@@............................@@..........................
.@........@.................@@.........@.......@........@...
.......@...@.......@...@..................@..@@.@@.....@....
.@....@.......@......@..@..@.........@.....@...............@
.........@.......@@...@........@...@.......@...........@....
.................@...........@.................@............
.@......@...............@..@..................@.............
.......@.......@......@.............@.......................
............................................................
.......@..............@......@..................@.@..@.....@
..........@..@..@.................@@......@................@
...........@.....@.........@.@............@....@@..........@
@..@...@...................@.@..................@..@....@...
..@.......@............................................@....
.....@.........@.....@..@...@............@..................
@@...@.............@.@..@.....@......@@.....................
........@........@....@.................@.@.@..........@..@.
.................@...@.@.....@@...@.........@......@........
.................@@...........@.........@..........@...@....
..............@........@..................@.................
....@....@..............@.....@.............................
.....@..@...................@...................@........@..
.......@..@.................................@...............
.....@@...........@.......@...........@....@................
.@..........................@..........@..@@@........@......
...@..............................@....@...@....@.......@...
...@..@...........@.....@.....@..........@@.@....@@.........
..........@........@..............................@@........
@......@..............................................@.....
............@..........@..............@............@......@.
.@.............@@..@.............@@.....@......@........@...
.@..............................................@...........
Agents:
60
0,9,7,33,40
1,3,8,8,12
2,25,34,16,40
3,43,36,46,25
4,47,8,47,28
5,48,1,59,51
6,19,48,39,43
7,15,41,10,48
8,3,57,36,59
9,51,12,18,4
10,0,42,34,58
11,42,13,53,18
12,27,24,56,24
13,9,51,47,29
14,41,17,28,19
15,46,21,22,33
16,26,29,2,22
17,47,21,41,37
18,24,38,15,51
19,26,38,42,54
20,35,47,24,15
21,7,2,41,57
22,44,5,23,23
23,8,45,9,9
24,14,23,16,12
25,59,26,27,13
26,25,50,27,18
27,40,1,16,28
28,25,52,48,23
29,55,29,38,43
30,21,26,9,15
31,35,50,32,45
32,16,25,12,57
33,30,12,5,16
34,36,13,47,44
35,35,39,19,5
36,53,49,38,57
37,39,3,34,28
38,42,56,55,2
39,3,22,31,58
40,7,35,45,36
41,29,21,31,17
42,55,34,46,47
43,57,24,30,0
44,13,43,15,22
45,52,38,34,31
46,41,52,57,3
47,3,54,49,18
48,4,14,37,36
49,28,48,25,46
50,53,1,8,17
51,14,46,43,48
52,51,45,42,58
53,56,51,52,8
54,21,21,36,43
55,10,59,13,30
56,19,0,26,41
57,20,40,2,20
58,58,41,50,12
59,27,5,3,11
