2
Grid:
70,70
.@............@..........@.......@....@.............@..@...@......@...
.................@.......@......@......@..@...............@...........
.......@...@........................................@.................
.@........@..........................@.....@.@.@@.....................
....@.@.......................................................@.......
......................................................................
.@..........@.......................@....@......@.....................
...........@..@.....@...................................@.....@....@..
@.....@.@...........@...................@..@...............@.@...@....
............@...................@......@...@.@.........@@....@........
.............@.@........@......@...@....@............@.@.@..@..@......
@..@....@................@...........@...@...........@................
.@.@....@...@.............@..@.......@.............@@.........@@......
...@.................................@.........@....@........@......@.
...@.............................@@..@...@................@@......@...
...@..................................@...@.............@...@.........
............@..@...............................@.........@....@.@.....
..............@@...@......@...@........@...@.@..@.........@...@.@.....
.....................@@.......@.............@.@........@...........@.@
@@....@....@...@.....@...@.....@.........@............................
..........@...@..........................@......@..@...@..@.....@..@.@
....@@...............@..@....@.@...........@..........................
......@....................................@@.......@............@...@
....@...@....@............@.@.@...@......@.........@......@.........@.
....................@...@@.............@.@...................@@..@....
................@.@..............@..............@.@..........@.......@
....@...@..............@.........@.......@.@......@...@..@@..........@
............................@..............@..........................
.......@@....@.......@...@.......................@..@......@..........
.....................@.@.@......................@.........@...........
.........@.....@....................@.@........@.....@...@............
..............@........................@...........@...@.....@........
@.....@...@...................@..@..@@..........@........@........@...
...................@..@......@................@...@.......@...........
.............................@........@..............@............@...
...........@...............@.....................@..@.........@.....@.
@.......@.@.....@..@.....@..@...@......................@..............
......................@.....@...........@..........@.....@........@@..
......@...................@@....@.....@...............@.@........@..@.
....................@.....@................................@..@.......
...........@.................@@....@.@.....@....@.....................
..@.....@.....@............................@....................@@....
..........................@.@.............@.....@.................@..@
.....................@..........@..........@............@......@......
.........@........................@...............................@...
....@..@......@.......................@.....................@.....@...
.@...................................@...............................@
........@.....@..................@........@..@......@.................
@..@........@@.......@..........................@..@.......@..........
.................@.......@.............................@.@............
..........@.........@.@........@...@............@.........@.......@...
.@.@..........@@..@.......@................@@...@...........@.........
@..................@.........@..@........@.......@..@...@.............
@.......@................................@.....@.@@@.....@@.......@...
................@.......@........................@@.@...@.............
.....@..@.@...........@@....@.@....@@..@.............@................
..@..@.....................@@...............@...............@.........
.................@@.......@..@.....@....@..........@...@..............
...@..........@.........@.............................................
@......@.........@...........@....@....@.....@.@.........@...@...@....
...................@.@......@@.@......................................
.@@..@.........................@...............@....@@....@@......@@..
..@........@@.............@...............@.@.....@.....@.............
.....................@......................@.@@............@..@......
................@@.................@........@......@.................@
.....@......@..........................@........@@........@.@.........
.............@.....@@..@............@........@......@..............@.@
...@@@.....@..............@...................@@@.@...............@...
@...@.....@..............@............@.......@.......................
.............@............@.....................@@.....@........@.....
Agents:
50
0,5,25,9,41
1,55,37,43,31
2,20,56,51,33
3,2,44,38,23
4,51,46,2,34
5,35,25,17,50
6,6,46,43,15
7,30,32,3,68
8,57,10,27,38
9,39,45,61,8
10,5,2,2,13
11,48,36,24,17
12,46,13,64,10
13,33,13,54,63
14,24,55,52,11
15,28,0,66,1
16,28,26,12,60
17,1,56,33,27
18,9,4,45,45
19,29,7,60,60
20,63,5,4,41
21,13,46,15,36
22,25,57,0,37
23,69,59,59,37
24,65,13,7,4
25,57,22,63,9
26,20,2,58,17
27,58,54,29,61
28,10,58,64,41
29,10,38,45,19
30,22,49,5,52
31,17,4,29,68
32,31,0,35,16
33,0,35,14,56
34,16,67,69,19
35,9,21,36,68
36,14,43,68,49
37,17,10,64,26
38,68,6,27,15
39,50,26,59,53
40,27,0,52,65
41,68,24,3,18
42,63,40,44,19
43,67,24,34,19
44,52,33,46,22
45,48,19,24,47
46,39,65,11,62
47,28,64,24,22
48,13,22,1,59
49,6,22,13,43
