2
Grid:
60,60
............................................................
............................................................
............................................................
............................................................
............................................................
............................................................
............................................................
............................................................
............................................................
............................................................
............................................................
............................................................
............................................................
............................................................
............................................................
............................................................
............................................................
............................................................
............................................................
............................................................
............................................................
............................................................
............................................................
............................................................
............................................................
............................................................
............................................................
............................................................
............................................................
............................................................
............................................................
............................................................
............................................................
............................................................
............................................................
............................................................
............................................................
............................................................
............................................................
............................................................
............................................................
............................................................
............................................................
............................................................
............................................................
............................................................
............................................................
............................................................
............................................................
............................................................
............................................................
............................................................
............................................................
............................................................
............................................................
............................................................
............................................................
............................................................
............................................................
............................................................
Agents:
30
0,13,25,0,55
1,50,41,39,22
2,50,53,13,36
3,37,16,54,11
4,52,42,7,6
5,43,16,17,46
6,7,33,40,38
7,27,20,10,47
8,8,4,15,17
9,58,58,40,46
10,26,33,27,46
11,2,45,56,25
12,19,20,43,50
13,17,6,11,30
14,11,1,1,23
15,24,49,26,34
16,17,38,28,42
17,21,58,14,24
18,18,59,19,25
19,57,40,8,50
20,49,21,15,56
21,54,33,24,0
22,7,44,26,12
23,51,53,31,53
24,29,51,11,45
25,46,49,9,38
26,37,58,39,47
27,43,39,43,24
28,23,4,56,24
29,21,29,19,28
