0
Grid:
60,60
............................................................
............................................................
............................................................
............................................................
............................................................
............................................................
............................................................
............................................................
............................................................
............................................................
............................................................
............................................................
............................................................
............................................................
............................................................
............................................................
............................................................
............................................................
............................................................
............................................................
............................................................
............................................................
............................................................
............................................................
............................................................
............................................................
............................................................
............................................................
............................................................
............................................................
............................................................
............................................................
............................................................
............................................................
............................................................
............................................................
............................................................
............................................................
............................................................
............................................................
............................................................
............................................................
............................................................
............................................................
............................................................
............................................................
............................................................
............................................................
............................................................
............................................................
............................................................
............................................................
............................................................
............................................................
............................................................
............................................................
............................................................
............................................................
............................................................
............................................................
Agents:
85
0,57,59,34,54
1,56,4,49,30
2,7,37,12,38
3,45,20,17,7
4,5,13,47,50
5,2,50,59,23
6,20,26,10,12
7,7,59,55,9
8,45,30,55,47
9,22,42,34,13
10,46,37,58,48
11,28,25,12,19
12,0,41,28,58
13,46,30,41,19
14,32,38,27,50
15,13,34,59,51
16,49,8,24,49
17,32,59,49,17
18,28,36,15,53
19,34,38,17,44
20,2,46,1,48
21,3,18,24,28
22,5,0,13,44
23,56,26,10,46
24,45,5,35,58
25,31,35,12,33
26,42,20,18,43
27,31,30,19,4
28,3,25,38,7
29,51,15,25,30
30,48,27,24,12
31,6,25,22,9
32,36,46,8,31
33,36,59,6,14
34,26,45,27,39
35,8,8,51,13
36,35,41,50,12
37,22,41,39,36
38,33,5,36,35
39,52,1,6,55
40,6,38,30,17
41,51,29,49,12
42,37,1,50,8
43,55,2,46,14
44,45,18,48,19
45,49,35,36,43
46,40,38,7,51
47,42,19,45,55
48,24,57,11,51
49,59,0,19,46
50,3,44,33,7
51,26,33,14,58
52,44,49,34,53
53,8,22,46,45
54,49,5,52,50
55,41,42,12,53
56,34,4,42,52
57,18,57,32,6
58,54,6,30,7
59,22,25,46,35
60,49,59,15,42
61,1,50,14,7
62,19,0,25,5
63,0,43,17,35
64,58,17,49,45
65,21,36,43,10
66,5,52,58,2
67,58,21,18,35
68,11,18,52,49
69,45,47,30,41
70,53,33,24,51
71,12,39,54,36
72,36,6,10,49
73,0,36,26,41
74,19,44,11,36
75,24,18,41,16
76,34,34,0,30
77,10,4,18,57
78,43,36,52,54
79,14,44,52,24
80,48,24,50,5
81,23,32,37,23
82,43,5,42,50
83,37,41,36,55
84,6,57,11,5
