0
Grid:
60,60
..@.@........@@....@...@.@...........@.......@.....@......@.
...@...@.@.@.@.@@@....@.@..@..@.@.@.@....@@...@.@..........@
@@..@....@.....@..@.@.@.@..@@.@@.@@....@@...@.@....@..@@...@
.@.@.......@.....@...........@@.@@....@.......@....@...@....
@.@...@.@....@@@.........@@@..@...@@...@.@........@........@
...@....@@.@...@....@...@@@.....@@.@..@..@.......@.........@
.@@..@.@@@@@....@.@@....@.@..@.........@@.@...@....@@..@.@..
....@.@..@.@.....@.............@@..@@.@..@..@@.........@@.@.
@...@...@.@.@.@@..@@...@@......@...........@.@.......@@@.@@.
.@...@....@.@.@@.@@..@@@...@..@..@..@@..@@.@@...@..@@...@..@
@@...@....@....@@.....@@@..@.@..@...@.@@......@@...@...@@.@.
.......@.@..@...@@....@@@@@.@........@@..............@@..@..
@......@@.@@.@..@...@.......@.....@..@.@.@@.......@....@@...
...@......@..@@...@@@.@......@...@..@@.@@..@@@.......@..@.@.
...@...@....@@.@.@...@@........@@@............@..@..@...@...
......@@.........@...@@.@@.......@..@.............@....@...@
@............@.@.@@..@.....@.@..@..@.@......@@.@@@.@......@.
@@@@...@........@@@@.@..@.@@@.....@....@..@.@..@.@....@..@@@
.....@@...@..@...@..@.@.......@.@@.@@@..@@@@.@..@..@.@.@.@..
......@..@@@...@...@.@@@...@@.....@.@@........@@.@....@.@@@@
.@......@@@..@@...@.@@@@....@..@@...@..@...@...@@@...@@.@...
@..@..@..@..@.....@@@@...@@@@...@.@....@...@.....@@..@....@@
..@.@.@@.......@..@..@@....@@.....@.......@.@..@@......@....
@@.@.....@.@.....@@.@....@...@@.@@@....@@....@.....@.@....@.
..@@..@.@@...@.........@....@...@...@.@@@@@..@@..@...@.....@
@..@@..@@@.................@....@....@...@....@.@@..@..@.@.@
@..@..@@....@...@....@.@.......@.@....@.....@@@...........@.
...@@@.@.@....@@.....@@.....@@....@@@.....@@@.........@..@@@
...@...@......@.....@....@..@...@@.@..@..@.@@@.@..@@.@@.....
....@....@....@...@@...@@.@.@..@...@....@......@....@.@..@..
..@...@@.@@@..@...@@..@...@.@.........@@@.@@...@@@...@....@.
.....@.@....@@..@@..@@@.@..........@..@.@.@......@@....@....
.....@..@..@@@.......@..@..@@.@....@...@......@....@...@.@@.
.@@........@.@..@..@..@..@.....@.@....@@.@..@...........@.@.
.@........@....@...@@......@..@@.@.....@......@@..@.@...@...
...@@...@.....@........@...@.@...@.@.@@@@.....@.@@...@...@..
........@.@@@...@....@@@@@.......@.@..@.....@..@....@.@..@@@
.@.......@@..@@....@.@.@@@....@@..@@@@.....@@..@@@.@...@...@
........@..@@@.@.@@....@...@@..@@.@.@.@.@@@...@....@.......@
.....@...@........@......@...@.......@@.@@.@@.....@.........
...@..@..............@......@.....@@@...@..@......@@@@@@.@@.
...@@@@....@..@.....................@....@.@@....@...@..@@@.
...@.@....@@@......@@..@.@@..@@..@.@.@......@@@..@..........
.@...@.@.@.@......@@@......@..@....@..@@...@@@.@.@....@.....
@..@...@.....@@....@...@.@.@..@....@..@@..@..@...@.......@..
@@.@....@..@@..@@@....@@..@@........@......@.@.@@@.@.@..@.@@
...@@@.@........@..@..@@.@@...@@.........@....@...@@@@..@@..
@.@@.@.....@@.@..@...@@.........@.@...@.....@..@.......@.@..
.@@@@@@....@...........@.....@@.@...........@.@...@....@....
.......@.....@.@@....@...@@...@@.........@.@.@........@@.@..
.....@..@........@....@.@...@.................@.@..@..@@@.@.
..@@..@.@....@@.@.@@@..@...@@..@..@@...........@@....@....@@
.@@...@.......@.@.@..@..@.@.@...@.@.............@.@@..@....@
@..@.....@.@@...@.@....@...@..@..@@......@.........@.@@..@..
..@@.....@......@@......@.@@..@.........@......@...@..@.@...
@.......@..@...@@..@...@....@@....@.....@..@@.@.@@..@.....@.
.@........@.@.@......@....@....@..@.......@.@@...@..@@@.....
....@...@.......@@..@.@.@...@...@..@.....@..@..@...@.......@
..@.@.@..@.@.@.....@@@........@.@....@....@.@@@.@..@@...@..@
......@..........@.......@@..@.......@.......@..@....@.@...@
Agents:
80
0,20,38,36,55
1,42,8,52,49
2,36,30,25,14
3,51,25,16,33
4,22,17,1,35
5,34,5,32,15
6,35,6,54,15
7,34,34,34,40
8,20,26,19,8
9,48,17,43,48
10,20,29,43,31
11,6,58,50,34
12,42,2,39,55
13,18,4,50,35
14,36,31,48,17
15,23,16,43,46
16,34,2,58,40
17,35,50,35,43
18,4,18,59,44
19,7,25,8,6
20,28,46,50,57
21,50,19,59,39
22,0,22,55,1
23,57,46,28,17
24,46,32,20,33
25,26,40,31,43
26,50,42,29,6
27,18,18,15,38
28,7,15,54,37
29,41,38,19,43
30,13,30,33,52
31,51,9,54,32
32,1,56,6,27
33,7,26,27,52
34,4,43,12,26
35,26,52,4,43
36,31,45,3,15
37,28,12,50,10
38,41,42,7,0
39,32,16,18,26
40,48,40,39,34
41,18,44,31,14
42,38,56,44,33
43,17,11,0,52
44,7,18,30,59
45,8,38,38,1
46,33,8,12,30
47,57,29,39,7
48,58,40,50,30
49,28,30,1,56
50,53,48,22,35
51,14,24,55,54
52,53,10,50,21
53,54,45,21,37
54,6,35,23,37
55,44,21,5,27
56,51,51,25,35
57,44,2,25,56
58,1,49,55,24
59,11,48,47,40
60,48,36,35,9
61,2,29,56,39
62,41,7,13,7
63,14,35,31,54
64,15,26,3,19
65,23,23,26,11
66,13,38,59,33
67,45,29,42,55
68,24,34,36,42
69,56,23,46,37
70,53,29,54,20
71,33,45,11,2
72,2,2,0,1
73,56,47,43,28
74,44,29,39,24
75,36,18,55,47
76,38,53,12,27
77,34,4,31,30
78,3,19,39,14
79,32,33,46,1
