0
Grid:
60,60
.@...@...@...@.....@@.@@..@...............@..@@.@......@..@.
...@....@...........@@.@.@........@@..@.@.@.............@...
.@.@..@.@@..@.@..@............@.....@@....@....@..........@.
......@..@@..@...@..............@@...@@@..............@.@.@.
..@....@............@@....@......@@@....@..@.........@......
..........@....@............@..@.@...@...........@.......@..
..@@...@....@.....@..@..@...@.@..@.@.......@..........@@...@
@@............@...@@..........@@.@.......@@..@...@..@.@...@.
@...@@.@............@..@..........@.@@.....@...@.....@@..@..
@@...@....@.....@..@.@.......................@....@.@@..@...
..@...........@@.@.....@........@@......@...............@.@@
@..@..@..@.@.@....@...@..........@@.@..@@..@.........@......
.@.......@................@@.....................@..........
.@.............@........@.......@.@@.@.......@.....@..@.....
..........@..........@...@...@..........@...@..@@.@..@.@@.@.
........@.@.@@.@.@.........@.@..@.@@...@@@...@...@..@.@....@
.@.....@@.@@..............@.............@@........@.....@...
..@.......@.......@@.@.....@............@@.....@...@....@@..
@..@@........@@......@...@....@.........@...@.@...@..@...@@.
....@@..@..@@..@.....@......@..@..@.......@..........@..@.@.
..@.....@..........@..@@.@............@....@.@..@.@........@
..@@........@...@........@..@.@..@@.@@.................@....
.........@@........@............@......@.@........@@...@@...
..@.@.@@............@@...............@.........@..@.@.....@.
..@..............................@.@@.......@@.........@....
.@...........@......@...@..@..............@.@........@...@..
......@...@@.@...@....@.........@.@..@....@....@@.....@..@..
...@.......@@@@.@@....@@..@........@@@....@.............@..@
.......@.........@@..@.@.....@............@@......@..@......
@.....@...@..@.........@.........@...@@......@.....@....@.@@
.@...@.......@........@@...@....@..@..@...@..@..............
.@....@..@...@...............@..@........@..................
...@.....@@.....@.@..@@..@..@.@.@.....@....@...............@
@..@.@........@...@@.............@@.@.........@@@......@@@@.
....@........@..@..@.@.@.........@...@.@@.@.@............@.@
...................@.@.@@.........@.............@@..@.......
....@@........@.@..@..........@......@.........@.@..........
...@..@........@..............@..@...@.@.@..@.....@....@...@
...@....@@@........@.....@@.....@.........@......@.......@..
.@..@@...@.@...............@..........@.....@.....@.@......@
.@..@..@.@..@@@.@..@........@@.........@@....@@......@......
.@...@.......@.....@.@.....@.@.....@.........@@@.......@....
@..@..@.............@....@....@...@....@......@...@.........
.@.@.@@..@.@......@@.@..@...................@...............
@@.@@@...@@....@..@...@...........@.@.@...@......@@@@.....@@
.........@...@..@.......@....@.....@@.@.@....@.........@@...
......@.................@.....@.@..........@....@@....@.@..@
......@.@............@.@.....@.........@@...................
@..@...@.@.....@.......@@.@.....@.....@@@...@...@...@.......
.@.@..@...@.@@@.@....@..@@@..............@.@@...@@..@.......
....@.....@@...........@........@.@@...@@.........@........@
.@.....@@....@...@@.@...@.........@.@.@.....@....@..........
.....@....@.....@.........@..@.@@....@.@....@.@.@.....@.....
@................@@.....@..@.@.@........@@@.@.....@......@..
....@..............@......@......@........@....@............
@....@.........@@@@..@...@..@..@@......................@....
..@.........@.@.....@.....@...@.@......@........@...........
.@.....@@...............@......@..@....@......@@........@...
..@.......@.....@.@.........@.....@.....@..........@@@......
.@...@...@@.@.....@...@..@...@.....................@..@...@.
Agents:
80
0,29,34,50,57
1,17,31,9,12
2,37,17,4,25
3,27,47,42,14
4,21,49,41,59
5,52,18,0,56
6,1,22,57,30
7,18,47,59,45
8,52,38,1,14
9,11,23,24,30
10,51,27,55,50
11,28,15,19,6
12,39,40,31,0
13,42,15,25,37
14,58,21,12,12
15,49,11,32,27
16,28,46,26,49
17,5,8,30,46
18,42,29,46,5
19,21,53,34,8
20,17,24,24,23
21,29,14,23,18
22,24,3,32,7
23,29,11,43,17
24,29,27,8,48
25,42,5,31,7
26,43,49,36,51
27,3,21,30,47
28,38,46,15,48
29,4,6,2,39
30,51,30,24,8
31,28,49,10,25
32,54,31,16,27
33,41,44,18,22
34,55,2,23,3
35,48,18,17,14
36,6,26,28,19
37,58,14,29,18
38,51,35,54,36
39,11,30,40,11
40,45,30,15,24
41,24,0,9,20
42,29,22,52,35
43,2,16,22,3
44,33,59,33,59
45,45,34,13,8
46,9,57,9,43
47,31,54,29,12
48,59,16,39,41
49,29,2,25,21
50,20,20,30,16
51,6,27,31,45
52,20,31,0,33
53,29,25,3,20
54,39,34,19,57
55,29,54,34,12
56,52,58,44,17
57,26,14,43,53
58,0,0,43,29
59,23,45,21,58
60,24,15,6,19
61,51,48,3,22
62,0,15,54,10
63,50,12,50,7
64,52,17,12,19
65,14,38,29,9
66,5,56,20,51
67,43,47,46,34
68,20,11,29,49
69,32,20,14,5
70,42,22,25,5
71,12,13,58,12
72,3,48,14,14
73,54,2,20,0
74,45,12,37,31
75,21,32,21,5
76,54,39,22,53
77,12,40,32,44
78,51,16,30,50
79,29,44,27,46
