1
Grid:
60,60
@....................@.@...............................@....
@@....@.....@...........@............@@.............@.......
.............@..@.............@.....@..@....................
.......@.......................................@............
@........@..@.....@...................@..@......@.........@.
..............@................................@......@.....
.........@................................................@.
.........@...@........................@@.................@..
...@....@.@.........@.......@...............@...@..@........
...@.......@.....@@.........@................@@.............
.........@.@....@.....@.......@@...................@....@@..
...@....................@......@@........@...@@.....@@......
.................@......@......@............................
........@@.............................@.........@..........
......@........@..@......@..................................
.@.....@.@..............@..@........@.....@@.@..............
@..@.@......@@@...........@@....@.@...@.@...........@...@...
......@......@@...@........@.................@...@.........@
.........@..........................................@.......
....@..................@..................................@@
.................@................@.....@.@......@.@.@......
@.....@.......@.@.@...............@.@.......@...........@@..
.@..................@.@........@..........@@............@...
....@..................................@..........@@.@......
..@..@...........................@..........@...@.....@@....
...@.....@.@.........@..........................@...........
.@......@............................................@......
..........@.....@....................................@......
..............@..@.......@.......................@..@.....@.
.....@..........................................@...........
.......@.....@@.@..............@.............@............@.
.......@.............@...@............@.@@...@........@.....
.........@.....@........................@.........@.........
.............@..........................@.............@..@..
.@....................................................@.....
....@...@........@.........@................................
..@..@....@......@......@..@..@@..@@....@.@..........@......
..............@..................@..@.......................
...@....@@.@................................@@.@@.@.........
....@...............@.......................@.@..........@..
..@.......@...@.....@............@....@...@@..@@............
@..........@......@.......@.................................
...............................@...@@..........@......@.....
.........................@..@..@...@..@........@............
....@.....@....@.....................@...@...@@.............
.@................@.@...........@..@.@..............@.@.@...
.@............@......................@.............@.@..@...
..........@..@.......@...@..@..@.................@.....@....
........@.............@.......@............@................
@...................@.........@@..@..........@.@.@.@....@...
.............@@...........@..@...............@........@.....
...@@@....................................@.................
.@...@...@.............@..@.......@.@.....@.@...........@...
.@...........@@....@@.................@....@................
........@.@.......................@.........................
@....@..@.............@...........................@...@...@.
@......@.............@....@.......................@......@..
.@......@......@......@...........@......@......@...........
.@.............................................@....@.......
.............@.........@...@..@..............@@.............
Agents:
75
0,3,18,22,18
1,40,18,10,36
2,44,13,57,37
3,51,38,13,46
4,35,5,42,7
5,54,24,18,42
6,2,15,37,10
7,33,9,6,4
8,12,22,3,32
9,55,53,20,3
10,44,50,2,47
11,30,41,56,2
12,22,54,18,36
13,42,49,8,40
14,1,22,52,25
15,54,41,3,14
16,30,57,25,53
17,56,23,9,32
18,34,23,2,22
19,18,30,35,32
20,10,53,3,49
21,51,31,26,16
22,23,13,34,29
23,40,11,32,2
24,54,58,6,45
25,19,31,53,46
26,39,10,30,30
27,33,50,29,18
28,47,2,57,49
29,50,57,18,23
30,56,46,51,7
31,4,32,15,14
32,30,21,4,50
33,44,35,10,35
34,13,48,32,52
35,55,24,58,54
36,43,50,25,26
37,58,59,21,28
38,13,30,6,52
39,54,3,50,43
40,2,22,48,9
41,1,20,17,43
42,23,5,55,17
43,36,32,28,12
44,33,21,27,21
45,34,24,54,52
46,49,19,57,12
47,1,2,35,57
48,29,4,11,20
49,58,5,20,19
50,36,15,39,25
51,27,42,56,53
52,51,47,14,20
53,44,40,16,44
54,51,1,25,28
55,29,7,15,49
56,20,23,44,30
57,11,7,6,21
58,12,15,18,5
59,36,33,27,24
60,50,18,10,50
61,1,39,11,28
62,58,15,41,43
63,40,9,45,25
64,32,49,7,41
65,52,52,12,52
66,46,46,27,19
67,53,41,28,57
68,14,48,58,10
69,48,52,28,5
70,32,48,0,14
71,49,53,29,34
72,42,5,34,41
73,52,50,56,6
74,53,55,31,59
