0
Grid:
70,70
......................................................................
......................................................................
......................................................................
......................................................................
......................................................................
......................................................................
......................................................................
......................................................................
......................................................................
......................................................................
......................................................................
......................................................................
......................................................................
......................................................................
......................................................................
......................................................................
......................................................................
......................................................................
......................................................................
......................................................................
......................................................................
......................................................................
......................................................................
......................................................................
......................................................................
......................................................................
......................................................................
......................................................................
......................................................................
......................................................................
......................................................................
......................................................................
......................................................................
......................................................................
......................................................................
......................................................................
......................................................................
......................................................................
......................................................................
......................................................................
......................................................................
......................................................................
......................................................................
......................................................................
......................................................................
......................................................................
......................................................................
......................................................................
......................................................................
......................................................................
......................................................................
......................................................................
......................................................................
......................................................................
......................................................................
......................................................................
......................................................................
......................................................................
......................................................................
......................................................................
......................................................................
......................................................................
......................................................................
......................................................................
......................................................................
......................................................................
......................................................................
......................................................................
......................................................................
......................................................................
Agents:
40
0,52,58,60,33
1,30,0,38,65
2,63,35,39,40
3,39,12,52,46
4,15,6,1,61
5,50,18,44,12
6,44,52,7,25
7,12,46,27,50
8,47,27,25,6
9,40,60,39,0
10,41,6,19,10
11,40,33,2,40
12,57,7,21,37
13,39,7,64,47
14,51,57,31,26
15,8,10,54,24
16,45,27,28,11
17,66,6,24,28
18,60,31,26,54
19,11,52,26,28
20,53,1,45,44
21,0,58,30,5
22,5,27,22,17
23,68,15,11,11
24,6,3,68,3
25,52,22,67,28
26,21,21,18,25
27,34,46,50,63
28,17,66,3,56
29,13,56,22,7
30,65,31,27,27
31,30,28,11,26
32,67,40,61,64
33,43,16,52,53
34,56,6,53,59
35,55,15,5,34
36,15,57,15,64
37,7,39,20,21
38,5,52,26,45
39,28,29,57,7
