0
Grid:
70,70
....@..@..@..........@@.....@...@....@.@.@.......@..................@.
...@........@@@.......@@@@.@...@....@@...@.@@..@.@..@..@@.......@@@...
.....@......@........@.@......@.@@.....@..@@...@@....@@....@@@...@...@
...@..@@..@.....@....@...@......@.@.....@.............@...@@....@.@.@@
.@@.@@.@.@@.@.@....@.@.@.@@.@..@@.....@.......@...@........@.@..@.....
...@...@.....@.@@....@....@...@..@..@....@.@...............@.....@@...
@@.@.@.......@..@......@...@...@.@........@..@...@@@@..........@......
..@.@..@........@......@.@...@..........@.....@@@.@......@......@...@.
..@......@@.@....@@@@....@@....@@@.....@@.@.@...@@........@....@......
....@....@@....@..@..@............@...........@....@...@...@...@.....@
@.@@@...@..@...@..@.......@.@@........@.@....@@.@....@.@..@@.@...@@...
..@.@.@.@...........@@..@.@@...@...........@...@.............@.@.@...@
............@...@....@........@@.........@...@@......@........@..@@..@
.@@...@...@.@...@.@..@@...........@..@..@..@......@@@.@@..........@.@@
.....@.@.......@.......@@.@@@.@..@@.....@....@..@@.@@..........@...@..
..@@.......@@.@..@..@.@.....@@@@.@@@.@...............@......@..@.@.@@.
...@.@@@@.@.@.@@..@.....@..@...@......@...@...@@......@...@..@.@.@....
.......@..@....@@.@..@...@...@@.@....@..@.....@@..@..@..@.@.@@.....@..
..@@.@............@@...@.@@...@.@@.@..@........@.@.@.@.@...@.@.@@...@.
...@...@.@.......@...@......@...@@.@@..@.......@........@.@.@..@..@.@@
..........@..@............@..@.@..@..@..@@.@......@.....@@@..@........
...@......@..................@.......@......@.@............@.@@@.@@..@
..@....@.@.@..@..@.@@...@..............@..@...........................
.@......@.@.@.......@....@.....@..@.....@.......@.....@..@@.@.....@...
....@..@..@@@.......@.......@@.@........@@@.@@.....@@@@....@..@..@.@.@
....@@@.....@@...@.@........@...............@.....@............@@...@.
...@.@.@.@......@.@....@.@.......@.......@..@...@..@....@..@........@.
...@..@@...@...@...@....@@...@.@....@......@.......@.@.@@.@...........
.....@.........@......@.@@.@@..@..@..@..@@..@.@..@...........@@.@.@...
.@@.@........@.@.......@.....@.@....@.@...@@...@..@....@.......@.@.@.@
............@..@.@...@......@.....@@.@.@......@@.@....@..@...@@.....@.
.........@....@...@...@....@.@@...........@.......@.....@.@....@.@@.@.
......@....@..@@......@...........@..@@.....@....@..@..@.@...@...@@@..
@.@@..@..@........@@@@@.@...@.@...................@.@@.@.@.@.....@.@..
..............@.....@.....@.@....@......@....@..@.....@...@....@.....@
@.@@@...@..........@.....@@.@.@@.....@...@........@@@.....@.@@.@....@.
...@..@@.@..@.@....@@...@........@@.@...............@......@.@..@..@.@
...@..@...@.@..@.....@@@.@@@.@....@...........@..@..@....@....@.......
.......@.@.@@...@.@...@...@.@.@...........@.@.....@.@....@.....@......
....@......@.......@..@..@...@.......@.@.@......@..........@.@...@....
@...........@@.@....@......@@......@....@@...@....@....@.......@.@@...
...@........@...@...@.@@@@@..@.@@....@........@....@..@...............
.@....@.....@@.@..@@.@.@...@.......@..@........@....@..@....@.@.@....@
..@@........@..@..@@......@..@.@...@.@.......@..@..@....@.........@.@.
.@.......@.@....@.@...@.........@.@@.@....@...............@@.@........
.....@.@........@@@...........@..@...........@..@@..@@.....@@@....@@.@
.@..@@.........@.....@.....@@...@.@..@.@...@...@@.@...................
.@@......@.@.....@..@...@..@..........@@.......@............@@@.......
...@.....@...@..@@.........@@@.@.@.@@..@@.......@@..@@.......@@..@@...
..@.@..@@@..@@....@...@................@.....@......@..@@..@....@..@..
.....@.@@@...@@....@@...@@....@@..@....@..@...@.....@........@@.....@.
@.@.@@..@.......@..............@@......@..@................@..@..@..@.
.........@.............@@..@....@..@..@@@.@...@....@@.@@.@....@..@....
@..@...@.@...@..@.......@..............@........@.@..@......@..@.@....
.........@@....@......@............@...............@@@....@.@.........
@..@@.@..@@....@....@....@........@.@@.....@...@...@@..@@....@@@......
.......@@.@..@@.....@..@.......@.@....@.@.@......@@@.@..@...@...@@....
.@.......@.@.@.@..@.....@@.@@@@..@.....@.@.@.@@......@......@.....@...
..@....@..@.....@...@..@...@....@.@@.@@.@@.@.....@..@...............@.
..@@..............@..@@@......@@@.@...................@...@......@@@..
.@.@..@...@.@....@@...@@...@...@........@...@.@@.@@..@.....@@...@....@
@@...@..@......@.....@@@@.@.@..@......@@..@....@..@.@@........@..@@.@@
......@@...........@@..@......@..@............@.@..@.@@.......@.@@@.@.
.....@.@.@..@............@@.....@..@....@.........@@......@@.@.@.@..@.
..@@....@..............@..@......@....@...........@.@..............@..
......@...@@...@@....@......@@....@@...@.@....@........@.....@.@@.....
....@...@..@@.@...@....@@@@@....@.@.......@...@..@..@...@............@
.@@@@.@@....@......@.@...@@...@.@..@.....@...@.....@.@.@..@.@.@.@...@.
@.....@..@...........@@.....@.............@@.@..@..@@.@..@@@.....@@..@
..@..........@@.@...............@@...@..@@@..@......@.......@..@......
Agents:
40
0,52,68,12,48
1,63,55,55,67
2,40,60,34,29
3,40,4,5,54
4,7,39,7,69
5,43,13,33,46
6,23,36,2,57
7,64,15,26,50
8,55,41,59,12
9,16,48,17,13
10,40,64,46,68
11,51,69,55,31
12,59,69,60,61
13,14,44,43,39
14,69,18,23,69
15,20,35,54,55
16,54,44,67,29
17,42,2,9,22
18,18,21,20,20
19,68,18,36,23
20,59,15,34,9
21,59,56,2,16
22,19,10,44,2
23,21,41,32,63
24,13,5,15,16
25,16,28,42,10
26,31,11,27,37
27,29,44,34,3
28,13,20,25,31
29,8,41,67,9
30,63,23,64,47
31,56,37,39,8
32,55,54,66,22
33,29,33,8,28
34,50,47,43,46
35,7,60,11,0
36,63,37,53,46
37,15,46,14,25
38,46,45,17,38
39,43,11,38,1
