1
Grid:
60,60
...@.....@............@.....@..@.@.............@.@..........
................................@@@.......@.@.....@.@.....@.
..@..................@....@...........@.....@........@...@..
...@.@.................@..@.....@@.......@.......@.@........
..@@....@.@...................@....@........@.@@......@....@
..............@..@.@..........@...@.@..............@@..@.@..
..@........@....@.................@................@.@...@..
.....@.....@.@...@.....@.....@..@@..@......@.....@.@..@.@...
@......@.....@.....@.@...@........@.@....@..@.........@@....
........@@..........@.@..............@.@................@...
........@........@....@@..@......@@.@@.....@.@.....@...@....
.........@.@..@.......@@.......@......@..@.....@.@..@.......
....................@.@.....@.........@...@.@...............
...@.@.@..@@@.@.........@.....@..............@@...........@.
.........@...@......@..............@..........@..@.......@..
@......@....@@....@.......@.@.....@.......@..@..........@.@.
........@@.........@............@...@..@................@@..
..@...................@......@@.@...........@...@...........
...@...@..@.........................@..@........@..@..@.....
........@@@.@.@@...@........@.............................@.
...@.@..............................@.@...@..@@............@
......@.@@.........@.@........@........@@...............@...
..................@.@....@...@...@@...@......@....@.@@.@....
.@......@...............@@......@..................@.@......
..............@..@.@....................................@...
..@.....@..@........@..................@..@........@@.@.....
........@.....@.@....@@.........@.................@....@....
@......@@................@.........@.@......@@...@.@...@....
..................@.@....@..@...@......@....@...........@...
............@@@..@...@...@.@..........@...........@..@......
@..@.....@.........@@........@.............@...@............
........@..............@.......@............@......@.....@..
.............@...@............@.......@.......@.@....@@...@.
.@@............@............@...@@.@.....@@..@@@@...........
......@....@@...@............@....@.....@..@..@...@......@..
@@..@..@@...@.@@@..@@...@...@@@@....@.@...........@.....@...
......@.@.........@............@...@....@.....@.....@@......
........@@.....@...................................@....@.@.
..@...@@........@...............@.......@........@........@.
.................@....@............@.......@.@......@@.@....
..@...@....@.@@.@.@.....@.........@................@...@....
@......@........@......................@........@.....@@....
............@........@...@..@@.@...@@.....@.........@....@.@
...............@.............@@...........@@....@@.@....@...
.@........@...........@@.......@...@...@.@..@......@.......@
.......@............@.@..@.....@.........@......@...........
........@........@......@....@@@.......@....................
.@......@@....@...@.@.....@.@....@..........@......@@.......
@...........@.................@......@.........@.....@@.....
....@.............@..........@.@............@...@..........@
.....@.....@.@.......................@.............@@..@@.@.
@..@@........@.......@......@..............................@
....@...@@........@@..@......@................@.............
..............@..@...........@.....@.@.@.@.....@.@..........
..........@.....@....@....@...@.....@@..@..............@....
..................@...@.@........@........@.....@.@..@......
..@...@......@........@@..........@..............@..........
.@.@.......@.@.......@...@.....@........@..@................
..@@.@.........@...........@................@....@..........
...@.......@..............@....@..........@...@.......@.....
Agents:
40
0,31,16,36,28
1,42,15,41,1
2,59,17,30,5
3,43,12,0,24
4,23,14,37,42
5,32,23,54,19
6,20,55,14,47
7,12,25,27,2
8,8,51,24,4
9,18,8,23,30
10,39,46,8,1
11,23,0,19,44
12,47,13,29,23
13,33,14,50,30
14,46,55,51,38
15,44,7,7,18
16,8,31,48,19
17,29,10,28,57
18,42,40,4,41
19,12,13,43,3
20,6,5,29,46
21,5,20,52,27
22,45,32,55,46
23,5,56,9,3
24,49,55,45,1
25,9,44,34,17
26,52,42,28,3
27,27,46,1,29
28,43,28,14,54
29,24,57,26,36
30,28,36,31,41
31,38,12,44,29
32,46,41,8,46
33,22,8,17,6
34,26,59,21,2
35,34,10,2,10
36,20,49,12,48
37,6,49,49,5
38,58,24,4,31
39,32,42,30,48
