1
Grid:
60,60
.@@....@..@...@@.@.@.............@..@.@..@.@@.@............@
...@....@............@@.....@.@...............@....@.@@@....
.@........@.@....@.......@..@...........@...@..@@......@..@.
..@.@.@.........@.......@.....@..@..@.@..@.....@............
....@@.@@@............@.@@.@@.@....@...@...@....@.@.......@.
@..@.............@........@.....@.@...@....@....@.....@.....
...............@.....@.@..@@@...@...@@.......@....@.....@@..
.@@...........@...@.......@@.........@...@....@...@.@.@@....
....@..@@..................@...@..@.@........@....@...@.@...
..@.@...@..@..........@....@@...@...@..@..@.@.........@.@...
...........@..@@..@.......@....@@@.@@.@.@@.................@
......@....@..@.@.@.@.....@@......@....@......@......@..@...
.........@.........@@...@....@.......................@...@.@
.@...........@.......@.@@.......@@@.@.@.....................
...@.....@..@...@@@.@..@............@@........@@.....@..@@..
.@..........@@.@.@..@......@.@......@...........@...........
.@@..........@@@@...........@................@@.....@.......
...@.@.........@..........@..............@.......@......@...
...@..@@@...@..@..@@@.@@.@..@........@....@.......@.........
.......@......@......@@...@@@......@@....@..@..@...@.......@
..@................@@...@......@@..@..........@.....@@.....@
.....@@...@..@........@..............@....@.@@..........@.@.
.@.......@..........................@..@...........@........
....@.@.@..@.@......@..@@@.@.@....@......@.@..@.@.......@...
@...............@...........@.........@........@...@.....@..
@@@..@....@...@...@..@@............@..@.@.........@..@......
.@.@..@.@...@@..@...@........@..........@@........@.....@.@@
@@.@.@....@..@....@.@.@....@..............@....@........@...
.............@...................@....@.@.@.............@@..
....@.....@..@......@......@...@.........@@..........@..@...
......................@..@.@@........@@...@....@.@....@..@..
.....@......@....@@....@.........@@@...@@...@@..@........@@.
.......@@@...........@@........@..@@..@..@.@..@@..@.........
.....@.........@..@.....@..........@@..@...@.....@......@.@.
......@.....@.@.........@...@...@....@.@..@..@.............@
@...@.@......@...@...@..............................@@....@.
.@..@....@..................@....@.@......@.@..@........@...
.......@@@........@@.@@..@@.@........@...@..@.......@.......
..@......@........@@.......@.....@..@...........@.....@.@...
....@..@.@.@.@@....@...@......@..@......@...............@...
...@...........@...@.@........@@@...@@.@.@...@.........@...@
@@@........@..............@.@@........@.@.@..@.......@@.@..@
.......@...@.........@@@.@....@.................@.@..@@.....
..@..@........@.@@@..@..@...@@@.......@..@.......@.@........
..@.@..@@..@..........@.....@..@.....@@@....................
.@....@.@.......@...@@......@..........@...@...@...@@@@@@.@.
..@..........@.....@...@...........@........@.....@.@.....@.
..@.@..@....@..@.....@...................@....@........@....
.@........@.@......@@.@...............@@.......@.........@..
.@@@.......@.......@.@.......@............@@...@....@.@....@
...@.@.....@.@.@..@....@.@................@.@....@....@.@...
...@...@.@.....@..........@....@@......@@...@....@.@..@.@...
..........@@...@@.....@..@.......@.......@.@.@..@.@@..@.....
..@..@....@@.@.............@......@.@.......@............@@.
...........@........@.....@......@....@.@......@......@@...@
...@...@......@..@........@.......@.@.@.@.@......@.......@@.
..............@.........@....@..........@@..@..@.@...@......
..@@@..@@..@.@............@..@@.............@..@.@@...@.....
...@.......@...@.....@@@...@@@@.@@......@.@@........@.....@.
@.....@........@.@.@...........@....................@..@....
Agents:
30
0,20,12,46,40
1,57,41,22,13
2,59,26,39,41
3,47,58,47,6
4,40,49,35,8
5,7,12,5,59
6,40,10,20,3
7,59,16,31,37
8,54,43,19,46
9,26,55,5,29
10,44,13,21,11
11,26,31,51,53
12,1,17,27,54
13,37,49,8,17
14,51,20,28,36
15,45,24,17,47
16,45,36,48,58
17,55,59,41,43
18,56,45,44,57
19,46,55,2,9
20,48,17,8,23
21,18,13,34,58
22,14,4,18,41
23,42,33,22,10
24,31,8,32,0
25,11,1,5,45
26,26,49,4,17
27,35,50,5,51
28,18,16,33,25
29,26,57,16,42
