2
Grid:
70,70
..@...............@@..................................................
.......................................@..@...........................
.......................@.....@.......@.........................@......
...@...........@........@...........................@.................
........@@..........@.................@.@.............................
.@......@...........@............@.....................@..@...........
............@.....@.....................................@.............
........................................................@.............
@.....................@....................@..........................
...............................................@.................@....
..........@.........@.................................@.......@.......
...........................@.@..............................@.........
.@@.........@....@........@.....@..........@@.......@.................
..........@..............@.@..@.....................................@.
....@@.....................@..........................................
....................@..................................@..............
...................@@@@.......@....@..................................
.......@.......................@..@................@..................
.................................@...@................................
...@.........@....@.................................@.@..........@....
.......@.....................................@..............@....@....
.........................@.......@@..........@..@@............@@...@..
..........@......................@..................................@.
................................@.........@....................@......
.....................................................................@
.@.....@.................@.................@.....@....................
...@...........................@......................................
.......@.........@....................................................
..........................@..................@....@..@................
.........@.....................................@......................
.......@..............................@..............................@
..@...............@..................................@................
................................................@.........@...........
........................................@......................@......
.....@......................................@@.....@..................
....@.........@...............@......@....@...........................
.....@........@...............................................@.......
...@...@........................@.............@.....................@.
................................@@....@.@.....................@.......
.......................................................@...@.......@..
.........................@..@...................@................@....
.....@.......@.................................@......................
....................................@.........................@.@.....
.............................@................@.......................
......................................................@.............@.
......................@.....................................@.........
............................@.@..............@.@...................@..
...............@........@...........@...@........@..@@...@.@........@.
.........................@............................................
..................@...@..............@................................
........................@.....@...............@....@..................
.........................@..@....................................@....
@....@....@...................@.................@....@.............@.@
.........................@........@................................@@.
.......@.................................@...........@................
..@.....@.....................................................@.......
...................@............................................@.@...
.................................................@....................
.......@................@..........@.@................................
...................@.......................@..........................
.......@.@........................................................@...
......@.......................................................@.......
....................@..............................@.........@...@....
...........................@@..@......................................
..@...........................................@..............@........
........@................................................@.....@....@.
..................................................................@...
................................................@.....................
........................@...@.........................................
.......................@..................@.......................@@@.
Agents:
40
0,43,5,55,45
1,11,34,41,41
2,7,11,64,45
3,53,52,54,0
4,9,14,30,46
5,52,54,5,65
6,2,24,39,41
7,11,47,52,34
8,29,53,50,41
9,30,36,24,57
10,43,31,15,2
11,10,12,57,55
12,11,54,7,62
13,31,12,29,18
14,33,6,67,10
15,66,54,62,46
16,26,57,28,2
17,8,16,52,28
18,37,49,35,51
19,20,11,8,60
20,58,39,26,52
21,23,20,56,40
22,22,38,48,46
23,29,44,29,53
24,56,69,28,12
25,6,69,1,23
26,18,11,55,58
27,64,68,8,1
28,22,23,60,68
29,50,41,68,27
30,18,3,35,60
31,18,67,50,64
32,28,15,9,32
33,15,65,1,63
34,10,50,10,67
35,33,19,67,59
36,48,4,45,23
37,7,60,22,35
38,59,42,31,26
39,24,56,51,37
