0
Grid:
70,70
...@.@..@@@@..@.......@@@...@............@....@@@..@@.@....@......@..@
.........@............@@.@...@.........@@@.................@....@..@..
..@@...@.@@........@.......@.@@.@.@.@@.....@............@.......@@...@
.@@........@@......@@.............@.@...........@.@..@.@......@..@@...
.....@..@.@.@.@....@@..@.....@...@...@..@..@@....@....@....@..........
......@.@.@..@...@..@@..@@.............@...@.....@.@..........@.......
...@..@.........@...@......@@.....................@@.@..@....@@.......
....@.@@@......@.....@....@....@.........@.......@.......@.........@..
....@.@@@....@.....@................@.@@.......@@....@....@..........@
..........@.@........@.@.....@.@..@..@@..........@......@..@.@.@@@....
.....@...@.@....@...@............@..@.@..@@...@..............@...@....
...@........@....@@..@....@.....@@.......@@.@................@.@......
..@.....@@......@.........@.@@@@...@.@@@......@@.@@.......@.......@..@
..@...........@.@....@...@@........@....@.@......@@@...........@......
.@.@.@..@..@.@.........@@..........@....@........@.@.@.........@......
............@...@...@....@....@........@..@.@.......@..@.@............
...@@.........@........@@.@..@...@...@.@.@@@...............@.....@...@
..@....@.@........@........@....@..@.....@...@..@..@.@....@@..........
.....@@..@......@........@...@@....@..@@@.......@.@@@....@@.@@..@..@@@
...@..@.@@@.......@.....@@.@@.@.........@@.........@.......@..@....@..
....@..@.@..@...@.@......@..@........@..................@...@.........
@...........@.@@........@@@................@..@.....@...@.......@...@@
..@.....@...@.@.....@..@@..@..@..............@.......@.@..@..@..@.@...
.....@....@.......@......@@...@..@...........@.......@.@@.@@.@........
..@...@...@.@..@..@.............@....@.....@.@............@..@....@...
......@.@@.@@...................@.....@........@.................@....
.....@..@.@....@..@..@@...........@...............@...@...@...........
........@@....@....@.@..@@.......@..@............@.....@..............
@..@@.......@..........@@.@......@.@..@..@........@@....@.@...@..@@@@.
.@@...........@.......@.......@......@.@..@..@....@...@@.@@.@@..@.@..@
..............@..@..@.......@........@..@.............@......@@@....@@
........@@..@@.........@............@@........@.....@....@..@@.@@.....
.....@@@.....@...........@....@...@@....@.@....@...@.@@......@........
...@......@..........@.@...@....@..........@...@.@.....@........@.....
..............@@............@...@.......@....@........@.....@@........
...@.......@.@.................@.@....@@..@..............@.......@.@..
....@...@@@@.@..@..@.....@......@......@.........@.@......@@.@......@.
...@@..............@.....@....@.@...........@...@..........@...@.@.@..
@.@.........@.....@@.......@.@....@..@......@.....@...........@.......
..........@@.@.@@.....@.....@.....@...........@......@..@@............
.@...@............@..........@@@....@.....@.......@...............@...
@..........@....@............@@....@.@.....@.@........@............@..
......@..@................@...@...@...@...................@.@@.@..@...
..@...............@..@.@....@.........@.........@.......@......@...@@@
...@.........@@@....@............@...................@.........@.....@
@@..@@@....@....................@@.......@@@...........@........@.....
..@.......@..@.......@....@......@....@.............@..@...@..........
..@....@@.@..@......@.....@@......@...@..@@...............@@..@..@@..@
@...@...@.@........@..@@........@...@...@..@..@....@........@.........
.@.@.@@.@.@........@..@..................@.....@.....@.........@.@@@..
...@@.....@...@........@........@..@.@...........@@..@@.@@.@......@...
..@..........@..@.@@...@...@........@@..........@..@.@.......@.@@.@...
.....@..@...@...........@...@.@.@.@..@.............@..........@..@....
..........@...@@....@@..@.......@.....@................@...@..@@......
......@....@..@.....@....@.@.@..@............@.@.@@...@@.....@........
.@......@......@...............@.......@.@@..@....@...@......@..@@....
@@.@@.....@@....@....@................@@......@...@@.@.@...@...@...@..
....@..@...@.@@@....@@.....@.....@@@@...@....@.@............@........@
..............................@@....@.........@.......@.@...........@.
...@..@..................@....@@.....@.....@.@@.......@.@..@.@@....@.@
.@...@....@..............@..@@@...................@@..@.....@.@.@.....
......@.@......@......@.@@......@.....@@@@.........@@.....@..@........
@..@......@.........@.@...............@.@..@.@..@.......@...@..@...@..
.@...@..@..........@@.@.@...@....@.........@........@.@...@.....@..@.@
.@.....@...@..@....@@.@.........@.@.......@...@.@.......@.@...........
........@...@....@@.......@..@..........@..@...@.............@.....@..
....@..@.@@.......@..@@...............@.........@.@.@.......@.........
.@....@..@.@............@......@.....@...@.@....@...@...@@@..@@@.@.@..
.@.....@.@........@@...........@...@.....@.@@@.....@...@...@@.@.@..@..
.@.....@@.......@...@@...@......@.@..@..@...........@........@..@....@
Agents:
70
0,36,28,3,22
1,59,23,27,65
2,22,48,9,52
3,69,24,57,48
4,60,16,56,61
5,17,14,6,1
6,65,52,28,25
7,45,13,22,17
8,20,34,1,32
9,24,41,16,5
10,39,37,26,69
11,44,66,62,12
12,6,67,43,3
13,58,41,60,11
14,20,61,16,54
15,7,27,64,64
16,51,32,35,0
17,4,53,55,28
18,65,60,65,39
19,3,3,9,44
20,53,1,67,12
21,3,18,41,21
22,28,59,57,2
23,26,7,44,19
24,49,33,60,33
25,7,48,49,57
26,26,23,29,47
27,43,51,54,1
28,62,29,13,27
29,53,30,27,4
30,33,11,5,35
31,55,56,6,46
32,66,53,8,29
33,63,51,20,49
34,63,39,18,21
35,57,23,63,48
36,34,30,41,27
37,35,44,55,17
38,14,44,43,64
39,20,2,37,55
40,27,41,25,34
41,17,21,33,69
42,10,24,61,20
43,18,43,9,43
44,55,43,56,56
45,0,42,36,1
46,10,66,15,2
47,40,26,39,29
48,20,6,8,27
49,27,57,67,15
50,63,9,47,6
51,60,53,2,60
52,34,39,36,37
53,0,25,29,27
54,35,41,53,18
55,40,4,5,38
56,56,19,35,44
57,23,62,7,18
58,63,36,19,20
59,33,17,10,15
60,3,64,46,60
61,52,16,65,30
62,26,39,40,68
63,5,68,23,3
64,4,48,17,3
65,30,9,68,12
66,27,65,15,38
67,67,55,0,44
68,2,21,31,29
69,66,25,55,66
