0
Grid:
70,70
......................................................................
......................................................................
......................................................................
......................................................................
......................................................................
......................................................................
......................................................................
......................................................................
......................................................................
......................................................................
......................................................................
......................................................................
......................................................................
......................................................................
......................................................................
......................................................................
......................................................................
......................................................................
......................................................................
......................................................................
......................................................................
......................................................................
......................................................................
......................................................................
......................................................................
......................................................................
......................................................................
......................................................................
......................................................................
......................................................................
......................................................................
......................................................................
......................................................................
......................................................................
......................................................................
......................................................................
......................................................................
......................................................................
......................................................................
......................................................................
......................................................................
......................................................................
......................................................................
......................................................................
......................................................................
......................................................................
......................................................................
......................................................................
......................................................................
......................................................................
......................................................................
......................................................................
......................................................................
......................................................................
......................................................................
......................................................................
......................................................................
......................................................................
......................................................................
......................................................................
......................................................................
......................................................................
......................................................................
......................................................................
......................................................................
......................................................................
......................................................................
......................................................................
......................................................................
......................................................................
Agents:
70
0,43,8,50,67
1,20,56,38,51
2,57,52,29,60
3,5,15,16,3
4,2,56,4,45
5,52,49,52,35
6,37,67,10,5
7,48,11,3,23
8,20,66,42,9
9,38,9,67,59
10,66,18,63,22
11,40,2,50,58
12,4,14,43,34
13,19,48,45,32
14,35,57,7,27
15,53,66,46,66
16,34,50,61,37
17,51,33,5,20
18,52,38,69,43
19,0,69,13,36
20,34,47,23,12
21,36,15,25,37
22,44,45,6,18
23,17,30,63,52
24,15,28,56,48
25,6,29,7,1
26,38,68,20,23
27,66,24,31,19
28,38,18,62,25
29,52,42,4,27
30,32,26,67,51
31,50,15,56,2
32,3,55,54,41
33,14,56,53,62
34,16,15,5,52
35,28,52,51,56
36,66,39,50,26
37,44,19,30,35
38,52,24,22,67
39,28,29,51,30
40,67,58,68,4
41,33,7,31,5
42,50,23,50,50
43,28,36,57,38
44,54,26,25,36
45,65,34,25,23
46,55,28,6,39
47,36,8,25,13
48,67,21,16,13
49,12,58,52,43
50,30,30,65,66
51,14,0,33,8
52,69,23,34,14
53,33,68,39,5
54,23,47,61,17
55,42,13,42,21
56,59,23,59,48
57,45,44,18,68
58,62,43,11,40
59,26,48,10,37
60,2,59,15,21
61,20,63,66,26
62,66,38,0,16
63,3,36,10,53
64,21,31,20,53
65,12,39,48,38
66,68,36,65,34
67,44,33,52,15
68,7,27,33,31
69,59,30,6,40
