0
Grid:
60,60
.@@.@..@..........@.....@@@.....@...............@..@.....@..
@.@....@.@.@........@.@....@...@@@..............@...........
.@.@....@.@...................@............@@.....@....@@...
@.@..@......@.@@..@@@.@.@....@..........@.........@......@@.
.......@.....@.........@.......................@.@........@.
...@@..@@....................@.....@.....@...........@..@...
......@......@@..............@...........@@.........@@@..@..
......................@...@.................@@...@.......@..
..@.@..........@......@....@......@@.@......................
........@@......................@........@...@@..........@.@
......@......@....@.....@.......@.......@...@........@...@.@
......@@.....@@......................................@@.....
...@@.@....@....@.............@.....@.....@.@.@.............
..............@...........@......@....@@........@@..@.@@..@.
..............@.@..............@.......................@.@..
.........@................@.@...........@.@..@............@.
...@......@....@..@.@....@@.......@@..............@@........
......@.@@.@........................@@@...@........@......@.
@@.......@..@@@.........@..............@..@.................
......@..@.......@..@.............@......@.................@
....@.....@.@.......@..@.........@@.........................
..@.......@.@....@......@..@...................@.....@.@...@
.@........@.......@....@..@..@@...........@......@@....@....
.......@..............@.@.@.....@.....@......@.......@......
............................................@..@...@.....@..
.......@.......@@@..........@........@.@@.@....@@..@.@......
....@.@@..@.@........@..............@@......@...@...........
.@.@.............@....@..@........@...@.....@.......@.....@.
.....@...@......@..@.......@..@......@.@.@.@.....@.....@....
......................@...........@.@..@....@.@........@@...
............@.............@.............@.@..@.....@........
@@..@...........@.........@...@....@...................@...@
.@......................@..@@..@.....................@.@....
........@....@..@@..@@...@.@@@...@@.......@...@@.......@....
.@.........................@........@.@.....................
...@@............@...@....@........@............@..@........
...................@......@.@.....@........@...@............
.....................@@..@...........@...........@......@...
@@........@@.....@........@............@..........@@..@.....
..@.@.@@...@...@.......@................@......@.....@....@.
....@.............@......@....@........@.....@...@@.........
............@......@..........@@@.@......@..................
.@.................@..@........@.........@@.@..@.@...@....@.
...@...........@@@..@@.................@.@....@..@..........
............@@@@.........@@@@@.@.....@......@.@...@@........
.@.@@@....@.@........@..........@..@@......@.........@......
......@@........@@........@...@.......@.....................
......@@..............@........@.......@............@.......
@.......@...@......@.................@...................@.@
......@......@@......@.........@.................@.@.@...@..
....@@...@..........@.....@....@........@@......@...........
.............@......@........................@@.......@.@...
...............@.@.......@...............@.@..@.........@..@
.....@......@...............@@...@.........@..@............@
........@....@..@........@.......@.....@......@........@@.@.
.......@..@.......@....@......@.............@.....@..@.@....
.............@........@...........@.@@.........@@.....@.....
.@......@....@@..@.........@..@...............@....@.......@
.....@@........@..@..................@...@..@...@.@...@@...@
.@..@.........@@@......@.@..................@..............@
Agents:
50
0,18,5,31,56
1,6,40,20,15
2,8,55,44,22
3,26,35,8,24
4,30,17,0,29
5,47,16,44,33
6,55,0,45,49
7,8,14,15,7
8,36,35,58,36
9,10,31,10,42
10,41,3,34,54
11,54,4,49,55
12,24,21,39,36
13,28,3,37,42
14,13,11,28,26
15,9,25,45,40
16,49,59,37,3
17,14,5,27,47
18,41,55,28,56
19,14,37,42,27
20,13,8,26,54
21,2,32,46,43
22,25,12,41,8
23,28,23,26,57
24,53,47,32,2
25,24,2,47,32
26,44,21,2,16
27,48,22,57,23
28,14,35,53,18
29,10,9,11,35
30,59,30,5,22
31,53,15,36,2
32,16,4,32,44
33,50,45,17,27
34,2,51,23,25
35,56,38,37,43
36,41,5,37,41
37,44,3,12,1
38,18,22,18,25
39,1,46,24,37
40,33,37,58,10
41,53,27,37,35
42,25,55,38,19
43,1,18,11,33
44,24,48,12,31
45,16,37,20,40
46,30,20,29,29
47,12,59,19,16
48,1,40,24,5
49,7,6,23,33
