1
Grid:
70,70
@..........@@.........@.@..@.@@@.....@...........@@@....@...@@...@....
..@..@......@..@..@.@..@....@...@.........@.@...@...@..@..@.@.@......@
..@@...@@......@@.@..@..@..@@@@@@.@...@@...@@...@.@@..@..@...@....@.@.
@@@..@..@....@@.@..........@..@@..@@.@.@...@....@.@..@......@..@@.....
.@...@@......@@@@...@.@@@.......@....@.@.@.......@@..@@.@.....@.......
@..@@@....@...@..@....@@....@...@@.......@....@@@....@@...@..@@@@.@@..
@@....@..@@..@@....@..@@@.....@...@..@@....@.@..@......@......@@@.@..@
...@@.@.............@....@@@......@@......@@...........@..@@@.@@......
...............@@.@@..........@...@.@@........@@@.....@@..@....@...@..
...@.....@@@...@...@.....@....@@.@...@......@....@.@...@..@@...@...@..
.......@.@@..@.....@@..@@.@@...@...@..@........@..@.@.@.@@...@@.@@.@..
@......@..@..@.@..@..@.@.@...@..@@.......@@.......@....@...@.......@..
@.@....@@@@.@@....@.@..@....@..@.@@.....@@..@......@.@@@.@@@.@..@.....
....@.....@...@@.@@.@.....@@@.@.@.@..@.@.@.....@@.........@.@..@@@.@..
...@..@....@.@..@..........@@.@....@@@..@..@@.@..@.@.@.......@@.@.@@@.
..@......@@.........@.@@.@@.@.@..@@...@..@....@...@...@...............
............@@.@@..........@........@@........@@@.@......@.....@.@@@..
@.@..@.....@.........@...@...@@..@@@...@.....@.@..@.@.....@.....@.....
..@..@@@.@@....@@..@...@.....@@...@@.@......@....@...@...@...@...@..@.
......@.@@.@...@.@@@....@@.@@@....@....@.......@.@@..@.........@..@...
..@..@@.....@.@...@.@....@......@..@.@@.......@.@..@..@....@..@.@....@
.@...@.@.@.........@@.@@@@....@.@.@@@....@.....@@.......@.@@@..@..@...
@.@....@...@@@...@.@.@..@....@@.....@..@@.@..@....@.@.@@.......@...@@.
...@.........@...@.@@..@.@.@...@@.....@@.@.@@.....@.@..@@......@..@..@
..@@@....@...@@......@@........@..@@.@....@..@.@....@........@......@.
@......@.@.@..@.@@.@..@@.@.@.@@@.......@@.@.....@...@@...@....@....@.@
.@.@.....@..@..@.@.....@......@@.....@..@@@..@@..@......@.@.@.....@...
..@..@.@@......@@@@......@.....@.@...@@.@.@..@@@...@.@@......@.@@..@..
@.....@...@@....................@..@..@..@@.@@...@..@.....@...@@..@.@.
.@......@.@.@.@@...@.......@..@..@.@@...@..@.@..@...@@...@...@...@.@.@
.......@..@@.@.@@@@.@..@@.@...@..@@..@.@...@@.@.@...@..@.@..@.@@@@@..@
......@@.....@.....@.@.....@@..@@@.@.@..@...@..@..@...@@@...@..@@...@@
..@@...@..@@...@.@@..@...@....@@..@@..@@@.@@...@..@.@..@...@..@@.@....
.......@@.....@....@@..@.......@@...@.....@@.@.@@......@..@....@..@...
....@....@.@..........@@@.@.@@@@...@.....@.....@@@....................
@@@...@...@@@.@.@.@@...@@.@..@..@@.@@..@@@.@.@..@...@.@..@...@....@@..
.@@....@@@@...@.....@..@....@....@....@@@...@..@.@@.@........@@....@..
..@.@@.@@.@@@..@.@.@.......@....@......@....@.....@...@....@....@@.@..
.@..@@.....@..@@@@....@.@.@........@@...@..@........@........@..@..@.@
..@............@.......@..@.@.@@.@...@@@.@@..........@..@...@....@.@..
..@..@@.@.@@.@.......@.@@.@.@.@@..@@.@.....@.@....@.@...............@.
.@..@.@...@@...@@.@...@.@@@@.@..@@..........@..@.......@.@.@@....@....
.@..@.@@..@..@.@@..@...@.@..@@........@@@...@.....@@@....@.@..@...@@@.
...@...@.........@@.@@@@.@.......@.....@..@.@.@@.@..@....@@.@.....@...
.........@@..@....@..................@.@.....@.@..@...@...@@@......@..
.@..@@.@...@@.@..@.......@@@...@@@.@.......@.@....@.....@@.@.@..@..@.@
..@.........@.....@@@...@..@......@...@...@..@@.@@.@..@..@..@@@@..@.@.
@@..@@........@..@..@.@@.......@...........@..@@@@...@...@..@..@..@..@
..@..@@...@.....@..@@.@..@..................@..@@@...@@@......@@.@.@..
..@...@@..............@..@.........@@.....@....@..@.@.....@.@.@..@.@..
......@.....@@@.......@..@..@...@...@.@....@...@....@...@.@@......@.@.
......@.......@....@.@.@....@....@.....@@...@.@..@...@.@.......@@..@@.
.@@...........@.......@.................@@.....@.@......@@.@@....@@...
.@.....@.@.....@.@...@.@...@.@....@@.@...@..........@...@@..@.....@..@
.@.@.@...............@...@....@...@..@......@..@...@..@..@@.@.@.....@@
@@...@..@.............@@......@....@@@@.@.@....@.@@.@..@@....@.......@
.@.@..@..@@.......@...@...@@....@......@..@.@.@.@..@.....@....@@.....@
......@......@@..@...@@.......@........@...@......@....@@.@...........
@@@.@@........@..@@@@@@..@@.@.........@@..@.@.@......@@.@....@.......@
.@@....@....@.......@......@@.......@............@@..............@@...
..@.@......@................@...........@..@.@@@.@....@...@...@@..@@..
.@@.@@.@@......@...@.@.......@.@@@.......@.....@....@@..@@@...@..@@...
.......@......@@@.@.....@@...@...@.@@@@@@...@...@@@.@...@@..@@.@.@..@@
@@@....@@.@@.@....@@.......@.........@.....@@...@..@@...@@..@..@......
..@...@@@@.@@.@@.@.@...@@@...@..@...@..@.@.......@...@..@@@.@..@.@..@.
........@@...@..@...@....@..........@@.@@.......@....@...@..@@.@...@@@
@..@@....@.@@@..@@.@...@..........@...@......@@.@@@.@@...@..@.......@.
.@..@..@...@....@..@@.@.....@........@.@.@.@......@.....@.@.......@.@.
.@@....@.@@@.@....@.@.@@@.@@...@.@@......@...@....@.............@..@..
..@@......@....@..@....@...@...@..@@....@.@.@..@......@.@..@.......@..
Agents:
75
0,52,39,49,0
1,35,31,59,52
2,59,31,0,18
3,20,50,3,22
4,34,14,36,35
5,4,59,55,58
6,31,10,28,2
7,43,43,47,10
8,25,58,38,44
9,59,45,2,22
10,57,12,58,11
11,37,45,64,55
12,29,51,1,54
13,13,12,22,57
14,33,22,57,52
15,32,33,38,33
16,1,17,9,41
17,59,68,35,51
18,24,53,6,49
19,39,51,49,59
20,4,33,59,53
21,49,51,4,18
22,14,5,21,15
23,14,47,28,50
24,55,26,39,6
25,63,21,30,3
26,47,28,5,45
27,30,50,42,49
28,66,31,29,13
29,11,57,52,37
30,9,40,20,31
31,46,7,48,12
32,68,47,1,14
33,8,5,67,26
34,65,47,67,65
35,67,55,66,61
36,36,6,33,26
37,61,25,42,41
38,57,8,59,30
39,40,12,18,4
40,21,61,35,68
41,41,43,28,9
42,48,8,28,54
43,17,36,47,9
44,38,57,20,50
45,33,52,19,57
46,13,57,6,46
47,33,25,14,57
48,26,5,31,51
49,66,54,47,38
50,22,66,10,30
51,37,38,29,55
52,8,35,45,28
53,18,67,7,21
54,35,64,40,61
55,52,4,28,65
56,49,61,51,35
57,6,27,46,50
58,59,24,24,15
59,56,30,48,11
60,34,66,37,52
61,44,15,57,24
62,56,16,10,21
63,21,31,60,33
64,39,10,7,16
65,69,52,58,63
66,18,40,32,53
67,8,42,42,54
68,16,41,55,39
69,67,61,69,29
70,40,22,33,33
71,4,18,38,57
72,9,18,15,48
73,41,17,39,62
74,21,65,58,51
