2
Grid:
60,60
.@......@.....@.............@........@.....@..@..@.@.....@..
........@..@..@..@.@..@....@...........@.@.......@......@...
...........@...@.........@.....................@........@...
...@.@@........@.......@.....@@@..@.@..@.......@@.@..@@....@
..@..............@@@@...@.@...@.......@..@...@......@....@..
@.......@.@..@..@@......@.@.......@..@.......@...@..@.@..@..
.@..@@.@....@...........@.@..@@..........@......@....@......
...@....@.............@.@....@....@....@......@......@...@..
@................@......@.......@@..@...@..@.....@..@....@@.
.@@@...@@.@...@....@@..@..@.@.................@...........@.
....@....@@@........@.@@.......@......@.@@@......@......@@..
@..........@.@........@.........@@@.@........@....@...@....@
............@.......@@@............@........@@....@....@....
.@..........@@.@...@...@....@......@..........@.........@...
@.@@@...@.....@...........@.@.........@@......@.@@......@...
@.........@...@@.@..........@...@..@......@......@..........
...@.......@..@@.....@.......@........@....@..@.@@.....@.@..
.@@....@@....@..............@@...@......@...@..@..@.@..@..@.
@@..@....@..@..@..........@...@............@.@.@.......@.@.@
....@..@.........................@......@...@.....@.........
..@...@.........@..@...@..@.@...@........@...........@.@....
.@......@...@........@..@...@...@@@..@.@.....@..@.@...@...@.
.@.....@..@...@.....@......@..@.@..............@....@@......
....@..@@.@...@..@..@...@.....@.@.....@.@@.@@........@....@.
...@..@................@@....@...@..@@.@.....@.@.@.@.@...@..
.........@.......@@.........@....@.@.@.....@..@.@@@.........
..........@..@...............@@.....@.............@.........
...........@@@....@@@@.....@@.@..@@......@..........@.@.....
..@..@....@@@.@.......@...............@...@.@@@..........@..
..............@...@.@.@.........@...@.....@......@.@..@.....
....@......@............@.@..@.@..........................@.
@......@...@@..@.@@@...@...............@........@.@...@..@..
..@@.........@@..................@@...@@.@..@......@.@....@.
......@@.....@@.........@..............@@....@....@....@@...
....@.@@...@...@.@...........@.......................@..@...
.@........@......@...@@...............@.@@@....@.......@..@@
....@.@..........@.@@.@..........@.....@......@.....@.@@....
......@......@....@.@.@......@.@.....@.@.......@.@...@......
....................@.@...@.........@......@....@......@@.@.
....@.@@..@@@.@...@....@.....@@..@.@.....@.....@.@......@...
@.........@@.................@@@@...@.................@.....
.@..@..@..@.......@..@..@@@@@@..............................
...@.......@@........@..@...@.@@..........@..@......@@.....@
....@..@@@.....@...@@............@..@......@.....@..........
...@........@......@..@.@@.......@.@....@...@...@......@.@..
................@.@@.@.@.................@.....@............
.................@.@....@.@@.@....@....@...............@....
............@...@..@@.....@.....@..@.@..@...@....@@.@.@.....
@..@..........@@....@.@........@....@..@...@.@..@.......@...
.....@...............@.@...@..........@....@@............@..
.......@.....@......@..@.@..@@.@........@..@@.........@.....
....@...@.@.......@...@@...@@.@...@@.@.......@...@@.@@.@....
...@...........@@...@......@...@..@...........@...@@.@......
.@...........................@...@............@..@@....@....
....@...@@.@@..........@.@.@..@..@@.......@..........@......
........@.....@....@.@....@....@........@.......@.@.@@......
........@.............@.....@..@..@..@@@@@.@.@..@......@.@..
......@@...@.........@.....@..@...@@..@.....@....@..@@....@.
..@.@@.....@@...@...@@@@.@.....@...@.@...@@@...@@...@@.@....
.@........@................@.....@........@@.@...@..........
Agents:
75
0,11,43,36,11
1,19,45,49,0
2,21,57,0,56
3,13,21,43,30
4,38,40,38,49
5,12,43,2,35
6,57,42,45,50
7,9,55,45,4
8,22,33,48,41
9,31,8,52,48
10,54,43,49,11
11,18,42,33,17
12,12,40,2,45
13,42,25,51,44
14,26,41,19,15
15,32,36,26,22
16,45,14,33,28
17,3,49,7,11
18,49,49,58,59
19,1,33,55,6
20,48,32,15,34
21,15,48,56,5
22,55,56,36,37
23,7,35,7,59
24,16,23,7,42
25,56,54,50,34
26,51,33,22,42
27,43,41,40,19
28,9,42,56,10
29,26,37,39,43
30,54,15,17,25
31,36,53,55,54
32,36,35,42,27
33,13,42,33,0
34,13,17,59,29
35,49,26,37,4
36,16,8,53,43
37,34,10,1,31
38,16,4,30,16
39,25,39,29,1
40,18,22,32,18
41,13,41,59,51
42,34,38,47,13
43,45,39,10,17
44,10,55,51,25
45,47,0,53,32
46,12,1,29,39
47,10,39,46,21
48,4,25,20,5
49,16,35,27,24
50,7,59,3,37
51,25,38,46,0
52,19,46,27,51
53,18,31,21,51
54,13,4,11,6
55,21,31,15,55
56,8,35,14,40
57,31,9,17,27
58,15,21,11,9
59,58,15,38,53
60,43,53,55,56
61,12,49,5,22
62,50,15,25,8
63,15,38,2,2
64,34,34,29,29
65,12,7,2,20
66,20,24,44,10
67,36,15,17,10
68,15,30,50,16
69,47,15,52,1
70,25,34,52,45
71,8,54,4,12
72,9,54,15,5
73,13,33,33,38
74,1,10,7,13
