1
Grid:
60,60
........@...................@...........@...................
.....@...............@..............@....@.............@....
..........@.@..@....@..@............@.........@....@.......@
.@@..............@.@...........@@.....@.......@....@@.......
...................@...........@.@@...@@......@..........@..
..@.............@.....@....@....................@......@@...
.....@...@@@.@....@............@............................
..........................................@...@......@......
............@....................@..........................
...........@@.....................@...........@.......@.....
.......................@................@...@........@.@..@.
.....................@@@...........@...............@.@.....@
..@..........@.....................@.@...@....@...........@.
.............@....................@.................@@......
..@..@...............@@............@....@.................@.
.@.@.@..@.....@..........@...@...@..............@...........
..........@....................@.......@..@.................
....@..........................@........................@..@
..........@.@...........@...................................
.............@....@.@..............@..@..@............@..@..
.........@.........@.@.........@..............@......@......
.................@.................@@..@...............@....
..........@...@..............@.........@@...................
..@........@......@..@.@.................@....@....@........
..............................@..@@...@....@...@....@....@..
................@.@...........@...............@......@....@.
@....................................@...@......@...@.......
......@............@......@.....................@.....@.....
.................@.@.@...............................@......
.........@..........@...............@.@@........@.......@...
.@...@@........@......@......@...............@..............
...@...........@..................@@........@.......@.....@.
................@........@..........@.@................@....
@....@.........@...............@................@..@..@...@.
................@@@..............@..@......@..............@.
.....@................@@@..@...............@...............@
.@...@........@................@................@...........
.@.........@..@@........@..........@....@...............@@..
...............@.........@@................@................
...............@@...............@...........................
..........@..........@.@.@.....@...............@...@....@...
...@............@................@.....@....................
.@............@...@..@........@.................@...........
..@...........@...@..........@..........@....@..@...........
.@.....@@.....@................@......@.....................
..@.......@.@..........@........@...............@...........
...@...@......@..@...@.......@...@.......@..@.@...@.........
...............@..@.................@.........@.....@@.@....
...............................@..@..@..@@.........@...@....
..@@.@...........@......@.........@...................@.....
.................@@.@..@................................@..@
.................@............@.............................
.............@..@.......................................@...
............@..@.....@...........@.....@.....@........@..@..
.............................@..........@.....@.............
.....@@.....................................@...@.......@.@.
.......@...........@.........@...@......@...................
..@......@...@..@....@.@.....@@.@................@........@.
....................................................@.......
.............@..@...@......@......@..............@........@.
Agents:
30
0,45,50,42,22
1,35,47,5,6
2,27,55,13,43
3,53,47,1,58
4,0,37,23,36
5,54,31,22,48
6,54,15,54,53
7,28,18,58,41
8,49,35,35,47
9,1,13,53,41
10,43,34,35,52
11,21,28,9,7
12,17,28,27,13
13,14,28,52,49
14,53,43,14,49
15,5,59,46,59
16,28,50,1,57
17,22,34,17,15
18,40,1,34,39
19,11,14,2,35
20,56,17,11,25
21,20,22,7,12
22,0,32,3,29
23,6,0,51,12
24,26,59,4,26
25,33,32,29,22
26,16,23,55,2
27,37,10,31,49
28,40,46,48,21
29,47,28,18,36
