2
Grid:
70,70
...........@..@.......@..@@.....@@.......@@@@...@.@@@...............@.
@...@@@.....@....@..@...@..@.......@.@........@.@..@@@@@.@..@........@
........@........@.....@.......@..@@.........@@.....@.@...@......@....
...@..@@.......@@.......@...@.@...............@.....@@@..........@....
.@..@.@.@..............@....@.@.....@@.@................@.....@.@..@@.
@@.....@.......@..@........@@.....@..@@.@.....@........@@.@@.......@@@
.@.......@..@..@@.@@@...@.....@@.@..@@@................@.@............
.........@..@.......@...........@..............@@........@@...@@@@....
@@....@..@....@.@..@...@..@.....@...@.........@.......@@....@...@...@.
@.@@@...@....@......@..@..@....@....@.....@@@.....@.....@.......@.....
...........@.@...@........@.....@.........@@....@...........@.........
.@.......@.......@......@@.....@..@.@@....@...@.....@...........@@..@.
.........@...@.@@.....@@......@..@..@.....@@@.@...............@...@...
.@..@@..@.....@@.....@..........@.@.@@..@....@....@@...@.......@......
.......@.........@.........@.@......@.@.......@....@..@@@.@@....@.....
...@...@@....@@.....@..@...................@@........@......@....@....
.@....@................@..@........@@............@..@...@..@@..@.....@
@......@........@....................@@.....@.@...........@@....@.....
................@...@...@.@.@.@@..@....@@@..@.@..@..............@.....
...@@....@@.........@..@..@.@........@.@@.............................
.........@.@.......@...@.........@.....@....@@.@........@@@....@@.@.@.
..........@......@.@@..@.@.@.....@......@........@..........@@@@......
..@.@.....@..@...@....@...@.@@..@@@..............@.......@.@......@.@.
.......@.@.@.@...@.....@@.........................@.....@.@.......@...
...@...................@........@.......@....@.........@......@...@...
.................@....@....@...@.@................@..@................
.............@.@.@............@....@......@..@........@......@.@...@..
....@@..@....@.@.@....@......@.......@@..@@.@@.@..@....@..............
............@..@.....................@.@@...@@..@....@................
..@....................@@.@..@...@...@....@..........@.........@@.....
.@.....@@........@..@....@........@......@........@..@@.@..@@...@@@...
......@.....@@.......@...@...@......@.@...@@...@......@.............@.
.....@@.@...@@..@....@@...@@.@@..............@@@....@.@.@@..@...@.....
.@............@@@.......@.@....@........@........@....@........@......
....@@@....@.@.......@......@.@.....@@................@.......@@@.@.@@
@@@..@.@...@..........@.@...@@.......@@..@..........@.@...........@@..
@....@.....@..@@@.....@@........@....@.......@.......@.......@........
..@.......@.......@.......@.@.@.@@...................@...@......@.@.@.
.........@@.....@..@..........@....@.....@..@....@@.@.................
...@@@.@.@.@...@.@..........@@..@@.@...@@.....@.....@....@..@.........
...@.@..@..@............@@.@@@@@@@@.............@.....................
...@....@.@.@@........@...@.@..............@.....@..@@......@.@.......
@.@....@..@@..........@@.@....@.@..@.@..........@...@.@.....@@@@@@.@..
.........@...@..@.@...@@.....@@.@.@@@.@...@..@..@.@@@........@..@.@@.@
...@......@...@...@@..@@@.@@...........@......@..@.....@.....@@@......
.@...@....@...@.@@@@......@...@............@..@......@@...@......@..@.
....@.........@.@@...@..@..@....@..@....@@..@@.@....@.@.@@.........@@.
...@@........@@..@...@.@........@...................@@@...............
..........@@...@......@.............@..@.@.....................@@@.@..
.....@@..........@.............@......@.@......@.@@@.....@@...........
...@..@.......@.....@..@.@@@..@...@....@@....@...@..................@.
........@.@....@..........@..@.@..@......@.@@...@.........@........@..
..@.@@...@..@@......................@@........@...........@...........
..........@.....@....@.........................@.@..@..@@......@@.@...
...@.....@@.@.................@@....@..........@.@.@..@.@........@....
..@.................@.@@......@@.@.@..............@.........@....@..@.
.......@.....@@..@..@........@..@....@..@@.@.....@....@@.@..@..@@.....
...@@@.@..............@.@.....@.@.....@@..@....@.@@@...@..............
....@.....@....@.......@@.....@.............@@@.....@....@..........@.
..........@..@@.@..@.@@@...@........@.....@@.@@@.@..@..@..@...........
.@.@.......@@............@...@@@.....@..@@......@..@......@.....@.@.@.
.@.............@..@..............@............@.................@.....
.@...@....@......@........@.@......@......@.............@.............
.@...................@.@......@.@........@..........@.@..@..@...@.....
..@.....@@..@............@@....@..@....@.....@@......@.......@..@....@
@.......@.....@...................@@.@...@.......@..@.....@...........
@..........@@.......@@.......................@....@...........@..@....
.....@....@.....@@....@@...@..@...@@...@.....@....@...@...@.@@@.......
....@.......@.....@......@...............@@.....................@.....
.............@........@...@......@@.@...@.@.....@......@...@.....@.@..
Agents:
40
0,23,31,46,61
1,18,57,21,59
2,19,48,47,56
3,25,60,33,27
4,4,44,11,10
5,6,23,39,21
6,23,32,5,11
7,9,9,30,43
8,23,60,45,20
9,30,43,44,7
10,14,41,12,1
11,34,33,23,4
12,21,67,8,25
13,42,58,60,7
14,28,31,19,48
15,45,49,10,12
16,27,49,21,16
17,45,55,45,60
18,35,43,25,41
19,63,44,68,53
20,50,7,15,42
21,63,62,17,3
22,58,49,5,3
23,16,46,21,3
24,23,55,45,11
25,15,24,39,1
26,38,7,7,45
27,1,18,8,61
28,64,62,2,4
29,12,39,62,24
30,8,41,37,4
31,48,59,45,25
32,53,25,12,2
33,7,29,11,11
34,34,67,36,68
35,33,51,13,54
36,39,47,60,24
37,41,45,33,67
38,50,58,24,26
39,20,34,33,12
