2
Grid:
70,70
......................................................................
......................................................................
......................................................................
......................................................................
......................................................................
......................................................................
......................................................................
......................................................................
......................................................................
......................................................................
......................................................................
......................................................................
......................................................................
......................................................................
......................................................................
......................................................................
......................................................................
......................................................................
......................................................................
......................................................................
......................................................................
......................................................................
......................................................................
......................................................................
......................................................................
......................................................................
......................................................................
......................................................................
......................................................................
......................................................................
......................................................................
......................................................................
......................................................................
......................................................................
......................................................................
......................................................................
......................................................................
......................................................................
......................................................................
......................................................................
......................................................................
......................................................................
......................................................................
......................................................................
......................................................................
......................................................................
......................................................................
......................................................................
......................................................................
......................................................................
......................................................................
......................................................................
......................................................................
......................................................................
......................................................................
......................................................................
......................................................................
......................................................................
......................................................................
......................................................................
......................................................................
......................................................................
......................................................................
......................................................................
......................................................................
......................................................................
......................................................................
......................................................................
......................................................................
......................................................................
Agents:
75
0,59,12,30,64
1,3,37,62,5
2,46,12,25,35
3,18,63,36,17
4,36,8,18,5
5,4,49,14,3
6,64,43,23,68
7,56,46,4,21
8,21,53,65,6
9,65,66,27,9
10,17,59,14,17
11,25,51,16,57
12,4,7,27,2
13,6,2,6,36
14,1,66,2,24
15,55,63,25,67
16,23,7,46,3
17,40,3,8,51
18,7,60,10,18
19,16,27,39,8
20,9,5,6,1
21,9,31,10,66
22,5,1,51,57
23,25,11,67,9
24,46,56,47,61
25,62,22,0,39
26,64,14,24,52
27,11,65,22,36
28,7,10,59,34
29,57,34,7,8
30,6,8,40,13
31,64,1,63,14
32,20,49,49,18
33,6,17,21,23
34,45,5,51,37
35,50,45,0,29
36,30,15,14,50
37,49,19,22,15
38,41,43,45,34
39,2,4,37,16
40,46,60,49,65
41,20,68,31,23
42,0,0,16,54
43,12,26,53,37
44,61,12,59,30
45,53,5,43,33
46,40,41,33,65
47,65,1,58,40
48,11,8,35,19
49,10,26,21,40
50,65,7,39,53
51,35,41,25,24
52,61,48,53,45
53,34,62,41,19
54,23,33,19,62
55,8,52,49,6
56,57,16,38,61
57,57,65,9,44
58,0,19,19,11
59,37,49,13,36
60,25,32,61,47
61,22,44,56,12
62,5,59,54,48
63,20,48,19,3
64,7,32,25,59
65,32,46,16,3
66,9,39,8,62
67,25,49,66,34
68,62,53,48,42
69,9,33,63,2
70,62,69,23,40
71,58,19,42,9
72,66,58,15,14
73,54,48,13,13
74,13,16,31,38
