2
Grid:
60,60
..@.....@.....@...@@...@...@@..@..@........@..@..@....@.@@..
.@....@..@......@.@.@@..........@.@.....@.......@....@.....@
.@.......@...@.@@@.......@@@...@.@@..@.@....@.......@.@@@.@.
......@.@.@...@...@.@.@...@..@.@..@.@............@.@@.......
.@.@..@.....@@.@.....@.........@@..@..@..@.@..............@.
..@...........@.@..@@..@..............@...@@....@...@@.@..@@
.@...@.@...@.@..@..........@.@.....@@.@......@..@.....@.....
@..@@@..@.......@...@@.@.........@....@......@@..........@..
.@...@.@.@@.......@..@...@.@...@....@.@@.....@..@@@@@.......
..........@.@@........@.@..@......@....@.......@....@@...@@.
.@...@@@.@...............@.@........@..............@...@....
....@..@..@@@@.@..@@@..@..@.@.......@...@@.........@..@.....
..@..@....@..@@...@.....@.@........@.......@@@....@..@.@@...
......@@..@.@..@.@......@.@.@@......@.@.@....@........@...@@
.@...@.@..@.......@@........@..........@....@..@@@.....@....
..@..@.......@@........@@@..@@.@.@...@....@........@.@@.....
.@....@...@...@..@@.....@@.......@.@...@.@...@....@@@....@..
.@@......@.............@..........@...@....@@.....@@....@...
......@......@....@...@..@@.@.....@....@@..........@@.......
...@@....@...@@................@........@@@....@@.......@...
......@@..@...@......@@..@@.........@@@.....@.............@.
@..@........@....@...@.......@....@.@...@.........@.@..@.@..
.....@.@.@..@..@.@@@.@.@..@..@.@@@@@@.@.@@........@.@@......
@@.........@@@.....@.@.@....@.@.......@.@@@...@@@....@..@..@
...@.@.......@.....@...........@.....@@@...@.@......@.@@..@@
.@.@..........@..@@.@@................@@.@..@.........@.@@..
.@@@..@@.....@@..@.......@@.@........@@..@...........@.@..@.
.@@..@...@.......@@@.@..@.@..................@.@.........@..
...........@...@....@......@@...@.@@..@...........@..@..@...
.@.@...@..@..@..@.@....@.@..@.@..@@....@.....@........@.....
..@.........@..@@.@.@..@..@......@.@@.@...@......@.@......@@
...@.....@.@..@....@..@@...@......@@.....@..@@.@..@.@@......
....@@.@..@....@..@.......@..@......@@..@....@@@.@......@@..
..@....@...@...@.@..@@...@@...@..@.......@...@.@.@.@...@....
@@...@@@@..@@.@..@@@.@.@...........@.......@....@@@.....@...
.@...............@..@............@.@........................
.@........@..@...@@@@.......@.....@.........@@@...@..@@.....
...@.......@@....@....@.......@..........@@@...@.@@.@@..@..@
...............@@.@...@....@.@.@@.@..@....@........@.@..@...
......@.@......@..@..@@@...........@@..@.....@.....@....@.@.
.....@@@..@@......@...........@..@..@..........@@.....@..@..
.@........@......@.@...@@...@@.......@......@@.......@...@..
..@.@...............@@.@.@..@.....@@..@...@......@@@.@...@.@
......@......@.....@..@@.....@.@...@@@..@@....@.......@..@@.
.@.........@@....@@...@.@.@..@@.........@...@...@.@.....@...
@.@...............@.....@.@@...@..@@@@.......@..............
.@....@..@..@.....@.@..@.......@.@........@..@..............
...@.@.@.@.@..@@...........@.................@....@@@.@..@..
..@.@........@..@...........@..@.@.....@.@....@...@...@..@.@
...@.....@.@@...@@.....@.@...@.....@...........@.......@..@.
@.....@........@.@...@........@@.......@@.@@..@....@...@..@.
@.@.@..@..@@......@..@..........@..@..............@..@......
@..@...@@@..@@..@@@......@.@..........@.@...@.@.@..@..@.@..@
.........@....@....@......@.@@@...........@.@...@@@.@.......
.@.....@..@@.@@.@@..@@...@..@........@.@@..@..@..@......@.@.
..@@.......@..@..@..@..@@.@..@@...@...@..@......@@.......@@@
@........@..@.@..@.................@@.....@@@......@..@..@..
....@.....@..@........@......@......@....@..@..@@...@......@
..@.@......@@........@@...@.....@@........@@.@.@.@...@.@.@..
@.@..@@...@@.........@....@...@....@@..@.@.........@@......@
Agents:
55
0,36,42,14,30
1,55,44,9,3
2,56,52,14,34
3,53,10,53,10
4,57,55,27,0
5,53,54,14,57
6,42,3,2,8
7,14,13,27,54
8,49,50,26,30
9,48,48,48,49
10,52,31,31,17
11,10,33,34,47
12,45,33,9,2
13,48,32,52,21
14,52,49,22,24
15,50,25,50,8
16,25,36,54,31
17,52,28,20,53
18,4,28,6,53
19,24,23,9,48
20,38,9,26,29
21,46,54,38,40
22,29,55,6,43
23,33,59,43,7
24,53,6,39,55
25,52,53,47,26
26,27,23,44,33
27,21,25,17,13
28,4,17,42,13
29,13,49,5,18
30,48,12,51,28
31,57,2,2,4
32,58,20,43,55
33,23,29,59,25
34,53,0,51,6
35,3,53,42,36
36,58,51,54,34
37,49,19,21,1
38,33,31,58,24
39,8,29,56,25
40,20,43,59,20
41,6,59,49,15
42,18,21,1,49
43,7,53,29,57
44,40,39,58,18
45,1,44,33,42
46,42,22,14,46
47,0,26,54,9
48,36,16,8,19
49,16,28,0,51
50,26,12,57,8
51,28,42,22,14
52,56,30,33,58
53,15,16,40,52
54,41,14,26,34
