2
Grid:
70,70
........@.............@...@......@.....................@.....@....@...
..@....@......@.............@....@.@.@.........@..........@.........@.
......@......@.@..@............@@....@......@...........@......@@.....
....@.............@.......@@...@...@@........@......................@@
.....@....@...@...........@.............@@...........@......@....@....
......................@......@.....@@..@..............@.........@.@...
...........@@........@..........@.......@.@....@....@....@.@......@...
..........@..@.@..@..............@.@......@.@.............@......@....
.................@..@..........@...@..............@..@@..@..@......@..
@.....@.@..@..@..@..@@.........@...........@..@.@@.............@......
.@..........@..........@...@..................................@....@..
.............@.@...@...@..........@...@.@.....@@.........@......@.@...
.@....@...@....@@@.@.@..@@.@..@.@...@@@.......@..@............@.@.....
......@@@@........@..@....@........@@@..@.......@...@.@.........@@....
........@..@........@..@@...@.........@.@......@.@...@@@@..@.@........
......@.............@.............@.................@..........@.@....
....@.@.....@@...@...@@@.......@...................@...@.............@
......@.....@........@........@.@..@...............@.@..........@..@..
.....@........@@.....@.@...........@.@...@...........@.......@........
........@...@.....@......................@.......@...@........@.......
.................................@.........@..........@..@...........@
....@.......@.@................@.@@.@@@.........@.....@...............
@...@@................@..........@.......@..................@.........
@...........@..@.............@@.@.....................@....@..........
..........@.@@@.....@.......@........@........@..............@........
...@.................@.....@.@................@@............@...@.....
..................@@....@........@...@......................@.........
@.............@......@...@...........@.......@....@....@@.......@...@.
.......@....@.....@.@@@...@......@.......@@..@.@.............@..@..@..
@.@@..............@...........@..@...@...@@..................@..@.....
.......@@@.....@.....@...@...@.......@..@.........@...@...............
.@....@...@.......@@.....@.@@...@.....@......@..@.....@.@........@..@.
....@........@@.....@....@...........@@....@..@.....@@..........@@....
@.........@.........@...@.........................................@..@
.@..@............@..............@..@.@......@.@.......@.....@.....@...
@.@......@.............@.......@@........@..........@.@...............
..........................@.....@....@...........@...@......@.........
.......@...@....@.@.......@.................@.@..........@............
...@.@.........@@............@...@...@@............@..................
.................@...@..........@.........@...@.@.@..@................
.........@...............@.....@@..........@........@..@...@....@@....
.............@.@.@......@.....................@........@..........@...
.....@......@....................@.....@.@..@@....@.........@....@.@..
@....@@....@@.@@....@...@..@...........@......................@...@@..
.........@.@....@........................@...................@.......@
...............@.....................@@.......@.@.................@...
....@@...@..@.........@....@.@.....@........@...@.@.@.....@...@@......
....@......@..@@........................@..............@.........@...@
...@@.@.@...@..@.....@.@.......@.............@.......@......@....@....
.@...@......@@.....@.........@@...@............@@...@...@.............
@.....@..@.@.@.....@...@......@.@.@...@..@.........@........@....@@.@.
.@.@...........@..@....................@...@....@..@.....@.@........@.
.........@..................@......@.@.@@...@@......@..........@...@@.
.....@..........@.@........@@@@...@.@.......@......@..................
..@.@.@..........@@.....@..@@..@@...@@......@.@@.....@....@...@......@
..@.........@@......@..@@...@.....@.....@..@@.......@.@...............
.....@.....@..@.....@.....@.........@..........@.............@@.......
..@.......@......@..@@.......@.@......@..@....@.........@..@@...@.....
....@.....@..................@...@@.@...@@............@.@.....@.@.....
@@..@.........@...@...................@.....@.........................
......@.......@...@..@@.....@.......................@@.........@......
@@......@.......@.......................@.................@@......@...
..@..........@.....................@.......@....................@@....
@.....@...@........@@..@........@@.........................@..@...@...
@..@.@@.......@..........@..........@..@.@@............@..............
...@....@@.@...@..@.....@.....@@............@...@........@.@..@@...@@.
.......................@..@............@....@.@.......@.......@.......
.@@...................@@.@@.....@@....@....@.......@.....@...@..@.....
...........@..........@..@.......@@..@..@.....@@...@.@@...............
...........@@........@.............@..@......@.....@...@........@..@..
Agents:
65
0,6,3,54,25
1,32,5,22,65
2,21,56,65,66
3,66,30,20,19
4,16,8,46,60
5,30,19,2,43
6,45,52,14,37
7,42,29,27,36
8,26,50,15,62
9,7,14,5,44
10,66,29,19,28
11,40,29,24,15
12,17,2,63,34
13,33,4,45,8
14,40,68,35,29
15,12,22,32,15
16,23,68,33,27
17,1,23,27,10
18,53,56,55,57
19,43,36,21,58
20,25,61,14,7
21,22,67,21,65
22,33,14,62,4
23,63,25,15,32
24,9,61,5,24
25,15,56,11,36
26,37,31,53,25
27,7,22,61,32
28,28,44,21,25
29,27,3,46,38
30,67,21,19,48
31,4,3,44,12
32,46,19,52,60
33,38,18,46,14
34,10,15,6,2
35,3,63,12,50
36,13,32,22,27
37,52,15,1,20
38,5,55,62,55
39,43,25,50,17
40,14,19,43,36
41,18,64,20,35
42,38,59,66,32
43,56,60,9,57
44,27,44,43,40
45,47,49,26,15
46,52,14,46,10
47,21,63,24,16
48,49,3,0,51
49,2,22,60,44
50,28,13,55,61
51,8,66,38,69
52,62,12,48,51
53,68,12,0,12
54,15,49,69,43
55,35,10,0,59
56,19,46,12,56
57,50,49,36,42
58,57,28,43,49
59,39,19,46,17
60,33,61,63,16
61,33,49,12,55
62,45,11,34,5
63,17,65,61,54
64,36,40,6,35
