2
Grid:
60,60
....@.......@.@............@..............@...@.............
...@....@@.....@..@..@..@@...................@@......@......
@...........................@.........@........@....@@.@....
................@.....@@....@...................@...........
..........@.......................@.........................
..@..................@....@@........@.....@.......@.@.......
...@.@.........................@.........................@..
..................@...............@@@..........@...........@
........................@@....@....@...........@..........@.
..............@...@@..............@...@.......@........@....
@......@............@..................@...@.........@......
..@...................@.............@.@.....................
........@.@...@...........@.....@............@..............
.....@.................@....@...........@.@.............@...
.....@@........@....@............@...@.@........@...........
................@.....@.....................................
.........@.............@.....@...........@.........@........
.....@..@@.......................@.@...................@....
..........@.....@.......@.....@.@....@..................@...
@...............@...........@...@@@.........................
......@.....@@.............@..@..@.....@................@...
.@....@..........@@..@.....@...@.....................@......
....@.@....................@...............@................
..@...........@....@.....@@......@@.....@.@...............@.
.@...........................@@....@..@.@..........@........
................................@.......@....@@.@..@@.......
...@..@.................@...@...@@@....@....................
..@.........@........................@.@...@........@.@..@..
@.@@...........................................@........@...
........@...................@........@.@...@........@@.....@
...@..........@....................@..@...................@.
@................@.................@...............@..@....@
..@..@.....@.....@.@.@.......@....................@.@.......
......................@........@..@..........@..@@@.........
...................@.@...@................................@@
....@....@@......@.....@.................@..@...............
.....@...........@.....@....................................
..........@@.................................@..@...........
..............@..............................@...@..........
.........................@.@..........@@.......@............
...................@..@.......@...........@..........@......
...@......................@.....@.....................@.@...
...@...@@.....@.............@..............@.............@@.
...............@..........@...@.@............@...........@..
.......@....................@...@........@................@.
...........@....@.....@........@......@@....@.......@.......
............@.............@..@.............@.....@...@......
..@...............@........@.@...@.........@.......@.......@
..........@................@.@.......@..........@....@@@...@
@@.........@......@......................@.............@....
.......@...@....@.................................@....@....
...@..................@..............@........@.............
.......@......@@..........................@...@.............
...........................@.@..........................@...
..@.........@...............@..............@@........@@.....
.........@...@.......@...@........@..............@.@........
.....@.................................@....................
...............@.............@@........@@...............@...
...@@......................................@........@.......
.....@..............@..@..........................@.......@@
Agents:
80
0,24,15,23,39
1,53,58,58,2
2,8,16,4,31
3,28,22,21,45
4,34,22,27,8
5,47,23,45,12
6,47,24,55,24
7,25,53,36,58
8,36,35,13,10
9,7,49,32,30
10,12,19,38,15
11,38,53,9,22
12,8,26,46,0
13,5,49,2,37
14,13,19,8,56
15,10,36,25,21
16,4,11,16,17
17,4,3,43,24
18,16,39,34,17
19,20,18,7,4
20,45,49,58,1
21,46,41,49,29
22,59,22,47,55
23,51,57,29,18
24,52,26,51,42
25,19,43,38,24
26,29,34,22,51
27,3,34,59,33
28,20,15,44,48
29,8,2,22,46
30,16,45,38,5
31,9,4,43,49
32,9,11,6,19
33,18,36,54,37
34,19,22,18,57
35,37,57,14,54
36,14,49,6,48
37,33,56,56,43
38,53,45,52,12
39,35,8,34,6
40,56,46,50,15
41,59,27,57,31
42,6,29,1,43
43,43,0,12,6
44,31,18,15,31
45,31,48,6,35
46,3,15,54,27
47,37,30,17,47
48,49,22,41,35
49,28,40,58,11
50,31,40,2,9
51,0,23,42,40
52,21,22,6,33
53,26,7,31,9
54,48,22,22,35
55,4,41,3,17
56,4,48,22,49
57,28,49,35,15
58,38,36,32,43
59,26,55,5,35
60,47,3,19,25
61,42,51,56,4
62,24,5,44,34
63,42,20,40,6
64,31,26,21,51
65,57,37,52,33
66,58,25,21,54
67,58,27,24,59
68,29,20,31,13
69,39,8,58,17
70,52,54,20,26
71,11,18,43,31
72,37,50,15,32
73,43,14,6,46
74,46,47,30,40
75,51,12,54,8
76,55,32,45,42
77,58,9,46,54
78,58,16,30,52
79,40,6,19,14
