2
Grid:
70,70
......................................................................
......................................................................
......................................................................
......................................................................
......................................................................
......................................................................
......................................................................
......................................................................
......................................................................
......................................................................
......................................................................
......................................................................
......................................................................
......................................................................
......................................................................
......................................................................
......................................................................
......................................................................
......................................................................
......................................................................
......................................................................
......................................................................
......................................................................
......................................................................
......................................................................
......................................................................
......................................................................
......................................................................
......................................................................
......................................................................
......................................................................
......................................................................
......................................................................
......................................................................
......................................................................
......................................................................
......................................................................
......................................................................
......................................................................
......................................................................
......................................................................
......................................................................
......................................................................
......................................................................
......................................................................
......................................................................
......................................................................
......................................................................
......................................................................
......................................................................
......................................................................
......................................................................
......................................................................
......................................................................
......................................................................
......................................................................
......................................................................
......................................................................
......................................................................
......................................................................
......................................................................
......................................................................
......................................................................
......................................................................
......................................................................
......................................................................
......................................................................
......................................................................
......................................................................
......................................................................
Agents:
55
0,1,12,14,51
1,32,65,6,2
2,50,50,35,67
3,12,63,64,49
4,21,24,51,23
5,35,1,31,38
6,4,32,65,53
7,30,9,50,50
8,23,32,12,12
9,30,53,30,61
10,26,0,9,48
11,13,12,63,51
12,35,2,18,13
13,20,18,26,35
14,14,28,21,18
15,28,65,34,34
16,55,48,6,18
17,58,56,22,68
18,46,42,51,22
19,58,14,7,44
20,31,57,31,52
21,19,38,27,22
22,63,53,29,31
23,41,25,9,12
24,65,54,36,24
25,40,47,64,43
26,42,55,35,9
27,18,0,13,16
28,68,19,33,68
29,29,48,55,52
30,29,63,55,21
31,49,63,12,19
32,66,39,14,17
33,15,26,32,52
34,44,44,29,62
35,33,51,26,53
36,43,15,66,35
37,22,38,9,35
38,50,45,20,23
39,19,52,14,61
40,30,65,45,65
41,22,30,46,29
42,58,51,49,15
43,23,69,38,68
44,29,57,1,68
45,58,26,64,61
46,12,10,27,4
47,55,37,56,5
48,8,26,47,6
49,42,23,28,8
50,37,15,35,30
51,51,21,53,44
52,20,59,35,38
53,4,26,9,42
54,33,50,7,19
