2
Grid:
70,70
...@.......@.........@....................@..@.........@...........@..
..@......@...@...@@....@.......@.................@....................
.............@@............@.........@.......@.....@......@.@.........
.@..........@..@@@.@......................@....@@...............@.....
.@.........@@.@....@............................@.......@.@...........
....@......@....@..........@..@..@.@@...............@.@.....@.........
.......@.....................@..@......@.....@.............@........@.
.......@@........@...@.......@.@..@..@.........@...........@....@.....
.............@@.....@..@@@.............@.......@.................@....
@.....@......@.........@....@.@.@...@....@.............@..............
......@...................@.@.@...@.@.....@......@.@..@....@....@@...@
........@.............................@.....................@.@...@@..
@....@@............@@.......@...............@.................@@......
.@....@....@.......@.......@...@.@.....@...........@........@....@..@.
........@.................@..@.......@@....@@.................@......@
..@..............@....@@...............................@.@@.........@.
..@...........@....@.......@.....................@..@...@.............
........@...........................@.....@@...........@..@.........@.
..........@....................@@..@.@......@........@................
..@@@........@..........@@...@..........@.......@.....@@.....@.....@@.
@........@@....@.@................@@.@..@.....@.@...........@.........
....@............@.@...@............@...@.......@........@....@.......
.........@.........@@.@.@.@..........@@............@..........@@.@.@..
............@..........@....@@...........@.....@..@......@...@....@...
....@......@........@.........@.......@@....@@...@...@....@......@...@
........@.......@.......@.@.@......................@.......@.........@
.@....@.@@.@..........@.....@@..............@@........@..........@....
.................................@.....@...................@......@...
.............@...........................@...@.......@.@....@.........
..........@....@..............@...@....@.......@@@..@.@.....@......@..
..............@......@@......@.....@..@..@..........@.........@.@..@..
..........@.....@..@@...........@.@.@..@@........@...@...@.......@..@.
@..........................@....@.................@.@.........@@......
......@..@@..@........@...@@....@..@..@@@@..@.@@........@....@........
@...@.......@..@..@..@........@........@.........@...@......@.@.@@...@
...@...@..@.......@....................@..@....@...........@..........
.@.........@...@@..@.@..@....@@....@......@..@..........@.@@..........
.......@@.@.........@.@...............@.@............@..@@..@@.......@
......@....@.............@....@.......@....@..........................
@......@.....@.@...@..@.....@@..@..@.@....@........@..@...@..@........
@.....@.....@...............@.......@..........@.........@............
.@.@......@.......@.............................@.......@@........@..@
..@...............@.@.....@...@........@.....@..@.............@...@@..
@......@.......@.............@....@@.........@.......@.@.@....@.@....@
..@.@................................@......@...........@.@......@....
.........@........@.........@.....@...........@@.....@...@....@.......
......................@..........@.........................@.........@
@...@...@@..@...............@.@.........@............@.....@.@........
.@.@......@...................@...........@......@.@.....@..@.@.......
@.......@.......@....@.......@........@....@.....@....@...@@..........
.....@.@.@..@................................@..............@@......@.
...@..@....@.......@.........@.@...@.@.......@........@..........@.@..
.......................@...@.......@@............@........@@..........
@.........@.@....@..@...@@@.@...@.........@.........@.................
@....@.@...@......@.........@....@....@...............@.@............@
...........@........@@@...............@.@........@..........@.........
@.....@....@.@........@....@.@@.@..@.@@@......................@.....@.
@..............@.....@....@.@@.....@....@....@@.@....@@.@......@.@....
.@..@.....@.@....@@.......@.@..............@..@.......................
...@@..............@@@.@.......@........@@..@.@.................@.....
...@..@....@@....@@......@...@.@..@......@.........@.@..@@.@.@........
....@..........@@.@....@@@@@@...........@.............@.....@.@.......
.....@......@.@.......@..@.......@...@@....@...@.......@......@@.@.@.@
.......@.............@....@.......@.@.@.................@..@......@@..
.......@@.....................@..........@.@.@@.@..@@.@......@........
.............@................@....@.@....@@@...@@.......@..@..@@....@
..@.@...................@........@...@@..@.@........@....@.....@@.....
...@@@.@...@........@..@...@.......@..............@@.........@........
.@..@..@........@.@....@@..........................................@..
..........@.@.....@.........@..@..@@........@..@...@.@.......@@.......
Agents:
70
0,41,12,29,5
1,37,5,58,52
2,66,8,43,16
3,52,3,40,33
4,40,43,21,29
5,44,48,52,50
6,36,63,27,38
7,50,69,62,36
8,65,46,14,59
9,47,13,10,35
10,46,24,20,24
11,2,30,17,59
12,32,48,50,22
13,39,5,23,17
14,3,39,57,7
15,11,13,69,25
16,37,55,55,8
17,61,14,38,63
18,40,18,37,62
19,36,27,2,68
20,66,34,42,51
21,39,14,33,69
22,4,39,4,5
23,68,56,31,3
24,44,9,25,2
25,55,33,16,33
26,43,28,18,26
27,9,17,45,36
28,31,7,35,35
29,11,12,43,48
30,0,47,45,66
31,39,66,40,21
32,20,47,66,8
33,42,46,54,14
34,43,22,62,60
35,39,3,51,16
36,60,65,55,23
37,51,27,26,61
38,50,28,33,24
39,28,18,34,46
40,10,4,14,5
41,20,62,1,55
42,53,38,61,1
43,25,21,48,35
44,52,8,44,20
45,45,11,4,59
46,44,60,19,1
47,19,36,4,2
48,13,21,61,33
49,42,47,6,30
50,47,51,8,21
51,36,3,44,23
52,66,51,34,27
53,45,27,12,67
54,63,4,8,53
55,20,21,62,66
56,39,31,28,36
57,27,48,4,68
58,21,60,3,34
59,9,43,35,32
60,5,58,50,56
61,19,6,14,63
62,61,43,32,56
63,11,64,33,20
64,28,61,68,56
65,23,52,63,51
66,2,61,59,51
67,51,8,15,35
68,24,63,37,33
69,25,56,43,63
