0
Grid:
60,60
@...@....@..@.@@.@.@........@...@.@..@...............@...@..
.@.....@...@@@..@@....@...@.....@@..@..@.@@.@...@.@..@@@.@..
@@.....@...@.@@.@..@...@.....@.@....@.@@.@.@.@@.....@.@...@.
.@@@..@@@..@..@.@...@.@.@...@@@.@.....@...@..@....@..@......
..@.@....@...@............@...@......@...@.@.@...@@.@@......
..@......@........@.@..@@.....@......@....@.....@@.@....@...
@.@..@@........@........@..@@.@.@.@@..............@.@@.@.@..
.@...@...@@.@@..@......@.@.@@.@@....@..@..@@.@@........@....
.@@.@.@@...@...@..@.....@@..@.....@......@@.@@@....@........
.@.@@@.......@.....@...@@.....@.@@@@..@..@@...@@...@...@@@..
......@.....@.@.@@.........@......@....@........@..@....@...
.......@@@.@..........@...@....@@.....@.@..@@@...@@..@@..@@.
@.@..@....@@.@...@.......@.....@.....@...@.@..........@...@.
.@.@.........@@....@.@..@....@.@@..@....@.@.@.@@....@.....@.
.@..@.@..........@@..........@.@.@..@@..@@@.@@.@.@@@.@@....@
@@@......@.@.@...@....@..........@...........@@.@.@..@@.....
.@@......@.....@@.@...@..@@..@..@..@@.@......@..@@@@....@..@
@..@.@.@..@.......@@..@..@..@.@@..@.@.@@@@@@...@....@.......
..@@.@.@@..@@.@.......@..@.@@.@.@..@.@.....@@....@.....@..@@
@@..........@.........@...@.@.@@........@.@.@..@.@@.....@.@.
.....@.....@...@..@..@......@...@...@..@.....@..@@.....@@..@
...@.@@..@@.@......@....@..@@.....@....@...@@@.@..@.@@@..@..
.......@..........@...@@.@..@.............@..@...@@.....@...
.@@....@.@..@..@@@@@...@..@..@.@.@.@..@@.@@@@...@..@@..@..@.
...@.@....@@.@@.......@...@..@........@........@@@......@...
@.....@....@.@..@.@.....@@..@.@.@..........@...@@@.@..@.@..@
.........@.....@.....@@.@..@.@....@...@@.@......@@.........@
..@.@...@..@.@....@........@.@....@.@..@...@...@..@.@@..@@.@
@..@........@......@..@@.........@.@.....@....@.@..@@...@...
@.@.....@.@...@....@@..@..@@.@........@....@...@...@......@.
.....@.@@.@.....@....@@@.....@@.@.@...@...@.....@..@...@.@@@
@.@.@..@...@@.....@...@.....@.@....@..@...@@.@@@..@@@@@....@
.@......@@@....@@..@@.@.@.@..@..@@@...@...@.@....@........@.
...@@..@..@.@@...@..@.....@@.@@.@.@.@....@....@...@.......@.
.@.......@@.@@..@@.@@...@@.@@@@...@@.@...@........@...@..@..
.@...@.............@@....@.......@...@...@.....@..@@.....@@.
.....@.....@.@.....@.@.......@@.....@@..@@...@@...@..@..@..@
@....@.....@....@.@.@...@.@.....@...@.@.@...@..@@@...@......
.@.@......@@.....@@....@............@.......@.@@.@@@@.......
..@...@@..@@.....@...........@.........@....................
.....@....@..@......@@.@@...@....@.......@@..@...@..@..@@@@@
..@...@.@..@..@..@.@..@....@.@.@@.....@@@@.@.@.......@...@.@
.@@@..@...@..@.....@..@@@..@...@@...@@@@.......@....@@@@@...
...@@@....@@.@.@.....@@@......@..@@..............@...@....@@
@.@@@...@..@@@@.....@...@....@.@....@...@..@.@.....@..@@@.@.
..@....@@....@@.....@@.@...@........@@...@@.@@.....@....@...
.@......@..@...@....@..@.@.@@@@@.@..@@.@...@@.....@...@@@.@.
.....@...........@@.@.@@..@...@...@..@..@......@.@...@.@....
@.@@.@.@.@.@................@.......@@.@@@.@.@.......@@@.@..
...@@...@........@@.@@@.........@.@........@.@..@.@@@@..@..@
@@...@...@..@............@...@@.@....@..@.....@@@..@....@..@
.@..@........@.@@.....@....@.@.@@....@..@.........@@.....@..
.....@@.@@@.....@...@......@@..........@.....@..@@@.@.@.....
..@....@.@....@@..@..@@..@..............@.@.@@.@.@@....@..@.
@@.@.@.@....@.......@...@@....@@@......@@.@.....@@.@@..@....
..@...@@@@@...@.......@....@.@..@.@..@.@.@..@@@.@.@@.@.@....
..@..@....@.@@...@@@@...@....@...@.@..@@@.@..@...@.....@...@
....@..@.......@@@@.@@@...@@.@..@.........@...@....@@.@@@.@.
@...........@............@@.@@....@......@...@..@......@@.@.
.@..@@..@@..@.........@..@..............@...@.@..@.@....@.@.
Agents:
45
0,28,14,37,56
1,15,8,23,0
2,51,52,53,8
3,53,10,58,47
4,31,17,46,17
5,21,40,24,25
6,12,47,34,38
7,29,55,6,14
8,29,30,9,31
9,46,57,42,20
10,16,46,49,13
11,18,18,17,49
12,4,22,50,8
13,27,40,56,11
14,21,23,22,32
15,56,43,25,40
16,34,2,12,36
17,42,30,37,4
18,49,38,10,42
19,48,14,19,11
20,44,25,55,56
21,18,45,43,2
22,21,56,39,53
23,35,6,30,26
24,52,12,5,59
25,13,15,9,9
26,50,22,28,32
27,21,26,51,2
28,47,16,50,53
29,30,13,47,45
30,51,38,59,42
31,58,4,52,22
32,23,32,35,0
33,21,35,24,0
34,1,0,1,0
35,9,52,55,20
36,5,27,33,53
37,10,30,40,48
38,21,33,47,31
39,6,58,59,17
40,39,56,25,58
41,4,51,30,24
42,57,5,37,50
43,26,19,47,50
44,19,57,47,4
