1
Grid:
60,60
....@............@.........@@..@....................@.......
.@.............@......................@.......@.............
....@.....@.........@....................@........@.@@......
@...................................@..@....@.........@.....
...........@.....................@...............@@.......@.
................@.....@@...........@...@....................
@..@@....@....@.......................@...................@.
.......@...............@.........@..............@@..........
.......@...@.@................@.....@....................@@.
........................@...@.@......@..............@......@
.............@...@..@.....@@....@@.@@..@..........@.........
...................@..........@...........@.........@.......
..................@@..........................@@............
.........@.......@.................@..........@.............
.@.................@............@...........@.....@.........
@.......@..................@............@...................
.@....@..............@.@.........@...@......................
.......................@....@..............@...............@
@.@..@.....@.......@.............@..........................
......@..@......@..............@.......@..@...@.............
..@...@......@......@..........@...........@..........@.....
.......@...@...@..@....@.......@...@..@@@...........@......@
..@............................@.......................@....
.@.....@........@................@@..........@....@.........
.............@......@...................................@..@
..................@@............................@....@......
...........@@.....................................@....@....
.............@...@..........................................
.......@...............@..........@.@@..@..............@....
................@.......@...........@........@............@.
@@......................@..............@@....@..............
.......@...............................@....................
...............@.@..@@............@.@........@..............
...@...@.@............@@..@..@...........@...@....@..@....@@
.....................@..................@.....@.............
...@.........@......................................@.......
...@..@...@@@..............@@..@......@...................@.
....................@.@.@...................................
.....................@.........@..@@.................@.....@
@@....@..@...................................@....@.@.......
@....@.................................@..@.....@@..@.....@.
.....@..@..@................................................
@......@.......................@...@...@....................
......@..@@......@......@.......@....@......................
....@............@....@.......@...........@.@.....@@........
........@............................@..............@.@.....
.@....................@..................@...@..............
@......@....@..........................@........@...........
.........@...............@....@@...........@.@...........@..
...........@..........@.@....@@..........@.......@....@.....
.@...@@@....................@........@.........@....@......@
.@..............@.@...............@......@....@...@.@...@..@
.......@........@@.........@................@..@............
.@.................@....@..@......@........@..............@.
....@......@..................@..@...@.............@........
....@.................@...........@...................@.....
..@..............@........@................@........@@.@....
...........@..........@..@..................@..@........@...
...@..........@.@..@.......@........@...@......@....@....@.@
..........@...@....@................@..@....@...@.......@...
Agents:
40
0,53,41,58,30
1,28,28,21,28
2,56,41,31,24
3,1,22,33,16
4,41,46,27,9
5,2,36,56,11
6,28,58,53,18
7,22,8,4,15
8,19,43,0,40
9,55,50,37,10
10,3,50,34,57
11,13,25,26,17
12,12,6,59,52
13,1,0,12,5
14,57,41,5,28
15,4,25,6,17
16,15,12,7,13
17,59,58,16,42
18,18,46,34,0
19,43,20,40,11
20,19,25,6,50
21,5,3,42,12
22,30,9,4,25
23,52,20,36,48
24,44,2,24,57
25,37,37,16,3
26,15,30,17,55
27,48,18,27,7
28,10,34,50,51
29,45,2,58,24
30,1,21,2,8
31,32,56,48,11
32,53,7,29,39
33,43,56,58,56
34,32,16,5,34
35,7,52,43,3
36,6,27,48,53
37,37,8,13,16
38,36,51,56,36
39,7,18,35,47
