1
Grid:
70,70
..@.....@.........@.........@...@.......@..@......@....@..@@...@@@....
...@.................@.....@...@..@...@.@......@@@..@@.@.....@..@.@..@
..........@.................@.@...@..@..@@@..@@..@..@@.....@.@@.....@.
.........@@.@..@....@.......@@.......@..@.....@.@...@....@....@.@.....
.@..@.......@..............@@@.@.@...@.@...@.@.@.....@.@..@...@.@..@..
...@@.....@.@.@@.....@.@..@...@..@..@...@.....@..@.@.@...@@.....@..@..
.@.@.........@@.@@....@........@....@.@@.@...@...@.....@....@...@@...@
.@..@......@.@..@..@@@...@@.@..@...@.@.@@.....@@..@.......@.........@.
.@...@......@.@.@.....@.......@@.....@.@.....@.....@....@...@@@.......
......@.......@@...@@@@..@@.........@@.@@@...@..@.....@.....@@....@@..
@...@....@.@@...@..@...@..@..@......@.............@.@@..@.@....@.....@
.@....@@.@....@@.@....@@...@...@.....@....@.@.......@...@.@.@@......@.
.@@.@.....@.@.@..@.@@....@@..@..@@.......@.......@...@.......@@.......
@.@..@............@@@..@..............@.@.@.@..@..@..@@@.@..@.@...@@..
........@.....@..@....@..@......@@.@..@.@@..@.@..........@@......@..@.
..@.@..@@@....@..........@....@@@@...@..............@@.@.....@.@.@.@..
........@..@...@......@@.....@....@...@@@@.....@@...@@.@@.............
@@@....@.........@.......@.@@.@......@.@..@.....@@..@@....@.@...@@...@
..@@@..@.@@.@.....@.......@.......@.@.................@.......@.@@@@..
@..@@....@.@...@....@..@....@..@.....@..@.@...@@.@...@.........@..@.@.
@.@@.@@@@@.@..@@....@.@.....@...@@........................@.@.@......@
.@@@.@....@....@@..@..@.........@@.....@......@.@........@...@........
...@.......@....@@........@@.@.@@...@..@@.@..@.@.@..........@...@.@..@
...@...@.@....@............@..@...@.........@@......@.@......@@.....@.
...............@@....@@@@.....@...@.......@...@....@@@....@.....@.....
........@.@.......@.@..@..........@@...@.@...@......@..@...@.......@.@
..@@@@.@....@...@.....@..................@............@.@@....@.......
@......@..@.@..............@@..@.......@............@@...@@...@.......
@@......@@...@.....@..........@@......@....@...@.@.@..........@..@....
@....@.........@.@@.@....@...@...@.@.....@.@..@....@@...@..@....@.....
@.@..@.@...................@...@@@.@@.@...@.@.....@.@...@.....@...@...
..@.@.@...@@....@....@.@@.@@.@.....@..@.....@.......@........@........
@..@.......@@@.@.....@.@............@......@@........@......@.......@.
...........@.@...@...@........@..@..............@..@......@.......@@..
..@..@........@...@..@..@@.....@.....@.@.@@........@...@...........@..
@.........@.......@.@.@..@..@...@..@....@..@@..@...@......@.@...@...@.
@.@......@........@.......@@......................@.....@.@.@...@...@.
@...@..@......@...@.@..@@...@.@......@.......@.@@...........@@..@...@.
....@...@...@.......@@........@@.@.....@.@@.@@@@........@@@.@.......@.
.....@@.@......@@@..@......@..@...@@...@@..@....@@......@@@.@.....@@@.
@..@.....@........@......@@......@.@@@..@...@.@@..@.@..@..............
......@.@...@.@.....@@..@.@..@...@...@...@@@....@..@@.@......@@.......
@.@@@.@..........@...@........@@.....@.@............@@....@...@@@....@
@...@....@@.....@.......@.@@.@.............@@...@....@@...@..@@.@.....
.@..@....@......@..@....@...@...@@......@@.@@@......@...@..@.........@
@..@@.......@.....@....@....@..@@@....@@..@..@@.......@..@............
.......@.....@.@..@......@....@.@...@.@..@..........@@...@.@..........
.@.@..@..@.@..@.@@@........@..@..@@.......@@....@..@@.@.....@@......@.
.@............@.@@@@.@.......@..........@......@............@.........
@.@......@...@..@.....@..@@..@....@..@....@.@..@.....@.......@@@@.@..@
.....@......@.....@.....@...........@........@@.....@@.....@.@..@.....
.@@..@@.@.........@.@....@@.......@.....@........@@..@....@...@@...@..
...@...@@@.@@..........@......@..@.........@@.@.....@@..@@.@@@...@....
.....@....@@..@.....@@@.......@.@.@.@..@...@.@.....@....@..@....@.....
.....@.............@@@..@.@...@.@@.@.@@@.@....@.@......@....@@........
..@....@@....@.@......@......@.@@.@..@@....@@.@..........@.@@.@@.@@.@@
........@@@.@..@.@@..@.....@.........@..@....@..........@......@...@..
@@@.....@.@.....@.@.....@....@...@...@.....@@@@..@.@..@..........@@..@
...@@.....@.@@@..@..@....@........@@.....@.......@.@.....@.@..@....@.@
.........@......@........@.@@....@@.@...@..@........@...@.....@.@.....
..@.@@......@...@......@......@.@..@....@..@.@@@...@@.@.@.......@@.@..
@.@@.@........@@.....@.@@.@@@.....@.@.@.@........@..@@.@@..@@........@
........@@@.@@.@..........@.@.@..@.....@...@.....@.@....@....@...@.@..
.........@......@@.........@....@.......@.@@........@.@...@....@.....@
@..@......@......@@.@...@@.@..@.....@.@....@..........@.@...@.........
.@@...@@@....@.......@..@@........@.........@@@.....@.......@.........
............@@..@...@........@@.....@......@...@...@.@.@.@..@...@.@...
@.@@.....@@..@..@..@......@.....@.....@....@...@....@....@...@......@.
@@.......@....@.@.@....@..@@@.............@.@............@.....@......
@.@..@@@....@@...@....@...@@@....@...@...@.........@@@..@@.@..........
Agents:
80
0,3,33,47,13
1,47,2,16,31
2,46,10,5,8
3,5,8,8,38
4,35,52,36,19
5,15,59,49,4
6,69,25,30,9
7,7,41,44,23
8,41,53,67,21
9,45,16,1,51
10,43,20,19,38
11,2,14,6,34
12,11,55,18,31
13,62,45,19,62
14,57,6,15,19
15,31,7,30,64
16,10,24,43,19
17,2,56,47,58
18,9,9,54,2
19,49,43,47,5
20,62,35,52,6
21,26,20,14,27
22,58,31,64,28
23,28,26,43,34
24,56,20,55,26
25,16,60,41,17
26,31,54,28,5
27,34,54,56,25
28,23,8,20,27
29,6,34,54,16
30,12,40,50,29
31,18,69,66,42
32,0,10,3,65
33,20,19,19,24
34,3,32,40,5
35,67,49,68,47
36,25,64,13,16
37,13,36,51,33
38,60,19,26,69
39,27,60,21,25
40,31,36,63,25
41,15,34,43,20
42,20,48,45,36
43,54,12,32,8
44,58,56,16,21
45,43,7,27,60
46,11,48,21,68
47,40,38,67,56
48,44,55,5,62
49,57,50,57,52
50,42,25,50,8
51,63,30,64,41
52,25,12,18,68
53,31,28,30,20
54,37,34,8,3
55,2,0,25,37
56,64,4,37,34
57,19,35,24,66
58,8,58,43,46
59,69,3,67,30
60,30,28,48,64
61,69,19,4,38
62,17,16,19,35
63,26,67,33,3
64,2,3,2,50
65,27,55,14,63
66,47,5,18,50
67,35,33,7,12
68,62,23,26,13
69,22,59,62,59
70,69,8,13,3
71,35,7,6,28
72,16,4,41,45
73,31,53,4,51
74,24,32,69,18
75,39,1,62,11
76,47,28,21,13
77,31,68,37,16
78,43,8,22,62
79,26,13,31,62
