1
Grid:
70,70
..........@.........................@....@............................
..............................................................@.......
..@.....@..@.................................................@........
....................@..@..................@...........................
............@.@......................................@..............@.
.............@............@......@...................................@
..................................................@....@..............
..............................@.........@.......@.....................
@.@....@..............................................................
.@..@..@@.................................@............@..............
...........................@........................................@.
...........@..@@....@..@..............................................
....@...@.................@........@.....................@............
......................@..@..................................@.@.......
.....................@...........................@....................
.........@......................@...........@..........@@......@......
@.........@.@..............................@.....@.@...@@.......@...@.
.............................................@.................@......
@.............................@............@............@.............
........@.....................................@.......................
........@............................@.....@....@.....................
..............@................................@......................
......@............................................@.@.........@......
...................@@..........@..............@..@..@@..@.............
.........@.........@........@.........................................
....................................@.........@.......................
...............@.......@..............................................
............@.............@......@......................@.............
........@...........@.......@.........................................
........@..........................@......@..........@................
....................@...........................@.............@.......
................................@....................................@
..@.................@............................@....................
.@.................................................................@..
..........................@..........@..........@.....................
.............................@..........@...@...................@....@
.............@........................................................
.....................................@.........@........@.............
........................@......@............@.......@.............@...
.........@@......................................@...................@
..@........@...@.....................@........@.......................
.........@.@........................................@..............@..
..@.....@...........@...........@.............................@......@
...@.........@..........@.................@.........................@.
........@.@...@................................................@......
.....@................@.@......@.........@.........@.................@
.............................@..............@@........................
.....@.........@.@................................@...................
..........................@.@.........................................
.@.......@...........................@.....................@@.........
......................................................................
..........@.........@.........@.......@.............................@.
.......................@..................@...........................
..................................................................@..@
......................................................................
.@..............@....@............@....@..............................
..........................................@...........................
......................................................................
...@...................@.........................@..........@.@.......
.......@.................@.....................@..........@...........
.....@............................@...............................@...
.....................................@...@....................@.......
................@............@..........@...........@.................
.....................@...........@..@..................@....@...@.....
...........@...@.............................@........................
..............@..................@...@................................
......................@..............................@................
............@................@..............@......@.......@..........
....................@...@....@..................................@.....
...........@..........................................................
Agents:
50
0,46,14,35,43
1,17,67,9,29
2,46,24,24,51
3,32,11,27,52
4,1,17,57,13
5,58,13,47,42
6,13,33,4,2
7,62,60,11,35
8,21,21,46,48
9,29,64,44,35
10,35,25,67,15
11,61,61,2,51
12,18,68,29,27
13,11,12,47,30
14,37,0,46,53
15,35,46,23,33
16,34,27,26,2
17,61,30,45,21
18,33,28,58,9
19,15,66,0,12
20,4,44,55,50
21,20,7,0,42
22,47,65,27,27
23,58,17,68,7
24,18,25,67,36
25,58,40,21,13
26,11,51,22,25
27,49,61,49,50
28,5,1,9,36
29,14,48,42,59
30,13,19,63,65
31,43,1,64,36
32,52,12,63,4
33,48,55,16,19
34,41,32,44,53
35,26,63,44,7
36,5,32,46,8
37,59,61,29,25
38,5,54,57,10
39,14,23,3,10
40,9,63,65,35
41,11,65,2,63
42,35,53,55,59
43,48,0,10,66
44,24,31,31,49
45,13,37,69,8
46,53,55,42,10
47,0,18,29,67
48,25,35,5,12
49,16,3,22,1
