0
Grid:
70,70
..@...@.....@@.........@..@..@@.@...@@@@@....@.@....@..@..@....@@.@@.@
.@@.@..@.@...@.@..@...@.@..@.@@@...@..@@..@...@@...@....@...@....@....
..@.@........@.@@@@@......@......@....@.@@@@..@..@.....@@@...@@.@.@@..
..@......@.....@....@...@..@@..@.......@......@..@...@.......@....@...
..........@...@.@.......@.@@..@.@........@@....@...@.@@....@.@@...@@@.
..@@.@@..@@........@@..@@@....@....@.@@@.@@.@@.@........@.@@.@.@@.@.@.
....@...@@.@......@..@@.@@..@@@........@....@..@...@..@.@.@..@........
....@..@@.@@..@......@@...@..@@@@..@...@@.@...@@.............@........
@...@...@............@..@....@....@.....@...@............@..@........@
....@@........@@@.@......@..@.@..@@.....@......@..@...@..........@@...
.......@@......@.@..@..@........@.@@.......@....@@.@@...@...@.@@@@.@@@
@.@@....@.@....@@.@.....@..@...@...@...@....@.@@@.@@.@..@.@@..@.....@@
@@@@......@.....@..@..@@.@..@.@....@...@...@....@@.@........@@...@..@.
@.@....@......@..@........@.@@@@.....@...@..@@.@.@..@.@....@..@.....@.
@....@....@@.@@...@@@.....@....@.@...............@.........@.@.@@.....
@@....@..@..@@..@.@..@..@..@@..@.@@.@....@...@..@..@.........@.@..@.@@
@@@@.....@...@..@.@...@..@..@@.@.@..........@@..@.@@..@@@.@.@.@@@.@..@
..........@.@..@.@@.@.@..@.@@@..@..@@@.......@..@@@...@....@..@....@..
..@@@@...@.@...@..@.@...@@@@............@.@..@@.....@.@......@.@..@...
.....@....@..@.........@@..@.....@.....@.@....@......@..@..@.@.....@.@
......@....@....@.@.@.@@...@@....@.....@.....@.....@....@...@@....@...
.@@@.@@......@.@.@.@...............@@..@@...@......@..@.@@@.@@.....@@.
..@...@..........@...@.@.@..@.@...@@@.@@.@..@@..@@..@.@..@..........@.
@@...@...@@@..@.@.......@.@.@...@@.........@.@...@.........@..@@....@.
@.@......@@.........@....@...@.@@.@.@..@..@..@...@........@..@.....@@@
@@.......@......@@@@@.........@........@....@@..@....@@.@@............
@@.@@@...@@@...@@....@......@@...@....@@@@..@..@.@@.@....@.@..@.....@.
.@.@.@.........@@@......@@.@...@..@.@.....@.@..@@.....@..@.@@.......@.
........@......@...@......@..@.@....@@..@@...@.@....@........@.@..@.@.
.................@...@@.....@..@@.......@..@@...@..@..@..@..@.@..@....
@@@@......@@.@..@@........@...@...@...@........@...@...@...@.@.@@@..@@
.......@@.@..@@@.....@@@.@..@.....@..@@...@..@..@@@@@.....@..@.@@.@.@.
..@@.@.......@..@@.@@.@....@@@....@...@.@@..@.......@.......@@....@.@.
@@....@@...@.@..@.@.........@........@....@....@.@@..@.@....@.@..@....
.@..@@.....@@.....@@@@...@..@@..@....@@@......@...@.......@...@...@.@.
.......@.@.@.@.@@@.@..@...@..@......@@...@...@.....@@@@....@.@@@....@@
@...@....@.@..@@.@@@...@.@@..@.@......@............@...@...@..@.@.....
.@@..@...@...@@@.@.@@.@..@.@@......@.....@@.@..........@@@.@.@@.@.@@@.
@.@@.....@..@.....@..@.........@.@......@.@@...@..@..@.....@@.........
.......@.@..@.@......@.@@..@.....@.....@.@@.@@....@...@..@......@..@..
@@@..@....@@...@@@.@@.@....@....@.@@..........@@..@.@@@@..@..@......@@
@.@........@..@.@.@..@@...@.@@......@....@...@...@..@@@....@@...@.....
@...@.@@..@@@..@@.............@...@.@.....@.@@.....@...@@.@....@.@@...
.@..@@@@.....@@...@.@..@@....@.@..@...@@................@...@...@.@@.@
@@...@..@..@.@.@..@...@....@....@.@......@@...@.@.@.....@@...@....@...
@.@............@....@.....@...@.@@..@..@....@.@@@......@........@.....
@@.@@...@....@.@.@.@@..@@..@@@..@.@.....@.......@.@.@....@........@..@
..@.......@.@..@...@@.....@@@@...@....@..@.@..@.@........@....@@......
...@....@@...@@.....@...@.@@......................@@...........@.@....
.........@.@.@.@..@.@...@..........@......@.@@@.........@.@.@..@.....@
@@@.@.@@@..@@.@.....@..@@......@@@...@.@....@..@...@.@@@@...@....@@@..
...............@...@........@......@....@.......@@@.@.....@@.@..@.....
.@@.@@@....@@.........@@..@....@..@@@........@@.....@.....@..@....@.@@
.@.@...@@...@.@.@..@..@@@....@......@@.@.@@@..@.....@....@.......@@.@@
..@@....@....@@..@....@...@.@@.....@......@....@@....@@@@...@.......@@
....@....@.@@....@.@...@@@..@@.........@@...@.@@..@@..@.@....@......@@
..@@...............@...@.@...@@.@..@@...@.......@..@...@.@..@.....@@.@
...@......@.@@..@.@..@@...@@..@.@......@..@@..@.@........@@...@..@@..@
...@.......@.@..@...@.......@.@...@@@@..@...@@.....@.@...@@..@..@.@..@
.@@..@@...@............@.............@...@..@@@@@.@.....@......@.....@
@.......@@........@.......@@..@.........@@...@...@.....@.@.@..@..@...@
.@...@..@.@......@@..@....@...@.......@@@@@@@...@@@.@...@.@.@..@.@@.@@
...@..@@..@......@@..@@.....@......@..@...@..@@.@...@@@.@@.@.......@.@
@@@....@....@..@.....@@@......@.@....@@.@......@@@...@@.........@.@...
..@@.@..@.@.@..@..@...@....@@..@..@@.@.@.....@....@..@.@.......@...@@.
.@@..@....@@.@@..@.....@..@........@@.......@.....@..@.@@@.@@......@.@
.@@.@...@@.@..@.@.@..@@..@....@@............@........@@.....@...@....@
@.@..........@..@@.....@...@@........@@.......@.@.......@@..@.....@...
@.@...@.@.....@............@.....@@@..@...@....@..@.@.@.......@....@.@
...@@.@...@..@@......@...........@.@.......@@..@........@...@.......@.
Agents:
75
0,49,6,27,46
1,43,19,14,50
2,7,49,12,40
3,48,41,56,14
4,47,18,3,56
5,63,9,36,58
6,56,13,19,44
7,38,32,46,67
8,51,42,66,12
9,42,27,5,15
10,16,24,28,33
11,53,49,30,20
12,51,46,15,35
13,37,51,13,13
14,0,31,0,31
15,48,37,58,55
16,28,67,67,35
17,18,43,66,36
18,56,53,22,63
19,46,49,8,20
20,32,23,39,60
21,57,68,46,7
22,49,28,55,58
23,6,17,52,54
24,67,36,20,9
25,45,57,54,41
26,31,54,50,5
27,17,13,29,15
28,52,24,24,63
29,69,19,16,35
30,33,25,68,56
31,29,69,57,0
32,13,8,19,35
33,59,28,64,25
34,64,36,29,46
35,4,20,57,40
36,69,41,22,69
37,58,32,34,60
38,12,11,65,28
39,51,32,20,41
40,7,34,49,21
41,36,52,46,53
42,18,22,69,29
43,50,13,24,35
44,60,32,20,30
45,39,49,51,62
46,14,67,33,67
47,27,38,26,67
48,42,9,26,23
49,53,10,13,23
50,55,34,5,12
51,11,57,18,36
52,19,9,33,52
53,40,56,4,69
54,51,36,9,58
55,53,31,47,23
56,49,66,1,32
57,49,2,5,31
58,64,51,24,52
59,58,42,66,49
60,46,60,8,59
61,4,57,10,40
62,28,1,5,33
63,31,62,11,36
64,65,20,12,59
65,41,48,36,68
66,61,0,41,56
67,48,38,22,19
68,20,52,64,7
69,59,33,23,35
70,55,60,19,49
71,19,6,41,9
72,42,40,46,68
73,64,13,22,40
74,58,7,45,14
