2
Grid:
70,70
...........@....@....@..................@........@......@.....@.....@@
...@....@@@..@...@.......@@@@..........@.............@...........@....
....@.....@@........@..........@.@..................@............@...@
.................@..@.....@.....@....@..@...@.@........@........@....@
.@.@.............@@...@@@@@..........@@@.................@@@..........
..@.@.@...@.@.............@...@.......@...@..........@...@.@......@.@.
...............@......@@...@@.@..@.@........@.@...........@@..@.......
..@@......@..............@.......................@.......@...@@.@.@...
..@.....@........@..@...@............@....@@..@.@.................@..@
..@.@...............................@..@.........@..........@.........
....@.........@.@...........@@....@@....@@@...............@...@@......
.@...@@.......@.@....................@@.@......@.........@@.........@.
....@......@....@........@@...@...@......................@....@@....@.
.@......................@@@........@@.....@.....@.......@..........@.@
.@......@...................@...@@@.....@.................@......@@..@
.@.....@@.......@.......@@.@@............@@@..................@.......
@..@.....@.......@.@......@.......@......@............@...............
..................@........@......@............@.@....................
.@@@..@...........@..........@.........@........@................@....
..............@...............@.............@.....@.....@.............
.......@........@..@............@.....@..@........................@...
...@.@..@.@..........@@...@..@.@.........@............................
.....@...@......@...@..@.@....@.....@..@..@................@..........
....@...............................@.....@...........@...............
.....@................@.............@.......@.@.........@.@......@.@..
@.@.......@.@.....@..@....@..@...........@..@.........@...@@.......@@.
....@.....@...@..@.....@.....@..........@@...@..@..@.......@.......@.@
......@.@.........@..@@....@@.....................@......@............
..............@..........@@@..@...@....@...@.@....@..@..........@.....
..@.........@..........................@@..@........@......@..........
.@.@..@....@....@@..@..........@@..........@.....@@.@...........@..@..
.@.........@...................@.....@..............@@....@..@........
@..@....@.....@.@.......@........@@...@...@.......@..@......@..@..@.@.
.............@@..............@.@...@..........@.........@@@.....@@@...
..@...@..@......@..............@...............@@@...@................
.................@@.......@....@...@.@...............@...@.....@.@....
......@.@@..@..@..............................@.@.@...................
.@.....@.@.@.......@@...@.@......@@..@...@@...@..@....@.@@...@.@.....@
..@@...@..@....@............................................@........@
..@..@@@.............@.........@.............@...............@........
@....@..@...............@....@..................@.........@@..........
..@..........@..@..................@.......@...@.@.............@..@.@.
...@.@.......@...@@......@.@......@@.........@@.............@.....@@..
........@.@@.@...@..@.@.@..@.............@@..............@...@......@.
............@.......@..@.@..@.............@..........@.@..............
............@.@....................@..@.@.@.........@.@....@.@........
.@@.@...........@@..@...@@........@.@@.....@...@....@.............@...
..@....@.............@@....@.........@.......@.@..@...................
........@@...@.@....@..@@.@..@..@@...@...........@...............@@...
...@..............@............@@...@...@......@........@.......@.....
.........@@.......@...........@@.....................@..@....@.......@
.......@....@....@.....@.@.....@............@@@...................@..@
...@.@.....@....@......@......@..........@.............@..........@@..
.@...........@.........@..@..@......@..@.............@....@...........
...@....@.....................@.........@.@....@.@..................@.
@......@..........@..............@@@.......................@...@....@.
....@......@..............@.....@.@@.@...........@..@...@.............
.........@.@....................@.........@.........@@...@...@........
@............@..........@........@....@.@..@.........@................
....@...........@..................@@.....@@@@..........@.@...........
.....@........@.....@...@...........@.............@..@...........@....
...@...@..............@..........@..............@..@...@.........@.@..
..........................@........@.@.......@........@..@.@@.......@@
...@................@.@..@...@@......@............@.........@.....@..@
@.......@.........@@.@...........@@.@..........@........@...@.........
.........@..................@...........@.....@.@..@@.....@.....@.@..@
..............@...@..@...@..........@@@...@......@.@...@.......@......
..@.@...@..@......@...@.@@...@................@......@@..@..........@.
.....@....@.....@.............@...............@..........@.....@@.....
....@...@.....@@......@.@@@.....@..@..@........@@..@.............@....
Agents:
40
0,16,65,38,46
1,4,56,49,34
2,23,65,38,34
3,59,14,39,10
4,12,17,4,47
5,68,2,27,2
6,17,28,28,13
7,27,62,0,63
8,65,42,29,46
9,8,33,9,18
10,43,55,5,47
11,21,6,58,61
12,8,47,50,59
13,61,32,58,32
14,57,36,55,61
15,26,0,25,13
16,32,32,24,37
17,69,41,5,29
18,62,66,32,22
19,2,40,35,0
20,0,52,57,24
21,66,68,28,36
22,30,61,18,43
23,61,43,68,23
24,57,40,36,57
25,13,37,28,17
26,6,34,39,16
27,26,35,58,21
28,15,50,5,49
29,1,5,26,20
30,65,65,6,13
31,56,47,25,8
32,3,23,17,36
33,49,11,39,52
34,31,3,55,15
35,54,38,33,40
36,25,47,4,15
37,50,63,15,58
38,1,66,34,29
39,45,53,40,67
