2
Grid:
60,60
......................................@..............@......
........@....................@...........@..................
..@..@.............@............@..........@......@@........
...@@...................................@...................
.......@...................................@@..........@....
......@@........@.@@............@@..@.....@...............@.
...@.........@.....@@......@.....................@..@....@..
...........@........................@.........@......@....@.
.........@...................@@....................@@.......
.....@.@......@....@..@..@.......@....@...................@.
.@........@......@......@.@............@.....@...@..........
..................@.........@............@..................
.....@..@..............@.......@@.@.@...@....@.......@..@...
.................@..................@...@....@...@..........
...@.......@...........@..........@.........................
........@.....................@.@.@......@......@....@.@....
....@.....@.@.....................@.........................
........................................@...@...............
...@.............@@...........@.............................
...............@.......@..@@......@.....................@...
.@....@..........@........@................@...@......@.@...
......................@................@.......@.@..........
..@.....................@........@.........@................
.......@.....@.@............@.........@.@.........@.........
...@@......@@..@.@..............@........................@.@
...@...........@........@.................................@@
..........@.........@..................@@.@................@
.....@@.....................@..@......@..@.......@..........
............@..@.........@.................@....@@..........
................................................@....@.@....
..@.........@....@.....@@...........@......@................
..@.....@..................@.........@.....@..........@.....
.......@.........@.....@.....@.....@........................
.............@.............................@...@............
..............@....................@.@....@..@@....@.......@
..........@..............@.@................................
...@........................................@..@.@.......@..
....@......@..@..........@.............@....................
.............@.....@...........@.....@.................@....
....@..@@......@................@...................@....@..
.@......@...@@@...@........@...............@...@...........@
........................@.................@....@....@..@.@..
...........@.@....@...........@...@............@......@.....
............@@............@@..................@......@..@...
.......@....@......@................@.....@.@.............@.
................@...@......@............@@..................
....@.@..........@...................@.@............@......@
..........@.........@............@................@@....@.@.
...................@..........@.....@........@......@.......
.............@....@......................@......@......@..@.
....@.......@.............@......@.............@....@.......
...............@.............@.................@..........@.
.....@..........@.......@.....@..................@...@......
..@...@@..@.................................................
......@............@.@.....@.........@@.....................
.@.@.@.@......@.......@......@.@........@.........@.........
...........@.@....@@.@..........@.......@.....@.............
..@..........@...@.....@....................................
.@................@.@...@.@.@....@.....@@....@..........@.@.
.........@@.........@....@.@......@...............@....@@...
Agents:
65
0,54,4,33,30
1,39,9,44,10
2,31,13,33,2
3,6,31,56,52
4,18,10,47,8
5,9,23,53,21
6,8,58,49,27
7,14,7,43,25
8,36,55,18,21
9,51,35,46,22
10,23,45,14,42
11,11,22,39,40
12,49,39,6,15
13,26,41,59,52
14,5,38,27,58
15,26,14,10,55
16,5,3,51,23
17,25,17,53,40
18,39,14,53,19
19,55,51,48,49
20,27,45,49,33
21,19,49,32,31
22,44,29,59,30
23,38,45,46,54
24,50,19,4,25
25,40,54,42,24
26,57,9,31,56
27,23,27,50,2
28,4,36,28,58
29,4,31,18,39
30,57,25,18,16
31,45,1,4,9
32,52,11,23,36
33,59,32,49,16
34,55,9,21,1
35,50,20,32,58
36,54,3,49,15
37,19,37,49,39
38,57,35,3,24
39,59,41,51,9
40,23,3,52,7
41,26,11,30,13
42,5,15,54,14
43,53,29,43,51
44,13,3,59,19
45,54,1,10,53
46,0,18,29,51
47,47,19,28,32
48,23,31,13,57
49,4,37,8,24
50,14,20,2,10
51,7,27,0,19
52,39,28,2,8
53,31,16,52,46
54,2,41,26,18
55,34,41,52,50
56,5,26,11,3
57,25,29,37,10
58,19,52,58,52
59,0,26,15,43
60,25,52,3,30
61,3,1,25,8
62,40,24,55,57
63,48,40,49,7
64,54,5,46,49
