0
Grid:
60,60
..@........@@.........@..@.@.@@@..@.@..@....@..............@
...@......@@..........@....@...@......@@.....@.........@..@@
@.........@.......@@.@..@...................@.....@.@@..@..@
.........@.........@.@@......@@....@@@..@@....@..@..........
.....@.....@.........@.......@.....@......@.......@....@.@..
..@..@......@...........@.....@............@.....@..@......@
@...@...@@@.......@@@......@.@............@@......@.@.@@..@.
..............@@@.....@.....@.@.........@.......@....@......
.@.....@.....@.........@.@.....@@......@.....@........@.....
.@...........@@@..@...@@.@.@..@@..........@....@@...........
.@..@.@.........@@...@........@............@.....@..@....@..
.@@@.....@..@.....@...@......@..........@@.....@.....@......
.@...........@.....@.@@........@...........@..@......@@.@..@
.............@.@.@@..@@.....@.....@...@@.@.........@.@......
.@....@@.......@@...@.@...@.....@@.....@.@..@.........@@@.@@
.......@..........@....@...@@..........@.............@......
.@@.....@.@@@..@.....@..................@....@@@............
..@@.@..@...............@...@.......@@@............@.......@
@.@.........@@..@........@.....@.@@..@...@......@@..@.......
@....@.@........@@.@..@..@...@..@@..........@@@..@.@.@@....@
.....@.@.@..@..@.........@..@..............@....@@.........@
.......@@....@@...@......@.@.....@........@..@....@.........
.@..@@.....@.........@.....@...@......@.....................
.........@@.@.@........@@.@@................@....@...@.@..@.
.....@@.....@...@..............@..@.........@.....@@.......@
..........@.@.@.......@...@..@...@......@..@..@.@.........@.
@......@......................@..@..........@.......@.@..@@.
@.@@..@...@..............@.@...@....@.@..@..................
.@.......@@......@..@.@...@..@@...@@.....@....@.............
......@..@@............@..@.....@...............@.@.@@...@..
.....@..@...........@......@.@..@....@.......@.....@@@.....@
....@....@...........@@..........@......@.....@.@........@@.
....@......@.......@@.....@.@@........@....@....@.@..@.@...@
.....@.@...@.@...............@@..@@....@@.................@@
@.....@@@...........@.@@....@..@@...@@...@..@@....@...@.....
.....@....@.......@...............@@......@..............@..
@........@.@.....@...@..@.@................@......@@........
...@...@.@...........@@...@@.......@..@.@.....@@.......@....
...@...@..@..@@..@...@.....@...@....@@..........@.@.........
@..@..................@@.@.....@.@.@......@@...@...@...@..@.
...@@@..@......@@@..........@..@....@@.@..........@@@..@....
......@.@....@.......@@...@.@@......@@@@@@...........@......
.@@..........................@@...........@.@.@...@.....@@@.
...@...@............@@....@@..@@...........@..@@@...........
....@.@@......@......@@...........@...@.......@...@.@......@
............@.......@...................@.@.@......@..@..@..
.@@......@.@....@@.@.@...@......@.@.....@......@..@......@..
.....@.@......@...............@.....@......@...@..@.@.@.....
..@............@..........@@@....@........@.....@..@...@..@.
..@...@....@......@.....@.@@.@..@@..@...@.....@..@..@@..@@.@
......@...@...@@..........@...............................@@
.........................@...@....................@.@.......
...................@.@...........@.....@..@......@.........@
@...........@.@@.@.........@.......@.@.@.@..@.....@....@....
...@.@..@.@..@.....@....@..@..@....@.@.......@.@.......@.@..
..@........@......@..........@...............@@.@..@@...@...
.....@....@.@.@..@..@....@....@.@....@......@.....@.@....@.@
..@.......@@.@@......@.@...@..@..@....@.@..@........@@......
@.........@..........@@....@.....@..@...@@...@...@@...@@....
.........@......@......@........@@.....@....@....@..@.@@..@.
Agents:
70
0,47,0,36,13
1,19,50,46,51
2,1,5,57,1
3,56,1,2,30
4,34,52,31,54
5,56,45,14,23
6,50,20,46,55
7,19,3,14,12
8,40,32,15,57
9,40,40,36,55
10,45,11,5,17
11,25,50,17,29
12,6,46,23,1
13,52,52,47,44
14,51,59,12,37
15,39,6,51,14
16,41,24,2,4
17,51,13,52,53
18,14,53,31,23
19,1,56,40,24
20,28,25,27,48
21,56,49,36,53
22,33,15,44,18
23,32,0,22,49
24,7,58,36,38
25,30,50,12,23
26,41,1,41,52
27,8,35,13,54
28,34,29,16,16
29,12,4,13,45
30,10,34,3,31
31,13,49,45,14
32,3,25,11,42
33,29,5,42,28
34,49,47,39,49
35,30,43,17,57
36,14,35,27,23
37,14,52,11,31
38,44,53,16,27
39,25,39,52,17
40,38,44,18,4
41,8,47,20,56
42,44,24,51,9
43,15,21,53,33
44,11,6,39,7
45,31,1,8,51
46,9,43,55,34
47,19,57,21,28
48,49,48,35,14
49,21,59,35,22
50,0,20,3,59
51,24,23,15,24
52,27,4,22,26
53,38,43,29,44
54,59,47,29,46
55,4,52,56,8
56,39,7,33,42
57,21,43,47,25
58,44,45,18,18
59,28,28,50,13
60,50,28,13,9
61,54,39,41,34
62,32,15,35,21
63,46,24,1,44
64,4,58,32,46
65,19,47,33,26
66,57,17,51,53
67,34,5,5,47
68,4,36,31,29
69,57,1,48,41
