1
Grid:
70,70
..@.........@...............................@.........@...............
....@..............@..........@.....................................@.
.................................@@........................@..........
................@.........................@..............@............
..........................@......@.................@@................@
..........@...........................................................
..........................................@......@....@........@......
........................@......................................@.....@
.@.@..@.............@.@....................@..........@...............
......................................@..........................@....
.......@...................@........@...........................@.....
.........................@@.@..........................@..............
............@...................................@.....................
................................@........@..............@...........@.
.....@................................................@...............
.................@................................................@...
..@.....@................@......@...............................@.....
@...............................................................@....@
....@........@........................................................
..............................@........@.....................@...@....
.............@......................................@.................
..................................@...................................
..............@..........................@@........................@..
.....@.....@..............@.........@.................................
...@...................@......@.....................@..............@..
.........................@.......@....................................
.........@.......@....................................................
........................@...@..@.....................@............@...
........@....@.....................@................@.................
......................@..........................@.............@......
...............@......................................................
......................@@................@..........@..................
.........@................................@.....@.........@.........@.
@...................................................................@.
.....@...@....@....@.@.......................................@..@.....
...................................@.................@................
...@..................@.............................................@@
...@............@...................................@.................
.....................................@@..........@.....@..............
..@.............@..............................................@......
......................................................................
.........................................@................@...........
.........................@..@...............@...........@......@......
..............@.@.................@..............@..........@.......@.
.................................@..................................@.
................................................@..@..................
.........@........................@@......................@...........
.....@....................@.........@....@@..............@.........@..
........@..............@....@......@..@@..............................
.....................@................................................
.........................@..@............@..@.........................
................@............@.............@.@........................
@.......................@....@...........@......@.......@......@......
...............................................@...................@..
.........@............@................................@..............
......................@......@........................@.....@.........
................................@..@..........@.......................
.......@.............................................@................
............@............................@@..................@........
........@..........................@@.............................@...
...........................@.......................@...........@......
....@......................@.....................@.@..................
...............................................@......@...............
............@.............@...........................................
.......@...........@............@........@............................
.....................................@.....@..........................
......@.............@@.@.......@.......@.............@................
.............................................@........................
..@..@@@......@....@........@......................................@..
.......@.........@...................@...........@............@.......
Agents:
40
0,62,28,29,38
1,1,62,56,34
2,42,16,9,58
3,24,10,52,69
4,62,55,57,68
5,20,49,42,23
6,65,60,3,34
7,1,44,68,45
8,0,11,62,52
9,12,69,32,26
10,66,62,36,35
11,63,61,58,10
12,69,47,2,55
13,33,1,24,33
14,45,56,59,16
15,50,40,57,50
16,5,52,52,21
17,5,6,61,42
18,51,54,37,56
19,44,28,28,5
20,0,63,18,56
21,45,15,33,40
22,66,27,29,43
23,43,28,49,57
24,37,65,40,65
25,68,51,39,7
26,16,47,17,23
27,46,60,56,19
28,10,34,68,36
29,33,40,21,12
30,9,31,13,40
31,39,17,29,29
32,6,5,54,12
33,18,30,40,58
34,21,38,13,58
35,26,28,5,67
36,60,6,43,47
37,2,18,45,40
38,5,18,54,5
39,12,57,7,49
