2
Grid:
60,60
.@...@...@@@..@@.@...@.........@..@.....@@.@......@..@..@..@
..@.@...@.....@.....@.......@...@@..@..@.@@@@.@....@....@...
........@.@.@...@..@@......@.@..........@..@................
....@.........@.@@@...@....@...@.@....@....@.....@@.@....@..
.@@@.......@.@.@.@...........@@...@@@@@@...@..@@......@.@...
.@@@.....@@.@@......@..@.....@...@......@..@..@.......@...@.
...@.@......@.@..@...@.@@....@@@..@@.@..@@@.......@........@
......@.....@.@..@......@...@@@.@.....@.@.@...@@..@...@@@..@
@...@...@.....@.@@.@.@...@....@..@.........@......@.@.@.....
.@@@@...@......@.@......@...........@..@..@.........@.@..@.@
..@@..@@.@@@....@@@...@....@@...@@..@.@.@@@..@@........@..@.
....@........@..@@.@...@@..@@....@@...@..@....@..@@...@....@
......@........@...@@@@......@...@@...@..@.@........@@.@....
...@..@@..............@......@.@@.....@@@..@@.@@.@..@.@..@..
...@@@......@.@@...@....@..@@...@....@.@.....@....@..@..@...
@.@@..@.@@.....@@@.......@.@..@@..@.......@@.@.@.....@.@.@@@
.@..@.@...@@.@.@.@..@..@..@........@...@@..@..@..@@.@......@
@.@.....@@..@@@.@....@...@........@.....@@@..@.....@.@.@.@@.
..........@.@...........@.@..@...@.@.......@...@..@@........
@..@.@@.....@@.....@..@...@..@..@.@..@@.............@@@...@.
@......@@..@..@..@@..@.........@@..@@...@.@@..@.@@...@......
.@..@...@......@......@@...@..@.....@.@....@@@....@.....@.@.
..@..@.......@...@.@..@@.....@..@....@.......@..@.@...@.....
.@.........@...@.@..@...@...@@@.@.@......@@....@.@@@....@...
.@..@.@@.@@...@@@@..@...@@@@.....@@..@...@.@...@.....@@..@..
..@@.@....@..@@@.....@..@..@.@@................@@.@..@....@@
.@@..@.@@..@.@.........@@..@@....@....@.....@.@@.@.........@
...@@..@@@.......@.@.@@@...@.....@.@........@..@.@.@.@...@.@
@........@@...@....@@@@@....@@...@.@.@.@...@...@@@.@.....@..
..@..........@@..@..@@....@.@....@.@.......@@.@.....@@.....@
......@@..@.......@@.@@..@@...@@@@@...@@@@...@@........@.@..
...........@@.....@..@@.@@@....@...@...@.@@...@.@....@......
@@..........@.....@@.@.@@...@@....@@@..@@@.@.@.@...@@...@@..
.@@.@....@.@.@..........@@@..@@@.....@..@..@...@.@@@.....@..
..@@....@.....@.@..@..@.@........@....@.@..@@....@@.....@.@@
.@@..@..@.......@.@.@@.@@...@..@......@......@.@..@@........
.@..@..@..@@..@..@@@@@....@...@....@..@...@..@.......@..@.@.
......@@@.....@@...@@.@.......@@@.@...@.@...@....@........@.
.@@...........@...@...@.....@........@.........@.@.@....@...
@......@....@...@.@.@...@.@..........@...........@.@...@.@..
..@@@...@.@.@@.@@..@....@@.......@.@..@..@@@@@.@..@......@@.
@.@.......@@@.@........@......@@.......@.....@.....@.@@...@@
.@...@..@........@@@...@@.@@..@...@.@@.@@..@@@@....@.@..@@@.
@@....@..........@@........@@@......@......@.@..@@@@.@.@..@.
.@......@@...@@@@@@..@.@.@.....@@...@@@.....@...@@.@.@@..@@@
.@....@@....@..@@.@..........@.@@@.@...@.....@@....@..@.@...
@....@....@@@..@........@...@@@@......@..@....@.@........@@@
.@...........@......@....@.@...@.@.@...@........@@@@@@.@.@.@
@.@.@...@@@@@.@.@..@..@..@.......@@.@....@....@@...@@.....@@
.@..@....@...@.@.....@@@.@....@...@.........@...@..@....@...
...@.@@@.@@.@.@..@@...........@@.@@.@.....@..........@@@...@
.@...@@@..@@.@......@.@@.@@....@....@....@...@..@@...@......
..@..........@....@........@@@@...@@...@.@.@@.....@........@
......@@@...@.@..........@..@..@.@.........@.........@.@.@@@
@.@.@....@.@.@......@..@.......@.@@@.....@@..@.@.@..@@..@...
.........@.......@@..@......@.@..@..@@.......@........@@.@..
...@@@.@@@@..........@@.@.......@@.........@.@..@@.......@..
.....@@.@......@@.@.@.@....@.@@...@.@..@@.....@...@.@....@.@
@@@.....@.@.@.@..@@...@..........@.......@.....@@....@..@@..
.@..@@@.....@...@@...........@..@.....@@.@............@..@..
Agents:
40
0,7,34,20,20
1,6,47,11,20
2,55,4,0,48
3,40,48,2,46
4,35,0,15,22
5,56,12,23,44
6,30,50,31,4
7,33,8,53,2
8,8,35,39,56
9,39,15,46,49
10,52,24,20,15
11,18,34,18,34
12,59,7,31,43
13,12,35,56,37
14,6,0,34,48
15,19,8,3,54
16,54,25,28,32
17,34,18,48,6
18,39,58,21,16
19,10,31,57,13
20,2,4,17,46
21,44,41,28,7
22,16,21,25,11
23,53,16,46,55
24,44,43,10,47
25,49,17,45,24
26,47,21,24,45
27,14,43,44,29
28,31,55,4,51
29,42,50,2,41
30,15,36,2,1
31,56,13,2,50
32,8,53,24,31
33,44,11,35,46
34,15,32,3,6
35,32,20,30,15
36,29,54,30,51
37,2,31,53,40
38,11,32,19,41
39,14,55,23,8
